DevNumber	X [V]	Y [V]	R [V]	Theta [°]
4253.00000000	-0.164496960382	-0.0522293580843	0.172589558841	-162.384858933
4253.00000000	-0.164497191305	-0.0522279097368	0.172589340640	-162.385340406
4253.00000000	-0.164497101018	-0.0522265199499	0.172588834023	-162.385771082
4253.00000000	-0.164496842179	-0.0522253583285	0.172588235808	-162.386112634
4253.00000000	-0.164496510127	-0.0522245171073	0.172587664771	-162.386345453
4253.00000000	-0.164496174137	-0.0522239157446	0.172587162563	-162.386501982
4253.00000000	-0.164495864887	-0.0522233694794	0.172586702514	-162.386643765
4253.00000000	-0.164495774752	-0.0522227591002	0.172586431909	-162.386827846
4253.00000000	-0.164496257628	-0.0522221116434	0.172586696237	-162.387081221
4253.00000000	-0.164497334521	-0.0522214960557	0.172587536383	-162.387384181
4253.00000000	-0.164498558391	-0.0522209110161	0.172588525865	-162.387692236
4253.00000000	-0.164499440782	-0.0522203129036	0.172589185923	-162.387970123
4253.00000000	-0.164499694987	-0.0522197007307	0.172589242988	-162.388189359
4253.00000000	-0.164499248193	-0.0522191077750	0.172588637728	-162.388332102
4253.00000000	-0.164498320856	-0.0522185234601	0.172587577064	-162.388423845
4253.00000000	-0.164497328720	-0.0522178441041	0.172586425883	-162.388539153
4253.00000000	-0.164496792764	-0.0522169609454	0.172585647839	-162.388764772
4253.00000000	-0.164497133622	-0.0522158271990	0.172585629703	-162.389157755
4253.00000000	-0.164498285629	-0.0522143940875	0.172586294140	-162.389726936
4253.00000000	-0.164499698214	-0.0522126051340	0.172587099307	-162.390434881
4253.00000000	-0.164500725997	-0.0522104500630	0.172587426974	-162.391220023
4253.00000000	-0.164501089048	-0.0522079679016	0.172587022137	-162.392041906
4253.00000000	-0.164501031089	-0.0522051975453	0.172586128875	-162.392912709
4253.00000000	-0.164500996621	-0.0522021564748	0.172585176159	-162.393871543
4253.00000000	-0.164501269421	-0.0521988592396	0.172584438890	-162.394942301
4253.00000000	-0.164501963106	-0.0521953247517	0.172584031102	-162.396130403
4253.00000000	-0.164503073523	-0.0521915780890	0.172583956444	-162.397427492
4253.00000000	-0.164504450476	-0.0521876572569	0.172584083265	-162.398806454
4253.00000000	-0.164505895645	-0.0521836379652	0.172584245438	-162.400223419
4253.00000000	-0.164507288626	-0.0521796552593	0.172584369031	-162.401623565
4253.00000000	-0.164508593691	-0.0521758429576	0.172584460443	-162.402960961
4253.00000000	-0.164509861179	-0.0521722466001	0.172584581410	-162.404226248
4253.00000000	-0.164511205939	-0.0521688168025	0.172584826466	-162.405446579
4253.00000000	-0.164512782692	-0.0521654153585	0.172585301311	-162.406681213
4253.00000000	-0.164514742498	-0.0521618738545	0.172586099044	-162.407998598
4253.00000000	-0.164516988387	-0.0521580968244	0.172587098394	-162.409419208
4253.00000000	-0.164519157371	-0.0521541435944	0.172587971296	-162.410887846
4253.00000000	-0.164520906214	-0.0521502411786	0.172588459163	-162.412298244
4253.00000000	-0.164522041234	-0.0521466902080	0.172588468187	-162.413535844
4253.00000000	-0.164522604018	-0.0521437711426	0.172588122714	-162.414516074
4253.00000000	-0.164522834655	-0.0521416313669	0.172587696098	-162.415216374
4253.00000000	-0.164522934561	-0.0521401504116	0.172587343920	-162.415695069
4253.00000000	-0.164523031768	-0.0521390231371	0.172587096029	-162.416061566
4253.00000000	-0.164523263018	-0.0521380590376	0.172587025220	-162.416389868
4253.00000000	-0.164523720574	-0.0521372995773	0.172587231969	-162.416676103
4253.00000000	-0.164524419830	-0.0521368565076	0.172587764708	-162.416886449
4253.00000000	-0.164525253160	-0.0521367550256	0.172588528448	-162.417002137
4253.00000000	-0.164525911515	-0.0521369098274	0.172589202809	-162.417019171
4253.00000000	-0.164526044146	-0.0521371489958	0.172589401493	-162.416956783
4253.00000000	-0.164525533838	-0.0521372305911	0.172588939675	-162.416879784
4253.00000000	-0.164524478601	-0.0521369533191	0.172587849979	-162.416861705
4253.00000000	-0.164522988599	-0.0521362868346	0.172586228253	-162.416923199
4253.00000000	-0.164521192451	-0.0521353910365	0.172584245411	-162.417026564
4253.00000000	-0.164519442063	-0.0521346137666	0.172582341998	-162.417097008
4253.00000000	-0.164518230452	-0.0521343447713	0.172581105732	-162.417060627
4253.00000000	-0.164517748034	-0.0521347404288	0.172580765376	-162.416887026
4253.00000000	-0.164517818234	-0.0521356152195	0.172581096563	-162.416617211
4253.00000000	-0.164518245343	-0.0521365470281	0.172581785212	-162.416365147
4253.00000000	-0.164518939213	-0.0521370984222	0.172582613237	-162.416260233
4253.00000000	-0.164519776866	-0.0521370248329	0.172583389521	-162.416367534
4253.00000000	-0.164520497721	-0.0521363497998	0.172583872771	-162.416653463
4253.00000000	-0.164520808390	-0.0521353858579	0.172583877729	-162.416989685
4253.00000000	-0.164520659008	-0.0521346152906	0.172583502548	-162.417218572
4253.00000000	-0.164520270911	-0.0521343569145	0.172583054532	-162.417261421
4253.00000000	-0.164519873186	-0.0521345865577	0.172582744759	-162.417148856
4253.00000000	-0.164519628169	-0.0521350855004	0.172582661913	-162.416966378
4253.00000000	-0.164519671259	-0.0521356553246	0.172582875128	-162.416790362
4253.00000000	-0.164520057688	-0.0521361651595	0.172583397519	-162.416667766
4253.00000000	-0.164520711703	-0.0521365359764	0.172584132999	-162.416616003
4253.00000000	-0.164521490722	-0.0521367409763	0.172584937550	-162.416629254
4253.00000000	-0.164522269003	-0.0521368072161	0.172585699479	-162.416686344
4253.00000000	-0.164522989852	-0.0521368122852	0.172586388180	-162.416757034
4253.00000000	-0.164523620385	-0.0521368218690	0.172586992150	-162.416817236
4253.00000000	-0.164523990269	-0.0521368199614	0.172587344176	-162.416854935
4253.00000000	-0.164523947734	-0.0521367575703	0.172587284781	-162.416870414
4253.00000000	-0.164523549930	-0.0521366337352	0.172586868153	-162.416869710
4253.00000000	-0.164522914288	-0.0521364479490	0.172586206084	-162.416864758
4253.00000000	-0.164522280031	-0.0521361987874	0.172585526191	-162.416880002
4253.00000000	-0.164522043114	-0.0521359646653	0.172585229617	-162.416930336
4253.00000000	-0.164522490342	-0.0521358540829	0.172585622546	-162.417010184
4253.00000000	-0.164523542813	-0.0521358971776	0.172586638864	-162.417102096
4253.00000000	-0.164524679566	-0.0521360114856	0.172587757039	-162.417179922
4253.00000000	-0.164525288136	-0.0521361081145	0.172588366368	-162.417210372
4253.00000000	-0.164525218676	-0.0521361968134	0.172588326948	-162.417175336
4253.00000000	-0.164524872786	-0.0521363342118	0.172588038723	-162.417097166
4253.00000000	-0.164524719933	-0.0521365267608	0.172587951177	-162.417020900
4253.00000000	-0.164524819066	-0.0521367183778	0.172588103564	-162.416970201
4253.00000000	-0.164524885834	-0.0521368113210	0.172588195290	-162.416947484
4253.00000000	-0.164524680983	-0.0521367338579	0.172587976609	-162.416951454
4253.00000000	-0.164524127924	-0.0521365038926	0.172587379919	-162.416968767
4253.00000000	-0.164523289595	-0.0521362081357	0.172586491412	-162.416978292
4253.00000000	-0.164522291881	-0.0521359405473	0.172585459476	-162.416962917
4253.00000000	-0.164521272510	-0.0521357695443	0.172584436072	-162.416914804
4253.00000000	-0.164520408664	-0.0521357109727	0.172583594891	-162.416846705
4253.00000000	-0.164519959754	-0.0521357147528	0.172583168096	-162.416800488
4253.00000000	-0.164520127654	-0.0521356976545	0.172583322987	-162.416822738
4253.00000000	-0.164520790381	-0.0521356052376	0.172583926833	-162.416918451
4253.00000000	-0.164521605762	-0.0521354531809	0.172584658186	-162.417048347
4253.00000000	-0.164522375074	-0.0521353280321	0.172585353750	-162.417165106
4253.00000000	-0.164523108271	-0.0521353094468	0.172586047079	-162.417244518
5260.00000000	0.151403822753	0.0166784397979	0.152319689792	6.28627929185
5260.00000000	0.151403664228	0.0166784501204	0.152319533350	6.28628968063
5260.00000000	0.151403456682	0.0166784060538	0.152319322227	6.28628175270
5260.00000000	0.151403454815	0.0166783371107	0.152319312823	6.28625605219
5260.00000000	0.151403587231	0.0166783052288	0.152319440951	6.28623867789
5260.00000000	0.151403587869	0.0166783401919	0.152319445414	6.28625172406
5260.00000000	0.151403325484	0.0166784093133	0.152319192175	6.28628837514
5260.00000000	0.151403031823	0.0166784429334	0.152318903961	6.28631304081
5260.00000000	0.151403041753	0.0166784105019	0.152318910280	6.28630050582
5260.00000000	0.151403392747	0.0166783425573	0.152319251724	6.28626064505
5260.00000000	0.151403834377	0.0166782825725	0.152319684131	6.28622002755
5260.00000000	0.151404116878	0.0166782535703	0.152319961758	6.28619754847
5260.00000000	0.151404078356	0.0166782814058	0.152319926515	6.28620954259
5260.00000000	0.151403601501	0.0166783995513	0.152319465463	6.28627335675
5260.00000000	0.151402686725	0.0166786131925	0.152318579581	6.28639091388
5260.00000000	0.151401540835	0.0166788783536	0.152317469616	6.28653725513
5260.00000000	0.151400609432	0.0166791162692	0.152316569867	6.28666457641
5260.00000000	0.151400296025	0.0166792625741	0.152316274365	6.28673218955
5260.00000000	0.151400609150	0.0166793158174	0.152316591438	6.28673919922
5260.00000000	0.151401230419	0.0166793359963	0.152317211180	6.28672115326
5260.00000000	0.151401770438	0.0166794074398	0.152317755775	6.28672562188
5260.00000000	0.151401930456	0.0166795645436	0.152317932034	6.28677777127
5260.00000000	0.151401638890	0.0166797345095	0.152317660833	6.28685333110
5260.00000000	0.151401027583	0.0166798252283	0.152317063138	6.28691243174
5260.00000000	0.151400290517	0.0166798293634	0.152316330957	6.28694433951
5260.00000000	0.151399618806	0.0166797782070	0.152315657684	6.28695288177
5260.00000000	0.151399176163	0.0166796858310	0.152315207587	6.28693657592
5260.00000000	0.151399030069	0.0166795638541	0.152315049014	6.28689698638
5260.00000000	0.151399150778	0.0166794297435	0.152315154312	6.28684186955
5260.00000000	0.151399434300	0.0166793030970	0.152315422260	6.28678283710
5260.00000000	0.151399723408	0.0166792048660	0.152315698872	6.28673419936
5260.00000000	0.151399900948	0.0166791481233	0.152315869131	6.28670566998
5260.00000000	0.151399920338	0.0166791168653	0.152315884982	6.28669318386
5260.00000000	0.151399879048	0.0166790695949	0.152315838764	6.28667721012
5260.00000000	0.151400000092	0.0166789770348	0.152315948944	6.28663761582
5260.00000000	0.151400352686	0.0166788614485	0.152316286761	6.28657987432
5260.00000000	0.151400761004	0.0166787780523	0.152316683492	6.28653187371
5260.00000000	0.151401002587	0.0166787345190	0.152316918855	6.28650564584
5260.00000000	0.151400974129	0.0166786736162	0.152316883899	6.28648404647
5260.00000000	0.151400714129	0.0166785598243	0.152316613003	6.28645220897
5260.00000000	0.151400304173	0.0166784368052	0.152316192042	6.28642309786
5260.00000000	0.151399765547	0.0166783669612	0.152315649006	6.28641916878
5260.00000000	0.151399231109	0.0166783763103	0.152315118806	6.28644467777
5260.00000000	0.151399012113	0.0166784547295	0.152314909714	6.28648301951
5260.00000000	0.151399353828	0.0166785698612	0.152315261980	6.28651199241
5260.00000000	0.151400268443	0.0166786520547	0.152316180096	6.28650505166
5260.00000000	0.151401473181	0.0166786317644	0.152317375368	6.28644784244
5260.00000000	0.151402491656	0.0166785313949	0.152318376728	6.28636836472
5260.00000000	0.151402980123	0.0166784622283	0.152318854685	6.28632238448
5260.00000000	0.151402942838	0.0166785318436	0.152318825247	6.28634994901
5260.00000000	0.151402532279	0.0166787745787	0.152318443736	6.28645761693
5260.00000000	0.151401722898	0.0166791321340	0.152317678374	6.28662464391
5260.00000000	0.151400372759	0.0166794908199	0.152316375631	6.28681437009
5260.00000000	0.151398629199	0.0166797532727	0.152314671298	6.28698432389
5260.00000000	0.151397071422	0.0166798861210	0.152313137438	6.28709816797
5260.00000000	0.151396192272	0.0166799226228	0.152312267573	6.28714803286
5260.00000000	0.151396066983	0.0166799186946	0.152312142607	6.28715172542
5260.00000000	0.151396578998	0.0166799051492	0.152312650059	6.28712556814
5260.00000000	0.151397481239	0.0166798816885	0.152313544305	6.28707962840
5260.00000000	0.151398341432	0.0166798381042	0.152314394551	6.28702789703
5260.00000000	0.151398788441	0.0166797648446	0.152314830849	6.28698209095
5260.00000000	0.151398766575	0.0166796717846	0.152314798924	6.28694819614
5260.00000000	0.151398428121	0.0166795930728	0.152314453886	6.28693270739
5260.00000000	0.151397974839	0.0166795438196	0.152313997936	6.28693296355
5260.00000000	0.151397650666	0.0166794991244	0.152313670819	6.28692960549
5260.00000000	0.151397600492	0.0166794382642	0.152313614282	6.28690891622
5260.00000000	0.151397781149	0.0166793736853	0.152313786780	6.28687732787
5260.00000000	0.151398076672	0.0166793222464	0.152314074893	6.28684592106
5260.00000000	0.151398431314	0.0166792758932	0.152314422327	6.28681398066
5260.00000000	0.151398902759	0.0166791995320	0.152314882574	6.28676600897
5260.00000000	0.151399536319	0.0166790583978	0.152315496870	6.28668714094
5260.00000000	0.151400258706	0.0166788572279	0.152316192884	6.28658216732
5260.00000000	0.151400960507	0.0166786520565	0.152316867998	6.28647654641
5260.00000000	0.151401486910	0.0166785258777	0.152317377419	6.28640768607
5260.00000000	0.151401716911	0.0166785259670	0.152317606048	6.28639824595
5260.00000000	0.151401706349	0.0166786348759	0.152317607475	6.28643940181
5260.00000000	0.151401536255	0.0166788008042	0.152317456573	6.28650844815
5260.00000000	0.151401208432	0.0166789454391	0.152317146559	6.28657602998
5260.00000000	0.151400842420	0.0166789929830	0.152316787953	6.28660888275
5260.00000000	0.151400733582	0.0166789213412	0.152316671925	6.28658657897
5260.00000000	0.151401042409	0.0166787595706	0.152316961181	6.28651337238
5260.00000000	0.151401583855	0.0166785701537	0.152317478630	6.28642024770
5260.00000000	0.151402003658	0.0166784284231	0.152317880389	6.28634996376
5260.00000000	0.151402152442	0.0166783758709	0.152318022524	6.28632418647
5260.00000000	0.151402204305	0.0166783940635	0.152318076068	6.28632885248
5260.00000000	0.151402313066	0.0166784323312	0.152318188365	6.28633868097
5260.00000000	0.151402388085	0.0166784621567	0.152318266199	6.28634674269
5260.00000000	0.151402301074	0.0166784675552	0.152318180302	6.28635234504
5260.00000000	0.151402039849	0.0166784409410	0.152317917734	6.28635315353
5260.00000000	0.151401585781	0.0166784223622	0.152317464362	6.28636490938
5260.00000000	0.151400999007	0.0166784682133	0.152316886136	6.28640622167
5260.00000000	0.151400367925	0.0166785841514	0.152316271544	6.28647556490
5260.00000000	0.151399726118	0.0166787202182	0.152315648496	6.28655287664
5260.00000000	0.151399158806	0.0166788093799	0.152315094359	6.28660958248
5260.00000000	0.151398843399	0.0166787967852	0.152314779469	6.28661786520
5260.00000000	0.151398955665	0.0166786595052	0.152314876027	6.28656191121
5260.00000000	0.151399481031	0.0166784309906	0.152315373212	6.28645482873
5260.00000000	0.151400199511	0.0166782007208	0.152316062158	6.28633913646
5260.00000000	0.151400889455	0.0166780593578	0.152316732475	6.28625786285
5260.00000000	0.151401449811	0.0166780258010	0.152317285787	6.28622223603
5270.00000000	-0.145070499633	0.0794848663644	0.165418541417	151.281440570
5270.00000000	-0.145070622380	0.0794849848990	0.165418706022	151.281424993
5270.00000000	-0.145070682292	0.0794847782363	0.165418659262	151.281497741
5270.00000000	-0.145070815509	0.0794842847533	0.165418538970	151.281669814
5270.00000000	-0.145071165752	0.0794835475856	0.165418491921	151.281952029
5270.00000000	-0.145071707769	0.0794825838255	0.165418504185	151.282334993
5270.00000000	-0.145072246243	0.0794814003373	0.165418407771	151.282784112
5270.00000000	-0.145072796193	0.0794802098028	0.165418318047	151.283237282
5270.00000000	-0.145073567503	0.0794793232995	0.165418568547	151.283634936
5270.00000000	-0.145074606875	0.0794788328150	0.165419244423	151.283956902
5270.00000000	-0.145075720170	0.0794785753622	0.165420097100	151.284220380
5270.00000000	-0.145076679668	0.0794783248050	0.165420818210	151.284456166
5270.00000000	-0.145077241153	0.0794778593704	0.165421087019	151.284690988
5270.00000000	-0.145077137005	0.0794769838616	0.165420575036	151.284939608
5270.00000000	-0.145076314052	0.0794756960636	0.165419234564	151.285193853
5270.00000000	-0.145075058563	0.0794742878467	0.165417456895	151.285412703
5270.00000000	-0.145073915154	0.0794732223015	0.165415942161	151.285546113
5270.00000000	-0.145073357380	0.0794728547540	0.165415276393	151.285564945
5270.00000000	-0.145073397588	0.0794732285637	0.165415491252	151.285458080
5270.00000000	-0.145073596691	0.0794740853874	0.165416077529	151.285230929
5270.00000000	-0.145073396746	0.0794750228846	0.165416352595	151.284912865
5270.00000000	-0.145072544128	0.0794757932574	0.165415974965	151.284536954
5270.00000000	-0.145071245204	0.0794764899223	0.165415170512	151.284109157
5270.00000000	-0.145069828256	0.0794773545023	0.165414343239	151.283610704
5270.00000000	-0.145068415958	0.0794785221894	0.165413665693	151.283020944
5270.00000000	-0.145067000412	0.0794800223074	0.165413145048	151.282329655
5270.00000000	-0.145065618565	0.0794818790276	0.165412825329	151.281535643
5270.00000000	-0.145064300599	0.0794840762921	0.165412725304	151.280648814
5270.00000000	-0.145062994974	0.0794864649072	0.165412728090	151.279705912
5270.00000000	-0.145061692637	0.0794888217684	0.165412718546	151.278773203
5270.00000000	-0.145060485803	0.0794909794309	0.165412697071	151.277916900
5270.00000000	-0.145059437881	0.0794928653728	0.165412684410	151.277169587
5270.00000000	-0.145058533460	0.0794945465348	0.165412699205	151.276508366
5270.00000000	-0.145057790851	0.0794962996438	0.165412890500	151.275852227
5270.00000000	-0.145057292499	0.0794984338954	0.165413479194	151.275120978
5270.00000000	-0.145057056104	0.0795009586818	0.165414485329	151.274314719
5270.00000000	-0.145056947210	0.0795035093437	0.165415615744	151.273521836
5270.00000000	-0.145056824454	0.0795055952041	0.165416510631	151.272867835
5270.00000000	-0.145056631011	0.0795068456057	0.165416941993	151.272455834
5270.00000000	-0.145056398066	0.0795071118460	0.165416865688	151.272336185
5270.00000000	-0.145056243081	0.0795064759926	0.165416424159	151.272503517
5270.00000000	-0.145056249630	0.0795051809655	0.165415807458	151.272897960
5270.00000000	-0.145056439960	0.0795035630697	0.165415196746	151.273421071
5270.00000000	-0.145056826966	0.0795019489229	0.165414760321	151.273975790
5270.00000000	-0.145057458496	0.0795005411810	0.165414637543	151.274508522
5270.00000000	-0.145058458571	0.0794994018324	0.165414966961	151.275021083
5270.00000000	-0.145059877343	0.0794984177333	0.165415738177	151.275556184
5270.00000000	-0.145061461868	0.0794972868917	0.165416584242	151.276163445
5270.00000000	-0.145062785626	0.0794957681435	0.165417015226	151.276845119
5270.00000000	-0.145063593935	0.0794939794076	0.165416864459	151.277523001
5270.00000000	-0.145063875167	0.0794922432974	0.165416276777	151.278097165
5270.00000000	-0.145063694540	0.0794906786913	0.165415366494	151.278542361
5270.00000000	-0.145063180530	0.0794891299221	0.165414171464	151.278927259
5270.00000000	-0.145062679326	0.0794873795837	0.165412890811	151.279375525
5270.00000000	-0.145062662444	0.0794853148526	0.165411883831	151.279999914
5270.00000000	-0.145063311467	0.0794829373654	0.165411310575	151.280830154
5270.00000000	-0.145064446710	0.0794804058682	0.165411089762	151.281788111
5270.00000000	-0.145065835635	0.0794780783160	0.165411189468	151.282726337
5270.00000000	-0.145067245496	0.0794763014644	0.165411572178	151.283500753
5270.00000000	-0.145068351236	0.0794751152282	0.165411971970	151.284045134
5270.00000000	-0.145068889796	0.0794742438905	0.165412025647	151.284399461
5270.00000000	-0.145068901637	0.0794733210152	0.165411592626	151.284681785
5270.00000000	-0.145068735773	0.0794721151280	0.165410867786	151.285020513
5270.00000000	-0.145068822652	0.0794706827846	0.165410255813	151.285470100
5270.00000000	-0.145069397135	0.0794692600506	0.165410076108	151.285997916
5270.00000000	-0.145070426648	0.0794680659854	0.165410405354	151.286531990
5270.00000000	-0.145071707942	0.0794672192312	0.165411122291	151.287002450
5270.00000000	-0.145072920454	0.0794667254500	0.165411948489	151.287354229
5270.00000000	-0.145073823699	0.0794665775189	0.165412669603	151.287549476
5270.00000000	-0.145074454979	0.0794668317257	0.165413345387	151.287577299
5270.00000000	-0.145075033465	0.0794675373255	0.165414191723	151.287459209
5270.00000000	-0.145075672758	0.0794686235585	0.165415274254	151.287235608
5270.00000000	-0.145076237279	0.0794698777271	0.165416371889	151.286948552
5270.00000000	-0.145076371097	0.0794709931907	0.165417025150	151.286631964
5270.00000000	-0.145075828170	0.0794717811863	0.165416927562	151.286302240
5270.00000000	-0.145074760192	0.0794722780823	0.165416229640	151.285973571
5270.00000000	-0.145073522507	0.0794726140097	0.165415305550	151.285665557
5270.00000000	-0.145072408127	0.0794729705898	0.165414499528	151.285371786
5270.00000000	-0.145071587809	0.0794735695366	0.165414067855	151.285053323
5270.00000000	-0.145071151783	0.0794745944994	0.165414177901	151.284669396
5270.00000000	-0.145071098144	0.0794760432447	0.165414826924	151.284220373
5270.00000000	-0.145071225289	0.0794776295352	0.165415700595	151.283759656
5270.00000000	-0.145071229915	0.0794789512560	0.165416339707	151.283358924
5270.00000000	-0.145070999200	0.0794798318551	0.165416560479	151.283053026
5270.00000000	-0.145070716407	0.0794804226844	0.165416596353	151.282826486
5270.00000000	-0.145070548945	0.0794809272465	0.165416691924	151.282645345
5270.00000000	-0.145070415237	0.0794814012233	0.165416802404	151.282479113
5270.00000000	-0.145070172099	0.0794818402755	0.165416800133	151.282305278
5270.00000000	-0.145069777495	0.0794822322808	0.165416642424	151.282120525
5270.00000000	-0.145069223047	0.0794825148060	0.165416291929	151.281942426
5270.00000000	-0.145068581787	0.0794826642392	0.165415801350	151.281790306
5270.00000000	-0.145067996846	0.0794827351954	0.165415322456	151.281671397
5270.00000000	-0.145067556733	0.0794827945140	0.165414964983	151.281580128
5270.00000000	-0.145067244644	0.0794829255113	0.165414754229	151.281488392
5270.00000000	-0.145067047279	0.0794833013860	0.165414761752	151.281341364
5270.00000000	-0.145067022765	0.0794841417904	0.165415144077	151.281081996
5270.00000000	-0.145067106373	0.0794854867890	0.165415863694	151.280687347
5270.00000000	-0.145067065046	0.0794871089761	0.165416606948	151.280187708
5270.00000000	-0.145066796575	0.0794887617038	0.165417165692	151.279640990
5270.00000000	-0.145066370155	0.0794904091791	0.165417583410	151.279069580
5274.00000000	0.291818227560	0.140510780192	0.323884481392	25.7108635189
5274.00000000	0.291818097767	0.140510404830	0.323884201606	25.7108136518
5274.00000000	0.291817329727	0.140510346285	0.323883484208	25.7108632641
5274.00000000	0.291816091224	0.140510688301	0.323882516701	25.7110128274
5274.00000000	0.291814516344	0.140511521557	0.323881459239	25.7112665057
5274.00000000	0.291812736548	0.140512831517	0.323880423972	25.7116118939
5274.00000000	0.291810916068	0.140514477187	0.323879497708	25.7120139151
5274.00000000	0.291809434697	0.140516276038	0.323878943450	25.7124143270
5274.00000000	0.291808759625	0.140518106337	0.323879129310	25.7127578675
5274.00000000	0.291809033694	0.140519962657	0.323880181626	25.7130327060
5274.00000000	0.291809895314	0.140521861243	0.323881781659	25.7132691831
5274.00000000	0.291810676531	0.140523731367	0.323883296907	25.7135072928
5274.00000000	0.291810680810	0.140525445199	0.323884044348	25.7137801223
5274.00000000	0.291809484063	0.140526879837	0.323883588571	25.7141006357
5274.00000000	0.291807307434	0.140528009427	0.323882117607	25.7144477418
5274.00000000	0.291804994996	0.140528888886	0.323880415765	25.7147654085
5274.00000000	0.291803568521	0.140529574440	0.323879428019	25.7149841678
5274.00000000	0.291803671615	0.140530079437	0.323879740018	25.7150567432
5274.00000000	0.291805094952	0.140530237062	0.323881090786	25.7149726139
5274.00000000	0.291806878500	0.140529701007	0.323882465109	25.7147502755
5274.00000000	0.291807948459	0.140528228384	0.323882790152	25.7144334377
5274.00000000	0.291807809863	0.140525870266	0.323881642133	25.7140682288
5274.00000000	0.291806900209	0.140522872293	0.323879521809	25.7136602152
5274.00000000	0.291806125992	0.140519447587	0.323877338381	25.7131737849
5274.00000000	0.291806128904	0.140515647813	0.323875692429	25.7125679195
5274.00000000	0.291807051717	0.140511389080	0.323874676214	25.7118182909
5274.00000000	0.291808800995	0.140506650018	0.323874196313	25.7109286670
5274.00000000	0.291811359689	0.140501594713	0.323874308583	25.7099265143
5274.00000000	0.291814722416	0.140496535911	0.323875143877	25.7088621018
5274.00000000	0.291818617497	0.140491806929	0.323876602013	25.7078094143
5274.00000000	0.291822489017	0.140487588230	0.323878260374	25.7068398816
5274.00000000	0.291825761738	0.140483816146	0.323879573010	25.7059874952
5274.00000000	0.291828206023	0.140480264475	0.323880234867	25.7052338152
5274.00000000	0.291830180084	0.140476605352	0.323880426483	25.7044990902
5274.00000000	0.291832366048	0.140472588380	0.323880653882	25.7036910666
5274.00000000	0.291834968706	0.140468277931	0.323881129528	25.7028042936
5274.00000000	0.291837537993	0.140464071965	0.323881620495	25.7019367381
5274.00000000	0.291839682235	0.140460633023	0.323882061184	25.7012240594
5274.00000000	0.291841291417	0.140458598625	0.323882628901	25.7007763185
5274.00000000	0.291842171245	0.140458200638	0.323883249094	25.7006453803
5274.00000000	0.291842100213	0.140459252347	0.323883641183	25.7008184740
5274.00000000	0.291841071252	0.140461332882	0.323883616295	25.7012290539
5274.00000000	0.291839315031	0.140463937419	0.323883163367	25.7017789556
5274.00000000	0.291837278986	0.140466727012	0.323882538590	25.7023798256
5274.00000000	0.291835507345	0.140469624807	0.323882199018	25.7029776588
5274.00000000	0.291834389871	0.140472714086	0.323882531969	25.7035558244
5274.00000000	0.291833804627	0.140476098223	0.323883472401	25.7041401520
5274.00000000	0.291833077768	0.140479751957	0.323884402201	25.7047783146
5274.00000000	0.291831512548	0.140483428713	0.323884586634	25.7054844709
5274.00000000	0.291829009799	0.140486694453	0.323883748093	25.7061970516
5274.00000000	0.291825968209	0.140489160999	0.323882077428	25.7068235971
5274.00000000	0.291822723714	0.140490810690	0.323879869649	25.7073355172
5274.00000000	0.291819362501	0.140492035914	0.323877372606	25.7077887430
5274.00000000	0.291816061304	0.140493531960	0.323875047136	25.7082805380
5274.00000000	0.291813189515	0.140496041628	0.323873548299	25.7089009536
5274.00000000	0.291810938848	0.140499923153	0.323873204259	25.7096923745
5274.00000000	0.291809174997	0.140504874330	0.323873762943	25.7106169312
5274.00000000	0.291807791553	0.140510060601	0.323874766447	25.7115497604
5274.00000000	0.291806872282	0.140514553746	0.323875887534	25.7123364807
5274.00000000	0.291806341496	0.140517807682	0.323876821049	25.7128958624
5274.00000000	0.291805887704	0.140519881784	0.323877312072	25.7132612801
5274.00000000	0.291805234985	0.140521343773	0.323877358301	25.7135444023
5274.00000000	0.291804238652	0.140522933016	0.323877150165	25.7138741812
5274.00000000	0.291803037554	0.140525085674	0.323877002007	25.7143094784
5274.00000000	0.291802052649	0.140527705791	0.323877251478	25.7148026881
5274.00000000	0.291801600565	0.140530306379	0.323877972550	25.7152518853
5274.00000000	0.291801589219	0.140532365285	0.323878855691	25.7155809141
5274.00000000	0.291801709754	0.140533632865	0.323879514297	25.7157736936
5274.00000000	0.291801925168	0.140534221663	0.323879963860	25.7158510030
5274.00000000	0.291802595386	0.140534448193	0.323880665991	25.7158356619
5274.00000000	0.291803886764	0.140534475450	0.323881841294	25.7157408803
5274.00000000	0.291805441360	0.140534187552	0.323883117001	25.7155756650
5274.00000000	0.291806798727	0.140533479603	0.323884032754	25.7153586415
5274.00000000	0.291807593210	0.140532427166	0.323884291901	25.7151299193
5274.00000000	0.291807708596	0.140531105101	0.323883822222	25.7149103489
5274.00000000	0.291807572330	0.140529591431	0.323883042682	25.7146795550
5274.00000000	0.291807731038	0.140527985116	0.323882488712	25.7144113530
5274.00000000	0.291808452735	0.140526304363	0.323882409688	25.7140880736
5274.00000000	0.291809786545	0.140524516459	0.323882835682	25.7137007338
5274.00000000	0.291811693688	0.140522621645	0.323883731866	25.7132523506
5274.00000000	0.291813885786	0.140520608529	0.323884833481	25.7127632437
5274.00000000	0.291815700719	0.140518419501	0.323885518981	25.7122750496
5274.00000000	0.291816548799	0.140516136161	0.323885292464	25.7118460290
5274.00000000	0.291816539678	0.140514014968	0.323884363982	25.7115086398
5274.00000000	0.291816307788	0.140512211898	0.323883372811	25.7112390502
5274.00000000	0.291816282074	0.140510630597	0.323882663621	25.7109889831
5274.00000000	0.291816452440	0.140509044845	0.323882129174	25.7107231571
5274.00000000	0.291816687021	0.140507310635	0.323881588185	25.7104287397
5274.00000000	0.291816874680	0.140505510985	0.323880976541	25.7101274916
5274.00000000	0.291816858094	0.140503890497	0.323880258603	25.7098704737
5274.00000000	0.291816621959	0.140502678577	0.323879520098	25.7096954257
5274.00000000	0.291816247078	0.140501900932	0.323878844977	25.7096002450
5274.00000000	0.291815716936	0.140501374479	0.323878138937	25.7095570173
5274.00000000	0.291815107150	0.140500915367	0.323877390350	25.7095306351
5274.00000000	0.291814853202	0.140500456197	0.323876962350	25.7094769354
5274.00000000	0.291815536488	0.140499951814	0.323877359189	25.7093441028
5274.00000000	0.291817246718	0.140499257999	0.323878599139	25.7091022664
5274.00000000	0.291819536722	0.140498196617	0.323880202028	25.7087573522
5274.00000000	0.291821976826	0.140496733203	0.323881765772	25.7083368420
5274.00000000	0.291824367395	0.140494882256	0.323883116797	25.7078583673
