DevNumber	X [V]	Y [V]	R [V]	Theta [°]
4253.00000000	-0.0350496605780	-0.0381837485971	0.0518312392632	-132.549472137
4253.00000000	-0.0350496010730	-0.0381836939098	0.0518311587365	-132.549464558
4253.00000000	-0.0350494402883	-0.0381836315195	0.0518310040472	-132.549380259
4253.00000000	-0.0350492029941	-0.0381835365334	0.0518307736072	-132.549258018
4253.00000000	-0.0350489754080	-0.0381834370180	0.0518305463955	-132.549147067
4253.00000000	-0.0350488516853	-0.0381833919555	0.0518304295340	-132.549079995
4253.00000000	-0.0350488537357	-0.0381834161007	0.0518304487083	-132.549063616
4253.00000000	-0.0350489252761	-0.0381834784179	0.0518305429945	-132.549075293
4253.00000000	-0.0350489969182	-0.0381835499489	0.0518306441372	-132.549080166
4253.00000000	-0.0350490263321	-0.0381836020983	0.0518307024458	-132.549065137
4253.00000000	-0.0350490183662	-0.0381836123545	0.0518307046148	-132.549050983
4253.00000000	-0.0350490177148	-0.0381835993632	0.0518306946037	-132.549060164
4253.00000000	-0.0350490487754	-0.0381835874327	0.0518307068183	-132.549094377
4253.00000000	-0.0350491057947	-0.0381835783546	0.0518307386882	-132.549147599
4253.00000000	-0.0350491926793	-0.0381835873978	0.0518308041037	-132.549211595
4253.00000000	-0.0350493016665	-0.0381836276915	0.0518309074877	-132.549270231
4253.00000000	-0.0350493825263	-0.0381836704473	0.0518309936650	-132.549304120
4253.00000000	-0.0350494039193	-0.0381836767195	0.0518310127522	-132.549316853
4253.00000000	-0.0350493886375	-0.0381836398872	0.0518309752841	-132.549331941
4253.00000000	-0.0350493656219	-0.0381835717691	0.0518309095381	-132.549364117
4253.00000000	-0.0350493667191	-0.0381834857158	0.0518308468850	-132.549429338
4253.00000000	-0.0350494151560	-0.0381833979624	0.0518308149920	-132.549534381
4253.00000000	-0.0350494960478	-0.0381833304583	0.0518308199636	-132.549650718
4253.00000000	-0.0350495928053	-0.0381833118797	0.0518308717071	-132.549743402
4253.00000000	-0.0350496975045	-0.0381833506651	0.0518309710807	-132.549799673
4253.00000000	-0.0350498134494	-0.0381834260293	0.0518311050063	-132.549837757
4253.00000000	-0.0350499489292	-0.0381835018486	0.0518312524772	-132.549891409
4253.00000000	-0.0350500871155	-0.0381835460162	0.0518313784611	-132.549970925
4253.00000000	-0.0350501824527	-0.0381835439412	0.0518314414026	-132.550050114
4253.00000000	-0.0350501772675	-0.0381834898848	0.0518313980736	-132.550086301
4253.00000000	-0.0350500431380	-0.0381833837280	0.0518312291663	-132.550056427
4253.00000000	-0.0350498259960	-0.0381832536515	0.0518309865020	-132.549976832
4253.00000000	-0.0350496065415	-0.0381831353065	0.0518307509163	-132.549886583
4253.00000000	-0.0350494332195	-0.0381830304026	0.0518305564289	-132.549823854
4253.00000000	-0.0350493361902	-0.0381829455328	0.0518304282920	-132.549808280
4253.00000000	-0.0350493176616	-0.0381829036183	0.0518303848845	-132.549824523
4253.00000000	-0.0350493510922	-0.0381829269698	0.0518304246940	-132.549834292
4253.00000000	-0.0350494186685	-0.0381830330270	0.0518305485225	-132.549810043
4253.00000000	-0.0350494937216	-0.0381831913069	0.0518307158789	-132.549752844
4253.00000000	-0.0350495453160	-0.0381833314363	0.0518308540006	-132.549690110
4253.00000000	-0.0350495938690	-0.0381834239872	0.0518309550150	-132.549660465
4253.00000000	-0.0350496752226	-0.0381834917099	0.0518310599194	-132.549676092
4253.00000000	-0.0350497978089	-0.0381835702413	0.0518312006693	-132.549717217
4253.00000000	-0.0350499682598	-0.0381836706658	0.0518313899151	-132.549780956
4253.00000000	-0.0350501700240	-0.0381837612079	0.0518315930557	-132.549877581
4253.00000000	-0.0350503773586	-0.0381838212577	0.0518317775001	-132.550001535
4253.00000000	-0.0350505749193	-0.0381838640091	0.0518319425918	-132.550130461
4253.00000000	-0.0350507444874	-0.0381838951810	0.0518320802236	-132.550245245
4253.00000000	-0.0350508830093	-0.0381839041872	0.0518321805321	-132.550351317
4253.00000000	-0.0350510040327	-0.0381838815594	0.0518322457032	-132.550466785
4253.00000000	-0.0350511155094	-0.0381838366289	0.0518322879889	-132.550591151
4253.00000000	-0.0350512160749	-0.0381837820108	0.0518323157594	-132.550713873
4253.00000000	-0.0350512909572	-0.0381837169426	0.0518323184636	-132.550823491
4253.00000000	-0.0350513283343	-0.0381836337297	0.0518322824387	-132.550916132
4253.00000000	-0.0350513199616	-0.0381835118913	0.0518321870212	-132.551000392
4253.00000000	-0.0350512685753	-0.0381833279011	0.0518320167304	-132.551096085
4253.00000000	-0.0350512032113	-0.0381830939738	0.0518318002000	-132.551217726
4253.00000000	-0.0350511712702	-0.0381828712394	0.0518316145176	-132.551358218
4253.00000000	-0.0350511874572	-0.0381827191387	0.0518315134159	-132.551485101
4253.00000000	-0.0350512058839	-0.0381826367590	0.0518314651904	-132.551561690
4253.00000000	-0.0350511954085	-0.0381825843293	0.0518314194830	-132.551592353
4253.00000000	-0.0350511710042	-0.0381825372725	0.0518313683143	-132.551607657
4253.00000000	-0.0350511300537	-0.0381824770214	0.0518312962362	-132.551619350
4253.00000000	-0.0350510502387	-0.0381823722099	0.0518311650498	-132.551632706
4253.00000000	-0.0350509212154	-0.0381822070576	0.0518309561347	-132.551651098
4253.00000000	-0.0350507245267	-0.0381819899319	0.0518306631736	-132.551653240
4253.00000000	-0.0350504592491	-0.0381817568730	0.0518303120913	-132.551611438
4253.00000000	-0.0350501692089	-0.0381815526669	0.0518299655183	-132.551527901
4253.00000000	-0.0350499239001	-0.0381813962548	0.0518296844035	-132.551445060
4253.00000000	-0.0350497867461	-0.0381812797463	0.0518295058246	-132.551420466
4253.00000000	-0.0350497379195	-0.0381811655860	0.0518293887069	-132.551466046
4253.00000000	-0.0350496978761	-0.0381810365042	0.0518292665368	-132.551529935
4253.00000000	-0.0350496270307	-0.0381809295412	0.0518291398310	-132.551552204
4253.00000000	-0.0350495482329	-0.0381808868890	0.0518290551231	-132.551519920
4253.00000000	-0.0350495217927	-0.0381809366375	0.0518290738912	-132.551461196
4253.00000000	-0.0350495949028	-0.0381810863152	0.0518292335951	-132.551408839
4253.00000000	-0.0350497606768	-0.0381812844399	0.0518294916527	-132.551395727
4253.00000000	-0.0350499604681	-0.0381814338860	0.0518297368545	-132.551446708
4253.00000000	-0.0350501417438	-0.0381814852222	0.0518298972605	-132.551555954
4253.00000000	-0.0350502557455	-0.0381814418179	0.0518299423800	-132.551681240
4253.00000000	-0.0350502445118	-0.0381813109007	0.0518298383408	-132.551769962
4253.00000000	-0.0350501504801	-0.0381811287120	0.0518296405390	-132.551829586
4253.00000000	-0.0350501202528	-0.0381809614912	0.0518294969117	-132.551929981
4253.00000000	-0.0350502517792	-0.0381808545300	0.0518295070633	-132.552117053
4253.00000000	-0.0350505297270	-0.0381808203569	0.0518296698549	-132.552368948
4253.00000000	-0.0350508985655	-0.0381808647631	0.0518299519999	-132.552636112
4253.00000000	-0.0350513136222	-0.0381809804770	0.0518303179310	-132.552887603
4253.00000000	-0.0350517120390	-0.0381811227116	0.0518306921465	-132.553105713
4253.00000000	-0.0350520270987	-0.0381812391033	0.0518309909532	-132.553275261
4253.00000000	-0.0350522294153	-0.0381813060792	0.0518311771128	-132.553389940
4253.00000000	-0.0350523267771	-0.0381813064504	0.0518312432299	-132.553468946
4253.00000000	-0.0350523362679	-0.0381812130027	0.0518311808104	-132.553546534
4253.00000000	-0.0350522863552	-0.0381810270661	0.0518310100862	-132.553644892
4253.00000000	-0.0350522028716	-0.0381807724092	0.0518307660363	-132.553767288
4253.00000000	-0.0350521062075	-0.0381804915198	0.0518304937491	-132.553898563
4253.00000000	-0.0350520128906	-0.0381802377395	0.0518302436954	-132.554012299
4253.00000000	-0.0350519143769	-0.0381800269472	0.0518300217941	-132.554089666
4253.00000000	-0.0350518102453	-0.0381798455682	0.0518298177605	-132.554140469
4253.00000000	-0.0350517294080	-0.0381796849908	0.0518296448038	-132.554194691
4253.00000000	-0.0350516996811	-0.0381795501733	0.0518295253883	-132.554271274
5260.00000000	0.000306055404642	-0.00323301788104	0.00324747202141	-84.5921794740
5260.00000000	0.000306022863833	-0.00323300067421	0.00324745182453	-84.5927224349
5260.00000000	0.000305971162844	-0.00323298037215	0.00324742674116	-84.5935968042
5260.00000000	0.000305922308791	-0.00323296558750	0.00324740741962	-84.5944303509
5260.00000000	0.000305895683708	-0.00323296243839	0.00324740177640	-84.5948927893
5260.00000000	0.000305894658915	-0.00323296442840	0.00324740366103	-84.5949140973
5260.00000000	0.000305914377867	-0.00323296171974	0.00324740282194	-84.5945632298
5260.00000000	0.000305941491546	-0.00323295575216	0.00324739943519	-84.5940770560
5260.00000000	0.000305963894461	-0.00323295528788	0.00324740108365	-84.5936827747
5260.00000000	0.000305982730775	-0.00323296472930	0.00324741225785	-84.5933676091
5260.00000000	0.000306011147446	-0.00323298353901	0.00324743366150	-84.5928997425
5260.00000000	0.000306055176805	-0.00323300706126	0.00324746122831	-84.5921654851
5260.00000000	0.000306100553553	-0.00323302648033	0.00324748483775	-84.5914007502
5260.00000000	0.000306128017041	-0.00323303735804	0.00324749825578	-84.5909364573
5260.00000000	0.000306131490149	-0.00323304467108	0.00324750586365	-84.5908876166
5260.00000000	0.000306117280708	-0.00323305185835	0.00324751167947	-84.5911491505
5260.00000000	0.000306094373125	-0.00323305104902	0.00324750871451	-84.5915501634
5260.00000000	0.000306068313846	-0.00323303434729	0.00324748963101	-84.5919801088
5260.00000000	0.000306044855637	-0.00323301106464	0.00324746424118	-84.5923534301
5260.00000000	0.000306030907361	-0.00323299621830	0.00324744814644	-84.5925737434
5260.00000000	0.000306030225443	-0.00323299753007	0.00324744938811	-84.5925879021
5260.00000000	0.000306039366461	-0.00323301830083	0.00324747092787	-84.5924618774
5260.00000000	0.000306053456034	-0.00323305376353	0.00324750756055	-84.5922733639
5260.00000000	0.000306072594886	-0.00323309223370	0.00324754766323	-84.5920011686
5260.00000000	0.000306098137567	-0.00323312009735	0.00324757781026	-84.5915988654
5260.00000000	0.000306128469771	-0.00323313238791	0.00324759290518	-84.5910865486
5260.00000000	0.000306154775466	-0.00323313651533	0.00324759949398	-84.5906313808
5260.00000000	0.000306164499202	-0.00323314188571	0.00324760575713	-84.5904695260
5260.00000000	0.000306152051422	-0.00323314807237	0.00324761074276	-84.5906984469
5260.00000000	0.000306124164090	-0.00323314362001	0.00324760368140	-84.5911808526
5260.00000000	0.000306091129108	-0.00323312444146	0.00324758147446	-84.5917291862
5260.00000000	0.000306065496765	-0.00323309914686	0.00324755387665	-84.5921373366
5260.00000000	0.000306059607008	-0.00323307868662	0.00324753295240	-84.5922067660
5260.00000000	0.000306072849176	-0.00323306830975	0.00324752386973	-84.5919569214
5260.00000000	0.000306088445714	-0.00323306951394	0.00324752653855	-84.5916849805
5260.00000000	0.000306094107403	-0.00323308457195	0.00324754206316	-84.5916105768
5260.00000000	0.000306089530038	-0.00323311259532	0.00324756953034	-84.5917375740
5260.00000000	0.000306074120864	-0.00323314606549	0.00324760139923	-84.5920638755
5260.00000000	0.000306044850018	-0.00323317289180	0.00324762534762	-84.5926225886
5260.00000000	0.000306006994766	-0.00323318633648	0.00324763516536	-84.5933098230
5260.00000000	0.000305972624352	-0.00323319203341	0.00324763759859	-84.5939229684
5260.00000000	0.000305956024639	-0.00323319409312	0.00324763808525	-84.5942179463
5260.00000000	0.000305964409609	-0.00323318978486	0.00324763458611	-84.5940635134
5260.00000000	0.000305992039007	-0.00323317868496	0.00324762613871	-84.5935597845
5260.00000000	0.000306025280400	-0.00323316191450	0.00324761257505	-84.5929480573
5260.00000000	0.000306056267013	-0.00323314074543	0.00324759442024	-84.5923686147
5260.00000000	0.000306083351147	-0.00323311765564	0.00324757398577	-84.5918545153
5260.00000000	0.000306103284565	-0.00323309565763	0.00324755396448	-84.5914678216
5260.00000000	0.000306114283340	-0.00323307630918	0.00324753573891	-84.5912424602
5260.00000000	0.000306114827208	-0.00323305859084	0.00324751815072	-84.5912034413
5260.00000000	0.000306102446512	-0.00323304595441	0.00324750440355	-84.5913998866
5260.00000000	0.000306079377252	-0.00323304483326	0.00324750111302	-84.5918032218
5260.00000000	0.000306055488509	-0.00323305959676	0.00324751355937	-84.5922473637
5260.00000000	0.000306040808935	-0.00323308904685	0.00324754149498	-84.5925541670
5260.00000000	0.000306039365382	-0.00323312630385	0.00324757845014	-84.5926414652
5260.00000000	0.000306053082946	-0.00323316268685	0.00324761596394	-84.5924610199
5260.00000000	0.000306082724414	-0.00323318619090	0.00324764215689	-84.5919794822
5260.00000000	0.000306124060594	-0.00323319069083	0.00324765053289	-84.5912609483
5260.00000000	0.000306159763342	-0.00323318317824	0.00324764641929	-84.5906213830
5260.00000000	0.000306170070637	-0.00323317324836	0.00324763750533	-84.5904238335
5260.00000000	0.000306149257072	-0.00323316427429	0.00324762660910	-84.5907744724
5260.00000000	0.000306106930632	-0.00323315778235	0.00324761615629	-84.5915070906
5260.00000000	0.000306059553300	-0.00323315431615	0.00324760824026	-84.5923334578
5260.00000000	0.000306020230105	-0.00323315339986	0.00324760362240	-84.5930226053
5260.00000000	0.000305990145893	-0.00323315429975	0.00324760168361	-84.5935525001
5260.00000000	0.000305962150843	-0.00323315239865	0.00324759715338	-84.5940410458
5260.00000000	0.000305934261800	-0.00323313804653	0.00324758023773	-84.5945070375
5260.00000000	0.000305914995586	-0.00323310439486	0.00324754492080	-84.5947895061
5260.00000000	0.000305913062060	-0.00323306165793	0.00324750219176	-84.5947524409
5260.00000000	0.000305929728978	-0.00323302953634	0.00324747178309	-84.5944063054
5260.00000000	0.000305960651157	-0.00323301509319	0.00324746031737	-84.5938391578
5260.00000000	0.000305995805607	-0.00323300958892	0.00324745814986	-84.5932125277
5260.00000000	0.000306023320235	-0.00323300251193	0.00324745369708	-84.5927174737
5260.00000000	0.000306035162672	-0.00323299277860	0.00324744512306	-84.5924932805
5260.00000000	0.000306032887251	-0.00323298683545	0.00324743899192	-84.5925233663
5260.00000000	0.000306027875256	-0.00323298576239	0.00324743745132	-84.5926096172
5260.00000000	0.000306032258727	-0.00323298596551	0.00324743806662	-84.5925329598
5260.00000000	0.000306049393004	-0.00323298911118	0.00324744281304	-84.5922372293
5260.00000000	0.000306072186904	-0.00323300211243	0.00324745790466	-84.5918584782
5260.00000000	0.000306094159076	-0.00323302880688	0.00324748655122	-84.5915169354
5260.00000000	0.000306113648937	-0.00323306283694	0.00324752226685	-84.5912311983
5260.00000000	0.000306130488469	-0.00323309357279	0.00324755445318	-84.5909865398
5260.00000000	0.000306145287236	-0.00323311521315	0.00324757739221	-84.5907626030
5260.00000000	0.000306157326169	-0.00323312689523	0.00324759015718	-84.5905705803
5260.00000000	0.000306167725444	-0.00323313131364	0.00324759553629	-84.5903952767
5260.00000000	0.000306179142999	-0.00323313278336	0.00324759807588	-84.5901971840
5260.00000000	0.000306189991526	-0.00323313326607	0.00324759957924	-84.5900074442
5260.00000000	0.000306193689365	-0.00323313288855	0.00324759955205	-84.5899418678
5260.00000000	0.000306187587013	-0.00323313151578	0.00324759761004	-84.5900467656
5260.00000000	0.000306178070222	-0.00323312657134	0.00324759179039	-84.5902056937
5260.00000000	0.000306171390967	-0.00323311734879	0.00324758197921	-84.5903076682
5260.00000000	0.000306164424436	-0.00323310480745	0.00324756883695	-84.5904091690
5260.00000000	0.000306148879568	-0.00323308716736	0.00324754980996	-84.5906528618
5260.00000000	0.000306122915997	-0.00323306759297	0.00324752787523	-84.5910763380
5260.00000000	0.000306094290043	-0.00323305264568	0.00324751029623	-84.5915542779
5260.00000000	0.000306067768774	-0.00323304173495	0.00324749693441	-84.5920019671
5260.00000000	0.000306041027512	-0.00323302777321	0.00324748051463	-84.5924484512
5260.00000000	0.000306016356918	-0.00323300598496	0.00324745649847	-84.5928455570
5260.00000000	0.000306007654474	-0.00323298044986	0.00324743025695	-84.5929559604
5260.00000000	0.000306026128232	-0.00323296035078	0.00324741198816	-84.5925980526
5270.00000000	-0.00656054097128	-0.00510787887969	0.00831451288323	-142.096535811
5270.00000000	-0.00656051401654	-0.00510772624459	0.00831439784656	-142.097251644
5270.00000000	-0.00656045117352	-0.00510754499764	0.00831423691646	-142.097971148
5270.00000000	-0.00656035290026	-0.00510736935167	0.00831405147147	-142.098510231
5270.00000000	-0.00656021912599	-0.00510723495504	0.00831386335388	-142.098674732
5270.00000000	-0.00656006962214	-0.00510716539510	0.00831370265406	-142.098420062
5270.00000000	-0.00655993272786	-0.00510716595860	0.00831359498188	-142.097837429
5270.00000000	-0.00655983039088	-0.00510722280258	0.00831354915257	-142.097095035
5270.00000000	-0.00655976321874	-0.00510729957641	0.00831354331492	-142.096393139
5270.00000000	-0.00655970453065	-0.00510735640849	0.00831353192168	-142.095835606
5270.00000000	-0.00655962366348	-0.00510739009405	0.00831348880911	-142.095310034
5270.00000000	-0.00655952910461	-0.00510742062281	0.00831343295472	-142.094743650
5270.00000000	-0.00655945055660	-0.00510745368906	0.00831339129300	-142.094231253
5270.00000000	-0.00655942123907	-0.00510749144595	0.00831339135744	-142.093901798
5270.00000000	-0.00655947392988	-0.00510753958552	0.00831346250694	-142.093863124
5270.00000000	-0.00655959731758	-0.00510758620016	0.00831358850082	-142.094132084
5270.00000000	-0.00655974178973	-0.00510759806237	0.00831370978051	-142.094679281
5270.00000000	-0.00655986194331	-0.00510756269031	0.00831378285444	-142.095380349
5270.00000000	-0.00655993551218	-0.00510750538951	0.00831380570063	-142.096003417
5270.00000000	-0.00655996586362	-0.00510745577985	0.00831379917215	-142.096401686
5270.00000000	-0.00655996799387	-0.00510743234713	0.00831378645751	-142.096538129
5270.00000000	-0.00655995775674	-0.00510743732023	0.00831378143508	-142.096467744
5270.00000000	-0.00655994244320	-0.00510745653165	0.00831378115425	-142.096298441
5270.00000000	-0.00655992878285	-0.00510747720155	0.00831378307394	-142.096128207
5270.00000000	-0.00655992276328	-0.00510750011129	0.00831379239860	-142.095978142
5270.00000000	-0.00655992067855	-0.00510752948416	0.00831380879864	-142.095809592
5270.00000000	-0.00655990493239	-0.00510755552681	0.00831381237348	-142.095601312
5270.00000000	-0.00655986889051	-0.00510756247838	0.00831378820582	-142.095410915
5270.00000000	-0.00655982679381	-0.00510754885459	0.00831374662032	-142.095306765
5270.00000000	-0.00655980325021	-0.00510752330830	0.00831371234926	-142.095345998
5270.00000000	-0.00655981565039	-0.00510748069163	0.00831369595201	-142.095630241
5270.00000000	-0.00655987158639	-0.00510741198212	0.00831369787670	-142.096240700
5270.00000000	-0.00655996413488	-0.00510732586747	0.00831371799903	-142.097100815
5270.00000000	-0.00656006403263	-0.00510724604756	0.00831374778920	-142.097957809
5270.00000000	-0.00656014290248	-0.00510719564361	0.00831377905907	-142.098565810
5270.00000000	-0.00656018458988	-0.00510718241729	0.00831380382838	-142.098814221
5270.00000000	-0.00656018422305	-0.00510720329401	0.00831381636354	-142.098699141
5270.00000000	-0.00656016642061	-0.00510725525925	0.00831383423874	-142.098341188
5270.00000000	-0.00656017056970	-0.00510731654868	0.00831387516336	-142.098025466
5270.00000000	-0.00656019446690	-0.00510734919764	0.00831391407642	-142.097949096
5270.00000000	-0.00656021051107	-0.00510733641549	0.00831391888405	-142.098086528
5270.00000000	-0.00656021207161	-0.00510730099787	0.00831389835801	-142.098285731
5270.00000000	-0.00656019802122	-0.00510728148678	0.00831387528550	-142.098332348
5270.00000000	-0.00656016031999	-0.00510730415049	0.00831385945933	-142.098049494
5270.00000000	-0.00656011606362	-0.00510737057178	0.00831386534205	-142.097500938
5270.00000000	-0.00656010964394	-0.00510746681296	0.00831391939978	-142.096950417
5270.00000000	-0.00656017217324	-0.00510757561404	0.00831403557820	-142.096623512
5270.00000000	-0.00656030134541	-0.00510767544591	0.00831419883111	-142.096627526
5270.00000000	-0.00656046452969	-0.00510774524518	0.00831437047135	-142.096938830
5270.00000000	-0.00656062154449	-0.00510778229349	0.00831451712414	-142.097402084
5270.00000000	-0.00656073495810	-0.00510780839642	0.00831462264959	-142.097740263
5270.00000000	-0.00656078317688	-0.00510784460692	0.00831468294179	-142.097747494
5270.00000000	-0.00656076817929	-0.00510789213532	0.00831470030539	-142.097425578
5270.00000000	-0.00656068995875	-0.00510793660461	0.00831466590378	-142.096852658
5270.00000000	-0.00656056192521	-0.00510796261537	0.00831458085862	-142.096169219
5270.00000000	-0.00656042616710	-0.00510796896506	0.00831447764096	-142.095559967
5270.00000000	-0.00656032650502	-0.00510797010243	0.00831439970291	-142.095131858
5270.00000000	-0.00656028201668	-0.00510797447503	0.00831436728657	-142.094919737
5270.00000000	-0.00656028879508	-0.00510796500017	0.00831436681401	-142.094999952
5270.00000000	-0.00656034160359	-0.00510791544575	0.00831437803788	-142.095492967
5270.00000000	-0.00656044336577	-0.00510782374662	0.00831440199786	-142.096422385
5270.00000000	-0.00656058362809	-0.00510771550901	0.00831444617892	-142.097604710
5270.00000000	-0.00656072014796	-0.00510761737315	0.00831449361599	-142.098716250
5270.00000000	-0.00656079623801	-0.00510754033264	0.00831450633088	-142.099457265
5270.00000000	-0.00656079001549	-0.00510748099987	0.00831446497325	-142.099753553
5270.00000000	-0.00656073244465	-0.00510742522515	0.00831438528340	-142.099813132
5270.00000000	-0.00656066389306	-0.00510736642442	0.00831429507000	-142.099842683
5270.00000000	-0.00656058594409	-0.00510731727246	0.00831420336842	-142.099779985
5270.00000000	-0.00656047117937	-0.00510729182303	0.00831409717654	-142.099432541
5270.00000000	-0.00656030144184	-0.00510728667096	0.00831396007611	-142.098741990
5270.00000000	-0.00656009053056	-0.00510728109820	0.00831379022980	-142.097879388
5270.00000000	-0.00655987592574	-0.00510726387242	0.00831361031223	-142.097064483
5270.00000000	-0.00655969266476	-0.00510724844720	0.00831345623417	-142.096372460
5270.00000000	-0.00655957897546	-0.00510725150852	0.00831336840917	-142.095874452
5270.00000000	-0.00655956319667	-0.00510727520307	0.00831337051568	-142.095678791
5270.00000000	-0.00655964093055	-0.00510730553246	0.00831345048338	-142.095842987
5270.00000000	-0.00655979148662	-0.00510733266263	0.00831358594559	-142.096332901
5270.00000000	-0.00655997810807	-0.00510735200044	0.00831374507877	-142.097017865
5270.00000000	-0.00656014296751	-0.00510735963877	0.00831387985443	-142.097674291
5270.00000000	-0.00656022840515	-0.00510735745150	0.00831394592628	-142.098047892
5270.00000000	-0.00656021005620	-0.00510735285442	0.00831392862377	-142.097995209
5270.00000000	-0.00656011266494	-0.00510735851873	0.00831385525586	-142.097552092
5270.00000000	-0.00655998932216	-0.00510738453708	0.00831377391540	-142.096888412
5270.00000000	-0.00655988466328	-0.00510742728304	0.00831371759486	-142.096212861
5270.00000000	-0.00655982928351	-0.00510747057018	0.00831370049100	-142.095743001
5270.00000000	-0.00655986291262	-0.00510750217943	0.00831374644461	-142.095713498
5270.00000000	-0.00656000405580	-0.00510752351829	0.00831387092166	-142.096195036
5270.00000000	-0.00656019494356	-0.00510753902339	0.00831403106640	-142.096918882
5270.00000000	-0.00656035467945	-0.00510755845626	0.00831416904473	-142.097489462
5270.00000000	-0.00656044536122	-0.00510758511531	0.00831425697509	-142.097728397
5270.00000000	-0.00656045103597	-0.00510760137528	0.00831427144158	-142.097664005
5270.00000000	-0.00656036695561	-0.00510758700526	0.00831419626955	-142.097386194
5270.00000000	-0.00656023453622	-0.00510754441338	0.00831406561827	-142.097057192
5270.00000000	-0.00656011780043	-0.00510748362997	0.00831393616682	-142.096893501
5270.00000000	-0.00656005246015	-0.00510740790321	0.00831383808897	-142.097028659
5270.00000000	-0.00656004407877	-0.00510732471448	0.00831378037084	-142.097445545
5270.00000000	-0.00656008248963	-0.00510724416159	0.00831376119436	-142.098046206
5270.00000000	-0.00656013827749	-0.00510716633155	0.00831375740312	-142.098705629
5270.00000000	-0.00656017270480	-0.00510709171715	0.00831373873322	-142.099257136
5270.00000000	-0.00656016569998	-0.00510702497998	0.00831369220969	-142.099590404
5274.00000000	-0.00680941676388	-0.00209056422861	0.00712310434138	-162.932950289
5274.00000000	-0.00680938354775	-0.00209056042697	0.00712307147228	-162.932901107
5274.00000000	-0.00680930829146	-0.00209055986563	0.00712299936543	-162.932727760
5274.00000000	-0.00680921132053	-0.00209055017751	0.00712290382164	-162.932573326
5274.00000000	-0.00680912944835	-0.00209052601656	0.00712281846395	-162.932565826
5274.00000000	-0.00680910264686	-0.00209049471844	0.00712278365692	-162.932743225
5274.00000000	-0.00680914447522	-0.00209046385176	0.00712281458414	-162.933079333
5274.00000000	-0.00680922483722	-0.00209044033402	0.00712288450516	-162.933449894
5274.00000000	-0.00680930342097	-0.00209043193506	0.00712295716356	-162.933699993
5274.00000000	-0.00680936495405	-0.00209043748021	0.00712301761447	-162.933802612
5274.00000000	-0.00680942136005	-0.00209044354143	0.00712307331555	-162.933889159
5274.00000000	-0.00680948749846	-0.00209043759081	0.00712313479535	-162.934091042
5274.00000000	-0.00680955351833	-0.00209041879197	0.00712319239139	-162.934391437
5274.00000000	-0.00680959608436	-0.00209039754619	0.00712322684837	-162.934655280
5274.00000000	-0.00680960363269	-0.00209038307029	0.00712322981624	-162.934784408
5274.00000000	-0.00680957857776	-0.00209037847967	0.00712320451728	-162.934760566
5274.00000000	-0.00680952231181	-0.00209038868947	0.00712315372487	-162.934549244
5274.00000000	-0.00680944047615	-0.00209041202521	0.00712308234077	-162.934176628
5274.00000000	-0.00680935532094	-0.00209043270195	0.00712300700324	-162.933816615
5274.00000000	-0.00680928669367	-0.00209043745778	0.00712294279364	-162.933618038
5274.00000000	-0.00680924730136	-0.00209042376030	0.00712290111603	-162.933630373
5274.00000000	-0.00680924235529	-0.00209039450699	0.00712288780257	-162.933843645
5274.00000000	-0.00680926078146	-0.00209035590226	0.00712289408794	-162.934184002
5274.00000000	-0.00680928996641	-0.00209031956738	0.00712291132476	-162.934532301
5274.00000000	-0.00680932773138	-0.00209030131012	0.00712294206915	-162.934761840
5274.00000000	-0.00680938087450	-0.00209030200029	0.00712299307500	-162.934881979
5274.00000000	-0.00680945635963	-0.00209030474704	0.00712306604273	-162.935039040
5274.00000000	-0.00680954297120	-0.00209029659731	0.00712314644952	-162.935306148
5274.00000000	-0.00680960882295	-0.00209028059095	0.00712320470508	-162.935584664
5274.00000000	-0.00680962755975	-0.00209027058330	0.00712321968030	-162.935705842
5274.00000000	-0.00680959812553	-0.00209027468666	0.00712319274601	-162.935604815
5274.00000000	-0.00680954297013	-0.00209029335730	0.00712314549772	-162.935331060
5274.00000000	-0.00680948766180	-0.00209032079722	0.00712310067677	-162.934989509
5274.00000000	-0.00680944542913	-0.00209034681533	0.00712306793879	-162.934689752
5274.00000000	-0.00680941827840	-0.00209036176213	0.00712304636983	-162.934510728
5274.00000000	-0.00680939923651	-0.00209036285290	0.00712302848646	-162.934457391
5274.00000000	-0.00680937915969	-0.00209036087440	0.00712300871301	-162.934425212
5274.00000000	-0.00680935581099	-0.00209037042864	0.00712298919623	-162.934296628
5274.00000000	-0.00680932453059	-0.00209039512022	0.00712296653941	-162.934032918
5274.00000000	-0.00680928353275	-0.00209042458674	0.00712293599454	-162.933709549
5274.00000000	-0.00680925297629	-0.00209044372865	0.00712291240138	-162.933490220
5274.00000000	-0.00680925643053	-0.00209044353699	0.00712291564726	-162.933499848
5274.00000000	-0.00680929480245	-0.00209043296944	0.00712294922812	-162.933671694
5274.00000000	-0.00680935957765	-0.00209042543896	0.00712300894100	-162.933882513
5274.00000000	-0.00680943836089	-0.00209042128182	0.00712308303519	-162.934100456
5274.00000000	-0.00680951795499	-0.00209041692219	0.00712315784522	-162.934321866
5274.00000000	-0.00680958712692	-0.00209041468247	0.00712322331419	-162.934502369
5274.00000000	-0.00680962902731	-0.00209041919033	0.00712326469260	-162.934566612
5274.00000000	-0.00680963641298	-0.00209043240777	0.00712327563193	-162.934482412
5274.00000000	-0.00680961994509	-0.00209044911860	0.00712326479320	-162.934315045
5274.00000000	-0.00680960018384	-0.00209045773628	0.00712324843108	-162.934202135
5274.00000000	-0.00680959872047	-0.00209044711517	0.00712324391518	-162.934280350
5274.00000000	-0.00680962262225	-0.00209041830101	0.00712325830858	-162.934558331
5274.00000000	-0.00680965954138	-0.00209037857510	0.00712328194421	-162.934950942
5274.00000000	-0.00680969219797	-0.00209033659089	0.00712330084261	-162.935350854
5274.00000000	-0.00680970917375	-0.00209029693629	0.00712330543449	-162.935695839
5274.00000000	-0.00680970015141	-0.00209026339176	0.00712328696593	-162.935932479
5274.00000000	-0.00680966560577	-0.00209024775658	0.00712324935309	-162.935971166
5274.00000000	-0.00680962199727	-0.00209025661396	0.00712321026349	-162.935800129
5274.00000000	-0.00680958258943	-0.00209027937010	0.00712317926823	-162.935532131
5274.00000000	-0.00680955530966	-0.00209029891206	0.00712315892404	-162.935317473
5274.00000000	-0.00680954953135	-0.00209030872699	0.00712315628033	-162.935228362
5274.00000000	-0.00680956521303	-0.00209030827615	0.00712317113931	-162.935268844
5274.00000000	-0.00680958341641	-0.00209029461218	0.00712318453157	-162.935416880
5274.00000000	-0.00680958264327	-0.00209026898757	0.00712317627297	-162.935612094
5274.00000000	-0.00680954922430	-0.00209024112926	0.00712313615036	-162.935747429
5274.00000000	-0.00680948390714	-0.00209022595365	0.00712306925552	-162.935709950
5274.00000000	-0.00680940465062	-0.00209023093849	0.00712299495101	-162.935484541
5274.00000000	-0.00680934361189	-0.00209025034629	0.00712294229479	-162.935191222
5274.00000000	-0.00680932165784	-0.00209027226044	0.00712292773814	-162.934970886
5274.00000000	-0.00680932104907	-0.00209028422720	0.00712293066791	-162.934877429
5274.00000000	-0.00680931550818	-0.00209028840138	0.00712292659592	-162.934832251
5274.00000000	-0.00680930584429	-0.00209030099227	0.00712292105245	-162.934712619
5274.00000000	-0.00680930725954	-0.00209032120856	0.00712292833810	-162.934560503
5274.00000000	-0.00680932187300	-0.00209033143704	0.00712294530983	-162.934516345
5274.00000000	-0.00680934768292	-0.00209032752140	0.00712296883425	-162.934607381
5274.00000000	-0.00680938594377	-0.00209031761753	0.00712300250410	-162.934773855
5274.00000000	-0.00680943692013	-0.00209030638444	0.00712304793962	-162.934980562
5274.00000000	-0.00680950202227	-0.00209029282239	0.00712310619566	-162.935238519
5274.00000000	-0.00680957920195	-0.00209027394389	0.00712317443757	-162.935565860
5274.00000000	-0.00680965323344	-0.00209024419087	0.00712323647909	-162.935969382
5274.00000000	-0.00680971494919	-0.00209020085530	0.00712328276181	-162.936448271
5274.00000000	-0.00680976986594	-0.00209014950562	0.00712332019376	-162.936972730
5274.00000000	-0.00680982065505	-0.00209010415891	0.00712335544171	-162.937441283
5274.00000000	-0.00680986054461	-0.00209007577870	0.00712338524844	-162.937753649
5274.00000000	-0.00680988236232	-0.00209006184849	0.00712340201865	-162.937912252
5274.00000000	-0.00680988476729	-0.00209005976553	0.00712340370660	-162.937933944
5274.00000000	-0.00680986854942	-0.00209006645126	0.00712339016417	-162.937844261
5274.00000000	-0.00680983226655	-0.00209007468204	0.00712335789322	-162.937695345
5274.00000000	-0.00680978269299	-0.00209007768535	0.00712331138282	-162.937555256
5274.00000000	-0.00680973504036	-0.00209007057357	0.00712326374090	-162.937497478
5274.00000000	-0.00680969556149	-0.00209004996758	0.00712321995358	-162.937562754
5274.00000000	-0.00680965556772	-0.00209001300867	0.00712317087591	-162.937752562
5274.00000000	-0.00680960120794	-0.00208995913919	0.00712310310291	-162.938038504
5274.00000000	-0.00680953286634	-0.00208990251241	0.00712302115462	-162.938312657
5274.00000000	-0.00680946330598	-0.00208986457031	0.00712294352341	-162.938440257
5274.00000000	-0.00680939874226	-0.00208985666708	0.00712287948235	-162.938348657
5274.00000000	-0.00680934476659	-0.00208987716617	0.00712283389670	-162.938063632
5274.00000000	-0.00680931800413	-0.00208991599555	0.00712281970499	-162.937701873
5274.00000000	-0.00680933872449	-0.00208995933123	0.00712285222864	-162.937417530
