DevNumber	X [V]	Y [V]	R [V]	Theta [°]
4253.00000000	-0.00406926100073	0.000246571568471	0.00407672449773	176.532476526
4253.00000000	-0.00406925334515	0.000246574945513	0.00407671706042	176.532422643
4253.00000000	-0.00406923433980	0.000246584343233	0.00407669865829	176.532274649
4253.00000000	-0.00406921250471	0.000246588929880	0.00407667714062	176.532191742
4253.00000000	-0.00406919393452	0.000246581106187	0.00407665813120	176.532285713
4253.00000000	-0.00406917679218	0.000246565806514	0.00407664009485	176.532485778
4253.00000000	-0.00406915869103	0.000246550648687	0.00407662111008	176.532683040
4253.00000000	-0.00406915108760	0.000246535323642	0.00407661259375	176.532891572
4253.00000000	-0.00406916171981	0.000246521983690	0.00407662239979	176.533087755
4253.00000000	-0.00406918095627	0.000246519135159	0.00407664142878	176.533144066
4253.00000000	-0.00406919273191	0.000246533541928	0.00407665405408	176.532951963
4253.00000000	-0.00406919000324	0.000246554843446	0.00407665261867	176.532650807
4253.00000000	-0.00406917670038	0.000246565345814	0.00407663997535	176.532492163
4253.00000000	-0.00406915862017	0.000246563594343	0.00407662182231	176.532501365
4253.00000000	-0.00406914083310	0.000246557749647	0.00407660371431	176.532568240
4253.00000000	-0.00406912902939	0.000246552561213	0.00407659161841	176.532630995
4253.00000000	-0.00406913175240	0.000246556196485	0.00407659455630	176.532582311
4253.00000000	-0.00406915529103	0.000246574785804	0.00407661917617	176.532341530
4253.00000000	-0.00406919371379	0.000246603685151	0.00407665927665	176.531968768
4253.00000000	-0.00406923670468	0.000246630982951	0.00407670384017	176.531622365
4253.00000000	-0.00406928213833	0.000246644264159	0.00407674999410	176.531474679
4253.00000000	-0.00406933003400	0.000246637485236	0.00407679739191	176.531610501
4253.00000000	-0.00406937408624	0.000246613876035	0.00407683993524	176.531979151
4253.00000000	-0.00406939974575	0.000246589930815	0.00407686409936	176.532336872
4253.00000000	-0.00406940282649	0.000246580157281	0.00407686658332	176.532476596
4253.00000000	-0.00406939448975	0.000246580698736	0.00407685829459	176.532461914
4253.00000000	-0.00406937692426	0.000246581319538	0.00407684079881	176.532438274
4253.00000000	-0.00406935030479	0.000246578453326	0.00407681405471	176.532455854
4253.00000000	-0.00406932782295	0.000246574201346	0.00407679135687	176.532496392
4253.00000000	-0.00406932430709	0.000246570850785	0.00407678764479	176.532540407
4253.00000000	-0.00406934262030	0.000246568044196	0.00407680575473	176.532595345
4253.00000000	-0.00406936966154	0.000246562591242	0.00407683241668	176.532694826
4253.00000000	-0.00406939179265	0.000246554051137	0.00407685399079	176.532833439
4253.00000000	-0.00406940493965	0.000246547631809	0.00407686672552	176.532934664
4253.00000000	-0.00406940931840	0.000246546929560	0.00407687105378	176.532948237
4253.00000000	-0.00406940935777	0.000246550864319	0.00407687133103	176.532893073
4253.00000000	-0.00406940719508	0.000246554203749	0.00407686937426	176.532844389
4253.00000000	-0.00406939384224	0.000246559625242	0.00407685637374	176.532756986
4253.00000000	-0.00406936484501	0.000246571715964	0.00407682816083	176.532562728
4253.00000000	-0.00406932924986	0.000246585902522	0.00407679348889	176.532333457
4253.00000000	-0.00406929606747	0.000246594672870	0.00407676089775	176.532182214
4253.00000000	-0.00406926350243	0.000246596958008	0.00407672853057	176.532122473
4253.00000000	-0.00406922676831	0.000246597581868	0.00407669190145	176.532082492
4253.00000000	-0.00406918815616	0.000246596724392	0.00407665330813	176.532061694
4253.00000000	-0.00406915762977	0.000246590523426	0.00407662246255	176.532122735
4253.00000000	-0.00406914039787	0.000246579150347	0.00407660457427	176.532267639
4253.00000000	-0.00406913159417	0.000246565112228	0.00407659493760	176.532457096
4253.00000000	-0.00406912140910	0.000246549987355	0.00407658385640	176.532660627
4253.00000000	-0.00406910521646	0.000246534001803	0.00407656672663	176.532871127
4253.00000000	-0.00406908766203	0.000246520465647	0.00407654838574	176.533046108
4253.00000000	-0.00406907559668	0.000246515424942	0.00407653603765	176.533106570
4253.00000000	-0.00406906995750	0.000246517398414	0.00407653052813	176.533074091
4253.00000000	-0.00406906930329	0.000246516036950	0.00407652979279	176.533092635
4253.00000000	-0.00406907298276	0.000246504961690	0.00407653279579	176.533251141
4253.00000000	-0.00406908423412	0.000246493104614	0.00407654330959	176.533427050
4253.00000000	-0.00406910522532	0.000246496187265	0.00407656444878	176.533401642
4253.00000000	-0.00406912934132	0.000246515657715	0.00407658969800	176.533148984
4253.00000000	-0.00406914907615	0.000246534493685	0.00407661053579	176.532901506
4253.00000000	-0.00406916235138	0.000246536707287	0.00407662392059	176.532881735
4253.00000000	-0.00406916121326	0.000246523530180	0.00407662198768	176.533065629
4253.00000000	-0.00406913928709	0.000246505981907	0.00407659904048	176.533293179
4253.00000000	-0.00406911160619	0.000246493276988	0.00407657064200	176.533447893
4253.00000000	-0.00406909202248	0.000246490973623	0.00407655095485	176.533463565
4253.00000000	-0.00406907382978	0.000246499566206	0.00407653331500	176.533327556
4253.00000000	-0.00406904303677	0.000246512647043	0.00407650336934	176.533117869
4253.00000000	-0.00406900234709	0.000246527100643	0.00407646362819	176.532880507
4253.00000000	-0.00406897340293	0.000246543523215	0.00407643573022	176.532625502
4253.00000000	-0.00406897089017	0.000246558556871	0.00407643413132	176.532412449
4253.00000000	-0.00406898888792	0.000246568514418	0.00407645269840	176.532288049
4253.00000000	-0.00406901028210	0.000246573945949	0.00407647438195	176.532230036
4253.00000000	-0.00406902184483	0.000246580278019	0.00407648630651	176.532151030
4253.00000000	-0.00406901209183	0.000246593570260	0.00407647737543	176.531956255
4253.00000000	-0.00406897167932	0.000246614490845	0.00407643830252	176.531628388
4253.00000000	-0.00406891343696	0.000246632018077	0.00407638122725	176.531332959
4253.00000000	-0.00406886279559	0.000246637901142	0.00407633103460	176.531207354
4253.00000000	-0.00406883591741	0.000246637068759	0.00407630415530	176.531196174
4253.00000000	-0.00406883174358	0.000246635459116	0.00407629989172	176.531215208
4253.00000000	-0.00406884245944	0.000246634281701	0.00407631051671	176.531240840
4253.00000000	-0.00406886010678	0.000246632027752	0.00407632799534	176.531287471
4253.00000000	-0.00406887529523	0.000246629873669	0.00407634302564	176.531330609
4253.00000000	-0.00406888305573	0.000246628577621	0.00407635069351	176.531355392
4253.00000000	-0.00406888094873	0.000246628469595	0.00407634858384	176.531355116
4253.00000000	-0.00406887289912	0.000246631570873	0.00407634073661	176.531304760
4253.00000000	-0.00406887034764	0.000246638172134	0.00407633858921	176.531209974
4253.00000000	-0.00406888226506	0.000246640439409	0.00407635062197	176.531188300
4253.00000000	-0.00406891497687	0.000246627040138	0.00407638246316	176.531404108
4253.00000000	-0.00406896782094	0.000246598724789	0.00407643349742	176.531846299
4253.00000000	-0.00406902235375	0.000246573168142	0.00407648638445	176.532251211
4253.00000000	-0.00406905107529	0.000246563261945	0.00407651445422	176.532414606
4253.00000000	-0.00406904876792	0.000246562164479	0.00407651208469	176.532428041
4253.00000000	-0.00406903269062	0.000246557533391	0.00407649575673	176.532479345
4253.00000000	-0.00406902144091	0.000246543914775	0.00407648370394	176.532660844
4253.00000000	-0.00406902672165	0.000246519324552	0.00407648748788	176.533010320
4253.00000000	-0.00406905423795	0.000246487873722	0.00407651305202	176.533474943
4253.00000000	-0.00406909929209	0.000246461042638	0.00407655640148	176.533889651
4253.00000000	-0.00406914090889	0.000246446675179	0.00407659707355	176.534126577
4253.00000000	-0.00406915591050	0.000246440829580	0.00407661169434	176.534221331
4253.00000000	-0.00406914336552	0.000246433760268	0.00407659874496	176.534309849
4253.00000000	-0.00406912134963	0.000246424876921	0.00407657623233	176.534415769
4253.00000000	-0.00406909863304	0.000246422114009	0.00407655339027	176.534435231
5260.00000000	-0.000866931480729	0.00119543203137	0.00147669493596	125.949753309
5260.00000000	-0.000866913574777	0.00119541536123	0.00147667092881	125.949570604
5260.00000000	-0.000866884480095	0.00119540314250	0.00147664395673	125.948935043
5260.00000000	-0.000866855959939	0.00119539398096	0.00147661979704	125.948247868
5260.00000000	-0.000866836311435	0.00119538229914	0.00147659880533	125.947896762
5260.00000000	-0.000866825932569	0.00119536972271	0.00147658253117	125.947857212
5260.00000000	-0.000866822938049	0.00119535895451	0.00147657205583	125.948008438
5260.00000000	-0.000866830286287	0.00119534761257	0.00147656718781	125.948497634
5260.00000000	-0.000866850043025	0.00119533517467	0.00147656871730	125.949401586
5260.00000000	-0.000866875202037	0.00119532756350	0.00147657732610	125.950365277
5260.00000000	-0.000866893711347	0.00119533005492	0.00147659020956	125.950889933
5260.00000000	-0.000866900685935	0.00119534075210	0.00147660296387	125.950865326
5260.00000000	-0.000866902917082	0.00119535295450	0.00147661415186	125.950657434
5260.00000000	-0.000866904444783	0.00119536394444	0.00147662394537	125.950455068
5260.00000000	-0.000866901612293	0.00119537241231	0.00147662913743	125.950173199
5260.00000000	-0.000866894945860	0.00119537465841	0.00147662704199	125.949912633
5260.00000000	-0.000866887236466	0.00119537288447	0.00147662107993	125.949710880
5260.00000000	-0.000866880491323	0.00119537257004	0.00147661686549	125.949506168
5260.00000000	-0.000866877785833	0.00119537682299	0.00147661872009	125.949324304
5260.00000000	-0.000866883104958	0.00119538176059	0.00147662583995	125.949378910
5260.00000000	-0.000866898700797	0.00119537856867	0.00147663241191	125.949941506
5260.00000000	-0.000866920311354	0.00119536460157	0.00147663379242	125.950938482
5260.00000000	-0.000866943451943	0.00119534725251	0.00147663333396	125.952060558
5260.00000000	-0.000866962943023	0.00119533735503	0.00147663676539	125.952898247
5260.00000000	-0.000866977503111	0.00119533945285	0.00147664701213	125.953307784
5260.00000000	-0.000866989686512	0.00119535044770	0.00147666306561	125.953439980
5260.00000000	-0.000866995658420	0.00119536634745	0.00147667944264	125.953265341
5260.00000000	-0.000866989646637	0.00119538137099	0.00147668807454	125.952734275
5260.00000000	-0.000866976987037	0.00119539174602	0.00147668904055	125.952100306
5260.00000000	-0.000866968378693	0.00119539716124	0.00147668837023	125.951706568
5260.00000000	-0.000866970000396	0.00119539975353	0.00147669142082	125.951698452
5260.00000000	-0.000866981409289	0.00119539867689	0.00147669724750	125.952081320
5260.00000000	-0.000866992077295	0.00119539419349	0.00147669988147	125.952518520
5260.00000000	-0.000866995319765	0.00119539258349	0.00147670048187	125.952657038
5260.00000000	-0.000866994780153	0.00119539395597	0.00147670127608	125.952608824
5260.00000000	-0.000866998076310	0.00119538887461	0.00147669909795	125.952828105
5260.00000000	-0.000867005669060	0.00119537224572	0.00147669009478	125.953445395
5260.00000000	-0.000867010844013	0.00119535001114	0.00147667513447	125.954114457
5260.00000000	-0.000867013438966	0.00119533397389	0.00147666367616	125.954561313
5260.00000000	-0.000867013621368	0.00119532830428	0.00147665919380	125.954696205
5260.00000000	-0.000867012685517	0.00119533022165	0.00147666019640	125.954623131
5260.00000000	-0.000867013401820	0.00119533493252	0.00147666443035	125.954538307
5260.00000000	-0.000867016482085	0.00119533827114	0.00147666894146	125.954558995
5260.00000000	-0.000867017775484	0.00119533577087	0.00147666767694	125.954656578
5260.00000000	-0.000867014776974	0.00119532400461	0.00147665639181	125.954830456
5260.00000000	-0.000867007961019	0.00119530867807	0.00147663998332	125.954965545
5260.00000000	-0.000867001722149	0.00119529680210	0.00147662670683	125.955040151
5260.00000000	-0.000867003138738	0.00119529342155	0.00147662480210	125.955161662
5260.00000000	-0.000867010888842	0.00119529896899	0.00147663384311	125.955278701
5260.00000000	-0.000867015684340	0.00119530976930	0.00147664540140	125.955183265
5260.00000000	-0.000867011372700	0.00119532288987	0.00147665349065	125.954748928
5260.00000000	-0.000867000559923	0.00119533420497	0.00147665630141	125.954151534
5260.00000000	-0.000866990070993	0.00119533529276	0.00147665102354	125.953797305
5260.00000000	-0.000866987516155	0.00119532410471	0.00147664046690	125.953971940
5260.00000000	-0.000866996597124	0.00119531242654	0.00147663634537	125.954523218
5260.00000000	-0.000867008322163	0.00119530623752	0.00147663821979	125.955032490
5260.00000000	-0.000867012525266	0.00119530596096	0.00147664046378	125.955170805
5260.00000000	-0.000867010889351	0.00119531317603	0.00147664534369	125.954955048
5260.00000000	-0.000867006206210	0.00119532607015	0.00147665303155	125.954514202
5260.00000000	-0.000866996239170	0.00119533830440	0.00147665708297	125.953922432
5260.00000000	-0.000866982463239	0.00119535177559	0.00147665989956	125.953182853
5260.00000000	-0.000866967052995	0.00119537651369	0.00147667087750	125.952135279
5260.00000000	-0.000866951015301	0.00119540848654	0.00147668734423	125.950903210
5260.00000000	-0.000866935676488	0.00119543562191	0.00147670030585	125.949803310
5260.00000000	-0.000866919286275	0.00119545313705	0.00147670486279	125.948889532
5260.00000000	-0.000866902116517	0.00119546179105	0.00147670178895	125.948153108
5260.00000000	-0.000866890106292	0.00119545923243	0.00147669266700	125.947834140
5260.00000000	-0.000866887515168	0.00119544622052	0.00147668061209	125.948049132
5260.00000000	-0.000866885649707	0.00119543252016	0.00147666842586	125.948302603
5260.00000000	-0.000866874043323	0.00119542804367	0.00147665798836	125.948039999
5260.00000000	-0.000866854416843	0.00119543447466	0.00147665167294	125.947277016
5260.00000000	-0.000866835535995	0.00119544695891	0.00147665069601	125.946399570
5260.00000000	-0.000866825058020	0.00119546321956	0.00147665770934	125.945700063
5260.00000000	-0.000866826839565	0.00119548237826	0.00147667426555	125.945319654
5260.00000000	-0.000866833607360	0.00119550026635	0.00147669272013	125.945124820
5260.00000000	-0.000866836349003	0.00119551524762	0.00147670645805	125.944869728
5260.00000000	-0.000866835835025	0.00119552836261	0.00147671677403	125.944554883
5260.00000000	-0.000866838589573	0.00119553443255	0.00147672330508	125.944503163
5260.00000000	-0.000866843981334	0.00119552565988	0.00147671936786	125.944872326
5260.00000000	-0.000866843375567	0.00119550460787	0.00147670196898	125.945332773
5260.00000000	-0.000866833680607	0.00119548128961	0.00147667739999	125.945559341
5260.00000000	-0.000866822517764	0.00119545928505	0.00147665303288	125.945709884
5260.00000000	-0.000866815954071	0.00119543797353	0.00147663192665	125.945989119
5260.00000000	-0.000866813961633	0.00119542200867	0.00147661783238	125.946290172
5260.00000000	-0.000866815817904	0.00119541514242	0.00147661336338	125.946504882
5260.00000000	-0.000866821536886	0.00119541657605	0.00147661788121	125.946651876
5260.00000000	-0.000866827297442	0.00119542605405	0.00147662893588	125.946616941
5260.00000000	-0.000866825708388	0.00119544088700	0.00147664001132	125.946229165
5260.00000000	-0.000866810015940	0.00119545567297	0.00147664276985	125.945399442
5260.00000000	-0.000866785572500	0.00119547127092	0.00147664104924	125.944276333
5260.00000000	-0.000866767906037	0.00119548977370	0.00147664565890	125.943299950
5260.00000000	-0.000866768127151	0.00119550779909	0.00147666038206	125.942896358
5260.00000000	-0.000866788668474	0.00119551673263	0.00147667967203	125.943338159
5260.00000000	-0.000866822072608	0.00119550901874	0.00147669303494	125.944563149
5260.00000000	-0.000866857572510	0.00119548907002	0.00147669772383	125.946132612
5260.00000000	-0.000866889172739	0.00119546458007	0.00147669644816	125.947683011
5260.00000000	-0.000866916135562	0.00119543729176	0.00147669018573	125.949151493
5260.00000000	-0.000866937260664	0.00119540743699	0.00147667841941	125.950495088
5260.00000000	-0.000866950981662	0.00119537878389	0.00147666327969	125.951578769
5260.00000000	-0.000866953346866	0.00119535959002	0.00147664913067	125.952090301
5270.00000000	-0.0203609807255	0.0217978353464	0.0298280935008	133.048003728
5270.00000000	-0.0203610163663	0.0217978641736	0.0298281388960	133.048015960
5270.00000000	-0.0203610530402	0.0217978919657	0.0298281842400	133.048030999
5270.00000000	-0.0203610888672	0.0217979026678	0.0298282165168	133.048067258
5270.00000000	-0.0203610949661	0.0217978543245	0.0298281853517	133.048139207
5270.00000000	-0.0203610287784	0.0217977386714	0.0298280556541	133.048197942
5270.00000000	-0.0203608932196	0.0217976112656	0.0298278700143	133.048174710
5270.00000000	-0.0203607584162	0.0217975519020	0.0298277346140	133.048063319
5270.00000000	-0.0203606875534	0.0217975915466	0.0298277152138	133.047911862
5270.00000000	-0.0203606728069	0.0217976795561	0.0298277694637	133.047775762
5270.00000000	-0.0203606595151	0.0217977408796	0.0298278052049	133.047676696
5270.00000000	-0.0203606432013	0.0217977397955	0.0298277932768	133.047655217
5270.00000000	-0.0203606532089	0.0217976730047	0.0298277512983	133.047756842
5270.00000000	-0.0203606982434	0.0217975766096	0.0298277115952	133.047946454
5270.00000000	-0.0203607595066	0.0217974889859	0.0298276893804	133.048147347
5270.00000000	-0.0203608027984	0.0217974338924	0.0298276786708	133.048280358
5270.00000000	-0.0203608190253	0.0217974497598	0.0298277013431	133.048282330
5270.00000000	-0.0203608388074	0.0217975716447	0.0298278039176	133.048150281
5270.00000000	-0.0203609076969	0.0217978094546	0.0298280247294	133.047935165
5270.00000000	-0.0203610308942	0.0217981111595	0.0298283293062	133.047712507
5270.00000000	-0.0203611551007	0.0217983699708	0.0298286032261	133.047547510
5270.00000000	-0.0203612260922	0.0217984977999	0.0298287451012	133.047479557
5270.00000000	-0.0203612318141	0.0217984715797	0.0298287298455	133.047521968
5270.00000000	-0.0203611853204	0.0217983578541	0.0298286149995	133.047605818
5270.00000000	-0.0203611149805	0.0217982589114	0.0298284946791	133.047636811
5270.00000000	-0.0203610382663	0.0217982110716	0.0298284073528	133.047591852
5270.00000000	-0.0203609350957	0.0217981722427	0.0298283085524	133.047497940
5270.00000000	-0.0203608137353	0.0217980997215	0.0298281727136	133.047422670
5270.00000000	-0.0203607411524	0.0217980250527	0.0298280686011	133.047418687
5270.00000000	-0.0203607741888	0.0217980184780	0.0298280863472	133.047473682
5270.00000000	-0.0203609158384	0.0217981139854	0.0298282528335	133.047547293
5270.00000000	-0.0203611218041	0.0217982710627	0.0298285082168	133.047630457
5270.00000000	-0.0203613271651	0.0217984149652	0.0298287535596	133.047730045
5270.00000000	-0.0203614770109	0.0217985117292	0.0298289265592	133.047813510
5270.00000000	-0.0203615376339	0.0217985611823	0.0298290040805	133.047833766
5270.00000000	-0.0203615230571	0.0217985763240	0.0298290051956	133.047793451
5270.00000000	-0.0203614807840	0.0217985555528	0.0298289611604	133.047761347
5270.00000000	-0.0203614419640	0.0217985134024	0.0298289038587	133.047762121
5270.00000000	-0.0203614130692	0.0217984779367	0.0298288582170	133.047768063
5270.00000000	-0.0203613980587	0.0217984606253	0.0298288353198	133.047769690
5270.00000000	-0.0203613969791	0.0217984399077	0.0298288194428	133.047795339
5270.00000000	-0.0203613774049	0.0217983648002	0.0298287511939	133.047866342
5270.00000000	-0.0203613188102	0.0217982240203	0.0298286083170	133.047968679
5270.00000000	-0.0203612618563	0.0217980558657	0.0298284465553	133.048109214
5270.00000000	-0.0203612690963	0.0217979126614	0.0298283468467	133.048307146
5270.00000000	-0.0203613435273	0.0217978237796	0.0298283327017	133.048528168
5270.00000000	-0.0203614264230	0.0217977753493	0.0298283538962	133.048708031
5270.00000000	-0.0203614779118	0.0217977484044	0.0298283693530	133.048815637
5270.00000000	-0.0203615022782	0.0217977322446	0.0298283741769	133.048871029
5270.00000000	-0.0203615167391	0.0217977206743	0.0298283755930	133.048906499
5270.00000000	-0.0203615202960	0.0217977056542	0.0298283670446	133.048931186
5270.00000000	-0.0203615107716	0.0217976816826	0.0298283430254	133.048949249
5270.00000000	-0.0203614961965	0.0217976509440	0.0298283106132	133.048969095
5270.00000000	-0.0203614816938	0.0217976180126	0.0298282766480	133.048991918
5270.00000000	-0.0203614801854	0.0217976074558	0.0298282679038	133.049003642
5270.00000000	-0.0203614916955	0.0217976268909	0.0298282899634	133.048994315
5270.00000000	-0.0203614952939	0.0217976522055	0.0298283109189	133.048966174
5270.00000000	-0.0203614736572	0.0217976475879	0.0298282927748	133.048941857
5270.00000000	-0.0203614368490	0.0217976031556	0.0298282351788	133.048948449
5270.00000000	-0.0203613881991	0.0217975341179	0.0298281515186	133.048970683
5270.00000000	-0.0203613336236	0.0217974508565	0.0298280534191	133.049003249
5270.00000000	-0.0203613139442	0.0217973802761	0.0298279884074	133.049068172
5270.00000000	-0.0203613469540	0.0217973389865	0.0298279807676	133.049168649
5270.00000000	-0.0203614079971	0.0217973138828	0.0298280040923	133.049287253
5270.00000000	-0.0203614568777	0.0217973015286	0.0298280284315	133.049372066
5270.00000000	-0.0203614568293	0.0217973201308	0.0298280419923	133.049347606
5270.00000000	-0.0203614098733	0.0217973791306	0.0298280530540	133.049204331
5270.00000000	-0.0203613714227	0.0217974659878	0.0298280902791	133.049036468
5270.00000000	-0.0203613772716	0.0217975770043	0.0298281753993	133.048899110
5270.00000000	-0.0203613995888	0.0217977047404	0.0298282839795	133.048762947
5270.00000000	-0.0203613936103	0.0217978196366	0.0298283638616	133.048603902
5270.00000000	-0.0203613385843	0.0217978780409	0.0298283689804	133.048450081
5270.00000000	-0.0203612399704	0.0217978494113	0.0298282807431	133.048349195
5270.00000000	-0.0203611193981	0.0217977621848	0.0298281346955	133.048294317
5270.00000000	-0.0203610285089	0.0217976945857	0.0298280232532	133.048255370
5270.00000000	-0.0203609862872	0.0217976833252	0.0298279862031	133.048210867
5270.00000000	-0.0203609389862	0.0217976853970	0.0298279554288	133.048141752
5270.00000000	-0.0203608289203	0.0217976481195	0.0298278530548	133.048036127
5270.00000000	-0.0203606705588	0.0217975643648	0.0298276837492	133.047923647
5270.00000000	-0.0203605211071	0.0217974573053	0.0298275034947	133.047854232
5270.00000000	-0.0203604252798	0.0217973523941	0.0298273614148	133.047857275
5270.00000000	-0.0203603818067	0.0217972625069	0.0298272660515	133.047914112
5270.00000000	-0.0203603699963	0.0217972052227	0.0298272161273	133.047972646
5270.00000000	-0.0203603824180	0.0217972132760	0.0298272304918	133.047979524
5270.00000000	-0.0203604246442	0.0217972968906	0.0298273204198	133.047929161
5270.00000000	-0.0203605078765	0.0217974396794	0.0298274815827	133.047858771
5270.00000000	-0.0203606335307	0.0217976008444	0.0298276851322	133.047823836
5270.00000000	-0.0203607525212	0.0217977160186	0.0298278505236	133.047839852
5270.00000000	-0.0203607960114	0.0217977342967	0.0298278935678	133.047876934
5270.00000000	-0.0203607609446	0.0217976820164	0.0298278314252	133.047896260
5270.00000000	-0.0203606871161	0.0217976336356	0.0298277456733	133.047856061
5270.00000000	-0.0203606116110	0.0217976460454	0.0298277032018	133.047733798
5270.00000000	-0.0203605921209	0.0217977357262	0.0298277554352	133.047588848
5270.00000000	-0.0203606510890	0.0217978573011	0.0298278845326	133.047512215
5270.00000000	-0.0203607560831	0.0217979463257	0.0298280212601	133.047542872
5270.00000000	-0.0203608619863	0.0217979766853	0.0298281157366	133.047651726
5270.00000000	-0.0203609384321	0.0217979613114	0.0298281566841	133.047779194
5270.00000000	-0.0203609810030	0.0217979202687	0.0298281557500	133.047892767
5270.00000000	-0.0203610156203	0.0217978956289	0.0298281613737	133.047973668
5270.00000000	-0.0203610557447	0.0217979163730	0.0298282039225	133.048002793
5274.00000000	-0.0197175665506	0.0185312091576	0.0270589752859	136.776566311
5274.00000000	-0.0197175714728	0.0185312353689	0.0270589968233	136.776533006
5274.00000000	-0.0197175799432	0.0185312943917	0.0270590434171	136.776454220
5274.00000000	-0.0197176167704	0.0185313669814	0.0270591199655	136.776395622
5274.00000000	-0.0197176468976	0.0185313910601	0.0270591584089	136.776402158
5274.00000000	-0.0197176079054	0.0185313325230	0.0270590899069	136.776435934
5274.00000000	-0.0197174953236	0.0185312283576	0.0270589365326	136.776433399
5274.00000000	-0.0197173741936	0.0185311564528	0.0270587990230	136.776368691
5274.00000000	-0.0197172992305	0.0185311556619	0.0270587438568	136.776261204
5274.00000000	-0.0197172754210	0.0185312071407	0.0270587617625	136.776147248
5274.00000000	-0.0197172601475	0.0185312669348	0.0270587915831	136.776032839
5274.00000000	-0.0197172241917	0.0185312859001	0.0270587783711	136.775951435
5274.00000000	-0.0197171893465	0.0185312296739	0.0270587144734	136.775987659
5274.00000000	-0.0197171812344	0.0185311229487	0.0270586354713	136.776140568
5274.00000000	-0.0197171994142	0.0185310174174	0.0270585764457	136.776329763
5274.00000000	-0.0197172307328	0.0185309491598	0.0270585525211	136.776480499
5274.00000000	-0.0197172719157	0.0185309660928	0.0270585941270	136.776514093
5274.00000000	-0.0197173306229	0.0185310981246	0.0270587273277	136.776395505
5274.00000000	-0.0197174106509	0.0185313124593	0.0270589324298	136.776180848
5274.00000000	-0.0197175107657	0.0185315458343	0.0270591652089	136.775965944
5274.00000000	-0.0197176303587	0.0185317448508	0.0270593886512	136.775832302
5274.00000000	-0.0197177433303	0.0185318580647	0.0270595485064	136.775821444
5274.00000000	-0.0197178004993	0.0185318536376	0.0270595871324	136.775911176
5274.00000000	-0.0197177719358	0.0185317681419	0.0270595077667	136.776001668
5274.00000000	-0.0197176916405	0.0185316769740	0.0270593868205	136.776025895
5274.00000000	-0.0197176246684	0.0185316122138	0.0270592936679	136.776028698
5274.00000000	-0.0197175796168	0.0185315621062	0.0270592265233	136.776040680
5274.00000000	-0.0197175331112	0.0185315133068	0.0270591592152	136.776048535
5274.00000000	-0.0197175107428	0.0185314842790	0.0270591230360	136.776060886
5274.00000000	-0.0197175717106	0.0185315180285	0.0270591905755	136.776097224
5274.00000000	-0.0197177280001	0.0185316264188	0.0270593786922	136.776156623
5274.00000000	-0.0197179199910	0.0185317489138	0.0270596024837	136.776246030
5274.00000000	-0.0197180690356	0.0185318082388	0.0270597517190	136.776370625
5274.00000000	-0.0197181500919	0.0185318179333	0.0270598174228	136.776473205
5274.00000000	-0.0197181738555	0.0185318341489	0.0270598458443	136.776482645
5274.00000000	-0.0197181519838	0.0185318674527	0.0270598527147	136.776399545
5274.00000000	-0.0197181120718	0.0185318785207	0.0270598312113	136.776324593
5274.00000000	-0.0197180638958	0.0185318496748	0.0270597763510	136.776299240
5274.00000000	-0.0197180049223	0.0185317997445	0.0270596991832	136.776290761
5274.00000000	-0.0197179493565	0.0185317404756	0.0270596181030	136.776301632
5274.00000000	-0.0197178994162	0.0185316553715	0.0270595234288	136.776360522
5274.00000000	-0.0197178109666	0.0185315158308	0.0270593634128	136.776447562
5274.00000000	-0.0197176551898	0.0185313288032	0.0270591218149	136.776510241
5274.00000000	-0.0197174688010	0.0185311298494	0.0270588497430	136.776546932
5274.00000000	-0.0197173226655	0.0185309599210	0.0270586268811	136.776597210
5274.00000000	-0.0197172569562	0.0185308421384	0.0270584983366	136.776683659
5274.00000000	-0.0197172660312	0.0185307682352	0.0270584543375	136.776810851
5274.00000000	-0.0197173280333	0.0185307263757	0.0270584708508	136.776965351
5274.00000000	-0.0197174152522	0.0185307057708	0.0270585202957	136.777123623
5274.00000000	-0.0197175038716	0.0185307039774	0.0270585836441	136.777254900
5274.00000000	-0.0197175690465	0.0185307176743	0.0270586405170	136.777328277
5274.00000000	-0.0197176041469	0.0185307352544	0.0270586781340	136.777352050
5274.00000000	-0.0197176173021	0.0185307322177	0.0270586856406	136.777375812
5274.00000000	-0.0197176198696	0.0185307037157	0.0270586679924	136.777423514
5274.00000000	-0.0197176264303	0.0185306869229	0.0270586612729	136.777458939
5274.00000000	-0.0197176442026	0.0185307123113	0.0270586916104	136.777445537
5274.00000000	-0.0197176592930	0.0185307641149	0.0270587380836	136.777387487
5274.00000000	-0.0197176540423	0.0185307943246	0.0270587549461	136.777333260
5274.00000000	-0.0197176332214	0.0185307746214	0.0270587262805	136.777333469
5274.00000000	-0.0197175954089	0.0185307195879	0.0270586610377	136.777363553
5274.00000000	-0.0197175524615	0.0185306723042	0.0270585973605	136.777374232
5274.00000000	-0.0197175483685	0.0185306730199	0.0270585948681	136.777367193
5274.00000000	-0.0197175978231	0.0185307169590	0.0270586609966	136.777371110
5274.00000000	-0.0197176664797	0.0185307659204	0.0270587445570	136.777395123
5274.00000000	-0.0197177019551	0.0185307997238	0.0270587935576	136.777394407
5274.00000000	-0.0197176832918	0.0185308442873	0.0270588104764	136.777298583
5274.00000000	-0.0197176430751	0.0185309255370	0.0270588368134	136.777114898
5274.00000000	-0.0197176331031	0.0185310277551	0.0270588995499	136.776942717
5274.00000000	-0.0197176655339	0.0185311354943	0.0270589969661	136.776823508
5274.00000000	-0.0197176943143	0.0185312340898	0.0270590854606	136.776713114
5274.00000000	-0.0197176722996	0.0185313063134	0.0270591188806	136.776569753
5274.00000000	-0.0197176022159	0.0185313397235	0.0270590906923	136.776416574
5274.00000000	-0.0197175095593	0.0185313163931	0.0270590071969	136.776318208
5274.00000000	-0.0197174077173	0.0185312431613	0.0270588828334	136.776283517
5274.00000000	-0.0197173161949	0.0185311638769	0.0270587618446	136.776273130
5274.00000000	-0.0197172520637	0.0185311152935	0.0270586818408	136.776255093
5274.00000000	-0.0197171982444	0.0185310955193	0.0270586290812	136.776207558
5274.00000000	-0.0197171261719	0.0185310897053	0.0270585725814	136.776112012
5274.00000000	-0.0197170291824	0.0185310866324	0.0270584998024	136.775976104
5274.00000000	-0.0197169240445	0.0185310842050	0.0270584215281	136.775827382
5274.00000000	-0.0197168341555	0.0185310749722	0.0270583497047	136.775711273
5274.00000000	-0.0197167666797	0.0185310531614	0.0270582855993	136.775647075
5274.00000000	-0.0197167268515	0.0185310484132	0.0270582533255	136.775596643
5274.00000000	-0.0197167266631	0.0185311033854	0.0270582908364	136.775511549
5274.00000000	-0.0197167644643	0.0185311987228	0.0270583836739	136.775419266
5274.00000000	-0.0197168367549	0.0185313018364	0.0270585069687	136.775365001
5274.00000000	-0.0197169393813	0.0185314132494	0.0270586580522	136.775341922
5274.00000000	-0.0197170314530	0.0185315127114	0.0270587932601	136.775321978
5274.00000000	-0.0197170622914	0.0185315519314	0.0270588425915	136.775306185
5274.00000000	-0.0197170348493	0.0185315199934	0.0270588007221	136.775315667
5274.00000000	-0.0197169649895	0.0185314484696	0.0270587008331	136.775324716
5274.00000000	-0.0197168741248	0.0185313799319	0.0270585876837	136.775298696
5274.00000000	-0.0197168251644	0.0185313465109	0.0270585291188	136.775279262
5274.00000000	-0.0197168494862	0.0185313326534	0.0270585373510	136.775335914
5274.00000000	-0.0197169281558	0.0185313016574	0.0270585734476	136.775497824
5274.00000000	-0.0197170072431	0.0185312302232	0.0270585821545	136.775722733
5274.00000000	-0.0197170303940	0.0185311163478	0.0270585210360	136.775932011
5274.00000000	-0.0197170013117	0.0185309846340	0.0270584096397	136.776093067
5274.00000000	-0.0197169728693	0.0185308900806	0.0270583241592	136.776197715
5274.00000000	-0.0197169645767	0.0185308750591	0.0270583078291	136.776208867
