DevNumber	X [V]	Y [V]	R [V]	Theta [°]
4253.00000000	-0.000250035308823	0.00122187483682	0.00124719516216	101.564918047
4253.00000000	-0.000250005793948	0.00122189756182	0.00124721150917	101.563380395
4253.00000000	-0.000249976893683	0.00122190655272	0.00124721452483	101.561996899
4253.00000000	-0.000249956179353	0.00122189327751	0.00124719736738	101.561186833
4253.00000000	-0.000249945730960	0.00122186565888	0.00124716821511	101.560970855
4253.00000000	-0.000249937303535	0.00122183635252	0.00124713781437	101.560861369
4253.00000000	-0.000249926468966	0.00122181155598	0.00124711134956	101.560602007
4253.00000000	-0.000249923091457	0.00122179573731	0.00124709517493	101.560595628
4253.00000000	-0.000249935064240	0.00122179303400	0.00124709492593	101.561159429
4253.00000000	-0.000249954689722	0.00122180127266	0.00124710693078	101.561966930
4253.00000000	-0.000249970344765	0.00122181004460	0.00124711866250	101.562590794
4253.00000000	-0.000249977632178	0.00122181385070	0.00124712385205	101.562883752
4253.00000000	-0.000249978177960	0.00122181774793	0.00124712777959	101.562872429
4253.00000000	-0.000249973987554	0.00122183101148	0.00124713993404	101.562561681
4253.00000000	-0.000249965817416	0.00122185396301	0.00124716078226	101.561982609
4253.00000000	-0.000249956176594	0.00122187716859	0.00124718158475	101.561335025
4253.00000000	-0.000249948623473	0.00122188975566	0.00124719240271	101.560879186
4253.00000000	-0.000249940724012	0.00122188570206	0.00124718684824	101.560560967
4253.00000000	-0.000249932131536	0.00122186833223	0.00124716810883	101.560334150
4253.00000000	-0.000249929310633	0.00122184507852	0.00124714476153	101.560421271
4253.00000000	-0.000249937078599	0.00122182485141	0.00124712650152	101.560957138
4253.00000000	-0.000249948509950	0.00122181085572	0.00124711508081	101.561600533
4253.00000000	-0.000249955336897	0.00122180344659	0.00124710919030	101.561976042
4253.00000000	-0.000249959712375	0.00122180324976	0.00124710987445	101.562174797
4253.00000000	-0.000249964273738	0.00122180927519	0.00124711669185	101.562324621
4253.00000000	-0.000249967353053	0.00122182159810	0.00124712938189	101.562349747
4253.00000000	-0.000249969315989	0.00122183532250	0.00124714322123	101.562311719
4253.00000000	-0.000249970874280	0.00122184323089	0.00124715128147	101.562309035
4253.00000000	-0.000249969174730	0.00122184445423	0.00124715213933	101.562221275
4253.00000000	-0.000249963128746	0.00122184006307	0.00124714662549	101.561989584
4253.00000000	-0.000249954752931	0.00122183350437	0.00124713852114	101.561672985
4253.00000000	-0.000249943546674	0.00122183037612	0.00124713321042	101.561197398
4253.00000000	-0.000249927094630	0.00122183183996	0.00124713134744	101.560443414
4253.00000000	-0.000249906151102	0.00122183689291	0.00124713210096	101.559454223
4253.00000000	-0.000249888126132	0.00122184527725	0.00124713670346	101.558565732
4253.00000000	-0.000249883080720	0.00122185510515	0.00124714532113	101.558248170
4253.00000000	-0.000249895080110	0.00122186354647	0.00124715599556	101.558710555
4253.00000000	-0.000249915900505	0.00122186922818	0.00124716573401	101.559595361
4253.00000000	-0.000249933744997	0.00122187140289	0.00124717144054	101.560378499
4253.00000000	-0.000249945200897	0.00122186697314	0.00124716939648	101.560934897
4253.00000000	-0.000249949158952	0.00122185369872	0.00124715718462	101.561235264
4253.00000000	-0.000249943014187	0.00122183794205	0.00124714051613	101.561103769
4253.00000000	-0.000249930055516	0.00122182744954	0.00124712763946	101.560617106
4253.00000000	-0.000249916759363	0.00122182563260	0.00124712319484	101.560035371
4253.00000000	-0.000249906166877	0.00122183335555	0.00124712863851	101.559487499
4253.00000000	-0.000249898012436	0.00122185000202	0.00124714331336	101.558967221
4253.00000000	-0.000249895338496	0.00122187107561	0.00124716342378	101.558652877
4253.00000000	-0.000249905447077	0.00122188922553	0.00124718323111	101.558940778
4253.00000000	-0.000249930425923	0.00122189815767	0.00124719698746	101.559982802
4253.00000000	-0.000249958988593	0.00122189843255	0.00124720298086	101.561265808
4253.00000000	-0.000249977337619	0.00122189006777	0.00124719846337	101.562168666
4253.00000000	-0.000249982772756	0.00122187266144	0.00124718249965	101.562573565
4253.00000000	-0.000249982843765	0.00122185573761	0.00124716593351	101.562732601
4253.00000000	-0.000249980595796	0.00122184766432	0.00124715757348	101.562705765
4253.00000000	-0.000249971863457	0.00122184408569	0.00124715231718	101.562345685
4253.00000000	-0.000249953996303	0.00122183833765	0.00124714310471	101.561594426
4253.00000000	-0.000249927653873	0.00122183039381	0.00124713004271	101.560481900
4253.00000000	-0.000249897557924	0.00122182023940	0.00124711406329	101.559220753
4253.00000000	-0.000249868549217	0.00122180670806	0.00124709499388	101.558039597
4253.00000000	-0.000249843366291	0.00122179465997	0.00124707814463	101.557016961
4253.00000000	-0.000249821628013	0.00122179067649	0.00124706988697	101.556075125
4253.00000000	-0.000249808075338	0.00122179460412	0.00124707102010	101.555428930
4253.00000000	-0.000249814463544	0.00122180278941	0.00124708031915	101.555641149
4253.00000000	-0.000249839464088	0.00122181115011	0.00124709351869	101.556689532
4253.00000000	-0.000249870427166	0.00122181851195	0.00124710693467	101.558015469
4253.00000000	-0.000249899267320	0.00122182735141	0.00124712137359	101.559232221
4253.00000000	-0.000249919184904	0.00122183807325	0.00124713586920	101.560030009
4253.00000000	-0.000249922194542	0.00122184906577	0.00124714724185	101.560064270
4253.00000000	-0.000249912096839	0.00122185543614	0.00124715145951	101.559551130
4253.00000000	-0.000249901496983	0.00122185346163	0.00124714740103	101.559092212
4253.00000000	-0.000249894729424	0.00122184242404	0.00124713523123	101.558889213
4253.00000000	-0.000249891219003	0.00122182773162	0.00124712013338	101.558866460
4253.00000000	-0.000249886083134	0.00122181771322	0.00124710928907	101.558727516
4253.00000000	-0.000249875630189	0.00122181913473	0.00124710858732	101.558243931
4253.00000000	-0.000249868534360	0.00122183556420	0.00124712326191	101.557773306
4253.00000000	-0.000249876054138	0.00122185953852	0.00124714825674	101.557891096
4253.00000000	-0.000249893661988	0.00122187898300	0.00124717083489	101.558504631
4253.00000000	-0.000249909342279	0.00122189326709	0.00124718797120	101.559078891
4253.00000000	-0.000249918176010	0.00122190555193	0.00124720177699	101.559363392
4253.00000000	-0.000249920733266	0.00122191250280	0.00124720909932	101.559414501
4253.00000000	-0.000249918312719	0.00122191153628	0.00124720766736	101.559314456
4253.00000000	-0.000249910390073	0.00122190691371	0.00124720155101	101.559000429
4253.00000000	-0.000249898670070	0.00122190555039	0.00124719786697	101.558485486
4253.00000000	-0.000249887569705	0.00122190899138	0.00124719901408	101.557954207
4253.00000000	-0.000249879204340	0.00122191369167	0.00124720194301	101.557534436
4253.00000000	-0.000249876262798	0.00122191817035	0.00124720574154	101.557360822
4253.00000000	-0.000249881840471	0.00122192174577	0.00124721036196	101.557578953
4253.00000000	-0.000249889717513	0.00122191926475	0.00124720950946	101.557956316
4253.00000000	-0.000249893526571	0.00122190800100	0.00124719923731	101.558231430
4253.00000000	-0.000249892295880	0.00122189276064	0.00124718405941	101.558316322
4253.00000000	-0.000249887667332	0.00122188219628	0.00124717278189	101.558205239
4253.00000000	-0.000249880802568	0.00122187895029	0.00124716822628	101.557926141
4253.00000000	-0.000249872564603	0.00122188079519	0.00124716838326	101.557538376
4253.00000000	-0.000249863198811	0.00122188702262	0.00124717260801	101.557059512
4253.00000000	-0.000249852562623	0.00122189766107	0.00124718089994	101.556482875
4253.00000000	-0.000249841131841	0.00122191015187	0.00124719084763	101.555853435
4253.00000000	-0.000249832201194	0.00122192231760	0.00124720097779	101.555339524
4253.00000000	-0.000249826592311	0.00122193204465	0.00124720938417	101.554997568
4253.00000000	-0.000249815056477	0.00122193718362	0.00124721210833	101.554431074
4253.00000000	-0.000249791703095	0.00122193805879	0.00124720828832	101.553371926
5260.00000000	0.000372233576373	0.00144400923248	0.00149121443758	75.5451068863
5260.00000000	0.000372223058035	0.00144400547228	0.00149120817088	75.5454621690
5260.00000000	0.000372218517401	0.00144400279658	0.00149120444649	75.5456054472
5260.00000000	0.000372216709790	0.00144400508571	0.00149120621197	75.5456946558
5260.00000000	0.000372218441978	0.00144400853466	0.00149120998411	75.5456632849
5260.00000000	0.000372226056510	0.00144401349047	0.00149121668372	75.5454275073
5260.00000000	0.000372238535528	0.00144402102979	0.00149122709934	75.5450355233
5260.00000000	0.000372254537365	0.00144402747131	0.00149123733137	75.5445019483
5260.00000000	0.000372270876231	0.00144402549624	0.00149123949756	75.5438751140
5260.00000000	0.000372285685308	0.00144401205792	0.00149123018173	75.5431952426
5260.00000000	0.000372296788569	0.00144399670277	0.00149121808479	75.5426348518
5260.00000000	0.000372304537082	0.00144399118679	0.00149121467799	75.5422936523
5260.00000000	0.000372317116894	0.00144399628693	0.00149122275740	75.5418745408
5260.00000000	0.000372339784148	0.00144400505235	0.00149123690474	75.5411152942
5260.00000000	0.000372365952088	0.00144401545370	0.00149125351057	75.5402415164
5260.00000000	0.000372383693975	0.00144402491331	0.00149126710076	75.5396722030
5260.00000000	0.000372385948889	0.00144402852871	0.00149127116469	75.5396229983
5260.00000000	0.000372378435238	0.00144403190080	0.00149127255374	75.5399348850
5260.00000000	0.000372373078226	0.00144404694153	0.00149128578037	75.5402784809
5260.00000000	0.000372377404374	0.00144407489032	0.00149131392408	75.5403856597
5260.00000000	0.000372392736546	0.00144410451012	0.00149134643406	75.5400994194
5260.00000000	0.000372416134166	0.00144412136379	0.00149136859641	75.5393906779
5260.00000000	0.000372436751431	0.00144411972195	0.00149137215515	75.5386079427
5260.00000000	0.000372440982400	0.00144410171705	0.00149135577732	75.5382778027
5260.00000000	0.000372425148708	0.00144407447560	0.00149132544486	75.5386054778
5260.00000000	0.000372396037994	0.00144405045035	0.00149129491123	75.5394579674
5260.00000000	0.000372366517180	0.00144404175683	0.00149127912162	75.5404728350
5260.00000000	0.000372344844793	0.00144404825643	0.00149128000400	75.5413414782
5260.00000000	0.000372328244015	0.00144405882738	0.00149128609536	75.5420604913
5260.00000000	0.000372311734454	0.00144406491119	0.00149128786468	75.5427330648
5260.00000000	0.000372296654851	0.00144406957067	0.00149128861196	75.5433387753
5260.00000000	0.000372286045336	0.00144408036030	0.00149129641137	75.5438369761
5260.00000000	0.000372282307523	0.00144409685168	0.00149131144753	75.5441342052
5260.00000000	0.000372285194606	0.00144411348828	0.00149132827813	75.5441863550
5260.00000000	0.000372292986497	0.00144412749045	0.00149134378212	75.5440307663
5260.00000000	0.000372302017366	0.00144414224500	0.00149136032397	75.5438363042
5260.00000000	0.000372307420843	0.00144415837217	0.00149137728946	75.5437899558
5260.00000000	0.000372312389883	0.00144416993876	0.00149138973032	75.5437160313
5260.00000000	0.000372324660462	0.00144417205860	0.00149139484632	75.5432798813
5260.00000000	0.000372339102101	0.00144416385008	0.00149139050313	75.5426639070
5260.00000000	0.000372343359467	0.00144414479214	0.00149137311160	75.5423227333
5260.00000000	0.000372336005726	0.00144412200845	0.00149134921345	75.5423777712
5260.00000000	0.000372329210808	0.00144410522075	0.00149133126093	75.5424695339
5260.00000000	0.000372332779614	0.00144409184468	0.00149131919945	75.5422084619
5260.00000000	0.000372342593614	0.00144407006457	0.00149130055938	75.5416344295
5260.00000000	0.000372349805809	0.00144404066264	0.00149127388941	75.5410840627
5260.00000000	0.000372346077352	0.00144401461866	0.00149124773939	75.5409729310
5260.00000000	0.000372325456207	0.00144399881837	0.00149122729079	75.5415885597
5260.00000000	0.000372288386925	0.00144399424039	0.00149121360285	75.5429238193
5260.00000000	0.000372242626578	0.00144399595793	0.00149120384239	75.5446428471
5260.00000000	0.000372202178180	0.00144399498271	0.00149119280160	75.5461384333
5260.00000000	0.000372177197273	0.00144398674129	0.00149117858595	75.5469888596
5260.00000000	0.000372165437099	0.00144397737470	0.00149116658064	75.5473366005
5260.00000000	0.000372156400128	0.00144397595762	0.00149116295298	75.5476592552
5260.00000000	0.000372144888948	0.00144398261976	0.00149116653146	75.5481514450
5260.00000000	0.000372138797691	0.00144398614713	0.00149116842705	75.5484119107
5260.00000000	0.000372140350474	0.00144397673207	0.00149115969742	75.5482638532
5260.00000000	0.000372142137035	0.00144395738771	0.00149114141102	75.5480118796
5260.00000000	0.000372140133492	0.00144393750354	0.00149112165603	75.5478957482
5260.00000000	0.000372133773975	0.00144392116051	0.00149110424301	75.5479756547
5260.00000000	0.000372125690428	0.00144391699745	0.00149109819428	75.5482365153
5260.00000000	0.000372117757323	0.00144393327213	0.00149111197423	75.5486877644
5260.00000000	0.000372110969812	0.00144396267085	0.00149113874897	75.5492222224
5260.00000000	0.000372111824310	0.00144399207422	0.00149116743533	75.5494723625
5260.00000000	0.000372125925772	0.00144401518240	0.00149119333141	75.5491692517
5260.00000000	0.000372145891099	0.00144403105773	0.00149121368688	75.5485786252
5260.00000000	0.000372157809792	0.00144403751519	0.00149122291447	75.5481970922
5260.00000000	0.000372155270022	0.00144403116933	0.00149121613557	75.5482307385
5260.00000000	0.000372145483990	0.00144401547634	0.00149119849690	75.5484443669
5260.00000000	0.000372141528083	0.00144400153960	0.00149118401389	75.5484579174
5260.00000000	0.000372152398966	0.00144399202824	0.00149117751648	75.5479622360
5260.00000000	0.000372173224168	0.00144398247222	0.00149117346035	75.5470957480
5260.00000000	0.000372193617307	0.00144397481244	0.00149117113294	75.5462635169
5260.00000000	0.000372207010515	0.00144397683883	0.00149117643817	75.5457846283
5260.00000000	0.000372211846571	0.00144399449124	0.00149119473895	75.5457739918
5260.00000000	0.000372211899367	0.00144402026422	0.00149121970933	75.5460192007
5260.00000000	0.000372208613201	0.00144404238738	0.00149124031205	75.5463536276
5260.00000000	0.000372202870180	0.00144405914821	0.00149125510899	75.5467280305
5260.00000000	0.000372202194774	0.00144407216664	0.00149126754684	75.5468779989
5260.00000000	0.000372209171931	0.00144407874270	0.00149127565620	75.5466814756
5260.00000000	0.000372218363262	0.00144407814739	0.00149127737384	75.5463338067
5260.00000000	0.000372221942224	0.00144407629391	0.00149127647232	75.5461828785
5260.00000000	0.000372218222273	0.00144407717451	0.00149127639656	75.5463297226
5260.00000000	0.000372211196596	0.00144408002942	0.00149127740754	75.5466184876
5260.00000000	0.000372206465463	0.00144408415091	0.00149128021774	75.5468340302
5260.00000000	0.000372209905514	0.00144408854790	0.00149128533418	75.5467482090
5260.00000000	0.000372224142348	0.00144409467742	0.00149129482314	75.5462773165
5260.00000000	0.000372245506580	0.00144410388018	0.00149130906720	75.5455707359
5260.00000000	0.000372262785017	0.00144411018979	0.00149131949004	75.5449884277
5260.00000000	0.000372270506409	0.00144410665516	0.00149131799474	75.5446672680
5260.00000000	0.000372272021732	0.00144409697155	0.00149130899595	75.5445180215
5260.00000000	0.000372272864913	0.00144408926328	0.00149130174220	75.5444127245
5260.00000000	0.000372276809309	0.00144408549525	0.00149129907810	75.5442298399
5260.00000000	0.000372276396926	0.00144407967528	0.00149129333944	75.5441893633
5260.00000000	0.000372261199994	0.00144406554938	0.00149127586715	75.5446192714
5260.00000000	0.000372233959879	0.00144404098185	0.00149124527766	75.5453971157
5260.00000000	0.000372207852730	0.00144401120819	0.00149120992990	75.5460829107
5260.00000000	0.000372198185127	0.00144398704491	0.00149118411837	75.5462108757
5260.00000000	0.000372211087505	0.00144397889601	0.00149117944788	75.5456526657
5260.00000000	0.000372231388969	0.00144398702701	0.00149119238903	75.5449752991
5270.00000000	-0.000195408497117	-0.000121775923526	0.000230247380650	-148.069399474
5270.00000000	-0.000195403277048	-0.000121794753399	0.000230252910159	-148.064735852
5270.00000000	-0.000195406293028	-0.000121816196330	0.000230266812727	-148.060604853
5270.00000000	-0.000195416297341	-0.000121834256393	0.000230284856856	-148.058108500
5270.00000000	-0.000195429702279	-0.000121842457426	0.000230300570917	-148.058141521
5270.00000000	-0.000195443849777	-0.000121843898324	0.000230313338681	-148.059699370
5270.00000000	-0.000195459617042	-0.000121846160717	0.000230327915755	-148.061296784
5270.00000000	-0.000195473118990	-0.000121850286684	0.000230341556417	-148.062202539
5270.00000000	-0.000195477839161	-0.000121851135411	0.000230346011044	-148.062644475
5270.00000000	-0.000195471674856	-0.000121844365500	0.000230337198635	-148.063262429
5270.00000000	-0.000195458911055	-0.000121831748144	0.000230319692529	-148.064246467
5270.00000000	-0.000195445613307	-0.000121815995759	0.000230300075084	-148.065822299
5270.00000000	-0.000195432774169	-0.000121802593068	0.000230282089833	-148.066962602
5270.00000000	-0.000195419634523	-0.000121794687737	0.000230266757301	-148.066902653
5270.00000000	-0.000195408609199	-0.000121787646484	0.000230253676160	-148.066938502
5270.00000000	-0.000195406448936	-0.000121783135477	0.000230249456834	-148.067606821
5270.00000000	-0.000195419725888	-0.000121784226190	0.000230261301600	-148.069123875
5270.00000000	-0.000195444361585	-0.000121788774592	0.000230284615404	-148.071405297
5270.00000000	-0.000195465633009	-0.000121795050653	0.000230305987875	-148.072878854
5270.00000000	-0.000195472032214	-0.000121800650490	0.000230314380440	-148.072538398
5270.00000000	-0.000195465052563	-0.000121798008285	0.000230307059370	-148.072177999
5270.00000000	-0.000195451635089	-0.000121785725755	0.000230289176160	-148.073006134
5270.00000000	-0.000195437496302	-0.000121775636783	0.000230271840820	-148.073276253
5270.00000000	-0.000195427650745	-0.000121776640096	0.000230264015314	-148.071768811
5270.00000000	-0.000195421091185	-0.000121790229353	0.000230265635399	-148.068035838
5270.00000000	-0.000195413116962	-0.000121813248449	0.000230271044160	-148.062125536
5270.00000000	-0.000195403376783	-0.000121835939140	0.000230274783084	-148.056052371
5270.00000000	-0.000195395040244	-0.000121847028864	0.000230273576849	-148.052613449
5270.00000000	-0.000195386720952	-0.000121845704341	0.000230265816809	-148.051797760
5270.00000000	-0.000195374799297	-0.000121840893949	0.000230253155546	-148.051243691
5270.00000000	-0.000195361287751	-0.000121836058545	0.000230239132020	-148.050485476
5270.00000000	-0.000195354619832	-0.000121829246066	0.000230229869232	-148.051045920
5270.00000000	-0.000195360306710	-0.000121819563693	0.000230229571376	-148.053839408
5270.00000000	-0.000195375514736	-0.000121812084603	0.000230238519179	-148.057421227
5270.00000000	-0.000195394908127	-0.000121814043958	0.000230256012793	-148.059560656
5270.00000000	-0.000195412688066	-0.000121824199843	0.000230276473667	-148.059756717
5270.00000000	-0.000195422297165	-0.000121839592310	0.000230292771236	-148.057771701
5270.00000000	-0.000195421809520	-0.000121859163050	0.000230302712219	-148.053575855
5270.00000000	-0.000195416257022	-0.000121875101617	0.000230306434784	-148.049480295
5270.00000000	-0.000195414539767	-0.000121881701225	0.000230308470200	-148.047861108
5270.00000000	-0.000195419684652	-0.000121879236677	0.000230311531370	-148.049058680
5270.00000000	-0.000195425032863	-0.000121869123783	0.000230310717947	-148.051897473
5270.00000000	-0.000195424051516	-0.000121851891508	0.000230300767204	-148.055406058
5270.00000000	-0.000195418202070	-0.000121833121601	0.000230285872818	-148.058598811
5270.00000000	-0.000195413447515	-0.000121820556690	0.000230275190808	-148.060625914
5270.00000000	-0.000195415247484	-0.000121817871757	0.000230275297912	-148.061429753
5270.00000000	-0.000195421977639	-0.000121825799580	0.000230285203145	-148.060641703
5270.00000000	-0.000195428607125	-0.000121841623536	0.000230299200408	-148.058173422
5270.00000000	-0.000195430072011	-0.000121853848338	0.000230306911318	-148.055785436
5270.00000000	-0.000195425995953	-0.000121856252119	0.000230304724387	-148.054741451
5270.00000000	-0.000195419088577	-0.000121855713181	0.000230298577970	-148.053945964
5270.00000000	-0.000195408919525	-0.000121860638542	0.000230292555364	-148.051567464
5270.00000000	-0.000195403972886	-0.000121869526881	0.000230293061558	-148.049039826
5270.00000000	-0.000195409119902	-0.000121875401853	0.000230300537815	-148.048477280
5270.00000000	-0.000195417834503	-0.000121876508036	0.000230308517543	-148.049391090
5270.00000000	-0.000195424305416	-0.000121875692191	0.000230313576444	-148.050415183
5270.00000000	-0.000195425331130	-0.000121875118926	0.000230314143422	-148.050671220
5270.00000000	-0.000195418762813	-0.000121877943552	0.000230310064877	-148.049210281
5270.00000000	-0.000195409416529	-0.000121885592003	0.000230306182301	-148.046365298
5270.00000000	-0.000195404854289	-0.000121889217511	0.000230304230151	-148.044999318
5270.00000000	-0.000195407887761	-0.000121881951694	0.000230302958618	-148.046932437
5270.00000000	-0.000195417502379	-0.000121865306705	0.000230302308313	-148.051711913
5270.00000000	-0.000195430200315	-0.000121847443692	0.000230303631603	-148.057154401
5270.00000000	-0.000195442483720	-0.000121837029854	0.000230308545839	-148.060969605
5270.00000000	-0.000195455906064	-0.000121833612997	0.000230318128837	-148.063457341
5270.00000000	-0.000195471407194	-0.000121831427556	0.000230330127797	-148.065958430
5270.00000000	-0.000195486074792	-0.000121827001314	0.000230340234624	-148.068822639
5270.00000000	-0.000195492937503	-0.000121821101708	0.000230342938756	-148.070970915
5270.00000000	-0.000195487626340	-0.000121811119710	0.000230333152058	-148.072379560
5270.00000000	-0.000195471807662	-0.000121794924807	0.000230311161908	-148.073717778
5270.00000000	-0.000195452696529	-0.000121781732926	0.000230287965502	-148.073988930
5270.00000000	-0.000195436802475	-0.000121785108754	0.000230276261208	-148.071184724
5270.00000000	-0.000195426180165	-0.000121802043555	0.000230276203087	-148.066210838
5270.00000000	-0.000195424151797	-0.000121817787301	0.000230282809624	-148.062619578
5270.00000000	-0.000195434828484	-0.000121830270336	0.000230298473626	-148.061389178
5270.00000000	-0.000195454846898	-0.000121843267492	0.000230322337191	-148.061279811
5270.00000000	-0.000195473287872	-0.000121853756341	0.000230343535195	-148.061492362
5270.00000000	-0.000195482379432	-0.000121859945118	0.000230354524358	-148.061382329
5270.00000000	-0.000195482674626	-0.000121861445605	0.000230355568641	-148.061104457
5270.00000000	-0.000195480465504	-0.000121862669859	0.000230354341610	-148.060555369
5270.00000000	-0.000195483173050	-0.000121865766716	0.000230358277566	-148.060257978
5270.00000000	-0.000195490543777	-0.000121867140905	0.000230365259400	-148.060937764
5270.00000000	-0.000195494439887	-0.000121865431913	0.000230367661624	-148.061811095
5270.00000000	-0.000195492318460	-0.000121862218669	0.000230364161526	-148.062210183
5270.00000000	-0.000195486526085	-0.000121857835130	0.000230356927101	-148.062373301
5270.00000000	-0.000195476138574	-0.000121854780133	0.000230346495943	-148.061651365
5270.00000000	-0.000195465232902	-0.000121853725269	0.000230336683217	-148.060438969
5270.00000000	-0.000195459871916	-0.000121846075334	0.000230328086876	-148.061348349
5270.00000000	-0.000195456593348	-0.000121831287752	0.000230317482095	-148.064038674
5270.00000000	-0.000195449438747	-0.000121821577695	0.000230306274120	-148.065147183
5270.00000000	-0.000195441433168	-0.000121819286893	0.000230298268465	-148.064577331
5270.00000000	-0.000195442457429	-0.000121818782989	0.000230298871154	-148.064818515
5270.00000000	-0.000195456747401	-0.000121820627441	0.000230311974015	-148.066309553
5270.00000000	-0.000195481219079	-0.000121822682726	0.000230333829559	-148.069095501
5270.00000000	-0.000195509244727	-0.000121819725728	0.000230356051256	-148.073406494
5270.00000000	-0.000195532001234	-0.000121812511415	0.000230371550856	-148.077922415
5270.00000000	-0.000195540694348	-0.000121807011118	0.000230376021112	-148.080226695
5270.00000000	-0.000195533337953	-0.000121807834028	0.000230370212228	-148.079085597
5270.00000000	-0.000195516807935	-0.000121814503226	0.000230359708676	-148.075503763
5270.00000000	-0.000195496420241	-0.000121823482066	0.000230347153466	-148.070926563
5274.00000000	-0.000440621631580	0.000620516162458	0.000761043842422	125.378137706
5274.00000000	-0.000440611981052	0.000620505205387	0.000761029321222	125.378022913
5274.00000000	-0.000440610375522	0.000620491126803	0.000761016912729	125.378538035
5274.00000000	-0.000440613830098	0.000620479764493	0.000761009648703	125.379245390
5274.00000000	-0.000440619134860	0.000620469293686	0.000761004182913	125.380027471
5274.00000000	-0.000440617799561	0.000620455034852	0.000760991784163	125.380567090
5274.00000000	-0.000440601921703	0.000620443153284	0.000760972903503	125.380110355
5274.00000000	-0.000440581912307	0.000620443582961	0.000760961668607	125.378863260
5274.00000000	-0.000440580043414	0.000620455897233	0.000760970626940	125.378211711
5274.00000000	-0.000440608194734	0.000620472989879	0.000761000862310	125.379194771
5274.00000000	-0.000440655270674	0.000620488442552	0.000761040718302	125.381410888
5274.00000000	-0.000440698483594	0.000620499502161	0.000761074756922	125.383581174
5274.00000000	-0.000440717578061	0.000620503811109	0.000761089326697	125.384565290
5274.00000000	-0.000440710680967	0.000620500292224	0.000761082463974	125.384295371
5274.00000000	-0.000440692479019	0.000620490405775	0.000761063863761	125.383609161
5274.00000000	-0.000440681068834	0.000620478923076	0.000761047894952	125.383409382
5274.00000000	-0.000440684123439	0.000620472019669	0.000761044035417	125.383897820
5274.00000000	-0.000440697278192	0.000620470945089	0.000761050776693	125.384752094
5274.00000000	-0.000440711038522	0.000620472784368	0.000761060244406	125.385516491
5274.00000000	-0.000440719942900	0.000620472502327	0.000761065170806	125.386075309
5274.00000000	-0.000440725454107	0.000620471773035	0.000761067767700	125.386445360
5274.00000000	-0.000440726185374	0.000620467999426	0.000761065114682	125.386654756
5274.00000000	-0.000440718798325	0.000620452298639	0.000761048036647	125.386885867
5274.00000000	-0.000440708623346	0.000620423681759	0.000761018814208	125.387509000
5274.00000000	-0.000440706112549	0.000620394713008	0.000760993743447	125.388617954
5274.00000000	-0.000440714125286	0.000620377267163	0.000760984161359	125.389870473
5274.00000000	-0.000440728751283	0.000620366137949	0.000760983559166	125.391253499
5274.00000000	-0.000440744117735	0.000620353129918	0.000760981854657	125.392763905
5274.00000000	-0.000440754502079	0.000620343945586	0.000760980382092	125.393801783
5274.00000000	-0.000440758899565	0.000620348819421	0.000760986902189	125.393859148
5274.00000000	-0.000440761652628	0.000620369370777	0.000761005250064	125.393131929
5274.00000000	-0.000440764882158	0.000620394727078	0.000761027791037	125.392224472
5274.00000000	-0.000440763705738	0.000620414045384	0.000761042858192	125.391309928
5274.00000000	-0.000440753112197	0.000620425596867	0.000761046139967	125.390156090
5274.00000000	-0.000440732074268	0.000620435142093	0.000761041737904	125.388448700
5274.00000000	-0.000440709831257	0.000620448804147	0.000761039994964	125.386487840
5274.00000000	-0.000440693151305	0.000620466156826	0.000761044483177	125.384707535
5274.00000000	-0.000440678390606	0.000620480602895	0.000761047713692	125.383171764
5274.00000000	-0.000440666654763	0.000620486206944	0.000761045487227	125.382207115
5274.00000000	-0.000440664270307	0.000620483236916	0.000761041685073	125.382190225
5274.00000000	-0.000440670701009	0.000620478432996	0.000761041491997	125.382794366
5274.00000000	-0.000440677759978	0.000620478224702	0.000761045409597	125.383236729
5274.00000000	-0.000440679049176	0.000620481597053	0.000761048905566	125.383168848
5274.00000000	-0.000440676868621	0.000620482221348	0.000761048151924	125.383007790
5274.00000000	-0.000440674607015	0.000620478608243	0.000761043896602	125.383026479
5274.00000000	-0.000440671855387	0.000620476609805	0.000761040673975	125.382944702
5274.00000000	-0.000440668246744	0.000620478926388	0.000761040473155	125.382622212
5274.00000000	-0.000440663939004	0.000620482051888	0.000761040527077	125.382221548
5274.00000000	-0.000440660447497	0.000620477213569	0.000761034560678	125.382218151
5274.00000000	-0.000440660278351	0.000620460769904	0.000761021056151	125.382924611
5274.00000000	-0.000440666300580	0.000620438367422	0.000761006278710	125.384270925
5274.00000000	-0.000440679202016	0.000620415985370	0.000760995501952	125.386038661
5274.00000000	-0.000440690034704	0.000620399098414	0.000760988007790	125.387439870
5274.00000000	-0.000440693747080	0.000620388937813	0.000760981874210	125.388110763
5274.00000000	-0.000440694265122	0.000620380331138	0.000760975157659	125.388517837
5274.00000000	-0.000440693861449	0.000620369635236	0.000760966204139	125.388959440
5274.00000000	-0.000440689939416	0.000620362826421	0.000760958381981	125.389015591
5274.00000000	-0.000440684471438	0.000620364674513	0.000760956721995	125.388599365
5274.00000000	-0.000440679841571	0.000620372225639	0.000760960196798	125.387985909
5274.00000000	-0.000440674176745	0.000620385633936	0.000760967847444	125.387053543
5274.00000000	-0.000440665654811	0.000620404438591	0.000760978243285	125.385710532
5274.00000000	-0.000440658583603	0.000620423741503	0.000760989885823	125.384434886
5274.00000000	-0.000440654387464	0.000620440329555	0.000761000980111	125.383454119
5274.00000000	-0.000440646440665	0.000620456978453	0.000761009952485	125.382240498
5274.00000000	-0.000440630101295	0.000620473902691	0.000761014290330	125.380499732
5274.00000000	-0.000440609216941	0.000620484328902	0.000761010699312	125.378763238
5274.00000000	-0.000440590879873	0.000620482827131	0.000760998858207	125.377703039
5274.00000000	-0.000440582484667	0.000620478468153	0.000760990443591	125.377377679
5274.00000000	-0.000440589381722	0.000620482776907	0.000760997949882	125.377613260
5274.00000000	-0.000440609100238	0.000620495022815	0.000761019350969	125.378289924
5274.00000000	-0.000440628451706	0.000620505169777	0.000761038828295	125.379035511
5274.00000000	-0.000440633560474	0.000620506428170	0.000761042812210	125.379294253
5274.00000000	-0.000440624175287	0.000620501574654	0.000761033421076	125.378929716
5274.00000000	-0.000440616574981	0.000620495464037	0.000761024038410	125.378729533
5274.00000000	-0.000440620162543	0.000620489514238	0.000761021264433	125.379209110
5274.00000000	-0.000440626414565	0.000620487465249	0.000761023213669	125.379682207
5274.00000000	-0.000440630776773	0.000620492347374	0.000761029719912	125.379737162
5274.00000000	-0.000440638879668	0.000620498439391	0.000761039378457	125.379968993
5274.00000000	-0.000440652721293	0.000620495925828	0.000761045343427	125.380928195
5274.00000000	-0.000440670134161	0.000620485411868	0.000761046853671	125.382455342
5274.00000000	-0.000440691471482	0.000620481277340	0.000761055838008	125.383945258
5274.00000000	-0.000440707967347	0.000620493282871	0.000761075178003	125.384434376
5274.00000000	-0.000440710375222	0.000620513639330	0.000761093168688	125.383694779
5274.00000000	-0.000440701574881	0.000620528890546	0.000761100507229	125.382489840
5274.00000000	-0.000440690099421	0.000620529795961	0.000761094600824	125.381746046
5274.00000000	-0.000440681074899	0.000620516747590	0.000761078736934	125.381760913
5274.00000000	-0.000440676073754	0.000620496372937	0.000761059229500	125.382342098
5274.00000000	-0.000440673624218	0.000620473387359	0.000761039070943	125.383193752
5274.00000000	-0.000440670269174	0.000620449491722	0.000761017646255	125.384029545
5274.00000000	-0.000440667245175	0.000620429994554	0.000760999999417	125.384693941
5274.00000000	-0.000440667138235	0.000620423808318	0.000760994893970	125.384957085
5274.00000000	-0.000440663458610	0.000620431545429	0.000760999071167	125.384393896
5274.00000000	-0.000440650882063	0.000620443976545	0.000761001923713	125.383079950
5274.00000000	-0.000440635801672	0.000620457827444	0.000761004484449	125.381550421
5274.00000000	-0.000440628886798	0.000620478399384	0.000761017253407	125.380229159
5274.00000000	-0.000440635679412	0.000620501173131	0.000761039754433	125.379653386
5274.00000000	-0.000440649828737	0.000620516571905	0.000761060501915	125.379850680
5274.00000000	-0.000440659236443	0.000620523667544	0.000761071734231	125.380118843
5274.00000000	-0.000440659965148	0.000620522284996	0.000761071028920	125.380223835
5274.00000000	-0.000440650632957	0.000620513449666	0.000761058421898	125.380036140
