DevNumber	X [V]	Y [V]	R [V]	Theta [°]
4253.00000000	-0.0223874534646	-0.0241777774994	0.0329509180060	-132.798196005
4253.00000000	-0.0223870664554	-0.0241779432137	0.0329507766604	-132.797506459
4253.00000000	-0.0223866762799	-0.0241781370940	0.0329506538356	-132.796779592
4253.00000000	-0.0223863185734	-0.0241783866534	0.0329505939314	-132.796028371
4253.00000000	-0.0223859851450	-0.0241786955800	0.0329505940897	-132.795237993
4253.00000000	-0.0223856520295	-0.0241790392990	0.0329506199973	-132.794406913
4253.00000000	-0.0223852988523	-0.0241794038006	0.0329506475333	-132.793525685
4253.00000000	-0.0223849206642	-0.0241797814435	0.0329506677291	-132.792597023
4253.00000000	-0.0223845660207	-0.0241801668468	0.0329507096233	-132.791689237
4253.00000000	-0.0223842991356	-0.0241805666975	0.0329508217440	-132.790876369
4253.00000000	-0.0223841054830	-0.0241809632013	0.0329509811631	-132.790160907
4253.00000000	-0.0223838952701	-0.0241812848834	0.0329510744297	-132.789512699
4253.00000000	-0.0223836105310	-0.0241814914329	0.0329510325835	-132.788905387
4253.00000000	-0.0223832943943	-0.0241816275383	0.0329509177162	-132.788341215
4253.00000000	-0.0223830516111	-0.0241817685321	0.0329508562676	-132.787864869
4253.00000000	-0.0223829588578	-0.0241819594919	0.0329509334025	-132.787520956
4253.00000000	-0.0223830332290	-0.0241821974448	0.0329511585500	-132.787334803
4253.00000000	-0.0223832426060	-0.0241824492762	0.0329514855895	-132.787304537
4253.00000000	-0.0223835162099	-0.0241826925936	0.0329518500087	-132.787366285
4253.00000000	-0.0223837716695	-0.0241829266219	0.0329521952858	-132.787415850
4253.00000000	-0.0223839365972	-0.0241831390383	0.0329524632059	-132.787375418
4253.00000000	-0.0223839608416	-0.0241832814816	0.0329525842109	-132.787238117
4253.00000000	-0.0223838500490	-0.0241833339512	0.0329525474586	-132.787034771
4253.00000000	-0.0223836616850	-0.0241833448254	0.0329524274883	-132.786781569
4253.00000000	-0.0223834702976	-0.0241833732377	0.0329523183360	-132.786503793
4253.00000000	-0.0223833385571	-0.0241834125672	0.0329522577126	-132.786289234
4253.00000000	-0.0223832822879	-0.0241834310725	0.0329522330718	-132.786195575
4253.00000000	-0.0223832678066	-0.0241834343579	0.0329522256463	-132.786173216
4253.00000000	-0.0223832746189	-0.0241834806263	0.0329522642298	-132.786127263
4253.00000000	-0.0223832911433	-0.0241836353110	0.0329523889765	-132.785965656
4253.00000000	-0.0223832465136	-0.0241838984035	0.0329525517446	-132.785597979
4253.00000000	-0.0223830316163	-0.0241841903752	0.0329526200542	-132.784978926
4253.00000000	-0.0223826215264	-0.0241844383397	0.0329525234876	-132.784162766
4253.00000000	-0.0223820844131	-0.0241846429735	0.0329523088482	-132.783235679
4253.00000000	-0.0223815160008	-0.0241848626148	0.0329520839734	-132.782250915
4253.00000000	-0.0223809794269	-0.0241851512395	0.0329519313635	-132.781225300
4253.00000000	-0.0223805178308	-0.0241855303052	0.0329518960687	-132.780188556
4253.00000000	-0.0223801253556	-0.0241859980168	0.0329519727937	-132.779135338
4253.00000000	-0.0223797204730	-0.0241865488923	0.0329521021450	-132.777968083
4253.00000000	-0.0223792626436	-0.0241871882703	0.0329522605127	-132.776628754
4253.00000000	-0.0223787369604	-0.0241878777528	0.0329524095952	-132.775143674
4253.00000000	-0.0223781213898	-0.0241885304799	0.0329524706769	-132.773587282
4253.00000000	-0.0223774450603	-0.0241891019329	0.0329524308624	-132.772049312
4253.00000000	-0.0223767401533	-0.0241895884623	0.0329523093252	-132.770575133
4253.00000000	-0.0223759853528	-0.0241899900947	0.0329520916072	-132.769137497
4253.00000000	-0.0223751622704	-0.0241903241555	0.0329517779395	-132.767692462
4253.00000000	-0.0223742997488	-0.0241906758782	0.0329514504793	-132.766176204
4253.00000000	-0.0223734518577	-0.0241911266932	0.0329512057248	-132.764561600
4253.00000000	-0.0223726776226	-0.0241916616909	0.0329510728106	-132.762941614
4253.00000000	-0.0223720462265	-0.0241922046766	0.0329510427677	-132.761494536
4253.00000000	-0.0223715877884	-0.0241926728187	0.0329510752220	-132.760356616
4253.00000000	-0.0223712829813	-0.0241930161661	0.0329511203670	-132.759562154
4253.00000000	-0.0223711124341	-0.0241932474769	0.0329511744103	-132.759071359
4253.00000000	-0.0223710722241	-0.0241934176463	0.0329512720523	-132.758819139
4253.00000000	-0.0223711330723	-0.0241935618391	0.0329514192320	-132.758726603
4253.00000000	-0.0223712170703	-0.0241936790528	0.0329515623198	-132.758695470
4253.00000000	-0.0223712725311	-0.0241937654288	0.0329516633918	-132.758664309
4253.00000000	-0.0223712980161	-0.0241938119109	0.0329517148219	-132.758641973
4253.00000000	-0.0223712902131	-0.0241937947051	0.0329516968916	-132.758652322
4253.00000000	-0.0223712549202	-0.0241936980976	0.0329516019996	-132.758721309
4253.00000000	-0.0223712000186	-0.0241935261057	0.0329514384466	-132.758854253
4253.00000000	-0.0223711383708	-0.0241933340575	0.0329512555879	-132.759002262
4253.00000000	-0.0223710923863	-0.0241932063832	0.0329511306279	-132.759094276
4253.00000000	-0.0223710833143	-0.0241931867716	0.0329511100696	-132.759105846
4253.00000000	-0.0223711031876	-0.0241932429181	0.0329511647856	-132.759064936
4253.00000000	-0.0223711308710	-0.0241933142959	0.0329512359869	-132.759016016
4253.00000000	-0.0223711731056	-0.0241933811384	0.0329513137375	-132.758991028
4253.00000000	-0.0223712713926	-0.0241934728448	0.0329514477985	-132.759008247
4253.00000000	-0.0223714347735	-0.0241935931221	0.0329516470299	-132.759074840
4253.00000000	-0.0223715904523	-0.0241936959047	0.0329518281874	-132.759152252
4253.00000000	-0.0223716896184	-0.0241937830449	0.0329519594927	-132.759175983
4253.00000000	-0.0223717414518	-0.0241938902903	0.0329520734244	-132.759115554
4253.00000000	-0.0223717681689	-0.0241940212134	0.0329521876887	-132.758995110
4253.00000000	-0.0223717789935	-0.0241941420535	0.0329522837606	-132.758866281
4253.00000000	-0.0223717976258	-0.0241942216857	0.0329523548777	-132.758796065
4253.00000000	-0.0223718348737	-0.0241942550367	0.0329524046527	-132.758804247
4253.00000000	-0.0223718611800	-0.0241942442420	0.0329524145868	-132.758850573
4253.00000000	-0.0223718462368	-0.0241941928939	0.0329523667410	-132.758892110
4253.00000000	-0.0223717780042	-0.0241941152278	0.0329522633931	-132.758896685
4253.00000000	-0.0223716869787	-0.0241940456995	0.0329521505456	-132.758862556
4253.00000000	-0.0223716458032	-0.0241940298671	0.0329521109665	-132.758828680
4253.00000000	-0.0223717102541	-0.0241940812700	0.0329521924642	-132.758850280
4253.00000000	-0.0223718682145	-0.0241941652244	0.0329523613465	-132.758952830
4253.00000000	-0.0223720612917	-0.0241942627334	0.0329525640224	-132.759084209
4253.00000000	-0.0223722434766	-0.0241943717982	0.0329527677880	-132.759188040
4253.00000000	-0.0223724074088	-0.0241944873720	0.0329529639404	-132.759260886
4253.00000000	-0.0223725572620	-0.0241946061756	0.0329531529058	-132.759311945
4253.00000000	-0.0223726591671	-0.0241946968620	0.0329532886742	-132.759334984
4253.00000000	-0.0223726819346	-0.0241947481632	0.0329533417976	-132.759303491
4253.00000000	-0.0223726433791	-0.0241947818419	0.0329533403488	-132.759214517
4253.00000000	-0.0223725726061	-0.0241948067005	0.0329533105513	-132.759094826
4253.00000000	-0.0223724815654	-0.0241947913355	0.0329532374610	-132.758996742
4253.00000000	-0.0223723705696	-0.0241947051940	0.0329530988577	-132.758956731
4253.00000000	-0.0223722267838	-0.0241945497021	0.0329528870746	-132.758956724
4253.00000000	-0.0223720371012	-0.0241943407366	0.0329526048703	-132.758961248
4253.00000000	-0.0223718121593	-0.0241941150768	0.0329522864706	-132.758940467
4253.00000000	-0.0223715989753	-0.0241939323065	0.0329520075438	-132.758884065
4253.00000000	-0.0223714581267	-0.0241938290934	0.0329518361387	-132.758826093
4253.00000000	-0.0223714315659	-0.0241938260015	0.0329518158362	-132.758795835
4253.00000000	-0.0223715127884	-0.0241939188006	0.0329519391140	-132.758789979
5260.00000000	-0.0319256251411	-0.0378544036900	0.0495197073838	-130.143594576
5260.00000000	-0.0319254983733	-0.0378543354137	0.0495195734634	-130.143533384
5260.00000000	-0.0319253420325	-0.0378542350084	0.0495193959168	-130.143470001
5260.00000000	-0.0319252132201	-0.0378541267201	0.0495192300919	-130.143436847
5260.00000000	-0.0319251300245	-0.0378540521740	0.0495191194699	-130.143418869
5260.00000000	-0.0319250994643	-0.0378540575299	0.0495191038619	-130.143387844
5260.00000000	-0.0319250838061	-0.0378541462094	0.0495191615566	-130.143307844
5260.00000000	-0.0319250384887	-0.0378542728888	0.0495192291786	-130.143173266
5260.00000000	-0.0319250078557	-0.0378543937739	0.0495193018386	-130.143055998
5260.00000000	-0.0319250580297	-0.0378544926549	0.0495194097739	-130.143026617
5260.00000000	-0.0319251630256	-0.0378545732016	0.0495195390375	-130.143059401
5260.00000000	-0.0319252240910	-0.0378546028482	0.0495196010693	-130.143091297
5260.00000000	-0.0319251693190	-0.0378545255102	0.0495195066378	-130.143100542
5260.00000000	-0.0319250290037	-0.0378543711678	0.0495192981916	-130.143091566
5260.00000000	-0.0319249199933	-0.0378542629142	0.0495191451598	-130.143075899
5260.00000000	-0.0319249601376	-0.0378543183927	0.0495192134506	-130.143070022
5260.00000000	-0.0319251823747	-0.0378545487588	0.0495195328268	-130.143094748
5260.00000000	-0.0319255530338	-0.0378549076939	0.0495200461735	-130.143154844
5260.00000000	-0.0319259999234	-0.0378553532983	0.0495206749191	-130.143217713
5260.00000000	-0.0319264195325	-0.0378558088690	0.0495212936957	-130.143249018
5260.00000000	-0.0319267041337	-0.0378561603808	0.0495217458863	-130.143238535
5260.00000000	-0.0319267984782	-0.0378563078328	0.0495219194277	-130.143211991
5260.00000000	-0.0319267489517	-0.0378562710719	0.0495218593965	-130.143195608
5260.00000000	-0.0319266517091	-0.0378561642321	0.0495217150321	-130.143189296
5260.00000000	-0.0319265823161	-0.0378560644971	0.0495215940534	-130.143202315
5260.00000000	-0.0319265616069	-0.0378559641666	0.0495215040061	-130.143258836
5260.00000000	-0.0319265647450	-0.0378558450990	0.0495214150098	-130.143350426
5260.00000000	-0.0319265668536	-0.0378557104960	0.0495213134742	-130.143452693
5260.00000000	-0.0319266168668	-0.0378556037276	0.0495212641008	-130.143576567
5260.00000000	-0.0319267706116	-0.0378555933400	0.0495213552804	-130.143720294
5260.00000000	-0.0319269641071	-0.0378556819549	0.0495215477683	-130.143825329
5260.00000000	-0.0319270646398	-0.0378557856021	0.0495216918134	-130.143836931
5260.00000000	-0.0319270160576	-0.0378558178667	0.0495216851561	-130.143769896
5260.00000000	-0.0319268535538	-0.0378557767278	0.0495215489409	-130.143656859
5260.00000000	-0.0319266561254	-0.0378557335593	0.0495213886585	-130.143514446
5260.00000000	-0.0319265242202	-0.0378557780650	0.0495213376404	-130.143364585
5260.00000000	-0.0319265482534	-0.0378559238925	0.0495214646102	-130.143277067
5260.00000000	-0.0319267152626	-0.0378560866199	0.0495216966756	-130.143303396
5260.00000000	-0.0319269000071	-0.0378561856737	0.0495218915009	-130.143392906
5260.00000000	-0.0319270214501	-0.0378562178852	0.0495219944191	-130.143476287
5260.00000000	-0.0319270541050	-0.0378562107571	0.0495220100229	-130.143510485
5260.00000000	-0.0319270046090	-0.0378561769119	0.0495219522403	-130.143491955
5260.00000000	-0.0319268713430	-0.0378560998177	0.0495218073899	-130.143431595
5260.00000000	-0.0319266184322	-0.0378559446245	0.0495215257028	-130.143323672
5260.00000000	-0.0319262289935	-0.0378556806254	0.0495210728211	-130.143176155
5260.00000000	-0.0319257620729	-0.0378552982687	0.0495204795104	-130.143048391
5260.00000000	-0.0319253299483	-0.0378548845092	0.0495198846274	-130.142974825
5260.00000000	-0.0319250032423	-0.0378545544128	0.0495194216628	-130.142932091
5260.00000000	-0.0319247614052	-0.0378543109057	0.0495190796050	-130.142899831
5260.00000000	-0.0319245771532	-0.0378540938726	0.0495187949099	-130.142898756
5260.00000000	-0.0319244630944	-0.0378539070207	0.0495185785397	-130.142937253
5260.00000000	-0.0319244546015	-0.0378538210920	0.0495185073773	-130.142993840
5260.00000000	-0.0319245902387	-0.0378538946632	0.0495186510628	-130.143058930
5260.00000000	-0.0319248882137	-0.0378541314886	0.0495190242050	-130.143145827
5260.00000000	-0.0319252741341	-0.0378544516567	0.0495195177558	-130.143248339
5260.00000000	-0.0319255921924	-0.0378547207971	0.0495199285487	-130.143328891
5260.00000000	-0.0319257752401	-0.0378548865751	0.0495201732862	-130.143367131
5260.00000000	-0.0319258589119	-0.0378549634620	0.0495202860045	-130.143383783
5260.00000000	-0.0319258580100	-0.0378549360131	0.0495202644403	-130.143403461
5260.00000000	-0.0319257789318	-0.0378547863988	0.0495200990881	-130.143445121
5260.00000000	-0.0319256644542	-0.0378545631000	0.0495198545872	-130.143510437
5260.00000000	-0.0319255850379	-0.0378543832034	0.0495196658685	-130.143574388
5260.00000000	-0.0319255727816	-0.0378543290476	0.0495196165684	-130.143603945
5260.00000000	-0.0319255966886	-0.0378543542792	0.0495196512692	-130.143606268
5260.00000000	-0.0319256028609	-0.0378543592063	0.0495196590149	-130.143608052
5260.00000000	-0.0319255840255	-0.0378543276635	0.0495196227593	-130.143614922
5260.00000000	-0.0319255920941	-0.0378543172942	0.0495196200345	-130.143629793
5260.00000000	-0.0319256919551	-0.0378543835500	0.0495197350635	-130.143668694
5260.00000000	-0.0319258788741	-0.0378545155089	0.0495199564448	-130.143735584
5260.00000000	-0.0319260628083	-0.0378546609510	0.0495201862088	-130.143789775
5260.00000000	-0.0319262054219	-0.0378548407141	0.0495204155691	-130.143781819
5260.00000000	-0.0319263076901	-0.0378550741789	0.0495206599694	-130.143698121
5260.00000000	-0.0319263801767	-0.0378553175916	0.0495208927741	-130.143580663
5260.00000000	-0.0319264280046	-0.0378555139026	0.0495210736754	-130.143476532
5260.00000000	-0.0319264392917	-0.0378556112977	0.0495211554042	-130.143413865
5260.00000000	-0.0319263839742	-0.0378555687278	0.0495210871991	-130.143396694
5260.00000000	-0.0319262381406	-0.0378553866905	0.0495208540243	-130.143403497
5260.00000000	-0.0319260447447	-0.0378551438303	0.0495205436910	-130.143413603
5260.00000000	-0.0319258679213	-0.0378549360980	0.0495202708949	-130.143412163
5260.00000000	-0.0319257448872	-0.0378548154719	0.0495200993639	-130.143393323
5260.00000000	-0.0319257325919	-0.0378548595826	0.0495201251568	-130.143349545
5260.00000000	-0.0319259019816	-0.0378551325409	0.0495204430213	-130.143295756
5260.00000000	-0.0319262298588	-0.0378555277852	0.0495209565426	-130.143290926
5260.00000000	-0.0319265797254	-0.0378558651013	0.0495214399582	-130.143348755
5260.00000000	-0.0319268439706	-0.0378560640231	0.0495217623802	-130.143434086
5260.00000000	-0.0319270123543	-0.0378561536542	0.0495219394548	-130.143516153
5260.00000000	-0.0319271250027	-0.0378562016594	0.0495220487764	-130.143579975
5260.00000000	-0.0319272037468	-0.0378562319977	0.0495221227348	-130.143626989
5260.00000000	-0.0319272299628	-0.0378562419508	0.0495221472447	-130.143642751
5260.00000000	-0.0319271884057	-0.0378562395156	0.0495221185911	-130.143607813
5260.00000000	-0.0319270975054	-0.0378562465258	0.0495220653461	-130.143522189
5260.00000000	-0.0319269891825	-0.0378562497013	0.0495219979373	-130.143424017
5260.00000000	-0.0319268661285	-0.0378562008174	0.0495218812356	-130.143351647
5260.00000000	-0.0319267130275	-0.0378560861664	0.0495216948879	-130.143301758
5260.00000000	-0.0319265403331	-0.0378559151646	0.0495214528320	-130.143276572
5260.00000000	-0.0319263639798	-0.0378557050704	0.0495211785335	-130.143277309
5260.00000000	-0.0319262155245	-0.0378555117733	0.0495209350612	-130.143290192
5260.00000000	-0.0319261440611	-0.0378554018457	0.0495208049562	-130.143308983
5260.00000000	-0.0319261977074	-0.0378554414143	0.0495208697897	-130.143326916
5260.00000000	-0.0319263813782	-0.0378556563339	0.0495211524945	-130.143329051
5270.00000000	-0.00118817540734	-0.0149714861513	0.0150185604628	-94.5376288318
5270.00000000	-0.00118803886685	-0.0149715070903	0.0150185705347	-94.5371032434
5270.00000000	-0.00118788301109	-0.0149715530325	0.0150186040048	-94.5364966544
5270.00000000	-0.00118771026893	-0.0149716111302	0.0150186482587	-94.5358221813
5270.00000000	-0.00118751948073	-0.0149716341947	0.0150186561641	-94.5350896504
5270.00000000	-0.00118730728704	-0.0149715796710	0.0150185850345	-94.5342991148
5270.00000000	-0.00118707410621	-0.0149714559626	0.0150184432806	-94.5334496181
5270.00000000	-0.00118682756168	-0.0149713066933	0.0150182749930	-94.5325569879
5270.00000000	-0.00118658548301	-0.0149711782241	0.0150181277969	-94.5316750522
5270.00000000	-0.00118636792002	-0.0149711092216	0.0150180418220	-94.5308684157
5270.00000000	-0.00118617884400	-0.0149711022682	0.0150180199552	-94.5301514150
5270.00000000	-0.00118601451317	-0.0149711124466	0.0150180171232	-94.5295233621
5270.00000000	-0.00118587307861	-0.0149710998643	0.0150179934114	-94.5289892454
5270.00000000	-0.00118575350887	-0.0149710778782	0.0150179620528	-94.5285411167
5270.00000000	-0.00118566170148	-0.0149710955411	0.0150179724121	-94.5281866309
5270.00000000	-0.00118559898805	-0.0149711948425	0.0150180664525	-94.5279182085
5270.00000000	-0.00118556126311	-0.0149713548313	0.0150182229639	-94.5277265482
5270.00000000	-0.00118554891427	-0.0149715076232	0.0150183743041	-94.5276335682
5270.00000000	-0.00118555662155	-0.0149716309482	0.0150184978528	-94.5276257396
5270.00000000	-0.00118556830562	-0.0149717484679	0.0150186159280	-94.5276347836
5270.00000000	-0.00118557008558	-0.0149718725722	0.0150187397855	-94.5276041786
5270.00000000	-0.00118555372332	-0.0149719715197	0.0150188371327	-94.5275121547
5270.00000000	-0.00118550730939	-0.0149720171075	0.0150188789145	-94.5273219136
5270.00000000	-0.00118542156002	-0.0149720146547	0.0150188697010	-94.5269965459
5270.00000000	-0.00118531161984	-0.0149719838297	0.0150188302951	-94.5265877220
5270.00000000	-0.00118522016944	-0.0149719453525	0.0150187847208	-94.5262515171
5270.00000000	-0.00118517020182	-0.0149719201978	0.0150187557013	-94.5260690608
5270.00000000	-0.00118514543604	-0.0149719201156	0.0150187536651	-94.5259749000
5270.00000000	-0.00118511962703	-0.0149719601333	0.0150187915214	-94.5258647002
5270.00000000	-0.00118507196242	-0.0149720472181	0.0150188745736	-94.5256572154
5270.00000000	-0.00118498507868	-0.0149721452469	0.0150189654414	-94.5252972881
5270.00000000	-0.00118485430252	-0.0149721981508	0.0150190078629	-94.5247840238
5270.00000000	-0.00118469687711	-0.0149721884477	0.0150189857715	-94.5241882552
5270.00000000	-0.00118452984122	-0.0149721280802	0.0150189124172	-94.5235711798
5270.00000000	-0.00118435940913	-0.0149720429895	0.0150188141505	-94.5229486203
5270.00000000	-0.00118419684946	-0.0149719779394	0.0150187364846	-94.5223499637
5270.00000000	-0.00118406484479	-0.0149719739456	0.0150187220956	-94.5218491407
5270.00000000	-0.00118396664099	-0.0149720443731	0.0150187845619	-94.5214544829
5270.00000000	-0.00118386951010	-0.0149721685246	0.0150189006704	-94.5210477531
5270.00000000	-0.00118374637452	-0.0149723156603	0.0150190376426	-94.5205352227
5270.00000000	-0.00118358977930	-0.0149724393095	0.0150191485658	-94.5199025161
5270.00000000	-0.00118341192852	-0.0149724876857	0.0150191827770	-94.5192116105
5270.00000000	-0.00118323150558	-0.0149724409049	0.0150191219266	-94.5185395246
5270.00000000	-0.00118306374255	-0.0149723105556	0.0150189787667	-94.5179406916
5270.00000000	-0.00118291463677	-0.0149721239577	0.0150187810039	-94.5174297033
5270.00000000	-0.00118277772165	-0.0149719172514	0.0150185641565	-94.5169711059
5270.00000000	-0.00118263117633	-0.0149717336465	0.0150183695813	-94.5164689296
5270.00000000	-0.00118246152067	-0.0149716027352	0.0150182257177	-94.5158630175
5270.00000000	-0.00118229090648	-0.0149715284050	0.0150181381859	-94.5152364546
5270.00000000	-0.00118216886137	-0.0149715156119	0.0150181158250	-94.5147761264
5270.00000000	-0.00118213351541	-0.0149715622165	0.0150181595028	-94.5146277005
5270.00000000	-0.00118219186635	-0.0149716233482	0.0150182250379	-94.5148312658
5270.00000000	-0.00118232060722	-0.0149716534597	0.0150182651906	-94.5153118547
5270.00000000	-0.00118248982507	-0.0149716600744	0.0150182851075	-94.5159534420
5270.00000000	-0.00118267534386	-0.0149716729406	0.0150183125420	-94.5166551453
5270.00000000	-0.00118285521153	-0.0149716972352	0.0150183509265	-94.5173319199
5270.00000000	-0.00118301700006	-0.0149717259582	0.0150183923038	-94.5179386018
5270.00000000	-0.00118315777389	-0.0149717468206	0.0150184241910	-94.5184677203
5270.00000000	-0.00118327409257	-0.0149717320044	0.0150184185849	-94.5189145538
5270.00000000	-0.00118337270425	-0.0149716733944	0.0150183679268	-94.5193072096
5270.00000000	-0.00118346988642	-0.0149716050842	0.0150183074869	-94.5196973475
5270.00000000	-0.00118356956646	-0.0149715710882	0.0150182814519	-94.5200866715
5270.00000000	-0.00118365776146	-0.0149715855871	0.0150183028565	-94.5204177353
5270.00000000	-0.00118372574163	-0.0149716424460	0.0150183648965	-94.5206591798
5270.00000000	-0.00118378020711	-0.0149717204903	0.0150184469909	-94.5208428531
5270.00000000	-0.00118383066084	-0.0149718049069	0.0150185351218	-94.5210093509
5270.00000000	-0.00118388751347	-0.0149718959854	0.0150186303984	-94.5211981791
5270.00000000	-0.00118396423816	-0.0149720047217	0.0150187448445	-94.5214572695
5270.00000000	-0.00118406771548	-0.0149721322674	0.0150188801509	-94.5218124404
5270.00000000	-0.00118419201718	-0.0149722616741	0.0150190189550	-94.5222462403
5270.00000000	-0.00118432410404	-0.0149723945624	0.0150191618447	-94.5227085916
5270.00000000	-0.00118444985130	-0.0149725233003	0.0150193000978	-94.5231480737
5270.00000000	-0.00118456786318	-0.0149726161653	0.0150194019806	-94.5235689239
5270.00000000	-0.00118468948055	-0.0149726547433	0.0150194500308	-94.5240198144
5270.00000000	-0.00118482687505	-0.0149726456420	0.0150194517957	-94.5245450486
5270.00000000	-0.00118498249830	-0.0149725912558	0.0150194098564	-94.5251532339
5270.00000000	-0.00118514795353	-0.0149724951032	0.0150193270584	-94.5258113852
5270.00000000	-0.00118531877910	-0.0149723758299	0.0150192216376	-94.5264969275
5270.00000000	-0.00118549634869	-0.0149722419586	0.0150191021988	-94.5272125224
5270.00000000	-0.00118568416239	-0.0149720919799	0.0150189675141	-94.5279719379
5270.00000000	-0.00118588489184	-0.0149719583546	0.0150188501540	-94.5287755598
5270.00000000	-0.00118610069773	-0.0149718984591	0.0150188074871	-94.5296143170
5270.00000000	-0.00118632938418	-0.0149719162343	0.0150188432688	-94.5304786587
5270.00000000	-0.00118655599091	-0.0149719660862	0.0150189108662	-94.5313254194
5270.00000000	-0.00118676657837	-0.0149720172690	0.0150189785277	-94.5321108506
5270.00000000	-0.00118695504088	-0.0149720703622	0.0150190463479	-94.5328115589
5270.00000000	-0.00118711782066	-0.0149721302255	0.0150191188893	-94.5334125500
5270.00000000	-0.00118725392055	-0.0149721868147	0.0150191860594	-94.5339130617
5270.00000000	-0.00118736393554	-0.0149722333960	0.0150192411918	-94.5343173893
5270.00000000	-0.00118744853659	-0.0149722771817	0.0150192915290	-94.5346259112
5270.00000000	-0.00118750477275	-0.0149723190514	0.0150193377139	-94.5348271414
5270.00000000	-0.00118753752408	-0.0149723253323	0.0150193465646	-94.5349497956
5270.00000000	-0.00118755508195	-0.0149722690380	0.0150192918348	-94.5350335457
5270.00000000	-0.00118756052005	-0.0149721767736	0.0150192002892	-94.5350820563
5270.00000000	-0.00118755864090	-0.0149720981233	0.0150191217367	-94.5350986340
5270.00000000	-0.00118755723869	-0.0149720588770	0.0150190825024	-94.5351051398
5270.00000000	-0.00118755776412	-0.0149720538592	0.0150190775418	-94.5351086515
5270.00000000	-0.00118755773183	-0.0149720813192	0.0150191049132	-94.5351002457
5270.00000000	-0.00118755990958	-0.0149721469170	0.0150191704779	-94.5350887406
5270.00000000	-0.00118756645573	-0.0149722432340	0.0150192670109	-94.5350845821
5274.00000000	-0.00367222421680	0.00577268280249	0.00684171743326	122.461999005
5274.00000000	-0.00367227423122	0.00577263283839	0.00684170212127	122.462576990
5274.00000000	-0.00367233633374	0.00577255684502	0.00684167133653	122.463357394
5274.00000000	-0.00367239564276	0.00577246079101	0.00684162212788	122.464208244
5274.00000000	-0.00367244042313	0.00577238788341	0.00684158465108	122.464852398
5274.00000000	-0.00367247086622	0.00577237062961	0.00684158643509	122.465145066
5274.00000000	-0.00367249544175	0.00577239429444	0.00684161959335	122.465212330
5274.00000000	-0.00367252635970	0.00577242925379	0.00684166568554	122.465273634
5274.00000000	-0.00367256758720	0.00577246837138	0.00684172082017	122.465389088
5274.00000000	-0.00367261068694	0.00577251447098	0.00684178285065	122.465486383
5274.00000000	-0.00367264755277	0.00577256094299	0.00684184184905	122.465537956
5274.00000000	-0.00367267902489	0.00577259204772	0.00684188498656	122.465620499
5274.00000000	-0.00367271262595	0.00577259924263	0.00684190909387	122.465825563
5274.00000000	-0.00367275532666	0.00577259003614	0.00684192424796	122.466168647
5274.00000000	-0.00367280904586	0.00577257790885	0.00684194285281	122.466602709
5274.00000000	-0.00367287342779	0.00577258055127	0.00684197964316	122.467045709
5274.00000000	-0.00367293957269	0.00577261085569	0.00684204071866	122.467376809
5274.00000000	-0.00367299912890	0.00577267711440	0.00684212859189	122.467499726
5274.00000000	-0.00367305797403	0.00577276294005	0.00684223259197	122.467529657
5274.00000000	-0.00367312162066	0.00577282516697	0.00684231925947	122.467699591
5274.00000000	-0.00367318138296	0.00577283386691	0.00684235868155	122.468082693
5274.00000000	-0.00367322230901	0.00577279282764	0.00684234602766	122.468556310
5274.00000000	-0.00367325113567	0.00577273231297	0.00684231044771	122.469031999
5274.00000000	-0.00367328678191	0.00577268396149	0.00684228879114	122.469501192
5274.00000000	-0.00367333122883	0.00577266340396	0.00684229530875	122.469907614
5274.00000000	-0.00367336741511	0.00577265514399	0.00684230776696	122.470200393
5274.00000000	-0.00367338390593	0.00577262065443	0.00684228752248	122.470471945
5274.00000000	-0.00367338883831	0.00577254553015	0.00684222679068	122.470844522
5274.00000000	-0.00367339727228	0.00577246972998	0.00684216736886	122.471244882
5274.00000000	-0.00367342506218	0.00577243910257	0.00684215644957	122.471578904
5274.00000000	-0.00367347929157	0.00577245017099	0.00684219490238	122.471912257
5274.00000000	-0.00367354558102	0.00577246121887	0.00684223981304	122.472330899
5274.00000000	-0.00367360548651	0.00577244518582	0.00684225844980	122.472826187
5274.00000000	-0.00367365350281	0.00577240963436	0.00684225423713	122.473325236
5274.00000000	-0.00367369412088	0.00577236868948	0.00684224150268	122.473796270
5274.00000000	-0.00367374173852	0.00577233311809	0.00684223706017	122.474292593
5274.00000000	-0.00367380478224	0.00577231145694	0.00684225263594	122.474835351
5274.00000000	-0.00367387557191	0.00577229012769	0.00684227265140	122.475431334
5274.00000000	-0.00367394576913	0.00577224824284	0.00684227500846	122.476115552
5274.00000000	-0.00367401442658	0.00577219587694	0.00684226769781	122.476836019
5274.00000000	-0.00367407787514	0.00577215094067	0.00684226385888	122.477486284
5274.00000000	-0.00367412745709	0.00577212231175	0.00684226633161	122.477965268
5274.00000000	-0.00367416757701	0.00577211664938	0.00684228309835	122.478274140
5274.00000000	-0.00367421158264	0.00577212192940	0.00684231118277	122.478561257
5274.00000000	-0.00367426037550	0.00577210602389	0.00684232396616	122.478977450
5274.00000000	-0.00367430391111	0.00577204839452	0.00684229872922	122.479544124
5274.00000000	-0.00367434476263	0.00577196256271	0.00684224826062	122.480218662
5274.00000000	-0.00367439192154	0.00577187266773	0.00684219775259	122.480956038
5274.00000000	-0.00367444391631	0.00577179000151	0.00684215594061	122.481695076
5274.00000000	-0.00367448291025	0.00577171285610	0.00684211180491	122.482317458
5274.00000000	-0.00367449157575	0.00577164774118	0.00684206153061	122.482671506
5274.00000000	-0.00367445928492	0.00577162080303	0.00684202146521	122.482564551
5274.00000000	-0.00367438640944	0.00577164812996	0.00684200538015	122.481926860
5274.00000000	-0.00367430032600	0.00577172178701	0.00684202128558	122.480987512
5274.00000000	-0.00367422747716	0.00577181617483	0.00684206178794	122.480048436
5274.00000000	-0.00367416939646	0.00577189893656	0.00684210041492	122.479265976
5274.00000000	-0.00367412636487	0.00577195812409	0.00684212723729	122.478695841
5274.00000000	-0.00367410250893	0.00577200445014	0.00684215350738	122.478319005
5274.00000000	-0.00367408726183	0.00577205796224	0.00684219046264	122.477970673
5274.00000000	-0.00367406179746	0.00577212000349	0.00684222912699	122.477511817
5274.00000000	-0.00367402112110	0.00577216533829	0.00684224552986	122.477020625
5274.00000000	-0.00367397838444	0.00577217326201	0.00684222926655	122.476683095
5274.00000000	-0.00367395164483	0.00577214168450	0.00684218826944	122.476636184
5274.00000000	-0.00367394339585	0.00577208201620	0.00684213350335	122.476846205
5274.00000000	-0.00367393867255	0.00577200957990	0.00684206985934	122.477138549
5274.00000000	-0.00367392705213	0.00577193984817	0.00684200479357	122.477370012
5274.00000000	-0.00367390701175	0.00577188622337	0.00684194879450	122.477469569
5274.00000000	-0.00367388156188	0.00577185720286	0.00684191064696	122.477420274
5274.00000000	-0.00367385102481	0.00577185048660	0.00684188858373	122.477234745
5274.00000000	-0.00367380604971	0.00577185381998	0.00684186724587	122.476902025
5274.00000000	-0.00367374900104	0.00577185098456	0.00684183422121	122.476511746
5274.00000000	-0.00367369188248	0.00577184034692	0.00684179457728	122.476156053
5274.00000000	-0.00367364509396	0.00577184447053	0.00684177293312	122.475806960
5274.00000000	-0.00367361523130	0.00577188364781	0.00684178994938	122.475419823
5274.00000000	-0.00367359234449	0.00577195560342	0.00684183836417	122.474934586
5274.00000000	-0.00367355986883	0.00577204711192	0.00684189812640	122.474293695
5274.00000000	-0.00367350793725	0.00577213844253	0.00684194729334	122.473516164
5274.00000000	-0.00367343643580	0.00577221950449	0.00684197729139	122.472646555
5274.00000000	-0.00367334713762	0.00577230035732	0.00684199755982	122.471652162
5274.00000000	-0.00367324319756	0.00577239223466	0.00684201927059	122.470504766
5274.00000000	-0.00367313945954	0.00577250040900	0.00684205484201	122.469285541
5274.00000000	-0.00367305060753	0.00577262191685	0.00684210965714	122.468111559
5274.00000000	-0.00367297262676	0.00577274809112	0.00684217424803	122.466993426
5274.00000000	-0.00367290074928	0.00577288110992	0.00684224789257	122.465887667
5274.00000000	-0.00367283769415	0.00577302272796	0.00684233353069	122.464805611
5274.00000000	-0.00367278887956	0.00577315295337	0.00684241720277	122.463875399
5274.00000000	-0.00367275779443	0.00577324628753	0.00684247926654	122.463236278
5274.00000000	-0.00367273575782	0.00577329080603	0.00684250500020	122.462880498
5274.00000000	-0.00367271465125	0.00577328109598	0.00684248547844	122.462775020
5274.00000000	-0.00367269759662	0.00577321577390	0.00684242120950	122.462948120
5274.00000000	-0.00367269039982	0.00577311192103	0.00684232972208	122.463364053
5274.00000000	-0.00367268874763	0.00577301444621	0.00684224659254	122.463790504
5274.00000000	-0.00367268197727	0.00577295885150	0.00684219605151	122.463992557
5274.00000000	-0.00367266670044	0.00577293744271	0.00684216978816	122.463980851
5274.00000000	-0.00367264621057	0.00577292296591	0.00684214657533	122.463901155
5274.00000000	-0.00367262151778	0.00577290302614	0.00684211649726	122.463816318
5274.00000000	-0.00367259833057	0.00577288619906	0.00684208985362	122.463728126
5274.00000000	-0.00367258525441	0.00577287664528	0.00684207477397	122.463678681
5274.00000000	-0.00367258630573	0.00577286394956	0.00684206462650	122.463743175
5274.00000000	-0.00367259944121	0.00577284233824	0.00684205344306	122.463933124
