DevNumber	X [V]	Y [V]	R [V]	Theta [°]
4253.00000000	0.00224004041028	0.00396048983542	0.00455008360101	60.5076381337
4253.00000000	0.00224003669823	0.00396050588551	0.00455009574389	60.5077783181
4253.00000000	0.00224001931624	0.00396050465026	0.00455008611148	60.5079611770
4253.00000000	0.00223999274264	0.00396048521386	0.00455005611133	60.5081319505
4253.00000000	0.00223996231327	0.00396045715819	0.00455001671060	60.5082915557
4253.00000000	0.00223993281237	0.00396042833951	0.00454997710284	60.5084362568
4253.00000000	0.00223990820590	0.00396040327449	0.00454994317190	60.5085505825
4253.00000000	0.00223989301325	0.00396039090840	0.00454992492885	60.5086404485
4253.00000000	0.00223989089609	0.00396039051594	0.00454992354498	60.5086612220
4253.00000000	0.00223990196875	0.00396039443308	0.00454993240556	60.5085641375
4253.00000000	0.00223991829284	0.00396039965770	0.00454994498948	60.5084175981
4253.00000000	0.00223993232154	0.00396041064523	0.00454996145961	60.5083319451
4253.00000000	0.00223994857798	0.00396042251362	0.00454997979318	60.5082273355
4253.00000000	0.00223997768466	0.00396042338226	0.00454999487852	60.5079136868
4253.00000000	0.00224002042564	0.00396041329250	0.00455000713787	60.5073826629
4253.00000000	0.00224006074508	0.00396039743573	0.00455001318575	60.5068424310
4253.00000000	0.00224008006648	0.00396037816329	0.00455000592313	60.5065111758
4253.00000000	0.00224007344906	0.00396035430129	0.00454998189545	60.5064357722
4253.00000000	0.00224005412608	0.00396032674123	0.00454994839367	60.5064767033
4253.00000000	0.00224004109001	0.00396030477445	0.00454992285555	60.5064834019
4253.00000000	0.00224003973211	0.00396030201191	0.00454991978247	60.5064811587
4253.00000000	0.00224004212137	0.00396032966410	0.00454994502757	60.5066264050
4253.00000000	0.00224004049271	0.00396037972091	0.00454998779590	60.5069545875
4253.00000000	0.00224003631467	0.00396043382038	0.00455003282809	60.5073357688
4253.00000000	0.00224003711017	0.00396048599119	0.00455007863024	60.5076504733
4253.00000000	0.00224004948876	0.00396053966242	0.00455013144092	60.5078475167
4253.00000000	0.00224006953199	0.00396058583164	0.00455018149506	60.5079140429
4253.00000000	0.00224008415274	0.00396060854867	0.00455020846634	60.5078946189
4253.00000000	0.00224009435882	0.00396060758965	0.00455021265609	60.5077768124
4253.00000000	0.00224010918482	0.00396059347715	0.00455020767121	60.5075268311
4253.00000000	0.00224012211956	0.00396057642537	0.00455019919693	60.5072793567
4253.00000000	0.00224012003174	0.00396055860322	0.00455018265635	60.5071917569
4253.00000000	0.00224010208146	0.00396053929219	0.00455015701052	60.5072687842
4253.00000000	0.00224008137298	0.00396052155470	0.00455013137644	60.5073857982
4253.00000000	0.00224007302200	0.00396051106588	0.00455011813548	60.5074123057
4253.00000000	0.00224008036906	0.00396050927284	0.00455012019183	60.5073206632
4253.00000000	0.00224009206418	0.00396051325849	0.00455012941867	60.5072171879
4253.00000000	0.00224008952663	0.00396052078962	0.00455013472463	60.5072916878
4253.00000000	0.00224006777490	0.00396052744437	0.00455012980845	60.5075713503
4253.00000000	0.00224003560916	0.00396052774549	0.00455011423517	60.5079257690
4253.00000000	0.00224000461901	0.00396052083611	0.00455009296459	60.5082226062
4253.00000000	0.00223998912110	0.00396051038997	0.00455007624241	60.5083277160
4253.00000000	0.00223999147170	0.00396049563917	0.00455006456011	60.5082105093
4253.00000000	0.00223999854511	0.00396048114752	0.00455005542845	60.5080431434
4253.00000000	0.00224000115752	0.00396047334915	0.00455004992665	60.5079661657
4253.00000000	0.00223999600586	0.00396046241465	0.00455003787282	60.5079548459
4253.00000000	0.00223998397343	0.00396043513016	0.00455000820015	60.5079175858
4253.00000000	0.00223996406660	0.00396039220871	0.00454996104011	60.5078696964
4253.00000000	0.00223993579756	0.00396035222567	0.00454991232098	60.5079316804
4253.00000000	0.00223990681911	0.00396032670460	0.00454987584066	60.5080910984
4253.00000000	0.00223988312727	0.00396031513508	0.00454985410678	60.5082790635
4253.00000000	0.00223987167282	0.00396031571983	0.00454984897678	60.5084082431
4253.00000000	0.00223988020505	0.00396032389324	0.00454986029152	60.5083653902
4253.00000000	0.00223990460519	0.00396033139456	0.00454987883301	60.5081444406
4253.00000000	0.00223993290938	0.00396033291235	0.00454989408835	60.5078436058
4253.00000000	0.00223996298569	0.00396033218600	0.00454990826289	60.5075094362
4253.00000000	0.00223999140054	0.00396033383954	0.00454992369113	60.5072082341
4253.00000000	0.00224000536021	0.00396033685265	0.00454993318635	60.5070739038
4253.00000000	0.00223999886987	0.00396034508951	0.00454993716056	60.5071961083
4253.00000000	0.00223998456437	0.00396036349222	0.00454994613585	60.5074669968
4253.00000000	0.00223997836369	0.00396039006264	0.00454996621065	60.5076996835
4253.00000000	0.00223998329088	0.00396041910538	0.00454999391579	60.5078257243
4253.00000000	0.00223999880905	0.00396045151558	0.00455002976604	60.5078565545
4253.00000000	0.00224002280144	0.00396048567862	0.00455007131390	60.5078053678
4253.00000000	0.00224004973366	0.00396051400484	0.00455010922856	60.5076857765
4253.00000000	0.00224007345053	0.00396052885300	0.00455013382872	60.5075178754
4253.00000000	0.00224008782086	0.00396052596908	0.00455013839316	60.5073424926
4253.00000000	0.00224008838818	0.00396050658964	0.00455012180425	60.5072161362
4253.00000000	0.00224007647650	0.00396047612710	0.00455008942482	60.5071578469
4253.00000000	0.00224005898133	0.00396044600453	0.00455005459249	60.5071628625
4253.00000000	0.00224003988039	0.00396043450678	0.00455003518099	60.5073009415
4253.00000000	0.00224002219742	0.00396045014138	0.00455004008414	60.5075916828
4253.00000000	0.00224001574103	0.00396047886887	0.00455006191066	60.5078405390
4253.00000000	0.00224003033562	0.00396050139832	0.00455008870579	60.5078202389
4253.00000000	0.00224006399336	0.00396051602959	0.00455011801111	60.5075420350
4253.00000000	0.00224010253203	0.00396053145692	0.00455015041237	60.5072152731
4253.00000000	0.00224013217184	0.00396054913612	0.00455018039280	60.5070000094
4253.00000000	0.00224015298228	0.00396056019726	0.00455020026594	60.5068404931
4253.00000000	0.00224017126229	0.00396055499584	0.00455020473819	60.5066078960
4253.00000000	0.00224018748521	0.00396053707410	0.00455019712587	60.5063189876
4253.00000000	0.00224019932378	0.00396052267721	0.00455019042315	60.5060999834
4253.00000000	0.00224020459585	0.00396052750924	0.00455019722460	60.5060721565
4253.00000000	0.00224020537777	0.00396054628858	0.00455021395525	60.5061800070
4253.00000000	0.00224020545139	0.00396056163359	0.00455022734794	60.5062743290
4253.00000000	0.00224020601503	0.00396057201783	0.00455023666398	60.5063325267
4253.00000000	0.00224020561602	0.00396058591656	0.00455024856514	60.5064230619
4253.00000000	0.00224019918162	0.00396060345887	0.00455026066635	60.5066023322
4253.00000000	0.00224018196823	0.00396062033964	0.00455026688509	60.5068956385
4253.00000000	0.00224015702220	0.00396063661081	0.00455026876645	60.5072699151
4253.00000000	0.00224013408543	0.00396065013808	0.00455026924884	60.5076051604
4253.00000000	0.00224011988014	0.00396065581911	0.00455026720038	60.5077960688
4253.00000000	0.00224011028713	0.00396065518652	0.00455026192708	60.5078972882
4253.00000000	0.00224010238048	0.00396065341664	0.00455025649406	60.5079729751
4253.00000000	0.00224009965922	0.00396065154894	0.00455025352869	60.5079912228
4253.00000000	0.00224009998491	0.00396064541877	0.00455024835318	60.5079496525
4253.00000000	0.00224009583058	0.00396062950932	0.00455023246003	60.5078965623
4253.00000000	0.00224009116836	0.00396060322505	0.00455020728636	60.5077847243
4253.00000000	0.00224009524172	0.00396057326930	0.00455018321757	60.5075543804
4253.00000000	0.00224010528738	0.00396054802220	0.00455016618759	60.5072877655
4253.00000000	0.00224011664845	0.00396053398983	0.00455015956680	60.5070762545
5260.00000000	-0.000438001662099	-0.00147814563381	0.00154167440491	-106.505522511
5260.00000000	-0.000437996258845	-0.00147814624123	0.00154167345220	-106.505323562
5260.00000000	-0.000437997223169	-0.00147814829405	0.00154167569440	-106.505336249
5260.00000000	-0.000437999864151	-0.00147814661483	0.00154167483469	-106.505448086
5260.00000000	-0.000437999762351	-0.00147813772761	0.00154166628477	-106.505538296
5260.00000000	-0.000438001758785	-0.00147811626937	0.00154164627800	-106.505836014
5260.00000000	-0.000438013400271	-0.00147808235022	0.00154161706427	-106.506609016
5260.00000000	-0.000438030881747	-0.00147805070663	0.00154159169196	-106.507566123
5260.00000000	-0.000438041315672	-0.00147803620894	0.00154158075662	-106.508091041
5260.00000000	-0.000438038771495	-0.00147803903038	0.00154158273883	-106.507970582
5260.00000000	-0.000438028000572	-0.00147805686952	0.00154159678218	-106.507398370
5260.00000000	-0.000438017725926	-0.00147808206341	0.00154161801832	-106.506766186
5260.00000000	-0.000438011742123	-0.00147809812183	0.00154163171478	-106.506383385
5260.00000000	-0.000438011603674	-0.00147810154433	0.00154163495689	-106.506342312
5260.00000000	-0.000438017567770	-0.00147810044376	0.00154163559622	-106.506566457
5260.00000000	-0.000438026756687	-0.00147809898991	0.00154163681312	-106.506909246
5260.00000000	-0.000438036752213	-0.00147809991845	0.00154164054345	-106.507255618
5260.00000000	-0.000438045442332	-0.00147810505744	0.00154164793983	-106.507511010
5260.00000000	-0.000438051005669	-0.00147811041564	0.00154165465796	-106.507652666
5260.00000000	-0.000438056402313	-0.00147811226021	0.00154165795992	-106.507825487
5260.00000000	-0.000438059408996	-0.00147811224062	0.00154165879548	-106.507932831
5260.00000000	-0.000438051248183	-0.00147811020847	0.00154165452823	-106.507663496
5260.00000000	-0.000438031871634	-0.00147810004601	0.00154163927901	-106.507080358
5260.00000000	-0.000438011067683	-0.00147807811832	0.00154161234403	-106.506570584
5260.00000000	-0.000437999523070	-0.00147805114098	0.00154158319839	-106.506444072
5260.00000000	-0.000438001928126	-0.00147803153156	0.00154156508047	-106.506736855
5260.00000000	-0.000438015234933	-0.00147802517949	0.00154156277110	-106.507278130
5260.00000000	-0.000438030159401	-0.00147802637723	0.00154156816014	-106.507797319
5260.00000000	-0.000438040229787	-0.00147803252721	0.00154157691809	-106.508091228
5260.00000000	-0.000438044416967	-0.00147804802656	0.00154159296834	-106.508076749
5260.00000000	-0.000438040692798	-0.00147807088658	0.00154161382788	-106.507702622
5260.00000000	-0.000438024884037	-0.00147809304657	0.00154163058265	-106.506905277
5260.00000000	-0.000437999292315	-0.00147810478996	0.00154163457090	-106.505869337
5260.00000000	-0.000437977547447	-0.00147810045577	0.00154162423742	-106.505140241
5260.00000000	-0.000437975063249	-0.00147809001303	0.00154161351922	-106.505161981
5260.00000000	-0.000437988912843	-0.00147808695713	0.00154161452400	-106.505687774
5260.00000000	-0.000438004696832	-0.00147809728888	0.00154162891444	-106.506141129
5260.00000000	-0.000438011855138	-0.00147812022319	0.00154165293742	-106.506154034
5260.00000000	-0.000438008682572	-0.00147814622359	0.00154167696497	-106.505766445
5260.00000000	-0.000437997123943	-0.00147816551192	0.00154169217459	-106.505150918
5260.00000000	-0.000437980029399	-0.00147817573433	0.00154169711932	-106.504433861
5260.00000000	-0.000437970047196	-0.00147817917247	0.00154169757999	-106.504041867
5260.00000000	-0.000437979615346	-0.00147817485090	0.00154169615466	-106.504428434
5260.00000000	-0.000438001044685	-0.00147816073384	0.00154168870730	-106.505341074
5260.00000000	-0.000438015227445	-0.00147814202950	0.00154167480320	-106.506043944
5260.00000000	-0.000438016096623	-0.00147812793557	0.00154166153705	-106.506223736
5260.00000000	-0.000438008793462	-0.00147811944481	0.00154165132124	-106.506053155
5260.00000000	-0.000437997849820	-0.00147811260447	0.00154164165354	-106.505735420
5260.00000000	-0.000437986558210	-0.00147811353164	0.00154163933447	-106.505323266
5260.00000000	-0.000437979021359	-0.00147812711347	0.00154165021543	-106.504911291
5260.00000000	-0.000437977628350	-0.00147814502016	0.00154166698854	-106.504672587
5260.00000000	-0.000437981875999	-0.00147815465837	0.00154167743636	-106.504722182
5260.00000000	-0.000437992660188	-0.00147815337982	0.00154167927425	-106.505119957
5260.00000000	-0.000438012075656	-0.00147814323497	0.00154167506353	-106.505918907
5260.00000000	-0.000438040414900	-0.00147812976904	0.00154167020442	-106.507070912
5260.00000000	-0.000438071718524	-0.00147812227123	0.00154167191039	-106.508265528
5260.00000000	-0.000438094508227	-0.00147812843162	0.00154168429275	-106.509012524
5260.00000000	-0.000438104379081	-0.00147814709951	0.00154170499602	-106.509167095
5260.00000000	-0.000438102123464	-0.00147816672944	0.00154172317574	-106.508879418
5260.00000000	-0.000438095576894	-0.00147816885544	0.00154172335381	-106.508623703
5260.00000000	-0.000438089280320	-0.00147814522196	0.00154169890534	-106.508648925
5260.00000000	-0.000438080601522	-0.00147810388410	0.00154165680540	-106.508776235
5260.00000000	-0.000438075056787	-0.00147806409562	0.00154161708155	-106.508998868
5260.00000000	-0.000438083243728	-0.00147804062011	0.00154159690034	-106.509538540
5260.00000000	-0.000438102833412	-0.00147803111462	0.00154159335378	-106.510337000
5260.00000000	-0.000438117441989	-0.00147802910093	0.00154159557478	-106.510878833
5260.00000000	-0.000438114486364	-0.00147802705761	0.00154159277573	-106.510795095
5260.00000000	-0.000438095636393	-0.00147802065841	0.00154158128339	-106.510190981
5260.00000000	-0.000438068435987	-0.00147801460509	0.00154156774988	-106.509285638
5260.00000000	-0.000438038705883	-0.00147801701427	0.00154156161159	-106.508200757
5260.00000000	-0.000438010828016	-0.00147803038400	0.00154156650894	-106.507066125
5260.00000000	-0.000437993019511	-0.00147804962659	0.00154157989861	-106.506228309
5260.00000000	-0.000437992021761	-0.00147806815787	0.00154159738273	-106.505997069
5260.00000000	-0.000438003481369	-0.00147808326724	0.00154161512531	-106.506245879
5260.00000000	-0.000438016209550	-0.00147809429432	0.00154162931431	-106.506582995
5260.00000000	-0.000438025750463	-0.00147809915522	0.00154163668571	-106.506871645
5260.00000000	-0.000438034927395	-0.00147809786323	0.00154163805444	-106.507212297
5260.00000000	-0.000438046442386	-0.00147809282649	0.00154163649717	-106.507675807
5260.00000000	-0.000438060414261	-0.00147808727536	0.00154163514494	-106.508232299
5260.00000000	-0.000438069051290	-0.00147808146290	0.00154163202635	-106.508601452
5260.00000000	-0.000438064532818	-0.00147806874405	0.00154161854784	-106.508574765
5260.00000000	-0.000438049656882	-0.00147804634286	0.00154159284298	-106.508281253
5260.00000000	-0.000438033085540	-0.00147802609060	0.00154156871677	-106.507904619
5260.00000000	-0.000438021949269	-0.00147802587559	0.00154156534631	-106.507510046
5260.00000000	-0.000438020303642	-0.00147804762033	0.00154158572722	-106.507221767
5260.00000000	-0.000438025197311	-0.00147807476701	0.00154161314549	-106.507109474
5260.00000000	-0.000438027690222	-0.00147808772613	0.00154162627881	-106.507061457
5260.00000000	-0.000438027032745	-0.00147808159226	0.00154162021095	-106.507102802
5260.00000000	-0.000438027538552	-0.00147806741222	0.00154160675906	-106.507270571
5260.00000000	-0.000438030770194	-0.00147805775472	0.00154159841785	-106.507487716
5260.00000000	-0.000438036475351	-0.00147805971782	0.00154160192111	-106.507670285
5260.00000000	-0.000438043209043	-0.00147807265201	0.00154161623552	-106.507773643
5260.00000000	-0.000438046414768	-0.00147808965280	0.00154163344645	-106.507708339
5260.00000000	-0.000438042512745	-0.00147810251834	0.00154164467297	-106.507433432
5260.00000000	-0.000438036728507	-0.00147810843828	0.00154164870539	-106.507164804
5260.00000000	-0.000438034477586	-0.00147811051133	0.00154165005344	-106.507062705
5260.00000000	-0.000438034601707	-0.00147811261316	0.00154165210391	-106.507044933
5260.00000000	-0.000438036064253	-0.00147811300165	0.00154165289194	-106.507092946
5260.00000000	-0.000438034812307	-0.00147810383922	0.00154164375143	-106.507145089
5260.00000000	-0.000438032565370	-0.00147808315651	0.00154162328274	-106.507283434
5270.00000000	-0.00219006606169	-0.00808929145704	0.00838051464001	-105.148896326
5270.00000000	-0.00219003987113	-0.00808932578288	0.00838054092876	-105.148662162
5270.00000000	-0.00218999840168	-0.00808931915078	0.00838052369023	-105.148400345
5270.00000000	-0.00218995338128	-0.00808928128010	0.00838047537081	-105.148170904
5270.00000000	-0.00218990098793	-0.00808922527943	0.00838040762482	-105.147925194
5270.00000000	-0.00218983758564	-0.00808915555919	0.00838032375939	-105.147631338
5270.00000000	-0.00218977125718	-0.00808908681886	0.00838024007543	-105.147316414
5270.00000000	-0.00218971943976	-0.00808905067954	0.00838019165181	-105.147039009
5270.00000000	-0.00218970170129	-0.00808905246875	0.00838018874387	-105.146918747
5270.00000000	-0.00218972144995	-0.00808905995458	0.00838020112987	-105.147035705
5270.00000000	-0.00218975962012	-0.00808905108300	0.00838020254035	-105.147303459
5270.00000000	-0.00218979168802	-0.00808903542226	0.00838019580318	-105.147543069
5270.00000000	-0.00218981165659	-0.00808902057252	0.00838018668730	-105.147701382
5270.00000000	-0.00218982702605	-0.00808900026220	0.00838017109884	-105.147839099
5270.00000000	-0.00218983941072	-0.00808897138234	0.00838014645869	-105.147972429
5270.00000000	-0.00218984718639	-0.00808894285840	0.00838012095773	-105.148074706
5270.00000000	-0.00218985316563	-0.00808892245353	0.00838010282432	-105.148150623
5270.00000000	-0.00218985793150	-0.00808890330888	0.00838008559029	-105.148216280
5270.00000000	-0.00218986067916	-0.00808887572072	0.00838005967875	-105.148283705
5270.00000000	-0.00218986120872	-0.00808885358359	0.00838003844921	-105.148326751
5270.00000000	-0.00218985071104	-0.00808886098810	0.00838004285320	-105.148244241
5270.00000000	-0.00218982359418	-0.00808891177293	0.00838008478739	-105.147974547
5270.00000000	-0.00218978961327	-0.00808899393287	0.00838015521315	-105.147603501
5270.00000000	-0.00218976432045	-0.00808907395808	0.00838022584889	-105.147293612
5270.00000000	-0.00218975822858	-0.00808913137718	0.00838027968130	-105.147150829
5270.00000000	-0.00218977047268	-0.00808916630552	0.00838031659553	-105.147169234
5270.00000000	-0.00218979240747	-0.00808917999233	0.00838033553840	-105.147289539
5270.00000000	-0.00218981322709	-0.00808917057368	0.00838033188720	-105.147443762
5270.00000000	-0.00218982866972	-0.00808915090896	0.00838031694095	-105.147580806
5270.00000000	-0.00218984114188	-0.00808913728129	0.00838030704582	-105.147687461
5270.00000000	-0.00218985372407	-0.00808913010862	0.00838030341020	-105.147783311
5270.00000000	-0.00218987684827	-0.00808912572410	0.00838030522062	-105.147943750
5270.00000000	-0.00218991486422	-0.00808912840537	0.00838031774284	-105.148189842
5270.00000000	-0.00218995053018	-0.00808915046097	0.00838034835223	-105.148385810
5270.00000000	-0.00218996362510	-0.00808918501862	0.00838038513105	-105.148410486
5270.00000000	-0.00218995028653	-0.00808920414797	0.00838040011008	-105.148288284
5270.00000000	-0.00218991636662	-0.00808919706517	0.00838038440955	-105.148077089
5270.00000000	-0.00218986095583	-0.00808917288121	0.00838034658639	-105.147754620
5270.00000000	-0.00218979087763	-0.00808914465448	0.00838030102853	-105.147342574
5270.00000000	-0.00218972682741	-0.00808912275461	0.00838026315325	-105.146959002
5270.00000000	-0.00218968153177	-0.00808911782300	0.00838024655752	-105.146668885
5270.00000000	-0.00218965744371	-0.00808913836846	0.00838026009530	-105.146473213
5270.00000000	-0.00218965734268	-0.00808917614885	0.00838029653685	-105.146405055
5270.00000000	-0.00218967308271	-0.00808921672360	0.00838033981474	-105.146436447
5270.00000000	-0.00218968876301	-0.00808924880146	0.00838037487531	-105.146482624
5270.00000000	-0.00218970121428	-0.00808924994685	0.00838037923428	-105.146562749
5270.00000000	-0.00218971054922	-0.00808920170492	0.00838033510740	-105.146710534
5270.00000000	-0.00218969971632	-0.00808911273895	0.00838024640158	-105.146797976
5270.00000000	-0.00218964750250	-0.00808901051861	0.00838013408934	-105.146636002
5270.00000000	-0.00218956796720	-0.00808891903748	0.00838002500461	-105.146274526
5270.00000000	-0.00218950004027	-0.00808885921203	0.00837994950930	-105.145933103
5270.00000000	-0.00218947417070	-0.00808884792414	0.00837993185438	-105.145782535
5270.00000000	-0.00218949741392	-0.00808888866777	0.00837997725565	-105.145863149
5270.00000000	-0.00218954847244	-0.00808896167934	0.00838006107156	-105.146069691
5270.00000000	-0.00218959835830	-0.00808903631586	0.00838014614968	-105.146265586
5270.00000000	-0.00218963160180	-0.00808909409347	0.00838021060622	-105.146381763
5270.00000000	-0.00218964392061	-0.00808913024082	0.00838024871660	-105.146398487
5270.00000000	-0.00218963580338	-0.00808915280913	0.00838026838000	-105.146304601
5270.00000000	-0.00218961517000	-0.00808917956793	0.00838028881811	-105.146120630
5270.00000000	-0.00218959972992	-0.00808921295112	0.00838031700747	-105.145959099
5270.00000000	-0.00218959940898	-0.00808923802873	0.00838034113012	-105.145912184
5270.00000000	-0.00218960887318	-0.00808924432099	0.00838034967660	-105.145963402
5270.00000000	-0.00218961780741	-0.00808924556721	0.00838035321386	-105.146020137
5270.00000000	-0.00218962017505	-0.00808925668783	0.00838036456681	-105.146015897
5270.00000000	-0.00218961817448	-0.00808927572585	0.00838038242079	-105.145968686
5270.00000000	-0.00218960566891	-0.00808929549204	0.00838039823295	-105.145850848
5270.00000000	-0.00218956873526	-0.00808930849492	0.00838040113434	-105.145583881
5270.00000000	-0.00218951430608	-0.00808931758208	0.00838039568518	-105.145208448
5270.00000000	-0.00218946947090	-0.00808933281593	0.00838039867613	-105.144885351
5270.00000000	-0.00218944730701	-0.00808935114610	0.00838041057915	-105.144706341
5270.00000000	-0.00218943837504	-0.00808936944041	0.00838042590454	-105.144614718
5270.00000000	-0.00218943185025	-0.00808939695778	0.00838045076160	-105.144522508
5270.00000000	-0.00218942962245	-0.00808944121274	0.00838049289756	-105.144428760
5270.00000000	-0.00218943638996	-0.00808949246195	0.00838054413494	-105.144381883
5270.00000000	-0.00218944600738	-0.00808952815678	0.00838058110268	-105.144381597
5270.00000000	-0.00218944187230	-0.00808953928152	0.00838059076076	-105.144334438
5270.00000000	-0.00218941461031	-0.00808952850981	0.00838057324095	-105.144173767
5270.00000000	-0.00218938026203	-0.00808949617938	0.00838053305990	-105.144004837
5270.00000000	-0.00218936021977	-0.00808944818086	0.00838048149229	-105.143958300
5270.00000000	-0.00218935551742	-0.00808939958604	0.00838043335659	-105.144014062
5270.00000000	-0.00218935531142	-0.00808937833202	0.00838041278686	-105.144050664
5270.00000000	-0.00218934523065	-0.00808939947827	0.00838043056519	-105.143946368
5270.00000000	-0.00218932239269	-0.00808945840558	0.00838048147988	-105.143690402
5270.00000000	-0.00218929998465	-0.00808953882822	0.00838055325596	-105.143398886
5270.00000000	-0.00218929251856	-0.00808961735836	0.00838062710878	-105.143209361
5270.00000000	-0.00218929273623	-0.00808967778837	0.00838068549730	-105.143102872
5270.00000000	-0.00218927766743	-0.00808971079517	0.00838071342157	-105.142944482
5270.00000000	-0.00218923498978	-0.00808972126604	0.00838071238038	-105.142644142
5270.00000000	-0.00218917246491	-0.00808972739167	0.00838070196062	-105.142220585
5270.00000000	-0.00218909980651	-0.00808974521712	0.00838070018798	-105.141709259
5270.00000000	-0.00218902082385	-0.00808978249156	0.00838071553795	-105.141121467
5270.00000000	-0.00218893423147	-0.00808983204214	0.00838074075125	-105.140461538
5270.00000000	-0.00218884199351	-0.00808988476659	0.00838076755490	-105.139758689
5270.00000000	-0.00218874671526	-0.00808993310032	0.00838078932746	-105.139043620
5270.00000000	-0.00218864749173	-0.00808996422426	0.00838079345843	-105.138333244
5270.00000000	-0.00218854869547	-0.00808996855361	0.00838077183742	-105.137673525
5270.00000000	-0.00218846421594	-0.00808995033312	0.00838073218858	-105.137148541
5270.00000000	-0.00218840716863	-0.00808992159176	0.00838068954780	-105.136823372
5270.00000000	-0.00218837438361	-0.00808988468106	0.00838064535675	-105.136672902
5270.00000000	-0.00218835206095	-0.00808984548650	0.00838060169309	-105.136595554
5274.00000000	0.000431246486002	-0.000131640470900	0.000450891056984	-16.9751113741
5274.00000000	0.000431236263423	-0.000131628675588	0.000450877836146	-16.9740570413
5274.00000000	0.000431234857616	-0.000131604964586	0.000450869569972	-16.9712273015
5274.00000000	0.000431237286057	-0.000131583617884	0.000450865662233	-16.9685426297
5274.00000000	0.000431239597494	-0.000131580457608	0.000450866950742	-16.9680727826
5274.00000000	0.000431241230826	-0.000131594848994	0.000450872713131	-16.9697614170
5274.00000000	0.000431241955220	-0.000131614391941	0.000450879110303	-16.9721098521
5274.00000000	0.000431241939763	-0.000131633634284	0.000450884712854	-16.9744491333
5274.00000000	0.000431245487655	-0.000131653083509	0.000450893784632	-16.9766812890
5274.00000000	0.000431255528830	-0.000131665371748	0.000450906976286	-16.9778021437
5274.00000000	0.000431266984098	-0.000131666666989	0.000450918310527	-16.9775345252
5274.00000000	0.000431274145205	-0.000131661057655	0.000450923521703	-16.9765871554
5274.00000000	0.000431275755797	-0.000131651876626	0.000450922381522	-16.9754116629
5274.00000000	0.000431272709557	-0.000131646106332	0.000450917783328	-16.9748234166
5274.00000000	0.000431268078857	-0.000131646494474	0.000450913467695	-16.9750423732
5274.00000000	0.000431260078319	-0.000131647262956	0.000450906040096	-16.9754325738
5274.00000000	0.000431246362514	-0.000131647086954	0.000450892870519	-16.9759200410
5274.00000000	0.000431235424676	-0.000131645982537	0.000450882086818	-16.9761916283
5274.00000000	0.000431233440359	-0.000131642741203	0.000450879242586	-16.9758713053
5274.00000000	0.000431238836516	-0.000131642419675	0.000450884309749	-16.9756320209
5274.00000000	0.000431251892909	-0.000131649579559	0.000450898887707	-16.9760177945
5274.00000000	0.000431273188480	-0.000131660445901	0.000450922428048	-16.9765483057
5274.00000000	0.000431294894964	-0.000131663833356	0.000450944177738	-16.9761546793
5274.00000000	0.000431307454848	-0.000131653153057	0.000450953072189	-16.9743908943
5274.00000000	0.000431310289881	-0.000131630172095	0.000450949075133	-16.9714930679
5274.00000000	0.000431310278101	-0.000131601755564	0.000450940770017	-16.9680401873
5274.00000000	0.000431308990998	-0.000131575663499	0.000450931924952	-16.9649169572
5274.00000000	0.000431304411247	-0.000131556523672	0.000450921960080	-16.9627606084
5274.00000000	0.000431299337616	-0.000131546176295	0.000450914088410	-16.9616910980
5274.00000000	0.000431297849516	-0.000131544887475	0.000450912289052	-16.9615896190
5274.00000000	0.000431298924565	-0.000131555058754	0.000450916284707	-16.9627859647
5274.00000000	0.000431296540952	-0.000131577556249	0.000450920568998	-16.9656085838
5274.00000000	0.000431290889720	-0.000131606705750	0.000450923670430	-16.9693607500
5274.00000000	0.000431288136954	-0.000131629586309	0.000450927716013	-16.9722435054
5274.00000000	0.000431287982663	-0.000131635006187	0.000450929150581	-16.9729078928
5274.00000000	0.000431285455761	-0.000131625667759	0.000450924007749	-16.9718667355
5274.00000000	0.000431279211166	-0.000131611450921	0.000450913885346	-16.9703705524
5274.00000000	0.000431274321956	-0.000131599722472	0.000450905785873	-16.9691264667
5274.00000000	0.000431275934489	-0.000131596677438	0.000450906439500	-16.9686965844
5274.00000000	0.000431282769876	-0.000131607056812	0.000450916006585	-16.9697045425
5274.00000000	0.000431290878289	-0.000131629326956	0.000450930262247	-16.9721103101
5274.00000000	0.000431301559829	-0.000131659733696	0.000450949355236	-16.9754092438
5274.00000000	0.000431313379952	-0.000131687093415	0.000450968648908	-16.9782954040
5274.00000000	0.000431317475272	-0.000131697481926	0.000450975599363	-16.9794057902
5274.00000000	0.000431310815485	-0.000131689391362	0.000450966867243	-16.9786697775
5274.00000000	0.000431299281015	-0.000131672037642	0.000450950768157	-16.9769889492
5274.00000000	0.000431287624646	-0.000131653676700	0.000450934258802	-16.9751901210
5274.00000000	0.000431283263755	-0.000131636237795	0.000450924996753	-16.9732326022
5274.00000000	0.000431290171908	-0.000131618596575	0.000450926454479	-16.9708324638
5274.00000000	0.000431303687519	-0.000131601016550	0.000450934250666	-16.9681947612
5274.00000000	0.000431316467644	-0.000131583329789	0.000450941313187	-16.9655714466
5274.00000000	0.000431320926958	-0.000131571461468	0.000450942115470	-16.9639637786
5274.00000000	0.000431316555143	-0.000131574332773	0.000450938771659	-16.9644748013
5274.00000000	0.000431307128091	-0.000131593393467	0.000450935316809	-16.9671407583
5274.00000000	0.000431295498578	-0.000131621225270	0.000450932316468	-16.9709543722
5274.00000000	0.000431289833879	-0.000131646105365	0.000450934161342	-16.9741880654
5274.00000000	0.000431297935507	-0.000131660586322	0.000450946137763	-16.9756473024
5274.00000000	0.000431313045630	-0.000131664837871	0.000450961830827	-16.9756034280
5274.00000000	0.000431318202987	-0.000131665348620	0.000450966912594	-16.9754741828
5274.00000000	0.000431310283773	-0.000131665914253	0.000450959503575	-16.9758366780
5274.00000000	0.000431299704915	-0.000131661487914	0.000450948093309	-16.9756912262
5274.00000000	0.000431291837794	-0.000131643987435	0.000450935459656	-16.9738563517
5274.00000000	0.000431286559715	-0.000131614552916	0.000450921819311	-16.9704750049
5274.00000000	0.000431279299128	-0.000131584874444	0.000450906213130	-16.9671373182
5274.00000000	0.000431268410251	-0.000131562166955	0.000450889172030	-16.9647812021
5274.00000000	0.000431257098390	-0.000131546449311	0.000450873766411	-16.9632901974
5274.00000000	0.000431248318016	-0.000131535526491	0.000450862181294	-16.9622880615
5274.00000000	0.000431239210445	-0.000131529080504	0.000450851589376	-16.9618421887
5274.00000000	0.000431232624205	-0.000131529857249	0.000450845516255	-16.9621807933
5274.00000000	0.000431238190635	-0.000131536813338	0.000450852869931	-16.9628199615
5274.00000000	0.000431257011313	-0.000131543281403	0.000450872758867	-16.9629083711
5274.00000000	0.000431282199081	-0.000131543420813	0.000450896891544	-16.9619915242
5274.00000000	0.000431305553152	-0.000131537509980	0.000450917505439	-16.9604074120
5274.00000000	0.000431323117942	-0.000131533726978	0.000450933202819	-16.9592966106
5274.00000000	0.000431334333234	-0.000131534791894	0.000450944241015	-16.9590103748
5274.00000000	0.000431343064508	-0.000131535826763	0.000450952894459	-16.9588125582
5274.00000000	0.000431353747047	-0.000131532120373	0.000450962031418	-16.9579662443
5274.00000000	0.000431365700640	-0.000131524443272	0.000450971226207	-16.9565903213
5274.00000000	0.000431371744015	-0.000131518975744	0.000450975412318	-16.9557019513
5274.00000000	0.000431368514371	-0.000131515885247	0.000450971421781	-16.9554460368
5274.00000000	0.000431361604632	-0.000131507883043	0.000450962478764	-16.9547295526
5274.00000000	0.000431357580422	-0.000131496201499	0.000450955223051	-16.9534589735
5274.00000000	0.000431357601366	-0.000131491631812	0.000450953910608	-16.9529028295
5274.00000000	0.000431356932150	-0.000131500917987	0.000450955978278	-16.9540561977
5274.00000000	0.000431353724631	-0.000131517644681	0.000450957788064	-16.9562078570
5274.00000000	0.000431347121301	-0.000131529714982	0.000450954992187	-16.9579194540
5274.00000000	0.000431330076644	-0.000131531027609	0.000450939071540	-16.9587106436
5274.00000000	0.000431305472044	-0.000131524990161	0.000450913775851	-16.9588887671
5274.00000000	0.000431288679698	-0.000131514497764	0.000450894653281	-16.9582358689
5274.00000000	0.000431286521523	-0.000131497991924	0.000450887774870	-16.9563096109
5274.00000000	0.000431296100223	-0.000131475745137	0.000450890449696	-16.9532505669
5274.00000000	0.000431313335606	-0.000131455804866	0.000450901122315	-16.9501882663
5274.00000000	0.000431332209797	-0.000131449560911	0.000450917356366	-16.9487301589
5274.00000000	0.000431348280933	-0.000131459199464	0.000450935539283	-16.9493063651
5274.00000000	0.000431360958017	-0.000131475499569	0.000450952417766	-16.9508178608
5274.00000000	0.000431369687629	-0.000131485023930	0.000450963545005	-16.9516520143
5274.00000000	0.000431373238475	-0.000131479725893	0.000450965396891	-16.9508766014
5274.00000000	0.000431369052522	-0.000131461493138	0.000450956077298	-16.9488157583
5274.00000000	0.000431354078805	-0.000131441949230	0.000450936056796	-16.9469950021
5274.00000000	0.000431332172140	-0.000131436627483	0.000450913550214	-16.9471595344
