DevNumber	X [V]	Y [V]	R [V]	Theta [°]
4253.00000000	-0.00239820044417	-0.00530256095480	0.00581966648956	-114.335913052
4253.00000000	-0.00239820121359	-0.00530255657832	0.00581966281902	-114.335937710
4253.00000000	-0.00239819382353	-0.00530255573643	0.00581965900660	-114.335874834
4253.00000000	-0.00239819398000	-0.00530255935304	0.00581966236634	-114.335861564
4253.00000000	-0.00239820601087	-0.00530257586515	0.00581968236902	-114.335902495
4253.00000000	-0.00239822765408	-0.00530260620260	0.00581971892969	-114.335973562
4253.00000000	-0.00239825580307	-0.00530263931982	0.00581976070411	-114.336091709
4253.00000000	-0.00239828108578	-0.00530266278154	0.00581979249983	-114.336223316
4253.00000000	-0.00239829015680	-0.00530266730876	0.00581980036287	-114.336286317
4253.00000000	-0.00239827720911	-0.00530266386138	0.00581979188618	-114.336184160
4253.00000000	-0.00239824704277	-0.00530267411797	0.00581978880025	-114.335871951
4253.00000000	-0.00239820470636	-0.00530269806451	0.00581979317304	-114.335395034
4253.00000000	-0.00239815708757	-0.00530271917931	0.00581979278938	-114.334882221
4253.00000000	-0.00239812093481	-0.00530272923286	0.00581978705237	-114.334517135
4253.00000000	-0.00239810893793	-0.00530272814847	0.00581978112087	-114.334413918
4253.00000000	-0.00239811196848	-0.00530272253950	0.00581977725899	-114.334463857
4253.00000000	-0.00239811671353	-0.00530272441232	0.00581978092068	-114.334498824
4253.00000000	-0.00239812414639	-0.00530273587248	0.00581979442547	-114.334519008
4253.00000000	-0.00239813791842	-0.00530275187657	0.00581981468264	-114.334577623
4253.00000000	-0.00239815410408	-0.00530277126955	0.00581983902218	-114.334644140
4253.00000000	-0.00239816485886	-0.00530279249795	0.00581986279620	-114.334654494
4253.00000000	-0.00239816646429	-0.00530280966068	0.00581987909564	-114.334599271
4253.00000000	-0.00239816546664	-0.00530281837067	0.00581988662069	-114.334554988
4253.00000000	-0.00239817063218	-0.00530281370207	0.00581988449541	-114.334620263
4253.00000000	-0.00239818609421	-0.00530278890182	0.00581986826996	-114.334859568
4253.00000000	-0.00239821409078	-0.00530274646320	0.00581984113857	-114.335282867
4253.00000000	-0.00239824820794	-0.00530270401001	0.00581981651641	-114.335761132
4253.00000000	-0.00239827798970	-0.00530267586272	0.00581980314280	-114.336142473
4253.00000000	-0.00239829973255	-0.00530266519550	0.00581980238348	-114.336380787
4253.00000000	-0.00239831821329	-0.00530266522015	0.00581981002174	-114.336546462
4253.00000000	-0.00239834372257	-0.00530267298939	0.00581982761291	-114.336743763
4253.00000000	-0.00239837420216	-0.00530268842090	0.00581985423380	-114.336954560
4253.00000000	-0.00239840225020	-0.00530270639481	0.00581988216920	-114.337133230
4253.00000000	-0.00239842772595	-0.00530271663262	0.00581990199595	-114.337320210
4253.00000000	-0.00239844472365	-0.00530270906017	0.00581990210134	-114.337503401
4253.00000000	-0.00239844754389	-0.00530268016348	0.00581987693487	-114.337645937
4253.00000000	-0.00239844058297	-0.00530264127138	0.00581983863033	-114.337741291
4253.00000000	-0.00239843428800	-0.00530261450844	0.00581981165150	-114.337793409
4253.00000000	-0.00239843677563	-0.00530261060944	0.00581980912419	-114.337831542
4253.00000000	-0.00239844575981	-0.00530261989972	0.00581982129138	-114.337874438
4253.00000000	-0.00239846039952	-0.00530262593912	0.00581983282735	-114.337981253
4253.00000000	-0.00239848721535	-0.00530262924028	0.00581984688648	-114.338208396
4253.00000000	-0.00239852623690	-0.00530263983580	0.00581987262209	-114.338515428
4253.00000000	-0.00239857017231	-0.00530266173256	0.00581991067985	-114.338820680
4253.00000000	-0.00239861127341	-0.00530269156931	0.00581995480397	-114.339068290
4253.00000000	-0.00239864097368	-0.00530271780377	0.00581999094733	-114.339228250
4253.00000000	-0.00239865216461	-0.00530272529745	0.00582000238720	-114.339298224
4253.00000000	-0.00239864896864	-0.00530270675052	0.00581998417152	-114.339344809
4253.00000000	-0.00239863554868	-0.00530266560482	0.00581994115193	-114.339391380
4253.00000000	-0.00239861696438	-0.00530261602161	0.00581988831632	-114.339425864
4253.00000000	-0.00239860110173	-0.00530256896466	0.00581983890414	-114.339474511
4253.00000000	-0.00239858964311	-0.00530252351113	0.00581979276797	-114.339556157
4253.00000000	-0.00239857654003	-0.00530248235502	0.00581974986951	-114.339605616
4253.00000000	-0.00239855609931	-0.00530245060159	0.00581971251384	-114.339551105
4253.00000000	-0.00239853333600	-0.00530243005837	0.00581968441479	-114.339430272
4253.00000000	-0.00239851826501	-0.00530242243695	0.00581967125940	-114.339326007
4253.00000000	-0.00239851910752	-0.00530242835889	0.00581967700223	-114.339309536
4253.00000000	-0.00239854130664	-0.00530244548166	0.00581970175230	-114.339439188
4253.00000000	-0.00239858536754	-0.00530247336967	0.00581974532101	-114.339721258
4253.00000000	-0.00239863518367	-0.00530251451194	0.00581980333806	-114.340001168
4253.00000000	-0.00239867126157	-0.00530256451306	0.00581986376440	-114.340121897
4253.00000000	-0.00239868514847	-0.00530261150327	0.00581991230141	-114.340055793
4253.00000000	-0.00239868003720	-0.00530263947253	0.00581993567804	-114.339896461
4253.00000000	-0.00239866524089	-0.00530264164586	0.00581993155993	-114.339754924
4253.00000000	-0.00239864815792	-0.00530262537224	0.00581990969207	-114.339667724
4253.00000000	-0.00239863788182	-0.00530260559899	0.00581988744105	-114.339655779
4253.00000000	-0.00239864202525	-0.00530259755091	0.00581988181600	-114.339725600
4253.00000000	-0.00239866201178	-0.00530260235242	0.00581989442813	-114.339885393
4253.00000000	-0.00239868997656	-0.00530261005473	0.00581991297153	-114.340104977
4253.00000000	-0.00239871270475	-0.00530260963284	0.00581992195465	-114.340310555
4253.00000000	-0.00239872109332	-0.00530260144040	0.00581991794781	-114.340419039
4253.00000000	-0.00239871249603	-0.00530259562554	0.00581990910639	-114.340365518
4253.00000000	-0.00239869206181	-0.00530259634949	0.00581990134393	-114.340179291
4253.00000000	-0.00239867031269	-0.00530260746991	0.00581990251198	-114.339939086
4253.00000000	-0.00239864827755	-0.00530263406425	0.00581991766082	-114.339633529
4253.00000000	-0.00239861840805	-0.00530266753434	0.00581993584562	-114.339229804
4253.00000000	-0.00239858138832	-0.00530270007433	0.00581995023644	-114.338765720
4253.00000000	-0.00239855127420	-0.00530273367190	0.00581996843720	-114.338359289
4253.00000000	-0.00239853863354	-0.00530276769512	0.00581999422723	-114.338107866
4253.00000000	-0.00239853826443	-0.00530280144637	0.00582002482688	-114.337967621
4253.00000000	-0.00239854272845	-0.00530283441042	0.00582005670115	-114.337873923
4253.00000000	-0.00239855253287	-0.00530285803702	0.00582008226864	-114.337866010
4253.00000000	-0.00239856112120	-0.00530286266662	0.00582009002621	-114.337924261
4253.00000000	-0.00239855742778	-0.00530285051736	0.00582007743452	-114.337940423
4253.00000000	-0.00239854275574	-0.00530283232516	0.00582005481244	-114.337882628
4253.00000000	-0.00239852774521	-0.00530281337979	0.00582003136464	-114.337824851
4253.00000000	-0.00239852232768	-0.00530279550369	0.00582001284451	-114.337848783
4253.00000000	-0.00239852670834	-0.00530278183716	0.00582000219786	-114.337943523
4253.00000000	-0.00239853484763	-0.00530277916943	0.00582000312156	-114.338027354
4253.00000000	-0.00239854195327	-0.00530279160316	0.00582001737868	-114.338040644
4253.00000000	-0.00239854471591	-0.00530280500961	0.00582003073223	-114.338011032
4253.00000000	-0.00239853506961	-0.00530280253050	0.00582002449803	-114.337934566
4253.00000000	-0.00239851344127	-0.00530278455095	0.00581999920290	-114.337813511
4253.00000000	-0.00239849923802	-0.00530275794008	0.00581996910352	-114.337794075
4253.00000000	-0.00239850934096	-0.00530272708447	0.00581994515362	-114.338009883
4253.00000000	-0.00239854107870	-0.00530269146191	0.00581992577671	-114.338439094
4253.00000000	-0.00239858035657	-0.00530264917193	0.00581990343283	-114.338962994
4253.00000000	-0.00239861484214	-0.00530260894282	0.00581988099203	-114.339435550
4253.00000000	-0.00239863296671	-0.00530258385733	0.00581986560610	-114.339699908
4253.00000000	-0.00239862515260	-0.00530258870325	0.00581986680075	-114.339610155
5260.00000000	-0.00259300100253	-0.00414165504377	0.00488640570365	-122.049795708
5260.00000000	-0.00259299337034	-0.00414166721619	0.00488641197079	-122.049644116
5260.00000000	-0.00259298042424	-0.00414166762649	0.00488640544868	-122.049512899
5260.00000000	-0.00259297407792	-0.00414164612235	0.00488638385429	-122.049583630
5260.00000000	-0.00259298431577	-0.00414161267635	0.00488636093865	-122.049893488
5260.00000000	-0.00259301449906	-0.00414158069837	0.00488634985173	-122.050392443
5260.00000000	-0.00259305880031	-0.00414154553665	0.00488634355874	-122.051051521
5260.00000000	-0.00259310453593	-0.00414150042739	0.00488632959636	-122.051786757
5260.00000000	-0.00259313473799	-0.00414145635655	0.00488630827134	-122.052361157
5260.00000000	-0.00259313853670	-0.00414142352375	0.00488628245945	-122.052603223
5260.00000000	-0.00259312073336	-0.00414139720318	0.00488625070297	-122.052590076
5260.00000000	-0.00259308828315	-0.00414136881724	0.00488620942292	-122.052444214
5260.00000000	-0.00259304920561	-0.00414132840266	0.00488615443078	-122.052307336
5260.00000000	-0.00259301656085	-0.00414128059410	0.00488609658561	-122.052280403
5260.00000000	-0.00259299983824	-0.00414125070563	0.00488606237864	-122.052300198
5260.00000000	-0.00259299986194	-0.00414125548078	0.00488606643846	-122.052270718
5260.00000000	-0.00259300889524	-0.00414127833003	0.00488609059859	-122.052218306
5260.00000000	-0.00259302160052	-0.00414129035034	0.00488610752917	-122.052269778
5260.00000000	-0.00259304172074	-0.00414128945523	0.00488611744819	-122.052475318
5260.00000000	-0.00259307110893	-0.00414128923791	0.00488613286025	-122.052768750
5260.00000000	-0.00259309972736	-0.00414130045079	0.00488615755167	-122.052983399
5260.00000000	-0.00259311937179	-0.00414133023474	0.00488619322064	-122.052993288
5260.00000000	-0.00259313986882	-0.00414138253439	0.00488624842547	-122.052871536
5260.00000000	-0.00259317097206	-0.00414144938665	0.00488632159324	-122.052764634
5260.00000000	-0.00259320732927	-0.00414151243158	0.00488639432235	-122.052733643
5260.00000000	-0.00259323609477	-0.00414155874001	0.00488644883736	-122.052731352
5260.00000000	-0.00259324446444	-0.00414159124471	0.00488648082884	-122.052612265
5260.00000000	-0.00259323491394	-0.00414161723271	0.00488649778688	-122.052355639
5260.00000000	-0.00259322671497	-0.00414162928890	0.00488650365414	-122.052199138
5260.00000000	-0.00259323631854	-0.00414161414684	0.00488649591682	-122.052388800
5260.00000000	-0.00259326191051	-0.00414157267701	0.00488647435023	-122.052901183
5260.00000000	-0.00259328937849	-0.00414151540590	0.00488644038723	-122.053530543
5260.00000000	-0.00259330902413	-0.00414146126086	0.00488640492283	-122.054062720
5260.00000000	-0.00259331705712	-0.00414142341590	0.00488637711075	-122.054378061
5260.00000000	-0.00259331520980	-0.00414139898423	0.00488635542342	-122.054511743
5260.00000000	-0.00259331138772	-0.00414138672527	0.00488634300494	-122.054550048
5260.00000000	-0.00259331258479	-0.00414139155382	0.00488634773266	-122.054531896
5260.00000000	-0.00259331816901	-0.00414140650056	0.00488636336436	-122.054494377
5260.00000000	-0.00259332092524	-0.00414140906616	0.00488636700162	-122.054505802
5260.00000000	-0.00259331617912	-0.00414139016310	0.00488634846157	-122.054576271
5260.00000000	-0.00259330828750	-0.00414136853867	0.00488632594564	-122.054632416
5260.00000000	-0.00259330319062	-0.00414136975397	0.00488632427061	-122.054574200
5260.00000000	-0.00259329780579	-0.00414139951409	0.00488634663576	-122.054335484
5260.00000000	-0.00259328871116	-0.00414144551084	0.00488638079346	-122.053958862
5260.00000000	-0.00259327971314	-0.00414149426222	0.00488641733733	-122.053566063
5260.00000000	-0.00259327189204	-0.00414153802131	0.00488645027480	-122.053216032
5260.00000000	-0.00259326052015	-0.00414156813590	0.00488646976351	-122.052915624
5260.00000000	-0.00259324337074	-0.00414158186453	0.00488647229814	-122.052659765
5260.00000000	-0.00259322256552	-0.00414157470952	0.00488645519256	-122.052497526
5260.00000000	-0.00259320360575	-0.00414154511222	0.00488642004513	-122.052493276
5260.00000000	-0.00259318950314	-0.00414150532690	0.00488637884041	-122.052600695
5260.00000000	-0.00259318293025	-0.00414147110334	0.00488634634564	-122.052748338
5260.00000000	-0.00259318864724	-0.00414144750601	0.00488632937953	-122.052951998
5260.00000000	-0.00259320153493	-0.00414143565786	0.00488632617710	-122.053153809
5260.00000000	-0.00259320950636	-0.00414143820618	0.00488633256742	-122.053217172
5260.00000000	-0.00259320852431	-0.00414145320219	0.00488634475620	-122.053114094
5260.00000000	-0.00259320765181	-0.00414147513299	0.00488636288077	-122.052968950
5260.00000000	-0.00259322601661	-0.00414150390958	0.00488639701685	-122.052972391
5260.00000000	-0.00259327071415	-0.00414154068807	0.00488645190990	-122.053187732
5260.00000000	-0.00259332107654	-0.00414157917778	0.00488651125977	-122.053448716
5260.00000000	-0.00259334982536	-0.00414161200389	0.00488655433894	-122.053530147
5260.00000000	-0.00259334365416	-0.00414163226324	0.00488656823471	-122.053342753
5260.00000000	-0.00259330788742	-0.00414163224231	0.00488654923535	-122.052987442
5260.00000000	-0.00259325856159	-0.00414161450735	0.00488650802667	-122.052607607
5260.00000000	-0.00259321244507	-0.00414159131144	0.00488646389286	-122.052293641
5260.00000000	-0.00259317934866	-0.00414157312365	0.00488643091355	-122.052077901
5260.00000000	-0.00259315428318	-0.00414155825410	0.00488640500864	-122.051921324
5260.00000000	-0.00259313253812	-0.00414154150430	0.00488637927223	-122.051809444
5260.00000000	-0.00259311673731	-0.00414152398898	0.00488635604153	-122.051761402
5260.00000000	-0.00259311236464	-0.00414150994325	0.00488634181630	-122.051805347
5260.00000000	-0.00259312397724	-0.00414150859090	0.00488634683274	-122.051929172
5260.00000000	-0.00259314533591	-0.00414151959289	0.00488636749247	-122.052072979
5260.00000000	-0.00259316646129	-0.00414153416118	0.00488639105109	-122.052192274
5260.00000000	-0.00259318193594	-0.00414155340988	0.00488641557788	-122.052226285
5260.00000000	-0.00259319219966	-0.00414158015511	0.00488644369307	-122.052161862
5260.00000000	-0.00259319923910	-0.00414160269477	0.00488646653268	-122.052091566
5260.00000000	-0.00259320548817	-0.00414161107004	0.00488647694760	-122.052101554
5260.00000000	-0.00259321739034	-0.00414161122853	0.00488648339830	-122.052218851
5260.00000000	-0.00259323508300	-0.00414161048378	0.00488649215645	-122.052399315
5260.00000000	-0.00259325146153	-0.00414161494083	0.00488650462610	-122.052534350
5260.00000000	-0.00259326223447	-0.00414163014280	0.00488652322787	-122.052546815
5260.00000000	-0.00259326246442	-0.00414165397143	0.00488654354615	-122.052400826
5260.00000000	-0.00259324804250	-0.00414167606745	0.00488655462034	-122.052120010
5260.00000000	-0.00259322316830	-0.00414168869044	0.00488655211874	-122.051794268
5260.00000000	-0.00259320078751	-0.00414169434666	0.00488654503566	-122.051536654
5260.00000000	-0.00259319063756	-0.00414169837562	0.00488654306411	-122.051410715
5260.00000000	-0.00259318701334	-0.00414170281050	0.00488654489968	-122.051347102
5260.00000000	-0.00259317641962	-0.00414170547636	0.00488654153735	-122.051225234
5260.00000000	-0.00259315886183	-0.00414171553686	0.00488654074689	-122.050988145
5260.00000000	-0.00259314634699	-0.00414174338197	0.00488655770650	-122.050690514
5260.00000000	-0.00259314249367	-0.00414178108646	0.00488658761925	-122.050417616
5260.00000000	-0.00259313848141	-0.00414181443407	0.00488661375494	-122.050170251
5260.00000000	-0.00259312740042	-0.00414183918275	0.00488662885132	-122.049906143
5260.00000000	-0.00259311670219	-0.00414185445973	0.00488663612281	-122.049704772
5260.00000000	-0.00259311567264	-0.00414185549912	0.00488663645745	-122.049688073
5260.00000000	-0.00259312202724	-0.00414183971633	0.00488662645226	-122.049849424
5260.00000000	-0.00259312657600	-0.00414181029856	0.00488660393202	-122.050077667
5260.00000000	-0.00259312311788	-0.00414177458102	0.00488657182332	-122.050265537
5260.00000000	-0.00259311410505	-0.00414173923091	0.00488653707841	-122.050395920
5260.00000000	-0.00259310351017	-0.00414171249594	0.00488650879601	-122.050456977
5270.00000000	0.00116195146117	-0.00182834369890	0.00216632681732	-57.5631700703
5270.00000000	0.00116196132329	-0.00182834744242	0.00216633526654	-57.5630030349
5270.00000000	0.00116197586566	-0.00182836785541	0.00216636029484	-57.5629680036
5270.00000000	0.00116199278622	-0.00182839904715	0.00216639569582	-57.5630327933
5270.00000000	0.00116201114024	-0.00182842369289	0.00216642634095	-57.5629727269
5270.00000000	0.00116203172741	-0.00182843591896	0.00216644770194	-57.5626866387
5270.00000000	0.00116205176484	-0.00182844043498	0.00216646226102	-57.5623034557
5270.00000000	0.00116206306773	-0.00182843940770	0.00216646745672	-57.5620365991
5270.00000000	0.00116205591619	-0.00182843006682	0.00216645573728	-57.5620637174
5270.00000000	0.00116202840275	-0.00182841171832	0.00216642549387	-57.5624175464
5270.00000000	0.00116199236538	-0.00182839067508	0.00216638840422	-57.5629234232
5270.00000000	0.00116196684217	-0.00182837979359	0.00216636553054	-57.5633387756
5270.00000000	0.00116195810742	-0.00182838860796	0.00216636828474	-57.5636587876
5270.00000000	0.00116195908837	-0.00182841823681	0.00216639381733	-57.5640571903
5270.00000000	0.00116196158702	-0.00182845582736	0.00216642688367	-57.5645346427
5270.00000000	0.00116196102520	-0.00182848509729	0.00216645128611	-57.5649623695
5270.00000000	0.00116195656739	-0.00182850205190	0.00216646320493	-57.5653023649
5270.00000000	0.00116194750344	-0.00182850797342	0.00216646334139	-57.5655886750
5270.00000000	0.00116194080385	-0.00182850878554	0.00216646043362	-57.5657497373
5270.00000000	0.00116194747375	-0.00182851479803	0.00216646908548	-57.5656861396
5270.00000000	0.00116196248639	-0.00182853197271	0.00216649163281	-57.5655946502
5270.00000000	0.00116196873865	-0.00182855482100	0.00216651427020	-57.5657791741
5270.00000000	0.00116196016250	-0.00182857114936	0.00216652345187	-57.5662021966
5270.00000000	0.00116194241005	-0.00182856819292	0.00216651143556	-57.5665565126
5270.00000000	0.00116192289933	-0.00182853848111	0.00216647589437	-57.5665705905
5270.00000000	0.00116190600589	-0.00182848988803	0.00216642582082	-57.5662584326
5270.00000000	0.00116189734062	-0.00182844127092	0.00216638014008	-57.5657622491
5270.00000000	0.00116190053803	-0.00182841118647	0.00216635646353	-57.5652641312
5270.00000000	0.00116191200661	-0.00182839925211	0.00216635254200	-57.5648388368
5270.00000000	0.00116192653941	-0.00182839467434	0.00216635647301	-57.5644494976
5270.00000000	0.00116194051444	-0.00182839211460	0.00216636180815	-57.5641012374
5270.00000000	0.00116195584500	-0.00182839302898	0.00216637080255	-57.5637720033
5270.00000000	0.00116197231273	-0.00182839899726	0.00216638467238	-57.5634890813
5270.00000000	0.00116198059661	-0.00182840294372	0.00216639244633	-57.5633601565
5270.00000000	0.00116197825039	-0.00182839528178	0.00216638472133	-57.5633038378
5270.00000000	0.00116197809124	-0.00182837398840	0.00216636666471	-57.5630053271
5270.00000000	0.00116199519223	-0.00182834244078	0.00216634921181	-57.5621760694
5270.00000000	0.00116202999813	-0.00182831496416	0.00216634469204	-57.5610093550
5270.00000000	0.00116206751684	-0.00182830411313	0.00216635565958	-57.5600179539
5270.00000000	0.00116208847858	-0.00182830762738	0.00216636986971	-57.5595999290
5270.00000000	0.00116208870020	-0.00182831447184	0.00216637576498	-57.5596920857
5270.00000000	0.00116207641220	-0.00182831624673	0.00216637067139	-57.5599915426
5270.00000000	0.00116205610537	-0.00182831153513	0.00216635580215	-57.5603779648
5270.00000000	0.00116203553031	-0.00182830617503	0.00216634024183	-57.5607611794
5270.00000000	0.00116202435911	-0.00182830880049	0.00216633646536	-57.5610477822
5270.00000000	0.00116202206870	-0.00182832200059	0.00216634637719	-57.5612861740
5270.00000000	0.00116202082354	-0.00182833772349	0.00216635897891	-57.5615370221
5270.00000000	0.00116201638060	-0.00182835038042	0.00216636727781	-57.5618157506
5270.00000000	0.00116201214349	-0.00182836450665	0.00216637692722	-57.5621107264
5270.00000000	0.00116201278587	-0.00182838435766	0.00216639402553	-57.5623779956
5270.00000000	0.00116201499066	-0.00182840533545	0.00216641291291	-57.5626263701
5270.00000000	0.00116200900475	-0.00182841450789	0.00216641744357	-57.5628900986
5270.00000000	0.00116199138974	-0.00182840476148	0.00216639976958	-57.5631450260
5270.00000000	0.00116196773864	-0.00182838394488	0.00216636951501	-57.5633776542
5270.00000000	0.00116194900228	-0.00182836852481	0.00216634645115	-57.5635771365
5270.00000000	0.00116194526760	-0.00182836585800	0.00216634219725	-57.5636226708
5270.00000000	0.00116195247875	-0.00182836999623	0.00216634955767	-57.5635204085
5270.00000000	0.00116196218950	-0.00182837030819	0.00216635502947	-57.5633080728
5270.00000000	0.00116197737793	-0.00182836216899	0.00216635630676	-57.5628535799
5270.00000000	0.00116200284160	-0.00182834954229	0.00216635930830	-57.5621060688
5270.00000000	0.00116203205738	-0.00182833509748	0.00216636278842	-57.5612490155
5270.00000000	0.00116205408552	-0.00182832172293	0.00216636331677	-57.5605675834
5270.00000000	0.00116206116291	-0.00182831224379	0.00216635911315	-57.5602751295
5270.00000000	0.00116205268222	-0.00182830397706	0.00216634758725	-57.5603471467
5270.00000000	0.00116203302546	-0.00182829307361	0.00216632784114	-57.5606312210
5270.00000000	0.00116200618057	-0.00182828208274	0.00216630416556	-57.5610745114
5270.00000000	0.00116198272800	-0.00182827597971	0.00216628643493	-57.5615114317
5270.00000000	0.00116197301122	-0.00182827770745	0.00216628268109	-57.5617528414
5270.00000000	0.00116197377534	-0.00182829062438	0.00216629399246	-57.5619190353
5270.00000000	0.00116198135735	-0.00182831534372	0.00216631892180	-57.5621004757
5270.00000000	0.00116199682809	-0.00182834463952	0.00216635194494	-57.5621707465
5270.00000000	0.00116201616857	-0.00182836918157	0.00216638303172	-57.5620872011
5270.00000000	0.00116203129272	-0.00182838026848	0.00216640050117	-57.5619068951
5270.00000000	0.00116203644049	-0.00182837763509	0.00216640103987	-57.5617546348
5270.00000000	0.00116203339174	-0.00182837127037	0.00216639403291	-57.5617323945
5270.00000000	0.00116202768807	-0.00182837117769	0.00216639089530	-57.5618583910
5270.00000000	0.00116202528632	-0.00182837624126	0.00216639388054	-57.5619838331
5270.00000000	0.00116202981054	-0.00182838192288	0.00216640110240	-57.5619634482
5270.00000000	0.00116204018785	-0.00182838712673	0.00216641106057	-57.5618056402
5270.00000000	0.00116204848552	-0.00182839206703	0.00216641968083	-57.5616905137
5270.00000000	0.00116205058055	-0.00182839345594	0.00216642197678	-57.5616634545
5270.00000000	0.00116205285044	-0.00182839643122	0.00216642570537	-57.5616549966
5270.00000000	0.00116206508958	-0.00182841325762	0.00216644647131	-57.5616205120
5270.00000000	0.00116208879507	-0.00182844506390	0.00216648603026	-57.5615425997
5270.00000000	0.00116211442981	-0.00182847861992	0.00216652810078	-57.5614464508
5270.00000000	0.00116213592802	-0.00182849663059	0.00216655483274	-57.5612221143
5270.00000000	0.00116215033490	-0.00182849130141	0.00216655806297	-57.5608249695
5270.00000000	0.00116214757901	-0.00182847105738	0.00216653949954	-57.5605993049
5270.00000000	0.00116212275147	-0.00182844573763	0.00216650481304	-57.5607942592
5270.00000000	0.00116208469488	-0.00182841724963	0.00216646035662	-57.5612395475
5270.00000000	0.00116204864857	-0.00182838502872	0.00216641382818	-57.5615870282
5270.00000000	0.00116202472273	-0.00182834911971	0.00216637068845	-57.5616116596
5270.00000000	0.00116201564305	-0.00182831841801	0.00216633990692	-57.5613787781
5270.00000000	0.00116201500214	-0.00182830316978	0.00216632669416	-57.5611767609
5270.00000000	0.00116201375547	-0.00182830133351	0.00216632447570	-57.5611785375
5270.00000000	0.00116200506791	-0.00182830168202	0.00216632010985	-57.5613774014
5270.00000000	0.00116198193631	-0.00182829492466	0.00216630199922	-57.5617978738
5270.00000000	0.00116195020885	-0.00182828537824	0.00216627692416	-57.5623706642
5270.00000000	0.00116192736688	-0.00182828245600	0.00216626220592	-57.5628390953
5270.00000000	0.00116192259355	-0.00182829452666	0.00216626983306	-57.5631168894
5274.00000000	-0.00106714968538	0.000445493310724	0.00115640509378	157.341369510
5274.00000000	-0.00106714245582	0.000445461244314	0.00115638606927	157.342697689
5274.00000000	-0.00106713804544	0.000445422374617	0.00115636702644	157.344390796
5274.00000000	-0.00106714066518	0.000445387831139	0.00115635613866	157.346020304
5274.00000000	-0.00106714514333	0.000445370421794	0.00115635356597	157.346901825
5274.00000000	-0.00106714733294	0.000445372490530	0.00115635638344	157.346849015
5274.00000000	-0.00106714401699	0.000445382277566	0.00115635709284	157.346338213
5274.00000000	-0.00106713414396	0.000445382820393	0.00115634819060	157.346124972
5274.00000000	-0.00106712642182	0.000445366920868	0.00115633494038	157.346704630
5274.00000000	-0.00106713125874	0.000445345523071	0.00115633116290	157.347775396
5274.00000000	-0.00106714710758	0.000445335733060	0.00115634201876	157.348525509
5274.00000000	-0.00106716079230	0.000445343190117	0.00115635751981	157.348445660
5274.00000000	-0.00106716270003	0.000445355722943	0.00115636410715	157.347908985
5274.00000000	-0.00106715436639	0.000445353459496	0.00115635554463	157.347853454
5274.00000000	-0.00106714283947	0.000445329159547	0.00115633554826	157.348744652
5274.00000000	-0.00106713513657	0.000445300345289	0.00115631734278	157.349915283
5274.00000000	-0.00106713049789	0.000445287084342	0.00115630795509	157.350433177
5274.00000000	-0.00106712009566	0.000445295243579	0.00115630149724	157.349861568
5274.00000000	-0.00106710141185	0.000445318861307	0.00115629335007	157.348425009
5274.00000000	-0.00106707921843	0.000445346811369	0.00115628363337	157.346723337
5274.00000000	-0.00106706183843	0.000445368349525	0.00115627589000	157.345406715
5274.00000000	-0.00106705520846	0.000445374845450	0.00115627227367	157.344983122
5274.00000000	-0.00106705589679	0.000445360704283	0.00115626746205	157.345642921
5274.00000000	-0.00106706064707	0.000445332385247	0.00115626093849	157.347028599
5274.00000000	-0.00106706750694	0.000445310710169	0.00115625892124	157.348150721
5274.00000000	-0.00106707598576	0.000445310959840	0.00115626684218	157.348301114
5274.00000000	-0.00106708534752	0.000445328012668	0.00115628204940	157.347699955
5274.00000000	-0.00106709307092	0.000445344268586	0.00115629543784	157.347103987
5274.00000000	-0.00106709484768	0.000445346863289	0.00115629807687	157.347019243
5274.00000000	-0.00106708821550	0.000445335258267	0.00115628748670	157.347423354
5274.00000000	-0.00106708055091	0.000445318972206	0.00115627414100	157.348021832
5274.00000000	-0.00106708088873	0.000445303747007	0.00115626858912	157.348724526
5274.00000000	-0.00106708867890	0.000445292248820	0.00115627135029	157.349399002
5274.00000000	-0.00106710211992	0.000445286638429	0.00115628159403	157.349912059
5274.00000000	-0.00106712284630	0.000445278584412	0.00115629762035	157.350675869
5274.00000000	-0.00106714603208	0.000445264610083	0.00115631363686	157.351757318
5274.00000000	-0.00106715971821	0.000445255789907	0.00115632287126	157.352421791
5274.00000000	-0.00106716052138	0.000445258926933	0.00115632482046	157.352293662
5274.00000000	-0.00106715609319	0.000445268134078	0.00115632427911	157.351788138
5274.00000000	-0.00106715400458	0.000445277685915	0.00115632602975	157.351311492
5274.00000000	-0.00106715347283	0.000445285278630	0.00115632846282	157.350954141
5274.00000000	-0.00106714942466	0.000445288656586	0.00115632602766	157.350722429
5274.00000000	-0.00106714506264	0.000445287381875	0.00115632151116	157.350697488
5274.00000000	-0.00106714677280	0.000445281078549	0.00115632066210	157.351018363
5274.00000000	-0.00106715183215	0.000445272575784	0.00115632205705	157.351503721
5274.00000000	-0.00106715492815	0.000445269120794	0.00115632358386	157.351720787
5274.00000000	-0.00106715456091	0.000445276071577	0.00115632592152	157.351395929
5274.00000000	-0.00106714852639	0.000445289993861	0.00115632571363	157.350644138
5274.00000000	-0.00106713091122	0.000445302327281	0.00115631420659	157.349744021
5274.00000000	-0.00106710440363	0.000445311449172	0.00115629325649	157.348821053
5274.00000000	-0.00106708276141	0.000445321190658	0.00115627703538	157.347962568
5274.00000000	-0.00106707848788	0.000445334296451	0.00115627813907	157.347281690
5274.00000000	-0.00106709359238	0.000445350164342	0.00115629818982	157.346844335
5274.00000000	-0.00106711406276	0.000445363859403	0.00115632235567	157.346608758
5274.00000000	-0.00106712122298	0.000445364461567	0.00115632919542	157.346717870
5274.00000000	-0.00106711027891	0.000445343027461	0.00115631084033	157.347489142
5274.00000000	-0.00106709282617	0.000445308464148	0.00115628142245	157.348736620
5274.00000000	-0.00106708112215	0.000445274951216	0.00115625771497	157.350045828
5274.00000000	-0.00106707932617	0.000445252405860	0.00115624737547	157.351042587
5274.00000000	-0.00106708326216	0.000445247210669	0.00115624900735	157.351355278
5274.00000000	-0.00106708781203	0.000445257856835	0.00115625730599	157.350955233
5274.00000000	-0.00106708975358	0.000445274968333	0.00115626568730	157.350209756
5274.00000000	-0.00106708680945	0.000445285518885	0.00115626703327	157.349671090
5274.00000000	-0.00106708046670	0.000445285538327	0.00115626118722	157.349549163
5274.00000000	-0.00106707525589	0.000445280472718	0.00115625442750	157.349681379
5274.00000000	-0.00106707972853	0.000445273948534	0.00115625604270	157.350065087
5274.00000000	-0.00106709442820	0.000445264512129	0.00115626597479	157.350777129
5274.00000000	-0.00106710890092	0.000445256303807	0.00115627617052	157.351428667
5274.00000000	-0.00106711796900	0.000445254657768	0.00115628390546	157.351676971
5274.00000000	-0.00106712043562	0.000445262677331	0.00115628927001	157.351357300
5274.00000000	-0.00106711679364	0.000445282187779	0.00115629342211	157.350395593
5274.00000000	-0.00106711209287	0.000445309245078	0.00115629950381	157.349068578
5274.00000000	-0.00106711269434	0.000445335956933	0.00115631034630	157.347858560
5274.00000000	-0.00106712308382	0.000445349780660	0.00115632525838	157.347424700
5274.00000000	-0.00106713996751	0.000445347629801	0.00115634001125	157.347845253
5274.00000000	-0.00106715450273	0.000445340242207	0.00115635058007	157.348460438
5274.00000000	-0.00106716165640	0.000445335698661	0.00115635543212	157.348804708
5274.00000000	-0.00106715960059	0.000445334526333	0.00115635308340	157.348819086
5274.00000000	-0.00106714926856	0.000445334549113	0.00115634355709	157.348620885
5274.00000000	-0.00106713729413	0.000445334992832	0.00115633267720	157.348372090
5274.00000000	-0.00106712297260	0.000445336122971	0.00115631989565	157.348047112
5274.00000000	-0.00106709914119	0.000445333172016	0.00115629676607	157.347727264
5274.00000000	-0.00106706934453	0.000445320015478	0.00115626420087	157.347760257
5274.00000000	-0.00106704827468	0.000445301707442	0.00115623770529	157.348195386
5274.00000000	-0.00106704344793	0.000445290544872	0.00115622895186	157.348613750
5274.00000000	-0.00106705039334	0.000445288927190	0.00115623473854	157.348820277
5274.00000000	-0.00106706125503	0.000445284092428	0.00115624290050	157.349248661
5274.00000000	-0.00106706651485	0.000445272406741	0.00115624325439	157.349883440
5274.00000000	-0.00106706534718	0.000445266361992	0.00115623984894	157.350137593
5274.00000000	-0.00106707109986	0.000445274905415	0.00115624844802	157.349856668
5274.00000000	-0.00106709188368	0.000445294264144	0.00115627508401	157.349367998
5274.00000000	-0.00106711805576	0.000445310730316	0.00115630557876	157.349114448
5274.00000000	-0.00106713908745	0.000445320136432	0.00115632861068	157.349085660
5274.00000000	-0.00106715499567	0.000445327805336	0.00115634624528	157.349038545
5274.00000000	-0.00106716727455	0.000445332345772	0.00115635932566	157.349065230
5274.00000000	-0.00106717408774	0.000445332491099	0.00115636566932	157.349188593
5274.00000000	-0.00106717771486	0.000445333292779	0.00115636932541	157.349221146
5274.00000000	-0.00106718084869	0.000445341661620	0.00115637544050	157.348898270
5274.00000000	-0.00106717993264	0.000445354613641	0.00115637958323	157.348288549
5274.00000000	-0.00106717537073	0.000445357809862	0.00115637660418	157.348055348
