DevNumber	X [V]	Y [V]	R [V]	Theta [°]
4253.00000000	-0.00621493967220	0.0209665403988	0.0218682713405	106.510971713
4253.00000000	-0.00621557454060	0.0209664200693	0.0218683364112	106.512656099
4253.00000000	-0.00621621380934	0.0209662807815	0.0218683845753	106.514365648
4253.00000000	-0.00621682456055	0.0209660906197	0.0218683758768	106.516041449
4253.00000000	-0.00621739185142	0.0209658838367	0.0218683389055	106.517620463
4253.00000000	-0.00621790539861	0.0209657366111	0.0218683437689	106.519020116
4253.00000000	-0.00621835083762	0.0209656919020	0.0218684275627	106.520172313
4253.00000000	-0.00621869202771	0.0209657165354	0.0218685482000	106.521010981
4253.00000000	-0.00621890008628	0.0209657470557	0.0218686366261	106.521510850
4253.00000000	-0.00621899708653	0.0209657456924	0.0218686629038	106.521755513
4253.00000000	-0.00621902986148	0.0209656970483	0.0218686255887	106.521874082
4253.00000000	-0.00621902947234	0.0209656090547	0.0218685411176	106.521938667
4253.00000000	-0.00621900079214	0.0209655219658	0.0218684494684	106.521931515
4253.00000000	-0.00621893676957	0.0209654862449	0.0218683970155	106.521797316
4253.00000000	-0.00621884386950	0.0209655303487	0.0218684128797	106.521531104
4253.00000000	-0.00621875392974	0.0209656244478	0.0218684775173	106.521235079
4253.00000000	-0.00621869583491	0.0209656795432	0.0218685138177	106.521048105
4253.00000000	-0.00621866508065	0.0209656317092	0.0218684592130	106.521006493
4253.00000000	-0.00621864776391	0.0209655139023	0.0218683413454	106.521050768
4253.00000000	-0.00621864950722	0.0209654133858	0.0218682454745	106.521130037
4253.00000000	-0.00621868057625	0.0209654020655	0.0218682434566	106.521216513
4253.00000000	-0.00621875515329	0.0209654930439	0.0218683518865	106.521336056
4253.00000000	-0.00621886565601	0.0209656423499	0.0218685264522	106.521502380
4253.00000000	-0.00621897394664	0.0209657950796	0.0218687036714	106.521660593
4253.00000000	-0.00621905356685	0.0209659163594	0.0218688425861	106.521770222
4253.00000000	-0.00621909421531	0.0209659905766	0.0218689252987	106.521817026
4253.00000000	-0.00621909090395	0.0209659981125	0.0218689315817	106.521803094
4253.00000000	-0.00621904714085	0.0209659515771	0.0218688745223	106.521727842
4253.00000000	-0.00621896662851	0.0209658986096	0.0218688008458	106.521565075
4253.00000000	-0.00621886068317	0.0209658849897	0.0218687576601	106.521309108
4253.00000000	-0.00621877128416	0.0209659346699	0.0218687798669	106.521047540
4253.00000000	-0.00621873855720	0.0209660366265	0.0218688683079	106.520889375
4253.00000000	-0.00621876622895	0.0209661438183	0.0218689789432	106.520879021
4253.00000000	-0.00621880358275	0.0209662212272	0.0218690637785	106.520915174
4253.00000000	-0.00621880438399	0.0209662687612	0.0218691095779	106.520881773
4253.00000000	-0.00621875215758	0.0209663018054	0.0218691264067	106.520725973
4253.00000000	-0.00621863699248	0.0209663362899	0.0218691267193	106.520411013
4253.00000000	-0.00621848410200	0.0209663644267	0.0218691102197	106.520006023
4253.00000000	-0.00621834880510	0.0209663822035	0.0218690887914	106.519652941
4253.00000000	-0.00621826048752	0.0209663944240	0.0218690753950	106.519422001
4253.00000000	-0.00621820770412	0.0209663980601	0.0218690638726	106.519286711
4253.00000000	-0.00621817524783	0.0209664150459	0.0218690709288	106.519192534
4253.00000000	-0.00621816231238	0.0209664616040	0.0218691118872	106.519125359
4253.00000000	-0.00621818263695	0.0209665021152	0.0218691565053	106.519146232
4253.00000000	-0.00621826653292	0.0209664844859	0.0218691634585	106.519370094
4253.00000000	-0.00621841974829	0.0209664006574	0.0218691266559	106.519817388
4253.00000000	-0.00621859891331	0.0209663063068	0.0218690871459	106.520337703
4253.00000000	-0.00621874420415	0.0209662700424	0.0218690936933	106.520729660
4253.00000000	-0.00621884107336	0.0209662944633	0.0218691446522	106.520954780
4253.00000000	-0.00621890078248	0.0209663335340	0.0218691990892	106.521075647
4253.00000000	-0.00621894303084	0.0209663409538	0.0218692182168	106.521176237
4253.00000000	-0.00621899071653	0.0209662772116	0.0218691706666	106.521343502
4253.00000000	-0.00621903988347	0.0209661451458	0.0218690580352	106.521565393
4253.00000000	-0.00621906780625	0.0209660186000	0.0218689446548	106.521729813
4253.00000000	-0.00621907075394	0.0209659709675	0.0218688998272	106.521772706
4253.00000000	-0.00621905051700	0.0209660151457	0.0218689364265	106.521688960
4253.00000000	-0.00621899243506	0.0209660986678	0.0218689999830	106.521480842
4253.00000000	-0.00621890523657	0.0209661514642	0.0218690258028	106.521222482
4253.00000000	-0.00621883841655	0.0209661612340	0.0218690161677	106.521047366
4253.00000000	-0.00621883644795	0.0209661546939	0.0218690093377	106.521047294
4253.00000000	-0.00621888871285	0.0209661574385	0.0218690268315	106.521176527
4253.00000000	-0.00621894563927	0.0209661714099	0.0218690564143	106.521309105
4253.00000000	-0.00621895596384	0.0209661821901	0.0218690696855	106.521327006
4253.00000000	-0.00621887337013	0.0209661831932	0.0218690471600	106.521118801
4253.00000000	-0.00621868403350	0.0209661576111	0.0218689687933	106.520662287
4253.00000000	-0.00621843161229	0.0209660761844	0.0218688189505	106.520088915
4253.00000000	-0.00621820741611	0.0209659457029	0.0218686301054	106.519622978
4253.00000000	-0.00621808855061	0.0209658139206	0.0218684699642	106.519422579
4253.00000000	-0.00621807079782	0.0209657224632	0.0218683772340	106.519446120
4253.00000000	-0.00621808961174	0.0209656980032	0.0218683591333	106.519511601
4253.00000000	-0.00621811233384	0.0209657557625	0.0218684209693	106.519525646
4253.00000000	-0.00621815537422	0.0209658816184	0.0218685538684	106.519539998
4253.00000000	-0.00621823499427	0.0209660343267	0.0218687229127	106.519626227
4253.00000000	-0.00621832248952	0.0209661752001	0.0218688828500	106.519741053
4253.00000000	-0.00621837266763	0.0209662759472	0.0218689937064	106.519792037
4253.00000000	-0.00621837244052	0.0209663033959	0.0218690199575	106.519771018
4253.00000000	-0.00621833525456	0.0209662583779	0.0218689662240	106.519711151
4253.00000000	-0.00621828749734	0.0209661851030	0.0218688823943	106.519645782
4253.00000000	-0.00621825898179	0.0209661190458	0.0218688109555	106.519623366
4253.00000000	-0.00621824560434	0.0209660642761	0.0218687546428	106.519630566
4253.00000000	-0.00621820032157	0.0209660050016	0.0218686849391	106.519560981
4253.00000000	-0.00621810106711	0.0209659461895	0.0218686003324	106.519355482
4253.00000000	-0.00621799290380	0.0209659072240	0.0218685322205	106.519112819
4253.00000000	-0.00621794175496	0.0209658940579	0.0218685050544	106.518994148
4253.00000000	-0.00621797817881	0.0209659051135	0.0218685260102	106.519077404
4253.00000000	-0.00621808883469	0.0209659343442	0.0218685854980	106.519333581
4253.00000000	-0.00621824246975	0.0209659671412	0.0218686606261	106.519695056
4253.00000000	-0.00621840330496	0.0209660020272	0.0218687398052	106.520073059
4253.00000000	-0.00621854582166	0.0209660500420	0.0218688263631	106.520395265
4253.00000000	-0.00621864496165	0.0209661277168	0.0218689290226	106.520586417
4253.00000000	-0.00621866020747	0.0209662317957	0.0218690331402	106.520547172
4253.00000000	-0.00621858346938	0.0209663224206	0.0218690982030	106.520286906
4253.00000000	-0.00621846538619	0.0209663709966	0.0218691111966	106.519954118
4253.00000000	-0.00621836198827	0.0209663856566	0.0218690958505	106.519683482
4253.00000000	-0.00621829154947	0.0209663925071	0.0218690823895	106.519501451
4253.00000000	-0.00621825166688	0.0209663997493	0.0218690779924	106.519395878
4253.00000000	-0.00621823420174	0.0209663847103	0.0218690586082	106.519363213
4253.00000000	-0.00621822946990	0.0209663438763	0.0218690181142	106.519381747
4253.00000000	-0.00621822573451	0.0209663042398	0.0218689790516	106.519401892
4253.00000000	-0.00621820435761	0.0209662949118	0.0218689640304	106.519355146
5260.00000000	-0.0111799146685	0.0152856231487	0.0189378131535	126.181761760
5260.00000000	-0.0111800958405	0.0152855550395	0.0189378651349	126.182325830
5260.00000000	-0.0111802976014	0.0152854859981	0.0189379285206	126.182941839
5260.00000000	-0.0111804571560	0.0152854172214	0.0189379672048	126.183454305
5260.00000000	-0.0111805693621	0.0152853737274	0.0189379983432	126.183805991
5260.00000000	-0.0111806616189	0.0152853817927	0.0189380593195	126.184016867
5260.00000000	-0.0111807282344	0.0152854463323	0.0189381507394	126.184064258
5260.00000000	-0.0111807325008	0.0152855495208	0.0189382365443	126.183890367
5260.00000000	-0.0111806639558	0.0152856643742	0.0189382887784	126.183517846
5260.00000000	-0.0111805555413	0.0152857786648	0.0189383170214	126.183048974
5260.00000000	-0.0111804410469	0.0152858777516	0.0189383294047	126.182592413
5260.00000000	-0.0111803540935	0.0152859303826	0.0189383205516	126.182286078
5260.00000000	-0.0111803332266	0.0152859181235	0.0189382983379	126.182257018
5260.00000000	-0.0111803896305	0.0152858672692	0.0189382905897	126.182485581
5260.00000000	-0.0111805045664	0.0152858259554	0.0189383250975	126.182840034
5260.00000000	-0.0111806356322	0.0152858132651	0.0189383922315	126.183182749
5260.00000000	-0.0111807174955	0.0152858128196	0.0189384402017	126.183383444
5260.00000000	-0.0111807169631	0.0152857838778	0.0189384165275	126.183433837
5260.00000000	-0.0111806640202	0.0152857120157	0.0189383272693	126.183432910
5260.00000000	-0.0111805860677	0.0152856535714	0.0189382340761	126.183346946
5260.00000000	-0.0111804834553	0.0152856890807	0.0189382021577	126.183032953
5260.00000000	-0.0111803647213	0.0152858470710	0.0189382595816	126.182460830
5260.00000000	-0.0111802672954	0.0152860624881	0.0189383759385	126.181838178
5260.00000000	-0.0111802375433	0.0152862129340	0.0189384798067	126.181496825
5260.00000000	-0.0111802775979	0.0152862334886	0.0189385200434	126.181557925
5260.00000000	-0.0111803493324	0.0152861532695	0.0189384976430	126.181876367
5260.00000000	-0.0111804229542	0.0152860194541	0.0189384330975	126.182295144
5260.00000000	-0.0111805194089	0.0152858463625	0.0189383503313	126.182839829
5260.00000000	-0.0111806667092	0.0152856409644	0.0189382715092	126.183566382
5260.00000000	-0.0111808645846	0.0152854445497	0.0189382297996	126.184400392
5260.00000000	-0.0111811122898	0.0152853027448	0.0189382615896	126.185258540
5260.00000000	-0.0111813751414	0.0152852347826	0.0189383619252	126.186021769
5260.00000000	-0.0111815404819	0.0152852614979	0.0189384811061	126.186377776
5260.00000000	-0.0111815314368	0.0152853653601	0.0189385595932	126.186170170
5260.00000000	-0.0111814242217	0.0152854596068	0.0189385723595	126.185740033
5260.00000000	-0.0111813999688	0.0152854287487	0.0189385331347	126.185735931
5260.00000000	-0.0111815717692	0.0152852247640	0.0189384699307	126.186519787
5260.00000000	-0.0111818646694	0.0152849297170	0.0189384047358	126.187762006
5260.00000000	-0.0111821404556	0.0152846631680	0.0189383524449	126.188911539
5260.00000000	-0.0111822977914	0.0152845049155	0.0189383176235	126.189578401
5260.00000000	-0.0111823066376	0.0152844693637	0.0189382941541	126.189663509
5260.00000000	-0.0111822594797	0.0152844912842	0.0189382840006	126.189509206
5260.00000000	-0.0111822598390	0.0152844946962	0.0189382869666	126.189503988
5260.00000000	-0.0111822848091	0.0152844862419	0.0189382948871	126.189580060
5260.00000000	-0.0111822315465	0.0152845450403	0.0189383108922	126.189344973
5260.00000000	-0.0111820339142	0.0152847357949	0.0189383481533	126.188521660
5260.00000000	-0.0111817249138	0.0152850422965	0.0189384130817	126.187219661
5260.00000000	-0.0111814118536	0.0152853836992	0.0189385037918	126.185845418
5260.00000000	-0.0111811779828	0.0152856939581	0.0189386161285	126.184720180
5260.00000000	-0.0111810432639	0.0152859314033	0.0189387282396	126.183967118
5260.00000000	-0.0111809796346	0.0152860731346	0.0189388050696	126.183558604
5260.00000000	-0.0111809284941	0.0152861287663	0.0189388197798	126.183334367
5260.00000000	-0.0111808823242	0.0152861074158	0.0189387752897	126.183259761
5260.00000000	-0.0111808884168	0.0152860107279	0.0189387008467	126.183447329
5260.00000000	-0.0111809583978	0.0152858636502	0.0189386234512	126.183880904
5260.00000000	-0.0111810484160	0.0152857254872	0.0189385650816	126.184347487
5260.00000000	-0.0111811101627	0.0152856425701	0.0189385346121	126.184646362
5260.00000000	-0.0111811095556	0.0152856341921	0.0189385274916	126.184659844
5260.00000000	-0.0111810225744	0.0152857256411	0.0189385499493	126.184284111
5260.00000000	-0.0111808750222	0.0152859017318	0.0189386049649	126.183609297
5260.00000000	-0.0111807584585	0.0152860842838	0.0189386834928	126.182998615
5260.00000000	-0.0111807337621	0.0152861945647	0.0189387579246	126.182741344
5260.00000000	-0.0111808133580	0.0152861702857	0.0189387853188	126.182979068
5260.00000000	-0.0111810145909	0.0152859476176	0.0189387243987	126.183868144
5260.00000000	-0.0111813366752	0.0152854980138	0.0189385516705	126.185457661
5260.00000000	-0.0111817065314	0.0152849102019	0.0189382956159	126.187410732
5260.00000000	-0.0111819790521	0.0152843854781	0.0189380330279	126.189013488
5260.00000000	-0.0111820477959	0.0152840880616	0.0189378335822	126.189712646
5260.00000000	-0.0111819279676	0.0152840224896	0.0189377099074	126.189537193
5260.00000000	-0.0111817220241	0.0152840934398	0.0189376455691	126.188907577
5260.00000000	-0.0111815433874	0.0152842358583	0.0189376550369	126.188216965
5260.00000000	-0.0111814443049	0.0152844460157	0.0189377661500	126.187599607
5260.00000000	-0.0111814016475	0.0152847329966	0.0189379725837	126.186982808
5260.00000000	-0.0111813721771	0.0152850553191	0.0189382153296	126.186335093
5260.00000000	-0.0111813154802	0.0152853315287	0.0189384047853	126.185703280
5260.00000000	-0.0111811942955	0.0152855179023	0.0189384836620	126.185074474
5260.00000000	-0.0111810231120	0.0152856187073	0.0189384639582	126.184476421
5260.00000000	-0.0111808745406	0.0152856390670	0.0189383926768	126.184077268
5260.00000000	-0.0111808188646	0.0152855759516	0.0189383088647	126.184054047
5260.00000000	-0.0111808625262	0.0152854362867	0.0189382219151	126.184410125
5260.00000000	-0.0111809652714	0.0152852363383	0.0189381211929	126.185018158
5260.00000000	-0.0111811109422	0.0152850025280	0.0189380184862	126.185791500
5260.00000000	-0.0111812623614	0.0152848010153	0.0189379452441	126.186521195
5260.00000000	-0.0111813581293	0.0152846949542	0.0189379161857	126.186944499
5260.00000000	-0.0111813612552	0.0152847110646	0.0189379310339	126.186923354
5260.00000000	-0.0111812613788	0.0152848560362	0.0189379890714	126.186420513
5260.00000000	-0.0111810737215	0.0152850890263	0.0189380663244	126.185546107
5260.00000000	-0.0111808824239	0.0152853051455	0.0189381278158	126.184692953
5260.00000000	-0.0111807836951	0.0152854360719	0.0189381752010	126.184218013
5260.00000000	-0.0111808325833	0.0152854819720	0.0189382411109	126.184255407
5260.00000000	-0.0111810357755	0.0152854270571	0.0189383167502	126.184849660
5260.00000000	-0.0111813140567	0.0152852631965	0.0189383487934	126.185821859
5260.00000000	-0.0111815484551	0.0152850543431	0.0189383186192	126.186767271
5260.00000000	-0.0111816741174	0.0152848922544	0.0189382619925	126.187363644
5260.00000000	-0.0111817071256	0.0152848101354	0.0189382152042	126.187590930
5260.00000000	-0.0111816818964	0.0152847929591	0.0189381864452	126.187560008
5260.00000000	-0.0111815983143	0.0152848330776	0.0189381694752	126.187284256
5260.00000000	-0.0111814744782	0.0152849160790	0.0189381633494	126.186833611
5260.00000000	-0.0111813851134	0.0152849909303	0.0189381709992	126.186481695
5260.00000000	-0.0111814336903	0.0152849802281	0.0189381910420	126.186619428
5270.00000000	0.0113355563415	0.0201104019046	0.0230851272974	60.5915081602
5270.00000000	0.0113354125019	0.0201108205418	0.0230854213618	60.5923293454
5270.00000000	0.0113352983119	0.0201112978634	0.0230857811124	60.5931579184
5270.00000000	0.0113351894863	0.0201117429347	0.0230861154065	60.5939355683
5270.00000000	0.0113351285819	0.0201121020707	0.0230863983694	60.5945048727
5270.00000000	0.0113351723969	0.0201123666481	0.0230866503732	60.5947325355
5270.00000000	0.0113353032618	0.0201125110950	0.0230868404635	60.5946256109
5270.00000000	0.0113354573306	0.0201124930439	0.0230869003839	60.5942705166
5270.00000000	0.0113355997369	0.0201123141146	0.0230868144281	60.5937446032
5270.00000000	0.0113357425799	0.0201120291836	0.0230866363449	60.5930885716
5270.00000000	0.0113359014003	0.0201117045424	0.0230864315163	60.5923495954
5270.00000000	0.0113360873997	0.0201114373862	0.0230862901150	60.5916218987
5270.00000000	0.0113363307685	0.0201113446940	0.0230863288700	60.5909827754
5270.00000000	0.0113366585709	0.0201114804304	0.0230866080803	60.5904394936
5270.00000000	0.0113370492395	0.0201117898145	0.0230870694329	60.5899719336
5270.00000000	0.0113374097603	0.0201121182930	0.0230875326162	60.5895928370
5270.00000000	0.0113376230637	0.0201122804493	0.0230877786200	60.5893293228
5270.00000000	0.0113376603386	0.0201122111754	0.0230877365785	60.5891643200
5270.00000000	0.0113376003738	0.0201119953468	0.0230875191189	60.5890309298
5270.00000000	0.0113375222821	0.0201116949167	0.0230872190599	60.5888336212
5270.00000000	0.0113374605781	0.0201113042410	0.0230868484344	60.5884908939
5270.00000000	0.0113374172526	0.0201108392276	0.0230864220788	60.5880178224
5270.00000000	0.0113374152611	0.0201104046755	0.0230860425585	60.5874924978
5270.00000000	0.0113375042996	0.0201101518516	0.0230858660491	60.5869918522
5270.00000000	0.0113376982966	0.0201101205908	0.0230859340907	60.5865343398
5270.00000000	0.0113379767667	0.0201102342312	0.0230861698425	60.5860708220
5270.00000000	0.0113383033298	0.0201104015571	0.0230864759802	60.5855687782
5270.00000000	0.0113386664127	0.0201106232254	0.0230868473926	60.5850540349
5270.00000000	0.0113390860611	0.0201109411266	0.0230873304152	60.5845343212
5270.00000000	0.0113395720059	0.0201113441981	0.0230879201907	60.5839751262
5270.00000000	0.0113400988698	0.0201118033047	0.0230885788767	60.5833958059
5270.00000000	0.0113406081182	0.0201122237084	0.0230891952001	60.5828074233
5270.00000000	0.0113410153559	0.0201123781622	0.0230895297622	60.5821154211
5270.00000000	0.0113413201355	0.0201121802386	0.0230895070620	60.5812154021
5270.00000000	0.0113416219386	0.0201118601440	0.0230893764890	60.5801728999
5270.00000000	0.0113420508946	0.0201118093163	0.0230895429247	60.5791837742
5270.00000000	0.0113426716243	0.0201122397491	0.0230902227642	60.5783668016
5270.00000000	0.0113433625533	0.0201129095780	0.0230911456128	60.5776899636
5270.00000000	0.0113439491305	0.0201134360187	0.0230918923078	60.5770639257
5270.00000000	0.0113443350375	0.0201135858973	0.0230922124339	60.5764126093
5270.00000000	0.0113445236431	0.0201133724462	0.0230921191719	60.5757448283
5270.00000000	0.0113446260819	0.0201131075501	0.0230919387722	60.5752005493
5270.00000000	0.0113447269724	0.0201130604082	0.0230919472774	60.5749250474
5270.00000000	0.0113447714318	0.0201131279825	0.0230920279768	60.5749113365
5270.00000000	0.0113446298833	0.0201129797005	0.0230918292827	60.5750364885
5270.00000000	0.0113442477491	0.0201124000134	0.0230911366393	60.5751557103
5270.00000000	0.0113437372021	0.0201114978870	0.0230901000641	60.5751594047
5270.00000000	0.0113432891482	0.0201105862260	0.0230890858860	60.5750164035
5270.00000000	0.0113429809765	0.0201098674845	0.0230883084629	60.5748062410
5270.00000000	0.0113427936721	0.0201093964308	0.0230878061561	60.5746367924
5270.00000000	0.0113426785486	0.0201091341482	0.0230875211499	60.5745658549
5270.00000000	0.0113425602644	0.0201089400972	0.0230872940204	60.5745849384
5270.00000000	0.0113424343503	0.0201087686479	0.0230870828284	60.5746480716
5270.00000000	0.0113423800979	0.0201087290739	0.0230870217060	60.5747170920
5270.00000000	0.0113424324471	0.0201088759587	0.0230871753608	60.5747830233
5270.00000000	0.0113425572084	0.0201091111620	0.0230874415160	60.5748001110
5270.00000000	0.0113427107161	0.0201093026431	0.0230876837119	60.5747017559
5270.00000000	0.0113428324911	0.0201093482200	0.0230877832361	60.5744941059
5270.00000000	0.0113428402384	0.0201091760589	0.0230876370909	60.5742674575
5270.00000000	0.0113427079340	0.0201088326831	0.0230872730125	60.5741347792
5270.00000000	0.0113425414978	0.0201085393291	0.0230869357339	60.5741368657
5270.00000000	0.0113424596712	0.0201084656704	0.0230868313766	60.5742239305
5270.00000000	0.0113425164832	0.0201086631333	0.0230870312769	60.5743418865
5270.00000000	0.0113427650621	0.0201092203271	0.0230876387146	60.5744839251
5270.00000000	0.0113432240102	0.0201101983258	0.0230887160243	60.5746842883
5270.00000000	0.0113437845166	0.0201114118964	0.0230900484111	60.5749523151
5270.00000000	0.0113442163433	0.0201124191744	0.0230911378994	60.5752469420
5270.00000000	0.0113443550285	0.0201128659190	0.0230915951482	60.5754917950
5270.00000000	0.0113442497896	0.0201127555108	0.0230914472809	60.5755846498
5270.00000000	0.0113440735936	0.0201123428508	0.0230910012915	60.5754624158
5270.00000000	0.0113439399359	0.0201118916041	0.0230905425914	60.5752012020
5270.00000000	0.0113438647331	0.0201115326489	0.0230901929956	60.5749261496
5270.00000000	0.0113438210962	0.0201112674723	0.0230899405890	60.5746971903
5270.00000000	0.0113438018504	0.0201110725791	0.0230897613825	60.5745011923
5270.00000000	0.0113437884835	0.0201109054938	0.0230896092851	60.5743263861
5270.00000000	0.0113437096216	0.0201106440761	0.0230893428477	60.5741781306
5270.00000000	0.0113435529318	0.0201102504573	0.0230889230275	60.5740369123
5270.00000000	0.0113433994926	0.0201098820128	0.0230885267313	60.5739193553
5270.00000000	0.0113433125730	0.0201097242105	0.0230883465833	60.5739148334
5270.00000000	0.0113433110164	0.0201098147493	0.0230884246770	60.5740285828
5270.00000000	0.0113434032898	0.0201100814491	0.0230887023041	60.5741542980
5270.00000000	0.0113435885953	0.0201104814913	0.0230891417777	60.5742414974
5270.00000000	0.0113437914491	0.0201108814167	0.0230895897711	60.5742906235
5270.00000000	0.0113439018616	0.0201110952987	0.0230898303060	60.5743127342
5270.00000000	0.0113438651049	0.0201110283510	0.0230897539367	60.5743105601
5270.00000000	0.0113436952570	0.0201106815633	0.0230893684414	60.5742548796
5270.00000000	0.0113434395976	0.0201101565547	0.0230887855583	60.5741673890
5270.00000000	0.0113431915312	0.0201096880155	0.0230882555901	60.5741323296
5270.00000000	0.0113430397266	0.0201094526869	0.0230879760396	60.5741735355
5270.00000000	0.0113430507494	0.0201095317338	0.0230880503043	60.5742460850
5270.00000000	0.0113432735159	0.0201099869339	0.0230885562246	60.5743195631
5270.00000000	0.0113436348934	0.0201106959635	0.0230893513276	60.5744029027
5270.00000000	0.0113439658322	0.0201113665765	0.0230900980157	60.5745051900
5270.00000000	0.0113441490679	0.0201117759609	0.0230905446098	60.5746082395
5270.00000000	0.0113441996985	0.0201119284122	0.0230907022686	60.5746846614
5270.00000000	0.0113441790955	0.0201119139938	0.0230906795881	60.5747116125
5270.00000000	0.0113440927781	0.0201117236814	0.0230904714199	60.5746661638
5270.00000000	0.0113439437609	0.0201113841535	0.0230901024818	60.5745743202
5270.00000000	0.0113438052891	0.0201110936893	0.0230897814588	60.5745194957
5270.00000000	0.0113438031888	0.0201111562019	0.0230898348752	60.5746002444
5274.00000000	-0.0124652667439	-0.0200270944519	0.0235895609790	-121.898965555
5274.00000000	-0.0124644237199	-0.0200276339127	0.0235895735190	-121.896534812
5274.00000000	-0.0124636751011	-0.0200281033014	0.0235895764879	-121.894388674
5274.00000000	-0.0124630367633	-0.0200284663751	0.0235895474883	-121.892606384
5274.00000000	-0.0124625414634	-0.0200287401934	0.0235895182966	-121.891233601
5274.00000000	-0.0124622357381	-0.0200289558954	0.0235895399245	-121.890326337
5274.00000000	-0.0124621345642	-0.0200291360939	0.0235896394751	-121.889886470
5274.00000000	-0.0124621956310	-0.0200292612169	0.0235897779735	-121.889851856
5274.00000000	-0.0124623536155	-0.0200292986931	0.0235898932549	-121.890129570
5274.00000000	-0.0124625531906	-0.0200292568253	0.0235899631412	-121.890594860
5274.00000000	-0.0124627464024	-0.0200291484684	0.0235899732145	-121.891132340
5274.00000000	-0.0124629075220	-0.0200289787328	0.0235899142216	-121.891682400
5274.00000000	-0.0124630524367	-0.0200287715351	0.0235898148624	-121.892247117
5274.00000000	-0.0124632078297	-0.0200285660966	0.0235897225353	-121.892831190
5274.00000000	-0.0124633831406	-0.0200284059099	0.0235896791543	-121.893398271
5274.00000000	-0.0124635541428	-0.0200283164210	0.0235896935234	-121.893865744
5274.00000000	-0.0124636709932	-0.0200282704418	0.0235897162238	-121.894165712
5274.00000000	-0.0124637106901	-0.0200281936037	0.0235896719603	-121.894346179
5274.00000000	-0.0124637122959	-0.0200280533823	0.0235895537575	-121.894529437
5274.00000000	-0.0124637460096	-0.0200279173896	0.0235894561098	-121.894773481
5274.00000000	-0.0124638620262	-0.0200278779210	0.0235894838991	-121.895063376
5274.00000000	-0.0124640553548	-0.0200279690990	0.0235896634592	-121.895345036
5274.00000000	-0.0124642844427	-0.0200281217425	0.0235899140990	-121.895621550
5274.00000000	-0.0124645025483	-0.0200282046857	0.0235900997604	-121.895964860
5274.00000000	-0.0124646896919	-0.0200281637806	0.0235901639150	-121.896403258
5274.00000000	-0.0124648715276	-0.0200280507266	0.0235901640119	-121.896923302
5274.00000000	-0.0124650588711	-0.0200279056629	0.0235901398449	-121.897495783
5274.00000000	-0.0124652372208	-0.0200277043110	0.0235900631398	-121.898121961
5274.00000000	-0.0124654205794	-0.0200274173935	0.0235899164406	-121.898868289
5274.00000000	-0.0124656644893	-0.0200270875067	0.0235897652629	-121.899794636
5274.00000000	-0.0124659892141	-0.0200267946514	0.0235896882365	-121.900840104
5274.00000000	-0.0124663511303	-0.0200265734645	0.0235896917155	-121.901870276
5274.00000000	-0.0124667012482	-0.0200264151631	0.0235897423533	-121.902795401
5274.00000000	-0.0124670416911	-0.0200262810188	0.0235898083920	-121.903669563
5274.00000000	-0.0124673916411	-0.0200261299080	0.0235898650574	-121.904585103
5274.00000000	-0.0124677495583	-0.0200259055333	0.0235898637443	-121.905611114
5274.00000000	-0.0124681069791	-0.0200255666607	0.0235897649782	-121.906783085
5274.00000000	-0.0124684384398	-0.0200251613921	0.0235895961370	-121.907986779
5274.00000000	-0.0124687147535	-0.0200247801887	0.0235894185857	-121.909045890
5274.00000000	-0.0124689358702	-0.0200244956446	0.0235892939182	-121.909867111
5274.00000000	-0.0124691159359	-0.0200243222525	0.0235892419101	-121.910460992
5274.00000000	-0.0124692607615	-0.0200242236558	0.0235892347684	-121.910886186
5274.00000000	-0.0124693603076	-0.0200241672144	0.0235892394772	-121.911163897
5274.00000000	-0.0124693971482	-0.0200241637788	0.0235892560349	-121.911244267
5274.00000000	-0.0124693678382	-0.0200242728360	0.0235893331167	-121.911043815
5274.00000000	-0.0124693022114	-0.0200245243965	0.0235895119692	-121.910585526
5274.00000000	-0.0124692530103	-0.0200248551744	0.0235897667516	-121.910059408
5274.00000000	-0.0124692536724	-0.0200251582909	0.0235900244112	-121.909671620
5274.00000000	-0.0124692997194	-0.0200254075753	0.0235902603641	-121.909446523
5274.00000000	-0.0124693691318	-0.0200256154052	0.0235904734777	-121.909322822
5274.00000000	-0.0124694241315	-0.0200257674423	0.0235906316114	-121.909241035
5274.00000000	-0.0124694245834	-0.0200258509192	0.0235907027127	-121.909134801
5274.00000000	-0.0124693720822	-0.0200258492846	0.0235906735744	-121.909028656
5274.00000000	-0.0124693123020	-0.0200257556028	0.0235905624508	-121.909025671
5274.00000000	-0.0124692869163	-0.0200256197598	0.0235904337171	-121.909147724
5274.00000000	-0.0124693195983	-0.0200255098481	0.0235903576895	-121.909356210
5274.00000000	-0.0124694014804	-0.0200254262675	0.0235903300204	-121.909632332
5274.00000000	-0.0124694905374	-0.0200253504113	0.0235903127016	-121.909913330
5274.00000000	-0.0124695595010	-0.0200253379190	0.0235903385503	-121.910071553
5274.00000000	-0.0124696028186	-0.0200254558187	0.0235904615301	-121.910009501
5274.00000000	-0.0124696254517	-0.0200256661957	0.0235906520784	-121.909786081
5274.00000000	-0.0124696258515	-0.0200258498210	0.0235908081661	-121.909551169
5274.00000000	-0.0124695876089	-0.0200258817085	0.0235908150206	-121.909431388
5274.00000000	-0.0124695058425	-0.0200256561019	0.0235905802868	-121.909552438
5274.00000000	-0.0124693865886	-0.0200251471544	0.0235900852150	-121.909959960
5274.00000000	-0.0124692442943	-0.0200244819080	0.0235894452871	-121.910520663
5274.00000000	-0.0124691062038	-0.0200239125793	0.0235888890053	-121.910966912
5274.00000000	-0.0124690016145	-0.0200236229554	0.0235885878662	-121.911123125
5274.00000000	-0.0124689408154	-0.0200235621703	0.0235885041290	-121.911075810
5274.00000000	-0.0124689222331	-0.0200235662893	0.0235884978029	-121.911032207
5274.00000000	-0.0124689453665	-0.0200235754921	0.0235885178433	-121.911068089
5274.00000000	-0.0124690129004	-0.0200236428014	0.0235886106786	-121.911120914
5274.00000000	-0.0124691220384	-0.0200238200777	0.0235888188537	-121.911118327
5274.00000000	-0.0124692560846	-0.0200240700694	0.0235891019212	-121.911073735
5274.00000000	-0.0124693824626	-0.0200243009590	0.0235893647201	-121.911037860
5274.00000000	-0.0124694686810	-0.0200244549180	0.0235895409864	-121.911017956
5274.00000000	-0.0124695273131	-0.0200245334353	0.0235896386304	-121.911038034
5274.00000000	-0.0124695767556	-0.0200245602575	0.0235896875344	-121.911105537
5274.00000000	-0.0124695935609	-0.0200245522454	0.0235896896165	-121.911150472
5274.00000000	-0.0124695689534	-0.0200245081221	0.0235896391540	-121.911156387
5274.00000000	-0.0124695310702	-0.0200244012734	0.0235895284283	-121.911215464
5274.00000000	-0.0124695064755	-0.0200242331370	0.0235893727019	-121.911380628
5274.00000000	-0.0124694998736	-0.0200240786346	0.0235892380602	-121.911565386
5274.00000000	-0.0124695002340	-0.0200240141419	0.0235891835051	-121.911648934
5274.00000000	-0.0124695051052	-0.0200240675627	0.0235892314272	-121.911590388
5274.00000000	-0.0124695244124	-0.0200242262966	0.0235893763769	-121.911426392
5274.00000000	-0.0124695543887	-0.0200244506311	0.0235895826527	-121.911200171
5274.00000000	-0.0124695763355	-0.0200246699258	0.0235897804064	-121.910963868
5274.00000000	-0.0124695859124	-0.0200248256905	0.0235899176930	-121.910783631
5274.00000000	-0.0124696067319	-0.0200248826338	0.0235899770357	-121.910753448
5274.00000000	-0.0124696497664	-0.0200247910555	0.0235899220455	-121.910959749
5274.00000000	-0.0124696879954	-0.0200245564800	0.0235897431296	-121.911339738
5274.00000000	-0.0124696965560	-0.0200242794512	0.0235895124947	-121.911713069
5274.00000000	-0.0124696820070	-0.0200240672280	0.0235893246556	-121.911955553
5274.00000000	-0.0124696728436	-0.0200239494426	0.0235892198283	-121.912087891
5274.00000000	-0.0124696812749	-0.0200239005872	0.0235891828138	-121.912168003
5274.00000000	-0.0124697016167	-0.0200239060169	0.0235891981759	-121.912202972
5274.00000000	-0.0124697231607	-0.0200239675089	0.0235892617625	-121.912168438
5274.00000000	-0.0124697317252	-0.0200240594837	0.0235893443636	-121.912068005
5274.00000000	-0.0124697132349	-0.0200241027901	0.0235893713505	-121.911974279
