DevNumber	X [V]	Y [V]	R [V]	Theta [°]
4253.00000000	-0.00109642206846	0.00585098333243	0.00595282683341	100.613626284
4253.00000000	-0.00109640497085	0.00585098960838	0.00595282985289	100.613453410
4253.00000000	-0.00109640148396	0.00585097525369	0.00595281510155	100.613445870
4253.00000000	-0.00109640316894	0.00585093116286	0.00595277207537	100.613539973
4253.00000000	-0.00109640215398	0.00585087268909	0.00595271441506	100.613634033
4253.00000000	-0.00109639477201	0.00585081614571	0.00595265747940	100.613664437
4253.00000000	-0.00109638382905	0.00585075729795	0.00595259762289	100.613665238
4253.00000000	-0.00109637719715	0.00585069416968	0.00595253435316	100.613714413
4253.00000000	-0.00109638084524	0.00585064359620	0.00595248531687	100.613838589
4253.00000000	-0.00109639477616	0.00585062089437	0.00595246556939	100.614010636
4253.00000000	-0.00109641472786	0.00585061754360	0.00595246595093	100.614205337
4253.00000000	-0.00109643674577	0.00585061509592	0.00595246760076	100.614417985
4253.00000000	-0.00109645720205	0.00585061155469	0.00595246788818	100.614617797
4253.00000000	-0.00109646981133	0.00585062147190	0.00595247995835	100.614719508
4253.00000000	-0.00109647021117	0.00585065805080	0.00595251598498	100.614658434
4253.00000000	-0.00109645814704	0.00585072199774	0.00595257661547	100.614430920
4253.00000000	-0.00109643520882	0.00585080028229	0.00595264933542	100.614075116
4253.00000000	-0.00109640817818	0.00585087768496	0.00595272043502	100.613682168
4253.00000000	-0.00109638691315	0.00585094405861	0.00595278175648	100.613363326
4253.00000000	-0.00109638032027	0.00585098606344	0.00595282182845	100.613226492
4253.00000000	-0.00109638997782	0.00585098404211	0.00595282162042	100.613321439
4253.00000000	-0.00109640681781	0.00585093508425	0.00595277660174	100.613567541
4253.00000000	-0.00109642060538	0.00585086696539	0.00595271218778	100.613818740
4253.00000000	-0.00109642385660	0.00585082019058	0.00595266681209	100.613932423
4253.00000000	-0.00109641265626	0.00585081958691	0.00595266415577	100.613827532
4253.00000000	-0.00109638711952	0.00585086388182	0.00595270298936	100.613507414
4253.00000000	-0.00109635301823	0.00585093559723	0.00595276719715	100.613057667
4253.00000000	-0.00109632396810	0.00585101140044	0.00595283635347	100.612648469
4253.00000000	-0.00109630817911	0.00585107324219	0.00595289422962	100.612389481
4253.00000000	-0.00109629881531	0.00585111771434	0.00595293621665	100.612222069
4253.00000000	-0.00109628925569	0.00585114211357	0.00595295843806	100.612088386
4253.00000000	-0.00109627884561	0.00585113625902	0.00595295076655	100.612000282
4253.00000000	-0.00109626355834	0.00585110422026	0.00595291646050	100.611912450
4253.00000000	-0.00109623763711	0.00585107270614	0.00595288071185	100.611723086
4253.00000000	-0.00109620305919	0.00585106817201	0.00595286988775	100.611404005
4253.00000000	-0.00109616674480	0.00585109668807	0.00595289122911	100.611009920
4253.00000000	-0.00109613567230	0.00585114127717	0.00595292933416	100.610636941
4253.00000000	-0.00109611811054	0.00585117396319	0.00595295822761	100.610412876
4253.00000000	-0.00109611962895	0.00585117202034	0.00595295659757	100.610430684
4253.00000000	-0.00109613813439	0.00585112946720	0.00595291817948	100.610681163
4253.00000000	-0.00109616902320	0.00585106150292	0.00595285706518	100.611093834
4253.00000000	-0.00109620605188	0.00585099294628	0.00595279649960	100.611565649
4253.00000000	-0.00109623947456	0.00585094215608	0.00595275273293	100.611971867
4253.00000000	-0.00109626068096	0.00585091930347	0.00595273417652	100.612212997
4253.00000000	-0.00109626730889	0.00585092849187	0.00595274442837	100.612259413
4253.00000000	-0.00109626502667	0.00585096602981	0.00595278090397	100.612171284
4253.00000000	-0.00109626262351	0.00585102178230	0.00595283526033	100.612049726
4253.00000000	-0.00109626334807	0.00585107803244	0.00595289068184	100.611956878
4253.00000000	-0.00109626016654	0.00585111595512	0.00595292737005	100.611859563
4253.00000000	-0.00109624422954	0.00585112848776	0.00595293675349	100.611686582
4253.00000000	-0.00109621848259	0.00585112145621	0.00595292510089	100.611455474
4253.00000000	-0.00109619241277	0.00585110548802	0.00595290460512	100.611237149
4253.00000000	-0.00109616488687	0.00585109438314	0.00595288862147	100.610996428
4253.00000000	-0.00109612723988	0.00585109720516	0.00595288446303	100.610635275
4253.00000000	-0.00109608042259	0.00585110521576	0.00595288371621	100.610178172
4253.00000000	-0.00109604047265	0.00585109595876	0.00595286726177	100.609816637
4253.00000000	-0.00109602389534	0.00585105707619	0.00595282599175	100.609728715
4253.00000000	-0.00109603413016	0.00585100869026	0.00595278031747	100.609911288
4253.00000000	-0.00109606064313	0.00585098275657	0.00595275970883	100.610208074
4253.00000000	-0.00109608847842	0.00585098980892	0.00595277176588	100.610458911
4253.00000000	-0.00109610813250	0.00585101382845	0.00595279899365	100.610602279
4253.00000000	-0.00109611978549	0.00585102611254	0.00595281321341	100.610690750
4253.00000000	-0.00109612946928	0.00585100649620	0.00595279571563	100.610817129
4253.00000000	-0.00109613847087	0.00585095608075	0.00595274781981	100.610991642
4253.00000000	-0.00109614056082	0.00585089139521	0.00595268462524	100.611126062
4253.00000000	-0.00109613091111	0.00585082443901	0.00595261703711	100.611153443
4253.00000000	-0.00109611124881	0.00585075654061	0.00595254667913	100.611087768
4253.00000000	-0.00109608302070	0.00585069508883	0.00595248108025	100.610929625
4253.00000000	-0.00109605084337	0.00585065259622	0.00595243338920	100.610700511
4253.00000000	-0.00109603022733	0.00585062769350	0.00595240511618	100.610549599
4253.00000000	-0.00109603606167	0.00585060382011	0.00595238272529	100.610647112
4253.00000000	-0.00109605959549	0.00585056422560	0.00595234814126	100.610939947
4253.00000000	-0.00109607324460	0.00585050618051	0.00595229360211	100.611171969
4253.00000000	-0.00109606337281	0.00585044795332	0.00595223455282	100.611181779
4253.00000000	-0.00109603748912	0.00585042134240	0.00595220363069	100.610984054
4253.00000000	-0.00109600560992	0.00585044298777	0.00595221903580	100.610644067
4253.00000000	-0.00109597139514	0.00585049866334	0.00595226745944	100.610221669
4253.00000000	-0.00109593477422	0.00585055802496	0.00595231906342	100.609769980
4253.00000000	-0.00109590056317	0.00585060106856	0.00595235507239	100.609370018
4253.00000000	-0.00109587751967	0.00585063043897	0.00595237969820	100.609099950
4253.00000000	-0.00109586338054	0.00585065330031	0.00595239956565	100.608925664
4253.00000000	-0.00109584944683	0.00585066625483	0.00595240973350	100.608770878
4253.00000000	-0.00109583814979	0.00585067011285	0.00595241144578	100.608657159
4253.00000000	-0.00109583928064	0.00585068223809	0.00595242357196	100.608646371
4253.00000000	-0.00109585597844	0.00585072447755	0.00595246816351	100.608729499
4253.00000000	-0.00109588110858	0.00585080043883	0.00595254745291	100.608832645
4253.00000000	-0.00109590329881	0.00585088813115	0.00595263773159	100.608887187
4253.00000000	-0.00109591266231	0.00585095600023	0.00595270616443	100.608855506
4253.00000000	-0.00109590376485	0.00585098262869	0.00595273069969	100.608724144
4253.00000000	-0.00109587682508	0.00585096316650	0.00595270661057	100.608503764
4253.00000000	-0.00109583791696	0.00585091029137	0.00595264747637	100.608229358
4253.00000000	-0.00109579629957	0.00585085784546	0.00595258826544	100.607928554
4253.00000000	-0.00109576103109	0.00585083848563	0.00595256274408	100.607629186
4253.00000000	-0.00109573828425	0.00585085318583	0.00595257300583	100.607387934
4253.00000000	-0.00109572735518	0.00585087028826	0.00595258780422	100.607254233
4253.00000000	-0.00109571886891	0.00585086197153	0.00595257806749	100.607188681
4253.00000000	-0.00109570648736	0.00585083534538	0.00595254961720	100.607118716
4253.00000000	-0.00109569326554	0.00585081336758	0.00595252558117	100.607032565
4253.00000000	-0.00109568369788	0.00585080068815	0.00595251135726	100.606964510
4253.00000000	-0.00109568322157	0.00585078102629	0.00595249194368	100.606994840
5260.00000000	-0.00212353561224	-0.00561752685948	0.00600549844005	-110.707577906
5260.00000000	-0.00212348317210	-0.00561742160926	0.00600538144653	-110.707464981
5260.00000000	-0.00212348449318	-0.00561739491757	0.00600535694632	-110.707566818
5260.00000000	-0.00212357540465	-0.00561750683951	0.00600549378413	-110.708000560
5260.00000000	-0.00212370686487	-0.00561769234797	0.00600571379308	-110.708547885
5260.00000000	-0.00212379757697	-0.00561783457505	0.00600587890825	-110.708877565
5260.00000000	-0.00212383284838	-0.00561790919615	0.00600596118070	-110.708940575
5260.00000000	-0.00212385219301	-0.00561797091796	0.00600602575525	-110.708904979
5260.00000000	-0.00212387158001	-0.00561804010317	0.00600609732598	-110.708844585
5260.00000000	-0.00212387479191	-0.00561809195789	0.00600614696615	-110.708698320
5260.00000000	-0.00212386546906	-0.00561812865146	0.00600617799229	-110.708491352
5260.00000000	-0.00212386977490	-0.00561817967076	0.00600622723793	-110.708357672
5260.00000000	-0.00212389529232	-0.00561824785852	0.00600630004349	-110.708355353
5260.00000000	-0.00212392268099	-0.00561830416622	0.00600636239824	-110.708409803
5260.00000000	-0.00212393146303	-0.00561831701722	0.00600637752440	-110.708444816
5260.00000000	-0.00212390902268	-0.00561825788825	0.00600631428045	-110.708444036
5260.00000000	-0.00212385327838	-0.00561812071880	0.00600616626136	-110.708409332
5260.00000000	-0.00212377447194	-0.00561794169186	0.00600597093407	-110.708310034
5260.00000000	-0.00212369906279	-0.00561779200625	0.00600580425379	-110.708142064
5260.00000000	-0.00212367020764	-0.00561775305542	0.00600575761603	-110.708015966
5260.00000000	-0.00212371334933	-0.00561785968536	0.00600587261225	-110.708041243
5260.00000000	-0.00212380706902	-0.00561805481386	0.00600608827424	-110.708219312
5260.00000000	-0.00212390867472	-0.00561824220536	0.00600629948776	-110.708493833
5260.00000000	-0.00212398156952	-0.00561835362777	0.00600642948801	-110.708768412
5260.00000000	-0.00212399897184	-0.00561835457812	0.00600643653075	-110.708920483
5260.00000000	-0.00212394730638	-0.00561823598340	0.00600630732859	-110.708859529
5260.00000000	-0.00212383642222	-0.00561802937375	0.00600607485740	-110.708567057
5260.00000000	-0.00212371657440	-0.00561782720633	0.00600584337197	-110.708179587
5260.00000000	-0.00212364558451	-0.00561771533420	0.00600571362494	-110.707923484
5260.00000000	-0.00212362799426	-0.00561768191429	0.00600567614413	-110.707879252
5260.00000000	-0.00212362777632	-0.00561766522778	0.00600566045858	-110.707933598
5260.00000000	-0.00212361363686	-0.00561762861894	0.00600562121508	-110.707930918
5260.00000000	-0.00212356460375	-0.00561755063761	0.00600553093343	-110.707756415
5260.00000000	-0.00212346737184	-0.00561741546210	0.00600537010959	-110.707344711
5260.00000000	-0.00212334105470	-0.00561724164274	0.00600516285437	-110.706803777
5260.00000000	-0.00212324037991	-0.00561708381253	0.00600497962260	-110.706437723
5260.00000000	-0.00212321672288	-0.00561700743846	0.00600489981731	-110.706484242
5260.00000000	-0.00212328433336	-0.00561705365655	0.00600496695585	-110.706931746
5260.00000000	-0.00212342286035	-0.00561721666232	0.00600516841356	-110.707618145
5260.00000000	-0.00212360713024	-0.00561746754347	0.00600546824532	-110.708416255
5260.00000000	-0.00212381620711	-0.00561777603532	0.00600583073892	-110.709241299
5260.00000000	-0.00212401350705	-0.00561808733712	0.00600619169738	-110.709951678
5260.00000000	-0.00212415252582	-0.00561832265244	0.00600646096965	-110.710398290
5260.00000000	-0.00212421395974	-0.00561843671348	0.00600658938584	-110.710561662
5260.00000000	-0.00212421269203	-0.00561844330289	0.00600659510112	-110.710528122
5260.00000000	-0.00212416056490	-0.00561836759404	0.00600650585009	-110.710318413
5260.00000000	-0.00212406356499	-0.00561822576831	0.00600633888586	-110.709931349
5260.00000000	-0.00212395471886	-0.00561806464340	0.00600614968055	-110.709503663
5260.00000000	-0.00212388680012	-0.00561796253471	0.00600603015154	-110.709242070
5260.00000000	-0.00212388961533	-0.00561796811228	0.00600603636425	-110.709248375
5260.00000000	-0.00212394785920	-0.00561806588941	0.00600614842027	-110.709438250
5260.00000000	-0.00212402676438	-0.00561820672196	0.00600630805624	-110.709667234
5260.00000000	-0.00212410289732	-0.00561833952295	0.00600645919936	-110.709898563
5260.00000000	-0.00212415975785	-0.00561842192097	0.00600655638107	-110.710127948
5260.00000000	-0.00212417856058	-0.00561842959854	0.00600657021194	-110.710269816
5260.00000000	-0.00212415378423	-0.00561837441853	0.00600650983565	-110.710234891
5260.00000000	-0.00212409567250	-0.00561828580049	0.00600640639333	-110.710015324
5260.00000000	-0.00212401086786	-0.00561816500901	0.00600626341707	-110.709666106
5260.00000000	-0.00212391282927	-0.00561800848036	0.00600608233308	-110.709319339
5260.00000000	-0.00212382548368	-0.00561784289856	0.00600589656238	-110.709098512
5260.00000000	-0.00212376871957	-0.00561771382736	0.00600575575763	-110.709027401
5260.00000000	-0.00212376445707	-0.00561767340584	0.00600571644051	-110.709125730
5260.00000000	-0.00212382869872	-0.00561775806463	0.00600581834676	-110.709413396
5260.00000000	-0.00212394463549	-0.00561795028590	0.00600603914652	-110.709799474
5260.00000000	-0.00212406374091	-0.00561817492874	0.00600629139364	-110.710104424
5260.00000000	-0.00212414166004	-0.00561834344427	0.00600647657531	-110.710231200
5260.00000000	-0.00212416375634	-0.00561839830837	0.00600653570831	-110.710243278
5260.00000000	-0.00212413798199	-0.00561833148829	0.00600646409120	-110.710238714
5260.00000000	-0.00212409532438	-0.00561820731571	0.00600633285702	-110.710276981
5260.00000000	-0.00212409043948	-0.00561815067444	0.00600627814839	-110.710424474
5260.00000000	-0.00212416374548	-0.00561825908593	0.00600640547867	-110.710712839
5260.00000000	-0.00212429451975	-0.00561850987654	0.00600668631105	-110.711033637
5260.00000000	-0.00212442269492	-0.00561878403231	0.00600698807960	-110.711252399
5260.00000000	-0.00212451225633	-0.00561898722752	0.00600720981741	-110.711366011
5260.00000000	-0.00212454506035	-0.00561907915929	0.00600730740947	-110.711348571
5260.00000000	-0.00212450189062	-0.00561904770308	0.00600726271881	-110.711069543
5260.00000000	-0.00212439142187	-0.00561891844099	0.00600710274257	-110.710520006
5260.00000000	-0.00212425187910	-0.00561873601811	0.00600688275956	-110.709890359
5260.00000000	-0.00212411767097	-0.00561853345151	0.00600664582158	-110.709376211
5260.00000000	-0.00212400424452	-0.00561833575928	0.00600642079235	-110.709031010
5260.00000000	-0.00212392445760	-0.00561817946031	0.00600624637772	-110.708846319
5260.00000000	-0.00212391041985	-0.00561812580510	0.00600619122518	-110.708902055
5260.00000000	-0.00212398023685	-0.00561820697433	0.00600629183881	-110.709251222
5260.00000000	-0.00212408446528	-0.00561834370041	0.00600645658868	-110.709720008
5260.00000000	-0.00212413760768	-0.00561840010686	0.00600652814337	-110.710003899
5260.00000000	-0.00212410288624	-0.00561832878063	0.00600644914726	-110.709934702
5260.00000000	-0.00212401580160	-0.00561819854538	0.00600629653120	-110.709596997
5260.00000000	-0.00212393042526	-0.00561809128363	0.00600616600857	-110.709197020
5260.00000000	-0.00212386709192	-0.00561802561498	0.00600608218681	-110.708853411
5260.00000000	-0.00212381955629	-0.00561798234680	0.00600602490477	-110.708575196
5260.00000000	-0.00212378797168	-0.00561795598043	0.00600598907314	-110.708382297
5260.00000000	-0.00212376907787	-0.00561793599936	0.00600596370194	-110.708281103
5260.00000000	-0.00212375338081	-0.00561790935061	0.00600593322426	-110.708230927
5260.00000000	-0.00212374910907	-0.00561790556525	0.00600592817293	-110.708205577
5260.00000000	-0.00212378403148	-0.00561797808023	0.00600600835183	-110.708272587
5260.00000000	-0.00212386852963	-0.00561812429604	0.00600617500052	-110.708533354
5260.00000000	-0.00212396909836	-0.00561827081918	0.00600634761968	-110.708936466
5260.00000000	-0.00212403752225	-0.00561835084088	0.00600644666731	-110.709277064
5260.00000000	-0.00212406509031	-0.00561837618017	0.00600648011815	-110.709437569
5260.00000000	-0.00212409457943	-0.00561842987485	0.00600654077160	-110.709519562
5270.00000000	-3.32530997182E-5	-0.0163300692599	0.0163301031166	-90.1166718650
5270.00000000	-3.33699004154E-5	-0.0163301213176	0.0163301554125	-90.1170812977
5270.00000000	-3.34167316045E-5	-0.0163301421819	0.0163301763726	-90.1172454589
5270.00000000	-3.33364706739E-5	-0.0163300885542	0.0163301225809	-90.1169642414
5270.00000000	-3.31634203017E-5	-0.0163299584170	0.0163299920917	-90.1163580064
5270.00000000	-3.29854117755E-5	-0.0163297841864	0.0163298175009	-90.1157346777
5270.00000000	-3.28405973122E-5	-0.0163295949973	0.0163296280202	-90.1152279090
5270.00000000	-3.27110655860E-5	-0.0163294293424	0.0163294621057	-90.1147745861
5270.00000000	-3.25927300788E-5	-0.0163293335675	0.0163293660944	-90.1143600496
5270.00000000	-3.25072152369E-5	-0.0163293182744	0.0163293506309	-90.1140601062
5270.00000000	-3.24538446384E-5	-0.0163293456691	0.0163293779193	-90.1138726509
5270.00000000	-3.24048254268E-5	-0.0163293681175	0.0163294002704	-90.1137004985
5270.00000000	-3.23538118496E-5	-0.0163293728178	0.0163294048695	-90.1135214723
5270.00000000	-3.23273440067E-5	-0.0163293902820	0.0163294222812	-90.1134284822
5270.00000000	-3.23515376408E-5	-0.0163294524808	0.0163294845278	-90.1135129389
5270.00000000	-3.24426171317E-5	-0.0163295539407	0.0163295861683	-90.1138318045
5270.00000000	-3.25993388149E-5	-0.0163296639516	0.0163296964911	-90.1143809238
5270.00000000	-3.27810835438E-5	-0.0163297662731	0.0163297991762	-90.1150178870
5270.00000000	-3.29120183635E-5	-0.0163298633462	0.0163298965124	-90.1154766059
5270.00000000	-3.29250449421E-5	-0.0163299589414	0.0163299921336	-90.1155216352
5270.00000000	-3.28111965829E-5	-0.0163300434847	0.0163300764477	-90.1151215890
5270.00000000	-3.26413701778E-5	-0.0163300999229	0.0163301325454	-90.1145253407
5270.00000000	-3.25131682056E-5	-0.0163301267569	0.0163301591237	-90.1140753457
5270.00000000	-3.24802969324E-5	-0.0163301396830	0.0163301719843	-90.1139599240
5270.00000000	-3.25406295124E-5	-0.0163301487412	0.0163301811626	-90.1141715422
5270.00000000	-3.26674954508E-5	-0.0163301559760	0.0163301886507	-90.1146166101
5270.00000000	-3.28263283155E-5	-0.0163301659150	0.0163301989082	-90.1151738167
5270.00000000	-3.29625587351E-5	-0.0163301759296	0.0163302091971	-90.1156517199
5270.00000000	-3.30353748310E-5	-0.0163301772114	0.0163302106261	-90.1159071911
5270.00000000	-3.30665712407E-5	-0.0163301705745	0.0163302040524	-90.1160166930
5270.00000000	-3.30943379853E-5	-0.0163301500074	0.0163301835415	-90.1161142608
5270.00000000	-3.31315863712E-5	-0.0163300955319	0.0163301291417	-90.1162453373
5270.00000000	-3.31906841897E-5	-0.0163300109494	0.0163300446793	-90.1164532902
5270.00000000	-3.32847618976E-5	-0.0163299455675	0.0163299794891	-90.1167838392
5270.00000000	-3.34021925714E-5	-0.0163299489097	0.0163299830711	-90.1171958346
5270.00000000	-3.35182957339E-5	-0.0163300197761	0.0163300541752	-90.1176026858
5270.00000000	-3.36102396210E-5	-0.0163301229083	0.0163301574962	-90.1179245356
5270.00000000	-3.36520124963E-5	-0.0163302273911	0.0163302620647	-90.1180703436
5270.00000000	-3.36223873603E-5	-0.0163303125463	0.0163303471587	-90.1179657870
5270.00000000	-3.35095928723E-5	-0.0163303697471	0.0163304041275	-90.1175696313
5270.00000000	-3.33122570422E-5	-0.0163304039128	0.0163304378895	-90.1168770287
5270.00000000	-3.30729161987E-5	-0.0163304198437	0.0163304533339	-90.1160371835
5270.00000000	-3.28787398919E-5	-0.0163304220299	0.0163304551279	-90.1153558973
5270.00000000	-3.27928926971E-5	-0.0163304247450	0.0163304576705	-90.1150546819
5270.00000000	-3.28013944676E-5	-0.0163304382808	0.0163304712233	-90.1150844151
5270.00000000	-3.28429822671E-5	-0.0163304485190	0.0163304815451	-90.1152302542
5270.00000000	-3.28729304131E-5	-0.0163304413705	0.0163304744568	-90.1153353780
5270.00000000	-3.28737654771E-5	-0.0163304216495	0.0163304547376	-90.1153384471
5270.00000000	-3.28360325323E-5	-0.0163303915847	0.0163304245969	-90.1152062726
5270.00000000	-3.27648731425E-5	-0.0163303495738	0.0163303824431	-90.1149569040
5270.00000000	-3.26865214559E-5	-0.0163303027442	0.0163303354566	-90.1146823335
5270.00000000	-3.26283878751E-5	-0.0163302543401	0.0163302869364	-90.1144787087
5270.00000000	-3.26122091085E-5	-0.0163302100754	0.0163302426394	-90.1144222548
5270.00000000	-3.26570059984E-5	-0.0163301869012	0.0163302195548	-90.1145795901
5270.00000000	-3.27578182408E-5	-0.0163301825990	0.0163302154545	-90.1149333268
5270.00000000	-3.28696656377E-5	-0.0163301505218	0.0163301836021	-90.1153259775
5270.00000000	-3.29403099099E-5	-0.0163300450252	0.0163300782481	-90.1155745848
5270.00000000	-3.29608932441E-5	-0.0163298929806	0.0163299262454	-90.1156478802
5270.00000000	-3.29529104381E-5	-0.0163297710564	0.0163298043053	-90.1156207348
5270.00000000	-3.29289428631E-5	-0.0163297223840	0.0163297555847	-90.1155369852
5270.00000000	-3.28879082269E-5	-0.0163297241813	0.0163297572992	-90.1153929956
5270.00000000	-3.28205436824E-5	-0.0163297234007	0.0163297563831	-90.1151566414
5270.00000000	-3.27136491500E-5	-0.0163296906998	0.0163297234677	-90.1147818140
5270.00000000	-3.25757472657E-5	-0.0163296275398	0.0163296600322	-90.1142984035
5270.00000000	-3.24512297159E-5	-0.0163295446862	0.0163295769309	-90.1138620881
5270.00000000	-3.23839843296E-5	-0.0163294513452	0.0163294834565	-90.1136267933
5270.00000000	-3.23833080672E-5	-0.0163293524939	0.0163293846041	-90.1136251084
5270.00000000	-3.24373800116E-5	-0.0163292620604	0.0163292942781	-90.1138154634
5270.00000000	-3.25114275038E-5	-0.0163291992942	0.0163292316593	-90.1140757172
5270.00000000	-3.25364980299E-5	-0.0163291661800	0.0163291985951	-90.1141639156
5270.00000000	-3.24516359385E-5	-0.0163291507313	0.0163291829775	-90.1138662604
5270.00000000	-3.22725243280E-5	-0.0163291407861	0.0163291726774	-90.1132378644
5270.00000000	-3.20882385289E-5	-0.0163291297069	0.0163291612351	-90.1125913203
5270.00000000	-3.19721696352E-5	-0.0163291234669	0.0163291547673	-90.1121841013
5270.00000000	-3.19473721695E-5	-0.0163291437339	0.0163291749858	-90.1120969529
5270.00000000	-3.20087243948E-5	-0.0163292067321	0.0163292381040	-90.1123117918
5270.00000000	-3.21304231736E-5	-0.0163293011838	0.0163293327946	-90.1127381537
5270.00000000	-3.22738329308E-5	-0.0163293843374	0.0163294162308	-90.1132407671
5270.00000000	-3.24056837645E-5	-0.0163294114932	0.0163294436477	-90.1137032082
5270.00000000	-3.25105826968E-5	-0.0163293750977	0.0163294074607	-90.1140715248
5270.00000000	-3.25856469248E-5	-0.0163292990535	0.0163293315663	-90.1143354382
5270.00000000	-3.26117539803E-5	-0.0163292157974	0.0163292483625	-90.1144276250
5270.00000000	-3.25660118225E-5	-0.0163291621147	0.0163291945886	-90.1142675017
5270.00000000	-3.24850157201E-5	-0.0163291699037	0.0163292022163	-90.1139832492
5270.00000000	-3.24581857631E-5	-0.0163292580588	0.0163292903179	-90.1138884938
5270.00000000	-3.25261625173E-5	-0.0163294195709	0.0163294519649	-90.1141258796
5270.00000000	-3.26432235318E-5	-0.0163296124287	0.0163296450559	-90.1145352625
5270.00000000	-3.27512971888E-5	-0.0163297756533	0.0163298084966	-90.1149133109
5270.00000000	-3.28361824782E-5	-0.0163298652097	0.0163298982233	-90.1152105122
5270.00000000	-3.29014260657E-5	-0.0163298819853	0.0163299151301	-90.1154393096
5270.00000000	-3.29395587401E-5	-0.0163298607229	0.0163298939447	-90.1155732536
5270.00000000	-3.29540385295E-5	-0.0163298377672	0.0163298710182	-90.1156242205
5270.00000000	-3.29561640799E-5	-0.0163298305149	0.0163298637703	-90.1156317296
5270.00000000	-3.29286262472E-5	-0.0163298366711	0.0163298698709	-90.1155350657
5270.00000000	-3.28386723511E-5	-0.0163298341268	0.0163298671455	-90.1152194676
5270.00000000	-3.27021929514E-5	-0.0163298031392	0.0163298358840	-90.1147408279
5270.00000000	-3.25839973288E-5	-0.0163297537250	0.0163297862337	-90.1143264669
5270.00000000	-3.25292852016E-5	-0.0163297166709	0.0163297490705	-90.1141347596
5270.00000000	-3.25229067386E-5	-0.0163297108258	0.0163297432127	-90.1141124206
5270.00000000	-3.24996950624E-5	-0.0163297274871	0.0163297598278	-90.1140308621
5274.00000000	0.00280076103585	-0.0197318332169	0.0199296137564	-81.9213315882
5274.00000000	0.00280076135054	-0.0197318155815	0.0199295963402	-81.9213235674
5274.00000000	0.00280078312040	-0.0197317941703	0.0199295782009	-81.9212529516
5274.00000000	0.00280079502932	-0.0197317604426	0.0199295464816	-81.9212054274
5274.00000000	0.00280079223617	-0.0197316983180	0.0199294845809	-81.9211882778
5274.00000000	0.00280078265319	-0.0197315946136	0.0199293805590	-81.9211736552
5274.00000000	0.00280076594517	-0.0197314523192	0.0199292373287	-81.9211637216
5274.00000000	0.00280075228963	-0.0197313072773	0.0199290918072	-81.9211439891
5274.00000000	0.00280076324880	-0.0197312060168	0.0199289930918	-81.9210718810
5274.00000000	0.00280080762029	-0.0197311625183	0.0199289562609	-81.9209280036
5274.00000000	0.00280087111219	-0.0197311621516	0.0199289648210	-81.9207471279
5274.00000000	0.00280093506427	-0.0197311899396	0.0199290013214	-81.9205763189
5274.00000000	0.00280098909082	-0.0197312310685	0.0199290496353	-81.9204391538
5274.00000000	0.00280102421070	-0.0197312717669	0.0199290948657	-81.9203556321
5274.00000000	0.00280102795843	-0.0197313070338	0.0199291303093	-81.9203592149
5274.00000000	0.00280099343102	-0.0197313255616	0.0199291438005	-81.9204649817
5274.00000000	0.00280092952978	-0.0197313203937	0.0199291297028	-81.9206447845
5274.00000000	0.00280086817601	-0.0197313127793	0.0199291135411	-81.9208163478
5274.00000000	0.00280084565307	-0.0197313314885	0.0199291288992	-81.9208880175
5274.00000000	0.00280086642280	-0.0197313952619	0.0199291949586	-81.9208546655
5274.00000000	0.00280090231988	-0.0197314965088	0.0199293002457	-81.9207933960
5274.00000000	0.00280092204045	-0.0197315984131	0.0199294039101	-81.9207784377
5274.00000000	0.00280090697695	-0.0197316737775	0.0199294764094	-81.9208517652
5274.00000000	0.00280085735043	-0.0197317204029	0.0199295155976	-81.9210118602
5274.00000000	0.00280080167233	-0.0197317410120	0.0199295281774	-81.9211786684
5274.00000000	0.00280078091385	-0.0197317348553	0.0199295191645	-81.9212352676
5274.00000000	0.00280081241716	-0.0197317100981	0.0199294990803	-81.9211355943
5274.00000000	0.00280087300190	-0.0197316888150	0.0199294865229	-81.9209545473
5274.00000000	0.00280091832193	-0.0197316841484	0.0199294882719	-81.9208236632
5274.00000000	0.00280091560237	-0.0197316743088	0.0199294781477	-81.9208274285
5274.00000000	0.00280086521580	-0.0197316136131	0.0199294109731	-81.9209463250
5274.00000000	0.00280078758365	-0.0197314821374	0.0199292698919	-81.9211141769
5274.00000000	0.00280070726748	-0.0197313130038	0.0199290911497	-81.9212744561
5274.00000000	0.00280065729061	-0.0197311777636	0.0199289502282	-81.9213620721
5274.00000000	0.00280065516652	-0.0197311381347	0.0199289106941	-81.9213521070
5274.00000000	0.00280067671089	-0.0197312032664	0.0199289782071	-81.9213170968
5274.00000000	0.00280067834306	-0.0197313421410	0.0199291159328	-81.9213685603
5274.00000000	0.00280064291147	-0.0197315180426	0.0199292851097	-81.9215404819
5274.00000000	0.00280058460024	-0.0197316902124	0.0199294473767	-81.9217760176
5274.00000000	0.00280052506651	-0.0197318210144	0.0199295685150	-81.9219983172
5274.00000000	0.00280048812602	-0.0197318958759	0.0199296374428	-81.9221337067
5274.00000000	0.00280048185769	-0.0197319121693	0.0199296526937	-81.9221581309
5274.00000000	0.00280048898180	-0.0197318775904	0.0199296194590	-81.9221238838
5274.00000000	0.00280048808745	-0.0197318304041	0.0199295726152	-81.9221073672
5274.00000000	0.00280048829324	-0.0197318206277	0.0199295629647	-81.9221028320
5274.00000000	0.00280053792281	-0.0197318561164	0.0199296050753	-81.9219759040
5274.00000000	0.00280066755160	-0.0197318994551	0.0199296661999	-81.9216244402
5274.00000000	0.00280084267872	-0.0197319148965	0.0199297060990	-81.9211322028
5274.00000000	0.00280099579870	-0.0197319037863	0.0199297166185	-81.9206918794
5274.00000000	0.00280108022076	-0.0197318980558	0.0199297228101	-81.9204492688
5274.00000000	0.00280109174325	-0.0197319239159	0.0199297500330	-81.9204269207
5274.00000000	0.00280104783834	-0.0197319682827	0.0199297877886	-81.9205698161
5274.00000000	0.00280096083463	-0.0197319866442	0.0199297937401	-81.9208248777
5274.00000000	0.00280083726202	-0.0197319470202	0.0199297371427	-81.9211605995
5274.00000000	0.00280070192133	-0.0197318412438	0.0199296133963	-81.9215030934
5274.00000000	0.00280060012227	-0.0197316710971	0.0199294306324	-81.9217241131
5274.00000000	0.00280056509542	-0.0197314534918	0.0199292102641	-81.9217359007
5274.00000000	0.00280060101509	-0.0197312281662	0.0199289922222	-81.9215426225
5274.00000000	0.00280068804078	-0.0197310410236	0.0199288191666	-81.9212192946
5274.00000000	0.00280079747233	-0.0197309212726	0.0199287159834	-81.9208594129
5274.00000000	0.00280089633255	-0.0197308704366	0.0199286795461	-81.9205574658
5274.00000000	0.00280094270012	-0.0197308710322	0.0199286866526	-81.9204257210
5274.00000000	0.00280091484466	-0.0197309062534	0.0199287176092	-81.9205192438
5274.00000000	0.00280083057208	-0.0197309570193	0.0199287560271	-81.9207796384
5274.00000000	0.00280072454623	-0.0197309984801	0.0199287821757	-81.9210981928
5274.00000000	0.00280062407144	-0.0197310045029	0.0199287740186	-81.9213866272
5274.00000000	0.00280054134845	-0.0197309485395	0.0199287069855	-81.9215994876
5274.00000000	0.00280048028912	-0.0197308312711	0.0199285823002	-81.9217259151
5274.00000000	0.00280044124649	-0.0197307036699	0.0199284504788	-81.9217854980
5274.00000000	0.00280041478561	-0.0197306321749	0.0199283759747	-81.9218319349
5274.00000000	0.00280039008810	-0.0197306434187	0.0199283836365	-81.9219067804
5274.00000000	0.00280036383878	-0.0197307020034	0.0199284379512	-81.9220051694
5274.00000000	0.00280032571982	-0.0197307480989	0.0199284782329	-81.9221322996
5274.00000000	0.00280026018516	-0.0197307602993	0.0199284811035	-81.9223237759
5274.00000000	0.00280018139050	-0.0197307714519	0.0199284810737	-81.9225525739
5274.00000000	0.00280012666590	-0.0197308200128	0.0199285214636	-81.9227279674
5274.00000000	0.00280011248336	-0.0197309066410	0.0199286052395	-81.9228033335
5274.00000000	0.00280013557021	-0.0197309870760	0.0199286881206	-81.9227701092
5274.00000000	0.00280019059055	-0.0197310009155	0.0199287095536	-81.9226190836
5274.00000000	0.00280026378548	-0.0197309201425	0.0199286398668	-81.9223781023
5274.00000000	0.00280032630902	-0.0197307706725	0.0199285006654	-81.9221397422
5274.00000000	0.00280035335999	-0.0197306265446	0.0199283617687	-81.9220045118
5274.00000000	0.00280035468406	-0.0197305715680	0.0199283075236	-81.9219785315
5274.00000000	0.00280036807023	-0.0197306230461	0.0199283603720	-81.9219612248
5274.00000000	0.00280041807269	-0.0197307355205	0.0199284787568	-81.9218643314
5274.00000000	0.00280049496226	-0.0197308769060	0.0199286295443	-81.9217025850
5274.00000000	0.00280056988918	-0.0197310408006	0.0199288023418	-81.9215555220
5274.00000000	0.00280061406355	-0.0197311983255	0.0199289645113	-81.9214934242
5274.00000000	0.00280061205112	-0.0197312947034	0.0199290596500	-81.9215380913
5274.00000000	0.00280056454345	-0.0197312989778	0.0199290572059	-81.9216750468
5274.00000000	0.00280048163962	-0.0197312201378	0.0199289674981	-81.9218791776
5274.00000000	0.00280039145584	-0.0197310905536	0.0199288265269	-81.9220835322
5274.00000000	0.00280033263206	-0.0197309651144	0.0199286940665	-81.9222002974
5274.00000000	0.00280032801300	-0.0197309099503	0.0199286388007	-81.9221911597
5274.00000000	0.00280036490583	-0.0197309517826	0.0199286854020	-81.9221030437
5274.00000000	0.00280040305455	-0.0197310554159	0.0199287933677	-81.9220363209
5274.00000000	0.00280041790493	-0.0197311624207	0.0199289013976	-81.9220372793
5274.00000000	0.00280042130450	-0.0197312336113	0.0199289723596	-81.9220563632
5274.00000000	0.00280042940923	-0.0197312628746	0.0199290024713	-81.9220451155
5274.00000000	0.00280043507279	-0.0197312717473	0.0199290120518	-81.9220325789
