DevNumber	X [V]	Y [V]	R [V]	Theta [°]
4253.00000000	8.63118933821E-5	-0.00176747858902	0.00176958478339	-87.2042762834
4253.00000000	8.63249819640E-5	-0.00176746946216	0.00176957630584	-87.2038385887
4253.00000000	8.63403941086E-5	-0.00176747015361	0.00176957774838	-87.2033412572
4253.00000000	8.63604394762E-5	-0.00176748348685	0.00176959204389	-87.2027140656
4253.00000000	8.63829646214E-5	-0.00176750153712	0.00176961117206	-87.2020141456
4253.00000000	8.63999533042E-5	-0.00176751497380	0.00176962542209	-87.2014859893
4253.00000000	8.64068107927E-5	-0.00176752838143	0.00176963914856	-87.2012854230
4253.00000000	8.64033958534E-5	-0.00176754966441	0.00176966023942	-87.2014295012
4253.00000000	8.63893189159E-5	-0.00176757691424	0.00176968676951	-87.2019277913
4253.00000000	8.63698282620E-5	-0.00176759596568	0.00176970484689	-87.2025881766
4253.00000000	8.63563719574E-5	-0.00176759148463	0.00176969971450	-87.2030162381
4253.00000000	8.63549146290E-5	-0.00176756351315	0.00176967170523	-87.2030191734
4253.00000000	8.63574584697E-5	-0.00176753062155	0.00176963897695	-87.2028849436
4253.00000000	8.63560516967E-5	-0.00176751086785	0.00176961917813	-87.2028992261
4253.00000000	8.63519196842E-5	-0.00176750714740	0.00176961526049	-87.2030269728
4253.00000000	8.63481242363E-5	-0.00176751380260	0.00176962172256	-87.2031602279
4253.00000000	8.63446357476E-5	-0.00176752750395	0.00176963523737	-87.2032946866
4253.00000000	8.63373904113E-5	-0.00176754656315	0.00176965392037	-87.2035590968
4253.00000000	8.63261356449E-5	-0.00176756738116	0.00176967416454	-87.2039559359
4253.00000000	8.63166133590E-5	-0.00176758756113	0.00176969385601	-87.2042957343
4253.00000000	8.63125640243E-5	-0.00176760677834	0.00176971285285	-87.2044570248
4253.00000000	8.63054032584E-5	-0.00176762198132	0.00176972768851	-87.2047125879
4253.00000000	8.62864492312E-5	-0.00176762937123	0.00176973414539	-87.2053371689
4253.00000000	8.62652326536E-5	-0.00176763186585	0.00176973560272	-87.2060271836
4253.00000000	8.62544018000E-5	-0.00176763488254	0.00176973808791	-87.2063821794
4253.00000000	8.62533021863E-5	-0.00176764152634	0.00176974467022	-87.2064282207
4253.00000000	8.62544955230E-5	-0.00176765246681	0.00176975565585	-87.2064068951
4253.00000000	8.62531270046E-5	-0.00176766303785	0.00176976614764	-87.2064678278
4253.00000000	8.62509550899E-5	-0.00176766731043	0.00176977030929	-87.2065448008
4253.00000000	8.62503744525E-5	-0.00176766882237	0.00176977179113	-87.2065659620
4253.00000000	8.62522413004E-5	-0.00176767221367	0.00176977526938	-87.2065109461
4253.00000000	8.62581275864E-5	-0.00176767349269	0.00176977683377	-87.2063226246
4253.00000000	8.62677882006E-5	-0.00176766786082	0.00176977167947	-87.2060013504
4253.00000000	8.62839306833E-5	-0.00176765593578	0.00176976055556	-87.2054605416
4253.00000000	8.63088883201E-5	-0.00176764098371	0.00176974683825	-87.2046298949
4253.00000000	8.63343064018E-5	-0.00176762667463	0.00176973378600	-87.2037853616
4253.00000000	8.63479793453E-5	-0.00176761429927	0.00176972209246	-87.2033236735
4253.00000000	8.63483463584E-5	-0.00176759986656	0.00176970769484	-87.2032890063
4253.00000000	8.63463635334E-5	-0.00176758314857	0.00176969090002	-87.2033267165
4253.00000000	8.63491472739E-5	-0.00176756603940	0.00176967394705	-87.2032096687
4253.00000000	8.63578429269E-5	-0.00176755077619	0.00176965912634	-87.2029043546
4253.00000000	8.63799181872E-5	-0.00176753681133	0.00176964625552	-87.2021684121
4253.00000000	8.64168767048E-5	-0.00176752123232	0.00176963249950	-87.2009486035
4253.00000000	8.64535641160E-5	-0.00176750269625	0.00176961577751	-87.1997328657
4253.00000000	8.64685046856E-5	-0.00176748300427	0.00176959683902	-87.1992185507
4253.00000000	8.64540668976E-5	-0.00176746943929	0.00176958258482	-87.1996639996
4253.00000000	8.64254975104E-5	-0.00176746857950	0.00176958033051	-87.2005865595
4253.00000000	8.64036799338E-5	-0.00176747916437	0.00176958983733	-87.2013088642
4253.00000000	8.63952996952E-5	-0.00176749075056	0.00176960100054	-87.2015981909
4253.00000000	8.63944806926E-5	-0.00176749466976	0.00176960487509	-87.2016308720
4253.00000000	8.63878179892E-5	-0.00176749869004	0.00176960856530	-87.2018526924
4253.00000000	8.63700741970E-5	-0.00176752013184	0.00176962911543	-87.2024603936
4253.00000000	8.63516599686E-5	-0.00176756302820	0.00176967106204	-87.2031236563
4253.00000000	8.63453805883E-5	-0.00176761147522	0.00176971914497	-87.2034032486
4253.00000000	8.63534801309E-5	-0.00176765086628	0.00176975888431	-87.2032035606
4253.00000000	8.63677228608E-5	-0.00176767994587	0.00176978862427	-87.2027889467
4253.00000000	8.63789028587E-5	-0.00176770208941	0.00176981128704	-87.2024624215
4253.00000000	8.63844978707E-5	-0.00176771235537	0.00176982181386	-87.2022977267
4253.00000000	8.63846626624E-5	-0.00176770469452	0.00176981417018	-87.2022802927
4253.00000000	8.63817741052E-5	-0.00176768216301	0.00176979152453	-87.2023380922
4253.00000000	8.63795645484E-5	-0.00176765695820	0.00176976624192	-87.2023697127
4253.00000000	8.63770898294E-5	-0.00176763927140	0.00176974845541	-87.2024217882
4253.00000000	8.63702131863E-5	-0.00176762973117	0.00176973859094	-87.2026290810
4253.00000000	8.63585438054E-5	-0.00176762436093	0.00176973265762	-87.2029979463
4253.00000000	8.63478175743E-5	-0.00176761943054	0.00176972720972	-87.2033370103
4253.00000000	8.63422000959E-5	-0.00176761365318	0.00176972116517	-87.2035095367
4253.00000000	8.63410577028E-5	-0.00176760880902	0.00176971627103	-87.2035388267
4253.00000000	8.63413999325E-5	-0.00176760827698	0.00176971575632	-87.2035269196
4253.00000000	8.63414969005E-5	-0.00176761350157	0.00176972097943	-87.2035320365
4253.00000000	8.63414208218E-5	-0.00176761444293	0.00176972191596	-87.2035359836
4253.00000000	8.63451387718E-5	-0.00176759898610	0.00176970665893	-87.2033913401
4253.00000000	8.63583550917E-5	-0.00176756392305	0.00176967228253	-87.2029085636
4253.00000000	8.63826241568E-5	-0.00176751950109	0.00176962909800	-87.2020535475
4253.00000000	8.64152305900E-5	-0.00176748390217	0.00176959513350	-87.2009428143
4253.00000000	8.64508406113E-5	-0.00176746454195	0.00176957753571	-87.1997605894
4253.00000000	8.64823818946E-5	-0.00176745754156	0.00176957208488	-87.1987294817
4253.00000000	8.65022794295E-5	-0.00176745888221	0.00176957439647	-87.1980881249
4253.00000000	8.65066255092E-5	-0.00176746675571	0.00176958247302	-87.1979600370
4253.00000000	8.64987664850E-5	-0.00176748254573	0.00176959785999	-87.1982391835
4253.00000000	8.64863544045E-5	-0.00176750528208	0.00176961996250	-87.1986765578
4253.00000000	8.64727789991E-5	-0.00176752537469	0.00176963936769	-87.1991473584
4253.00000000	8.64602380768E-5	-0.00176753144364	0.00176964481663	-87.1995625124
4253.00000000	8.64532169673E-5	-0.00176752274084	0.00176963578121	-87.1997757978
4253.00000000	8.64538991460E-5	-0.00176750634031	0.00176961943359	-87.1997277953
4253.00000000	8.64618580981E-5	-0.00176748971099	0.00176960321298	-87.1994441058
4253.00000000	8.64747333469E-5	-0.00176747534968	0.00176958949794	-87.1990050096
4253.00000000	8.64855746997E-5	-0.00176746212027	0.00176957681416	-87.1986334731
4253.00000000	8.64897541014E-5	-0.00176745611733	0.00176957102266	-87.1984888134
4253.00000000	8.64904040909E-5	-0.00176745879535	0.00176957372925	-87.1984720310
4253.00000000	8.64898870313E-5	-0.00176746112381	0.00176957602965	-87.1984924373
4253.00000000	8.64907896399E-5	-0.00176745141091	0.00176956637248	-87.1984478763
4253.00000000	8.64982820999E-5	-0.00176742885866	0.00176954421341	-87.1981698785
4253.00000000	8.65151623935E-5	-0.00176740296150	0.00176951917244	-87.1975829711
4253.00000000	8.65357090324E-5	-0.00176737958914	0.00176949683273	-87.1968814718
4253.00000000	8.65481713892E-5	-0.00176736941278	0.00176948727806	-87.1964623107
4253.00000000	8.65479411516E-5	-0.00176738562260	0.00176950345721	-87.1964954287
4253.00000000	8.65391198411E-5	-0.00176742208334	0.00176953944288	-87.1968384536
4253.00000000	8.65251241197E-5	-0.00176745496632	0.00176957160213	-87.1973431383
4253.00000000	8.65054009295E-5	-0.00176746573404	0.00176958139270	-87.1979980221
4253.00000000	8.64785089669E-5	-0.00176745484171	0.00176956919898	-87.1988504587
5260.00000000	-0.000240694711869	-0.000507006116006	0.000561238938412	-115.395435851
5260.00000000	-0.000240694994657	-0.000506986297385	0.000561221156220	-115.396329654
5260.00000000	-0.000240702876235	-0.000506961930558	0.000561202524640	-115.398123488
5260.00000000	-0.000240715983565	-0.000506942649859	0.000561190729600	-115.400176665
5260.00000000	-0.000240734784110	-0.000506938249569	0.000561194819253	-115.402103281
5260.00000000	-0.000240755677882	-0.000506952036104	0.000561216235815	-115.403426372
5260.00000000	-0.000240772557620	-0.000506978436342	0.000561247324643	-115.403826777
5260.00000000	-0.000240781244426	-0.000507008490114	0.000561278199038	-115.403311668
5260.00000000	-0.000240782082531	-0.000507036562604	0.000561303916863	-115.402159669
5260.00000000	-0.000240782070625	-0.000507060059307	0.000561325136868	-115.401129747
5260.00000000	-0.000240787375743	-0.000507070632479	0.000561336963543	-115.401155965
5260.00000000	-0.000240797352305	-0.000507061288398	0.000561332802417	-115.402484957
5260.00000000	-0.000240808479862	-0.000507034535314	0.000561313409758	-115.404682426
5260.00000000	-0.000240818348431	-0.000506998942974	0.000561285493415	-115.407151089
5260.00000000	-0.000240825801293	-0.000506964223986	0.000561257330438	-115.409358991
5260.00000000	-0.000240830010326	-0.000506941071304	0.000561238223617	-115.410761303
5260.00000000	-0.000240828209665	-0.000506935068827	0.000561232029179	-115.410858210
5260.00000000	-0.000240819032265	-0.000506938218983	0.000561230936573	-115.409873937
5260.00000000	-0.000240805921462	-0.000506939261277	0.000561226252446	-115.408619276
5260.00000000	-0.000240790725084	-0.000506940520526	0.000561220869746	-115.407162764
5260.00000000	-0.000240777122323	-0.000506950515672	0.000561224062184	-115.405470557
5260.00000000	-0.000240769218037	-0.000506970356579	0.000561238593473	-115.403872667
5260.00000000	-0.000240768596385	-0.000506997644190	0.000561262975992	-115.402620322
5260.00000000	-0.000240775176934	-0.000507028406937	0.000561293587412	-115.401880034
5260.00000000	-0.000240782917279	-0.000507050122186	0.000561316523597	-115.401642910
5260.00000000	-0.000240781884750	-0.000507049702001	0.000561315701119	-115.401566103
5260.00000000	-0.000240766353405	-0.000507030367502	0.000561291573517	-115.400980570
5260.00000000	-0.000240740609653	-0.000507005916183	0.000561258443305	-115.399677294
5260.00000000	-0.000240711734787	-0.000506987700819	0.000561229603679	-115.397812049
5260.00000000	-0.000240685091523	-0.000506981100825	0.000561212214653	-115.395643852
5260.00000000	-0.000240669580779	-0.000506984094926	0.000561208267598	-115.394082230
5260.00000000	-0.000240672318540	-0.000506994450869	0.000561218797015	-115.393881332
5260.00000000	-0.000240690520976	-0.000507009259764	0.000561239981090	-115.394911715
5260.00000000	-0.000240714505304	-0.000507020720228	0.000561260620216	-115.396621821
5260.00000000	-0.000240735744667	-0.000507025063308	0.000561273653028	-115.398390298
5260.00000000	-0.000240749964572	-0.000507022101843	0.000561277077029	-115.399831246
5260.00000000	-0.000240755541814	-0.000507010272326	0.000561268783346	-115.400863525
5260.00000000	-0.000240755828309	-0.000506993863768	0.000561254083962	-115.401608464
5260.00000000	-0.000240762299546	-0.000506977879366	0.000561242420928	-115.402905209
5260.00000000	-0.000240779714919	-0.000506962721625	0.000561236200039	-115.405175037
5260.00000000	-0.000240796001422	-0.000506947126288	0.000561229100415	-115.407359984
5260.00000000	-0.000240794293136	-0.000506933029568	0.000561215634203	-115.407819926
5260.00000000	-0.000240772029067	-0.000506926123044	0.000561199843376	-115.406069268
5260.00000000	-0.000240745239505	-0.000506925908660	0.000561188156695	-115.403608034
5260.00000000	-0.000240725176583	-0.000506930662687	0.000561183844576	-115.401549487
5260.00000000	-0.000240712003677	-0.000506938352099	0.000561185140166	-115.399997821
5260.00000000	-0.000240702565682	-0.000506944390614	0.000561186546792	-115.398862924
5260.00000000	-0.000240699055945	-0.000506945574631	0.000561186110993	-115.398487373
5260.00000000	-0.000240703569799	-0.000506945263351	0.000561187765857	-115.398917314
5260.00000000	-0.000240716039600	-0.000506949907159	0.000561197309410	-115.399864016
5260.00000000	-0.000240736443808	-0.000506958459331	0.000561213787130	-115.401371266
5260.00000000	-0.000240761809547	-0.000506960872787	0.000561226848496	-115.403604820
5260.00000000	-0.000240786009371	-0.000506955917385	0.000561232754284	-115.406053503
5260.00000000	-0.000240800196922	-0.000506955064737	0.000561238071143	-115.407399157
5260.00000000	-0.000240796038171	-0.000506963644091	0.000561244036431	-115.406639883
5260.00000000	-0.000240773941387	-0.000506977199986	0.000561246801467	-115.404008527
5260.00000000	-0.000240745707981	-0.000506987872432	0.000561244330665	-115.400937560
5260.00000000	-0.000240724915525	-0.000506991343354	0.000561238547492	-115.398868105
5260.00000000	-0.000240717112037	-0.000506989768876	0.000561233778182	-115.398217399
5260.00000000	-0.000240717899518	-0.000506987130429	0.000561231732504	-115.398405552
5260.00000000	-0.000240717836883	-0.000506982704802	0.000561227707764	-115.398593562
5260.00000000	-0.000240712364831	-0.000506975633977	0.000561218973333	-115.398398528
5260.00000000	-0.000240704537110	-0.000506968386025	0.000561209068543	-115.397993989
5260.00000000	-0.000240701428062	-0.000506956686110	0.000561197165943	-115.398219577
5260.00000000	-0.000240708109223	-0.000506934004093	0.000561179541993	-115.399829053
5260.00000000	-0.000240725286932	-0.000506904190515	0.000561159979088	-115.402719088
5260.00000000	-0.000240746579643	-0.000506881521646	0.000561148636812	-115.405675877
5260.00000000	-0.000240762427790	-0.000506876065664	0.000561150507955	-115.407376550
5260.00000000	-0.000240769035585	-0.000506886115750	0.000561162421084	-115.407545701
5260.00000000	-0.000240767930233	-0.000506905462923	0.000561179422796	-115.406596241
5260.00000000	-0.000240758615160	-0.000506928127074	0.000561195898766	-115.404744428
5260.00000000	-0.000240744076878	-0.000506947397945	0.000561207069481	-115.402559638
5260.00000000	-0.000240733630183	-0.000506960207245	0.000561214159151	-115.401035239
5260.00000000	-0.000240729765569	-0.000506973463055	0.000561224475832	-115.400098341
5260.00000000	-0.000240724435853	-0.000506989066136	0.000561236284642	-115.398923583
5260.00000000	-0.000240713954891	-0.000506998826244	0.000561240606061	-115.397529657
5260.00000000	-0.000240705982884	-0.000506998461418	0.000561236857375	-115.396810437
5260.00000000	-0.000240709415136	-0.000506992046793	0.000561232534736	-115.397407832
5260.00000000	-0.000240724001037	-0.000506988045719	0.000561235176354	-115.398928166
5260.00000000	-0.000240741227821	-0.000506992183681	0.000561246303406	-115.400335620
5260.00000000	-0.000240751550335	-0.000507001214059	0.000561258888612	-115.400892099
5260.00000000	-0.000240748947019	-0.000507002257396	0.000561258714405	-115.400606346
5260.00000000	-0.000240737542886	-0.000506988904703	0.000561241760783	-115.400139383
5260.00000000	-0.000240729069918	-0.000506967902677	0.000561219154563	-115.400277680
5260.00000000	-0.000240728437346	-0.000506949840251	0.000561202566885	-115.401010338
5260.00000000	-0.000240731549496	-0.000506945655360	0.000561200121535	-115.401480630
5260.00000000	-0.000240737544238	-0.000506961991761	0.000561217450099	-115.401318054
5260.00000000	-0.000240745099143	-0.000506993556319	0.000561249203929	-115.400632518
5260.00000000	-0.000240747763585	-0.000507030645100	0.000561283850419	-115.399254218
5260.00000000	-0.000240741243474	-0.000507067405902	0.000561314261744	-115.397043548
5260.00000000	-0.000240728520380	-0.000507097889833	0.000561336343378	-115.394535914
5260.00000000	-0.000240714679902	-0.000507114290432	0.000561345224154	-115.392541845
5260.00000000	-0.000240707503123	-0.000507113130883	0.000561341099131	-115.391930836
5260.00000000	-0.000240715354053	-0.000507099504289	0.000561332155614	-115.393251196
5260.00000000	-0.000240735955437	-0.000507082308399	0.000561325456158	-115.395903554
5260.00000000	-0.000240759341262	-0.000507066088598	0.000561320833937	-115.398769987
5260.00000000	-0.000240778697431	-0.000507049851700	0.000561314469122	-115.401265658
5260.00000000	-0.000240791222642	-0.000507031516302	0.000561303279364	-115.403223421
5260.00000000	-0.000240796331783	-0.000507011089241	0.000561287019281	-115.404589045
5260.00000000	-0.000240792187563	-0.000506992756569	0.000561268681475	-115.405009766
5270.00000000	-0.000166157222834	0.000109611520101	0.000199055037712	146.587740266
5270.00000000	-0.000166168007522	0.000109609624369	0.000199062996255	146.589905048
5270.00000000	-0.000166169939468	0.000109613500313	0.000199066743164	146.589279995
5270.00000000	-0.000166166653956	0.000109613098344	0.000199063779265	146.588855860
5270.00000000	-0.000166166769123	0.000109603953387	0.000199058839941	146.591071338
5270.00000000	-0.000166173013427	0.000109592629525	0.000199057817826	146.594781791
5270.00000000	-0.000166183321522	0.000109585965212	0.000199062754235	146.598016556
5270.00000000	-0.000166194954208	0.000109585066729	0.000199071971041	146.600075576
5270.00000000	-0.000166211093152	0.000109586288734	0.000199086117460	146.602338779
5270.00000000	-0.000166230969008	0.000109589355691	0.000199104399595	146.604750296
5270.00000000	-0.000166241765399	0.000109595012285	0.000199116526889	146.605101295
5270.00000000	-0.000166234470616	0.000109597956365	0.000199112057044	146.603238619
5270.00000000	-0.000166214716818	0.000109593838806	0.000199093298709	146.601098807
5270.00000000	-0.000166191256171	0.000109585166614	0.000199068938736	146.599465664
5270.00000000	-0.000166169926394	0.000109575522433	0.000199045822750	146.598403368
5270.00000000	-0.000166156009673	0.000109570071886	0.000199031204095	146.597507818
5270.00000000	-0.000166148012925	0.000109575050612	0.000199027269276	146.595043946
5270.00000000	-0.000166138251389	0.000109590795631	0.000199027789672	146.589712962
5270.00000000	-0.000166126946530	0.000109613040964	0.000199030603458	146.582575388
5270.00000000	-0.000166123687699	0.000109639052186	0.000199042210043	146.575809066
5270.00000000	-0.000166134100951	0.000109664040386	0.000199064666007	146.571457276
5270.00000000	-0.000166154596163	0.000109679782368	0.000199090442981	146.570925703
5270.00000000	-0.000166179205387	0.000109685626732	0.000199114200937	146.573423346
5270.00000000	-0.000166198916574	0.000109682705061	0.000199129042733	146.577249222
5270.00000000	-0.000166213089545	0.000109672993169	0.000199135523116	146.581827599
5270.00000000	-0.000166224252052	0.000109661945506	0.000199138756304	146.586249503
5270.00000000	-0.000166224664091	0.000109650861924	0.000199132996947	146.588976728
5270.00000000	-0.000166212512666	0.000109636949998	0.000199115193221	146.590392983
5270.00000000	-0.000166202328191	0.000109623763579	0.000199099431032	146.591946866
5270.00000000	-0.000166207643512	0.000109622648649	0.000199103254264	146.593056883
5270.00000000	-0.000166223538572	0.000109636062515	0.000199123908607	146.592353041
5270.00000000	-0.000166233453281	0.000109653773349	0.000199141936818	146.589669945
5270.00000000	-0.000166228534810	0.000109666928735	0.000199145075367	146.585731298
5270.00000000	-0.000166214039817	0.000109674230521	0.000199136997749	146.581681027
5270.00000000	-0.000166195592959	0.000109677968495	0.000199123659800	146.577859975
5270.00000000	-0.000166178214996	0.000109674814436	0.000199107418397	146.575863085
5270.00000000	-0.000166168306603	0.000109660663957	0.000199091354254	146.577691205
5270.00000000	-0.000166170245623	0.000109641989416	0.000199082687277	146.582484329
5270.00000000	-0.000166184198813	0.000109625780235	0.000199085407871	146.588589610
5270.00000000	-0.000166203602136	0.000109613302812	0.000199094735029	146.594661731
5270.00000000	-0.000166218313360	0.000109605015394	0.000199102453766	146.598983379
5270.00000000	-0.000166220424106	0.000109597489021	0.000199100072802	146.601125930
5270.00000000	-0.000166207159819	0.000109588405843	0.000199083999032	146.601206988
5270.00000000	-0.000166183469418	0.000109582932668	0.000199061208275	146.598768677
5270.00000000	-0.000166159191754	0.000109581903299	0.000199040374133	146.595168852
5270.00000000	-0.000166141745915	0.000109577644331	0.000199023465633	146.593427314
5270.00000000	-0.000166134442961	0.000109570535609	0.000199013455354	146.593978184
5270.00000000	-0.000166137782399	0.000109565896210	0.000199013688858	146.595622522
5270.00000000	-0.000166150699806	0.000109563344022	0.000199023067506	146.598283210
5270.00000000	-0.000166163912702	0.000109556413248	0.000199030283043	146.602042797
5270.00000000	-0.000166170176377	0.000109541895156	0.000199027521493	146.606524644
5270.00000000	-0.000166174161763	0.000109519586559	0.000199018571691	146.612518313
5270.00000000	-0.000166182294841	0.000109492363587	0.000199010383655	146.620350995
5270.00000000	-0.000166191689163	0.000109472542763	0.000199007324403	146.626604313
5270.00000000	-0.000166198612320	0.000109468696860	0.000199010990473	146.628625420
5270.00000000	-0.000166200402928	0.000109481632457	0.000199019601494	146.625798953
5270.00000000	-0.000166197096793	0.000109501177752	0.000199027593342	146.620576574
5270.00000000	-0.000166189644807	0.000109515959420	0.000199029503865	146.615842944
5270.00000000	-0.000166176329568	0.000109520644800	0.000199020964087	146.612607368
5270.00000000	-0.000166158304872	0.000109518120039	0.000199004524810	146.610358534
5270.00000000	-0.000166137838710	0.000109517383271	0.000198987031461	146.607292586
5270.00000000	-0.000166120215208	0.000109524843203	0.000198976423677	146.602706089
5270.00000000	-0.000166112217671	0.000109538807741	0.000198977434050	146.598081362
5270.00000000	-0.000166112751870	0.000109551381236	0.000198984802094	146.595143609
5270.00000000	-0.000166113533436	0.000109553717799	0.000198986740951	146.594705865
5270.00000000	-0.000166114176752	0.000109549969231	0.000198985214216	146.595708896
5270.00000000	-0.000166122125876	0.000109552935574	0.000198993483307	146.596255963
5270.00000000	-0.000166136151188	0.000109565570088	0.000199012147570	146.595442352
5270.00000000	-0.000166148357418	0.000109579509419	0.000199030011699	146.594027012
5270.00000000	-0.000166155443794	0.000109596585614	0.000199045329211	146.591046723
5270.00000000	-0.000166155867355	0.000109621980007	0.000199059666324	146.585012306
5270.00000000	-0.000166148877101	0.000109647028455	0.000199067627230	146.577886567
5270.00000000	-0.000166141800446	0.000109661304371	0.000199069584647	146.573335296
5270.00000000	-0.000166143640079	0.000109658284042	0.000199069456215	146.574352485
5270.00000000	-0.000166153739834	0.000109636559369	0.000199065919763	146.581172436
5270.00000000	-0.000166162673344	0.000109604866574	0.000199055923773	146.590202795
5270.00000000	-0.000166163784798	0.000109578349172	0.000199042251760	146.596750829
5270.00000000	-0.000166155806955	0.000109567477696	0.000199029606726	146.598099141
5270.00000000	-0.000166141380114	0.000109567829750	0.000199017756751	146.595728055
5270.00000000	-0.000166127995721	0.000109568916625	0.000199007181912	146.593345323
5270.00000000	-0.000166121341483	0.000109569111270	0.000199001734266	146.592243710
5270.00000000	-0.000166119182717	0.000109569557674	0.000199000177979	146.591794198
5270.00000000	-0.000166117134639	0.000109565234505	0.000198996087984	146.592508588
5270.00000000	-0.000166115383257	0.000109550478393	0.000198986501730	146.595777766
5270.00000000	-0.000166111395942	0.000109533145706	0.000198973631092	146.599312223
5270.00000000	-0.000166102507711	0.000109524110533	0.000198961237069	146.600075369
5270.00000000	-0.000166096816149	0.000109522609413	0.000198955659149	146.599533996
5270.00000000	-0.000166103698911	0.000109521397417	0.000198960738047	146.600916479
5270.00000000	-0.000166118755847	0.000109516301893	0.000198970503906	146.604528199
5270.00000000	-0.000166126428591	0.000109507975494	0.000198972327155	146.607746087
5270.00000000	-0.000166120144962	0.000109503277072	0.000198964494953	146.607879851
5270.00000000	-0.000166108033954	0.000109508807805	0.000198957427433	146.604630507
5270.00000000	-0.000166100609095	0.000109519910571	0.000198957340033	146.600784141
5270.00000000	-0.000166100170333	0.000109529220431	0.000198962098684	146.598476348
5270.00000000	-0.000166103504598	0.000109533221406	0.000198967084793	146.598043067
5270.00000000	-0.000166111019293	0.000109530900617	0.000198972080756	146.599792236
5270.00000000	-0.000166127664693	0.000109522324244	0.000198981256615	146.604492364
5270.00000000	-0.000166153184860	0.000109510002771	0.000198995782734	146.611498657
5270.00000000	-0.000166180264627	0.000109500555630	0.000199013195630	146.618059977
5270.00000000	-0.000166198822584	0.000109498667165	0.000199027653202	146.621453438
5274.00000000	-0.000326235770501	-0.000432383957377	0.000541650869612	-127.034728567
5274.00000000	-0.000326239557536	-0.000432391759206	0.000541659378513	-127.034551287
5274.00000000	-0.000326241390446	-0.000432395318713	0.000541663323925	-127.034479283
5274.00000000	-0.000326248557790	-0.000432398296964	0.000541670018256	-127.034894741
5274.00000000	-0.000326261900578	-0.000432401336297	0.000541680480911	-127.035827726
5274.00000000	-0.000326278023230	-0.000432403265039	0.000541691731577	-127.037066140
5274.00000000	-0.000326298905381	-0.000432407762679	0.000541707899959	-127.038542674
5274.00000000	-0.000326321234061	-0.000432418612286	0.000541730010291	-127.039736559
5274.00000000	-0.000326336112406	-0.000432431699538	0.000541749419036	-127.040158842
5274.00000000	-0.000326339305741	-0.000432435391015	0.000541754289207	-127.040193246
5274.00000000	-0.000326330362413	-0.000432425368213	0.000541740901637	-127.040076781
5274.00000000	-0.000326310618712	-0.000432408060881	0.000541715193620	-127.039512594
5274.00000000	-0.000326286674225	-0.000432390618801	0.000541686847731	-127.038602264
5274.00000000	-0.000326265374723	-0.000432378285694	0.000541664173342	-127.037589656
5274.00000000	-0.000326246560688	-0.000432377292451	0.000541652048263	-127.036064328
5274.00000000	-0.000326230814694	-0.000432385431769	0.000541649061720	-127.034216157
5274.00000000	-0.000326220652127	-0.000432392540642	0.000541648615873	-127.032905099
5274.00000000	-0.000326216459773	-0.000432393273782	0.000541646676200	-127.032504374
5274.00000000	-0.000326221670061	-0.000432389793858	0.000541647036224	-127.033166052
5274.00000000	-0.000326234613673	-0.000432379751834	0.000541646815697	-127.034898824
5274.00000000	-0.000326250590021	-0.000432362936271	0.000541643015417	-127.037319258
5274.00000000	-0.000326271060235	-0.000432352922579	0.000541647352445	-127.039685761
5274.00000000	-0.000326294944963	-0.000432361538514	0.000541668617417	-127.041153438
5274.00000000	-0.000326314158735	-0.000432383415717	0.000541697654027	-127.041381682
5274.00000000	-0.000326326671790	-0.000432405383137	0.000541722726206	-127.041038465
5274.00000000	-0.000326332200481	-0.000432413460333	0.000541732503869	-127.040990599
5274.00000000	-0.000326324668676	-0.000432403784803	0.000541720243759	-127.040971190
5274.00000000	-0.000326307093351	-0.000432384094852	0.000541693940018	-127.040741902
5274.00000000	-0.000326298089648	-0.000432365697530	0.000541673831478	-127.041153941
5274.00000000	-0.000326307844030	-0.000432353620391	0.000541670067607	-127.042747047
5274.00000000	-0.000326328578303	-0.000432345127970	0.000541675780053	-127.045038741
5274.00000000	-0.000326349675702	-0.000432340402408	0.000541684718618	-127.047120997
5274.00000000	-0.000326367062875	-0.000432342146019	0.000541696585695	-127.048477714
5274.00000000	-0.000326376897577	-0.000432351623714	0.000541710075409	-127.048703964
5274.00000000	-0.000326369852189	-0.000432368837564	0.000541719569625	-127.047012300
5274.00000000	-0.000326346353958	-0.000432391319314	0.000541723357222	-127.043596119
5274.00000000	-0.000326321168643	-0.000432414501377	0.000541726689490	-127.039992941
5274.00000000	-0.000326304471379	-0.000432431189884	0.000541729953045	-127.037520093
5274.00000000	-0.000326295601068	-0.000432438924896	0.000541730784653	-127.036278448
5274.00000000	-0.000326291891748	-0.000432438666765	0.000541728344407	-127.035981724
5274.00000000	-0.000326289189458	-0.000432432171538	0.000541721531913	-127.036167350
5274.00000000	-0.000326280940765	-0.000432428825125	0.000541713892295	-127.035684103
5274.00000000	-0.000326264310370	-0.000432434688335	0.000541708556233	-127.033906463
5274.00000000	-0.000326245194426	-0.000432440159299	0.000541701410614	-127.031943904
5274.00000000	-0.000326232774122	-0.000432435087758	0.000541689881792	-127.031218228
5274.00000000	-0.000326229494816	-0.000432420205940	0.000541676026600	-127.031889337
5274.00000000	-0.000326229645927	-0.000432399983247	0.000541659973963	-127.033190401
5274.00000000	-0.000326231193698	-0.000432381105026	0.000541645836063	-127.034523822
5274.00000000	-0.000326235555434	-0.000432372789456	0.000541641825094	-127.035421939
5274.00000000	-0.000326240454723	-0.000432378157168	0.000541649060826	-127.035493648
5274.00000000	-0.000326243249086	-0.000432392930166	0.000541662536670	-127.034788398
5274.00000000	-0.000326243685961	-0.000432411996889	0.000541678020307	-127.033610583
5274.00000000	-0.000326238424327	-0.000432430770178	0.000541689837919	-127.031970361
5274.00000000	-0.000326222368035	-0.000432443159567	0.000541690058670	-127.029825366
5274.00000000	-0.000326201863692	-0.000432445412248	0.000541679508981	-127.027950441
5274.00000000	-0.000326188472982	-0.000432437823955	0.000541665387018	-127.027303016
5274.00000000	-0.000326186837873	-0.000432425943586	0.000541654917718	-127.027921709
5274.00000000	-0.000326195661929	-0.000432412462822	0.000541649469551	-127.029525632
5274.00000000	-0.000326209736558	-0.000432395208069	0.000541644171192	-127.031813405
5274.00000000	-0.000326224394619	-0.000432373141792	0.000541635384173	-127.034457042
5274.00000000	-0.000326237857451	-0.000432353360324	0.000541627702225	-127.036854255
5274.00000000	-0.000326246435629	-0.000432344329759	0.000541625660613	-127.038154021
5274.00000000	-0.000326245382678	-0.000432345314539	0.000541625812460	-127.038002359
5274.00000000	-0.000326233250289	-0.000432352717270	0.000541624413894	-127.036506187
5274.00000000	-0.000326216454999	-0.000432364345995	0.000541623580727	-127.034346991
5274.00000000	-0.000326207832299	-0.000432380411523	0.000541631212286	-127.032595270
5274.00000000	-0.000326213424836	-0.000432399156438	0.000541649544476	-127.031873321
5274.00000000	-0.000326226802976	-0.000432414928462	0.000541670192402	-127.031998235
5274.00000000	-0.000326241202948	-0.000432426553520	0.000541688145237	-127.032473595
5274.00000000	-0.000326251950417	-0.000432429747370	0.000541697167762	-127.033177615
5274.00000000	-0.000326254130977	-0.000432415677899	0.000541687249686	-127.034258025
5274.00000000	-0.000326240862541	-0.000432392758573	0.000541660962280	-127.034597812
5274.00000000	-0.000326212001601	-0.000432378475290	0.000541632177666	-127.033070710
5274.00000000	-0.000326179631693	-0.000432375760093	0.000541610515082	-127.030510094
5274.00000000	-0.000326158153753	-0.000432375343728	0.000541597248076	-127.028722723
5274.00000000	-0.000326151232353	-0.000432375368249	0.000541593099507	-127.028136602
5274.00000000	-0.000326155958804	-0.000432378161681	0.000541598175922	-127.028357819
5274.00000000	-0.000326170355697	-0.000432382998692	0.000541610707514	-127.029265550
5274.00000000	-0.000326186492484	-0.000432389745615	0.000541625811785	-127.030198498
5274.00000000	-0.000326195617729	-0.000432397169497	0.000541637233963	-127.030496161
5274.00000000	-0.000326195293816	-0.000432402405369	0.000541641218775	-127.030135251
5274.00000000	-0.000326183826309	-0.000432401223020	0.000541633368816	-127.029242157
5274.00000000	-0.000326162018555	-0.000432393681612	0.000541614215329	-127.027880874
5274.00000000	-0.000326141061042	-0.000432387776125	0.000541596880198	-127.026487088
5274.00000000	-0.000326131028451	-0.000432385348239	0.000541588900449	-127.025794409
5274.00000000	-0.000326129981741	-0.000432380324654	0.000541584259500	-127.026026034
5274.00000000	-0.000326130090045	-0.000432371877929	0.000541577581198	-127.026573296
5274.00000000	-0.000326131476739	-0.000432365844316	0.000541573599293	-127.027074810
5274.00000000	-0.000326135909575	-0.000432369035589	0.000541578816471	-127.027245900
5274.00000000	-0.000326136617698	-0.000432382426681	0.000541589933719	-127.026452597
5274.00000000	-0.000326128389224	-0.000432397370934	0.000541596909748	-127.024805604
5274.00000000	-0.000326117254824	-0.000432406334065	0.000541597361177	-127.023294212
5274.00000000	-0.000326112972527	-0.000432408698852	0.000541596670681	-127.022781882
5274.00000000	-0.000326122752670	-0.000432406837056	0.000541601073246	-127.023726528
5274.00000000	-0.000326148076859	-0.000432401623826	0.000541612160431	-127.026197470
5274.00000000	-0.000326182738372	-0.000432393943376	0.000541626902101	-127.029614036
5274.00000000	-0.000326214979149	-0.000432386797865	0.000541640614789	-127.032791917
5274.00000000	-0.000326232639343	-0.000432382057072	0.000541647466763	-127.034585239
5274.00000000	-0.000326231713044	-0.000432380972085	0.000541646042741	-127.034576146
5274.00000000	-0.000326220775911	-0.000432389199671	0.000541646023366	-127.033128402
