DevNumber	X [V]	Y [V]	R [V]	Theta [°]
4253.00000000	0.00766661308497	0.00611603844168	0.00980728720976	38.5811051136
4253.00000000	0.00766653791448	0.00611607891841	0.00980725368951	38.5815638400
4253.00000000	0.00766651317578	0.00611613492785	0.00980726927998	38.5819097640
4253.00000000	0.00766653399897	0.00611619562095	0.00980732340810	38.5821110774
4253.00000000	0.00766658967356	0.00611626514681	0.00980741028859	38.5822257504
4253.00000000	0.00766667352080	0.00611635741249	0.00980753337347	38.5823416275
4253.00000000	0.00766676382412	0.00611646070853	0.00980766838417	38.5824843529
4253.00000000	0.00766682870346	0.00611654212625	0.00980776987650	38.5826197896
4253.00000000	0.00766684864189	0.00611658341832	0.00980781121407	38.5827357150
4253.00000000	0.00766683851560	0.00611660535695	0.00980781698019	38.5828727929
4253.00000000	0.00766682529257	0.00611663456641	0.00980782486007	38.5830543558
4253.00000000	0.00766681167669	0.00611666558531	0.00980783356141	38.5832456126
4253.00000000	0.00766678286935	0.00611667610353	0.00980781760236	38.5833985980
4253.00000000	0.00766672261112	0.00611665498480	0.00980775732770	38.5835216964
4253.00000000	0.00766662927539	0.00611660639865	0.00980765406620	38.5836398760
4253.00000000	0.00766653214458	0.00611654897762	0.00980754232820	38.5837315390
4253.00000000	0.00766646886478	0.00611650571971	0.00980746588441	38.5837645486
4253.00000000	0.00766645271319	0.00611649226741	0.00980744486912	38.5837619632
4253.00000000	0.00766647411940	0.00611650726830	0.00980747095773	38.5837524756
4253.00000000	0.00766650741991	0.00611652823649	0.00980751006563	38.5837269030
4253.00000000	0.00766651703055	0.00611652753277	0.00980751713936	38.5836886737
4253.00000000	0.00766649013214	0.00611649643744	0.00980747672011	38.5836446727
4253.00000000	0.00766644766652	0.00611645462256	0.00980741744667	38.5836084361
4253.00000000	0.00766641039886	0.00611642457414	0.00980736957471	38.5836069954
4253.00000000	0.00766638369229	0.00611641821144	0.00980734473008	38.5836752431
4253.00000000	0.00766636912290	0.00611642958707	0.00980734043572	38.5837802765
4253.00000000	0.00766636975836	0.00611644400016	0.00980734992130	38.5838437825
4253.00000000	0.00766638703851	0.00611645894184	0.00980737274766	38.5838490576
4253.00000000	0.00766642416863	0.00611649100285	0.00980742176728	38.5838601892
4253.00000000	0.00766647257311	0.00611655662827	0.00980750053281	38.5839835218
4253.00000000	0.00766650952316	0.00611665222180	0.00980758903458	38.5842854394
4253.00000000	0.00766652589814	0.00611675725339	0.00980766733958	38.5847054152
4253.00000000	0.00766653572520	0.00611686147656	0.00980774002251	38.5851455496
4253.00000000	0.00766654977581	0.00611696751286	0.00980781713831	38.5855785687
4253.00000000	0.00766656121314	0.00611707118772	0.00980789073912	38.5860103191
4253.00000000	0.00766655249369	0.00611715541949	0.00980793645803	38.5864267204
4253.00000000	0.00766651649113	0.00611721087804	0.00980794290538	38.5868111371
4253.00000000	0.00766645745356	0.00611724878011	0.00980792039757	38.5871993144
4253.00000000	0.00766639122008	0.00611728856564	0.00980789344021	38.5876223130
4253.00000000	0.00766634306408	0.00611734846033	0.00980789315609	38.5880712696
4253.00000000	0.00766631817515	0.00611743061499	0.00980792494322	38.5885370927
4253.00000000	0.00766629370151	0.00611751347363	0.00980795749470	38.5890046141
4253.00000000	0.00766623835941	0.00611757279367	0.00980795123709	38.5894771280
4253.00000000	0.00766615215875	0.00611761123995	0.00980790784033	38.5899667721
4253.00000000	0.00766606640825	0.00611764733760	0.00980786333117	38.5904440562
4253.00000000	0.00766599812214	0.00611769348070	0.00980783873911	38.5909035749
4253.00000000	0.00766593159479	0.00611775133087	0.00980782282478	38.5914101424
4253.00000000	0.00766584486661	0.00611781298693	0.00980779349609	38.5920077008
4253.00000000	0.00766574039519	0.00611787286760	0.00980774919288	38.5926618134
4253.00000000	0.00766564820584	0.00611793532444	0.00980771609753	38.5932829375
4253.00000000	0.00766559546751	0.00611799850780	0.00980771429095	38.5937636171
4253.00000000	0.00766557898289	0.00611805384347	0.00980773592500	38.5940763498
4253.00000000	0.00766557109086	0.00611809673138	0.00980775651021	38.5943009327
4253.00000000	0.00766554165017	0.00611812745988	0.00980775266846	38.5945485237
4253.00000000	0.00766547930144	0.00611814641333	0.00980771576137	38.5948622756
4253.00000000	0.00766539304710	0.00611816153429	0.00980765777982	38.5952456500
4253.00000000	0.00766530613232	0.00611819046625	0.00980760789813	38.5956944955
4253.00000000	0.00766524676105	0.00611825348793	0.00980760081011	38.5961986156
4253.00000000	0.00766522421851	0.00611835201608	0.00980764465673	38.5967306333
4253.00000000	0.00766522172182	0.00611844566556	0.00980770112754	38.5971673157
4253.00000000	0.00766521524574	0.00611848969393	0.00980772353292	38.5973919397
4253.00000000	0.00766519506979	0.00611847878520	0.00980770095909	38.5974156634
4253.00000000	0.00766515973291	0.00611843297757	0.00980764476478	38.5973353005
4253.00000000	0.00766511760318	0.00611837988130	0.00980757871457	38.5972464145
4253.00000000	0.00766508810474	0.00611834200939	0.00980753203396	38.5971810047
4253.00000000	0.00766508772228	0.00611833703650	0.00980752863276	38.5971596932
4253.00000000	0.00766511694042	0.00611837155939	0.00980757300503	38.5972108336
4253.00000000	0.00766515789742	0.00611843081998	0.00980764198425	38.5973321388
4253.00000000	0.00766519061656	0.00611849206863	0.00980770576547	38.5974925416
4253.00000000	0.00766520997847	0.00611854599505	0.00980775453953	38.5976681910
4253.00000000	0.00766522008666	0.00611859394626	0.00980779235385	38.5978502824
4253.00000000	0.00766522581999	0.00611864425830	0.00980782822194	38.5980590951
4253.00000000	0.00766522376296	0.00611870496119	0.00980786448410	38.5983437385
4253.00000000	0.00766520413020	0.00611876797588	0.00980788845269	38.5987029888
4253.00000000	0.00766515662895	0.00611881607634	0.00980788133709	38.5990957126
4253.00000000	0.00766507540443	0.00611884420697	0.00980783540771	38.5995201703
4253.00000000	0.00766498282566	0.00611886678661	0.00980777714214	38.5999606707
4253.00000000	0.00766490805530	0.00611889379824	0.00980773555977	38.6003565048
4253.00000000	0.00766485428029	0.00611892373572	0.00980771221140	38.6006891785
4253.00000000	0.00766480839636	0.00611896136256	0.00980769982766	38.6010281987
4253.00000000	0.00766475222273	0.00611901028476	0.00980768644996	38.6014562922
4253.00000000	0.00766467689878	0.00611907004285	0.00980766486744	38.6020036573
4253.00000000	0.00766459629070	0.00611914500827	0.00980764864438	38.6026397130
4253.00000000	0.00766453418810	0.00611923567489	0.00980765668065	38.6032800017
4253.00000000	0.00766448891511	0.00611933636767	0.00980768412575	38.6039047187
4253.00000000	0.00766444446339	0.00611943689635	0.00980771211143	38.6045256895
4253.00000000	0.00766440468469	0.00611952692799	0.00980773720045	38.6050817019
4253.00000000	0.00766437819428	0.00611960163956	0.00980776311560	38.6055193356
4253.00000000	0.00766435688257	0.00611966551057	0.00980778631418	38.6058886012
4253.00000000	0.00766432221651	0.00611972515687	0.00980779644131	38.6062872568
4253.00000000	0.00766427412198	0.00611978593435	0.00980779678109	38.6067400244
4253.00000000	0.00766422174779	0.00611986275070	0.00980780378509	38.6072816107
4253.00000000	0.00766415739295	0.00611995546481	0.00980781134786	38.6079394422
4253.00000000	0.00766406914148	0.00612003354012	0.00980779110389	38.6086175573
4253.00000000	0.00766395927752	0.00612006809899	0.00980772681837	38.6091758096
4253.00000000	0.00766384939985	0.00612006355917	0.00980763812504	38.6095556341
4253.00000000	0.00766376695059	0.00612003951751	0.00980755869566	38.6097464491
4253.00000000	0.00766372098789	0.00612000532733	0.00980750144465	38.6097579264
4253.00000000	0.00766368983300	0.00611996594113	0.00980745252230	38.6096917014
4253.00000000	0.00766365375349	0.00611993558782	0.00980740538840	38.6096846647
5260.00000000	0.00244478880014	0.00186375265974	0.00307417732963	37.3196099378
5260.00000000	0.00244476048185	0.00186373897432	0.00307414651213	37.3197270722
5260.00000000	0.00244475554776	0.00186375601790	0.00307415292114	37.3200354459
5260.00000000	0.00244476987214	0.00186379891612	0.00307419032063	37.3205094192
5260.00000000	0.00244479305647	0.00186386807574	0.00307425068800	37.3212724979
5260.00000000	0.00244482300510	0.00186396655299	0.00307433421035	37.3223936234
5260.00000000	0.00244486511367	0.00186408358658	0.00307443865475	37.3236522919
5260.00000000	0.00244491392768	0.00186418919032	0.00307454150258	37.3246657269
5260.00000000	0.00244495607195	0.00186425517518	0.00307461502500	37.3251673581
5260.00000000	0.00244499025044	0.00186428279227	0.00307465894927	37.3251904206
5260.00000000	0.00244502369140	0.00186429359743	0.00307469209335	37.3249726900
5260.00000000	0.00244505312473	0.00186430224083	0.00307472073983	37.3247682113
5260.00000000	0.00244506507260	0.00186430480973	0.00307473179852	37.3246712834
5260.00000000	0.00244504849150	0.00186429436646	0.00307471228095	37.3247038752
5260.00000000	0.00244500432888	0.00186427564171	0.00307466580892	37.3249253878
5260.00000000	0.00244495031224	0.00186425775380	0.00307461200836	37.3252706502
5260.00000000	0.00244490895624	0.00186424218600	0.00307456968246	37.3255072478
5260.00000000	0.00244489086222	0.00186422893096	0.00307454725695	37.3255152745
5260.00000000	0.00244489594594	0.00186422094481	0.00307454645721	37.3253394839
5260.00000000	0.00244491732519	0.00186421618568	0.00307456057250	37.3250273853
5260.00000000	0.00244494169778	0.00186420762607	0.00307457476387	37.3246251478
5260.00000000	0.00244495912200	0.00186419428893	0.00307458053320	37.3242306252
5260.00000000	0.00244496582185	0.00186418356501	0.00307457935888	37.3239960041
5260.00000000	0.00244496067798	0.00186417396014	0.00307456944475	37.3239117881
5260.00000000	0.00244494492130	0.00186415362879	0.00307454458740	37.3237885269
5260.00000000	0.00244492416962	0.00186411900307	0.00307450709103	37.3235098664
5260.00000000	0.00244490298571	0.00186407970008	0.00307446641513	37.3231667665
5260.00000000	0.00244488544237	0.00186404286849	0.00307443013286	37.3228191482
5260.00000000	0.00244488076970	0.00186401602651	0.00307441014264	37.3224741421
5260.00000000	0.00244489312714	0.00186400603957	0.00307441391466	37.3221865036
5260.00000000	0.00244491983576	0.00186401266524	0.00307443917154	37.3219829154
5260.00000000	0.00244495980061	0.00186403569277	0.00307448491466	37.3218726282
5260.00000000	0.00244501151023	0.00186407634302	0.00307455068225	37.3218908102
5260.00000000	0.00244506276877	0.00186412623995	0.00307462169733	37.3220511178
5260.00000000	0.00244509681323	0.00186416504095	0.00307467229570	37.3222414745
5260.00000000	0.00244510631719	0.00186417234697	0.00307468428324	37.3222423654
5260.00000000	0.00244509534398	0.00186414352470	0.00307465808210	37.3219392221
5260.00000000	0.00244507623505	0.00186409789396	0.00307461522039	37.3214789008
5260.00000000	0.00244506265885	0.00186406416830	0.00307458397661	37.3211324866
5260.00000000	0.00244506209628	0.00186406636639	0.00307458486189	37.3211714178
5260.00000000	0.00244507263274	0.00186410485799	0.00307461657787	37.3216228038
5260.00000000	0.00244508428996	0.00186414872371	0.00307465244363	37.3221411581
5260.00000000	0.00244508600140	0.00186416151481	0.00307466155983	37.3223113750
5260.00000000	0.00244507613512	0.00186413703460	0.00307463887152	37.3220600699
5260.00000000	0.00244505795096	0.00186409380174	0.00307459819899	37.3216248345
5260.00000000	0.00244503306168	0.00186404796226	0.00307455061404	37.3212267147
5260.00000000	0.00244500245687	0.00186400668658	0.00307450125089	37.3209607957
5260.00000000	0.00244496656389	0.00186397643627	0.00307445436680	37.3209180176
5260.00000000	0.00244492898032	0.00186396411237	0.00307441700668	37.3211600197
5260.00000000	0.00244490343417	0.00186396895369	0.00307439962639	37.3215204149
5260.00000000	0.00244490631972	0.00186398200282	0.00307440983264	37.3216812056
5260.00000000	0.00244493420464	0.00186400014833	0.00307444300939	37.3216350583
5260.00000000	0.00244496643570	0.00186402576314	0.00307448417094	37.3216505020
5260.00000000	0.00244498412931	0.00186405217224	0.00307451425325	37.3218419702
5260.00000000	0.00244498070600	0.00186406269577	0.00307451791123	37.3220366065
5260.00000000	0.00244496515892	0.00186405302335	0.00307449968323	37.3220689249
5260.00000000	0.00244495362834	0.00186404407134	0.00307448508610	37.3220665383
5260.00000000	0.00244495564989	0.00186405855411	0.00307449547455	37.3222583313
5260.00000000	0.00244496882809	0.00186410487635	0.00307453403955	37.3227959179
5260.00000000	0.00244498353784	0.00186416793194	0.00307458396841	37.3235641627
5260.00000000	0.00244498962984	0.00186421643139	0.00307461821908	37.3242140475
5260.00000000	0.00244498293781	0.00186422536408	0.00307461831359	37.3244220332
5260.00000000	0.00244496564684	0.00186418907451	0.00307458256024	37.3240796276
5260.00000000	0.00244494759020	0.00186412442839	0.00307452900513	37.3233256366
5260.00000000	0.00244494282845	0.00186405958462	0.00307448590327	37.3224184715
5260.00000000	0.00244495831859	0.00186401820340	0.00307447313247	37.3216301790
5260.00000000	0.00244497896296	0.00186400253491	0.00307448005026	37.3211647147
5260.00000000	0.00244497927782	0.00186399990993	0.00307447870918	37.3211222544
5260.00000000	0.00244495027022	0.00186399609831	0.00307445333000	37.3213935134
5260.00000000	0.00244490740345	0.00186398132684	0.00307441028463	37.3216589420
5260.00000000	0.00244487532100	0.00186395381792	0.00307436809289	37.3216137470
5260.00000000	0.00244486871175	0.00186392445504	0.00307434503460	37.3212532459
5260.00000000	0.00244488706026	0.00186390984027	0.00307435076563	37.3208293209
5260.00000000	0.00244491643477	0.00186391434807	0.00307437685880	37.3205642297
5260.00000000	0.00244494071446	0.00186393305910	0.00307440751138	37.3205672100
5260.00000000	0.00244495246393	0.00186395377857	0.00307442941690	37.3207415311
5260.00000000	0.00244495512734	0.00186397209389	0.00307444263916	37.3209828798
5260.00000000	0.00244495634407	0.00186399495580	0.00307445746753	37.3213079541
5260.00000000	0.00244495901343	0.00186402801804	0.00307447963555	37.3217677824
5260.00000000	0.00244496214314	0.00186406751936	0.00307450607384	37.3223178290
5260.00000000	0.00244496039874	0.00186409631878	0.00307452214777	37.3227643397
5260.00000000	0.00244494724600	0.00186409978562	0.00307451379026	37.3229643291
5260.00000000	0.00244492789187	0.00186408874441	0.00307449170490	37.3230193839
5260.00000000	0.00244492163826	0.00186408657038	0.00307448541371	37.3230578254
5260.00000000	0.00244493444666	0.00186409949491	0.00307450343558	37.3231046407
5260.00000000	0.00244494983670	0.00186410627523	0.00307451978516	37.3230312307
5260.00000000	0.00244495607061	0.00186409104288	0.00307451550709	37.3227350555
5260.00000000	0.00244496102693	0.00186406517186	0.00307450376291	37.3222956514
5260.00000000	0.00244497459347	0.00186404017535	0.00307449939633	37.3217719193
5260.00000000	0.00244499301005	0.00186401102932	0.00307449637122	37.3211318908
5260.00000000	0.00244501048045	0.00186397947905	0.00307449113641	37.3204669200
5260.00000000	0.00244502730410	0.00186396065466	0.00307449310292	37.3199978568
5260.00000000	0.00244503573063	0.00186396062522	0.00307449978638	37.3199022152
5260.00000000	0.00244502549573	0.00186397117369	0.00307449804214	37.3201741839
5260.00000000	0.00244500120936	0.00186397965214	0.00307448386845	37.3205742339
5260.00000000	0.00244498025856	0.00186398234827	0.00307446884184	37.3208509048
5260.00000000	0.00244497605262	0.00186397806894	0.00307446290259	37.3208350047
5260.00000000	0.00244498463267	0.00186395544390	0.00307445600892	37.3204027499
5260.00000000	0.00244498615861	0.00186390886581	0.00307442898371	37.3196951934
5260.00000000	0.00244496845744	0.00186384797849	0.00307437799316	37.3189927816
5270.00000000	0.0453074031116	0.0305454474825	0.0546423383342	33.9871502503
5270.00000000	0.0453071667256	0.0305453202631	0.0546420712151	33.9871782006
5270.00000000	0.0453071118538	0.0305452802266	0.0546420033367	33.9871755551
5270.00000000	0.0453071741560	0.0305452652547	0.0546420466260	33.9871260192
5270.00000000	0.0453073195459	0.0305452326983	0.0546421489788	33.9870124928
5270.00000000	0.0453075902955	0.0305452272714	0.0546423704414	33.9868490747
5270.00000000	0.0453079435915	0.0305452290807	0.0546426643940	33.9866435652
5270.00000000	0.0453082403786	0.0305451432513	0.0546428625023	33.9863949846
5270.00000000	0.0453084136435	0.0305449608062	0.0546429041829	33.9861348054
5270.00000000	0.0453085417741	0.0305447945076	0.0546429174661	33.9859151194
5270.00000000	0.0453087086005	0.0305447157680	0.0546430117800	33.9857488795
5270.00000000	0.0453088551588	0.0305446627072	0.0546431036426	33.9856168457
5270.00000000	0.0453088634102	0.0305445186148	0.0546430299392	33.9854867308
5270.00000000	0.0453086818221	0.0305442176463	0.0546427111341	33.9853314903
5270.00000000	0.0453083710899	0.0305437826678	0.0546422103367	33.9851354275
5270.00000000	0.0453081253418	0.0305433407726	0.0546417595575	33.9848952584
5270.00000000	0.0453081227465	0.0305430300573	0.0546415837242	33.9846266243
5270.00000000	0.0453083835191	0.0305429166802	0.0546417365797	33.9843752030
5270.00000000	0.0453087694250	0.0305429516211	0.0546420761002	33.9841793982
5270.00000000	0.0453090931231	0.0305430114755	0.0546423779646	33.9840417173
5270.00000000	0.0453092545099	0.0305430429003	0.0546425293508	33.9839744505
5270.00000000	0.0453092801630	0.0305430411995	0.0546425496715	33.9839579364
5270.00000000	0.0453092419074	0.0305430111104	0.0546425011315	33.9839541968
5270.00000000	0.0453091920353	0.0305429799971	0.0546424423868	33.9839563753
5270.00000000	0.0453091466127	0.0305430046162	0.0546424184838	33.9840044029
5270.00000000	0.0453090769974	0.0305430957519	0.0546424117007	33.9841244434
5270.00000000	0.0453089749910	0.0305431976602	0.0546423840809	33.9842728349
5270.00000000	0.0453089366741	0.0305432935782	0.0546424059238	33.9843786892
5270.00000000	0.0453090864946	0.0305434479676	0.0546426164521	33.9844251124
5270.00000000	0.0453094109540	0.0305437316580	0.0546430440642	33.9844815985
5270.00000000	0.0453097830096	0.0305441564217	0.0546435899982	33.9846328415
5270.00000000	0.0453100884287	0.0305446376090	0.0546441122179	33.9848721930
5270.00000000	0.0453102929696	0.0305451012124	0.0546445409631	33.9851553767
5270.00000000	0.0453103975039	0.0305455449020	0.0546448756547	33.9854798567
5270.00000000	0.0453104063373	0.0305459662503	0.0546451185067	33.9858409997
5270.00000000	0.0453103260661	0.0305463340996	0.0546452575723	33.9862078528
5270.00000000	0.0453101885346	0.0305466243873	0.0546453058048	33.9865408340
5270.00000000	0.0453100066899	0.0305468376576	0.0546452742432	33.9868328297
5270.00000000	0.0453097821998	0.0305470065347	0.0546451825070	33.9871112265
5270.00000000	0.0453095651156	0.0305471826902	0.0546451009814	33.9873916110
5270.00000000	0.0453094011897	0.0305473891536	0.0546450804764	33.9876671877
5270.00000000	0.0453092947531	0.0305475879492	0.0546451033537	33.9879024020
5270.00000000	0.0453091878797	0.0305477071697	0.0546450813857	33.9880686917
5270.00000000	0.0453090613643	0.0305477399930	0.0546449948338	33.9881713829
5270.00000000	0.0453089860080	0.0305477286229	0.0546449259958	33.9882056674
5270.00000000	0.0453090058209	0.0305477173947	0.0546449361470	33.9881842927
5270.00000000	0.0453090599936	0.0305477408214	0.0546449941604	33.9881729065
5270.00000000	0.0453090611946	0.0305477938943	0.0546450248252	33.9882183427
5270.00000000	0.0453090230187	0.0305478451468	0.0546450218229	33.9882852768
5270.00000000	0.0453090660314	0.0305478702629	0.0546450715274	33.9882819006
5270.00000000	0.0453092756329	0.0305478331103	0.0546452245500	33.9881267456
5270.00000000	0.0453095669934	0.0305476978564	0.0546453905233	33.9878383837
5270.00000000	0.0453097596879	0.0305474398594	0.0546454060735	33.9875011444
5270.00000000	0.0453097420746	0.0305470609341	0.0546451796463	33.9871820385
5270.00000000	0.0453095698468	0.0305466087804	0.0546447840849	33.9868898888
5270.00000000	0.0453093777747	0.0305461594135	0.0546443736285	33.9866117890
5270.00000000	0.0453092430161	0.0305457627357	0.0546440401489	33.9863459006
5270.00000000	0.0453092021476	0.0305454742332	0.0546438449908	33.9861190271
5270.00000000	0.0453092275345	0.0305452992173	0.0546437682087	33.9859519860
5270.00000000	0.0453092411265	0.0305451119444	0.0546436747955	33.9857812009
5270.00000000	0.0453092341722	0.0305448028101	0.0546434962276	33.9855165085
5270.00000000	0.0453093226799	0.0305444239555	0.0546433578442	33.9851352459
5270.00000000	0.0453095297644	0.0305440714954	0.0546433325392	33.9847074313
5270.00000000	0.0453097320569	0.0305437842681	0.0546433397267	33.9843391410
5270.00000000	0.0453098683433	0.0305435500552	0.0546433218176	33.9840556294
5270.00000000	0.0453099970664	0.0305433658552	0.0546433255936	33.9838200340
5270.00000000	0.0453101726693	0.0305432424126	0.0546434022038	33.9836097884
5270.00000000	0.0453103680837	0.0305431738483	0.0546435259167	33.9834356459
5270.00000000	0.0453105345755	0.0305431588882	0.0546436556097	33.9833250610
5270.00000000	0.0453106374579	0.0305431852331	0.0546437556453	33.9832876692
5270.00000000	0.0453106708879	0.0305432234457	0.0546438047245	33.9833013004
5270.00000000	0.0453106845537	0.0305432670416	0.0546438404241	33.9833311952
5270.00000000	0.0453106954687	0.0305433192020	0.0546438786300	33.9833701486
5270.00000000	0.0453106423592	0.0305433706826	0.0546438633669	33.9834460344
5270.00000000	0.0453104560146	0.0305434179883	0.0546437352920	33.9835963771
5270.00000000	0.0453101350331	0.0305434970467	0.0546435133255	33.9838532367
5270.00000000	0.0453097908082	0.0305436633505	0.0546433208540	33.9841995762
5270.00000000	0.0453095221406	0.0305439144508	0.0546432384343	33.9845753592
5270.00000000	0.0453093101745	0.0305441864018	0.0546432146880	33.9849360383
5270.00000000	0.0453090928727	0.0305444261669	0.0546431685283	33.9852718616
5270.00000000	0.0453088351918	0.0305446103471	0.0546430578179	33.9855830253
5270.00000000	0.0453085132157	0.0305447572155	0.0546428729403	33.9858994354
5270.00000000	0.0453081250791	0.0305449515389	0.0546426597330	33.9862958855
5270.00000000	0.0453077465491	0.0305452851199	0.0546425323389	33.9868077823
5270.00000000	0.0453074730052	0.0305457914599	0.0546425885736	33.9874083441
5270.00000000	0.0453073429960	0.0305464046667	0.0546428235674	33.9880176815
5270.00000000	0.0453073613564	0.0305469826810	0.0546431619143	33.9885094482
5270.00000000	0.0453074872678	0.0305474168960	0.0546435090523	33.9888131481
5270.00000000	0.0453076149979	0.0305476806326	0.0546437623964	33.9889675668
5270.00000000	0.0453076546973	0.0305477977491	0.0546438607850	33.9890461157
5270.00000000	0.0453076002593	0.0305478001602	0.0546438169960	33.9890801216
5270.00000000	0.0453074784141	0.0305477470555	0.0546436862813	33.9891053748
5270.00000000	0.0453072915992	0.0305476915604	0.0546435003612	33.9891666332
5270.00000000	0.0453070869762	0.0305476179366	0.0546432895411	33.9892225697
5270.00000000	0.0453069663986	0.0305474810679	0.0546431130504	33.9891742565
5270.00000000	0.0453070336771	0.0305473022113	0.0546430688469	33.9889793225
5270.00000000	0.0453073296214	0.0305470925097	0.0546431969985	33.9886235351
5270.00000000	0.0453077798295	0.0305468029409	0.0546434084130	33.9881078899
5270.00000000	0.0453082288910	0.0305464268527	0.0546435705158	33.9875177006
5270.00000000	0.0453085957586	0.0305460166860	0.0546436454219	33.9869460632
5274.00000000	-0.000943356272011	-0.0114002246747	0.0114391889437	-94.7303865578
5274.00000000	-0.000943372131465	-0.0114001980695	0.0114391637370	-94.7304767125
5274.00000000	-0.000943374780177	-0.0114002037025	0.0114391695693	-94.7304876072
5274.00000000	-0.000943370807058	-0.0114002272139	0.0114391926729	-94.7304580630
5274.00000000	-0.000943372870127	-0.0114002590641	0.0114392245848	-94.7304552051
5274.00000000	-0.000943390536262	-0.0114003138266	0.0114392806176	-94.7305207678
5274.00000000	-0.000943430371075	-0.0114003888827	0.0114393587033	-94.7306886042
5274.00000000	-0.000943487902085	-0.0114004493363	0.0114394236958	-94.7309508020
5274.00000000	-0.000943547244506	-0.0114004713001	0.0114394504793	-94.7312379395
5274.00000000	-0.000943589074264	-0.0114004782287	0.0114394608345	-94.7314438721
5274.00000000	-0.000943611149420	-0.0114005052996	0.0114394896340	-94.7315428769
5274.00000000	-0.000943622128438	-0.0114005474619	0.0114395325583	-94.7315802597
5274.00000000	-0.000943632188632	-0.0114005710889	0.0114395569347	-94.7316207137
5274.00000000	-0.000943656413448	-0.0114005516575	0.0114395395677	-94.7317496601
5274.00000000	-0.000943701463906	-0.0114004850160	0.0114394768697	-94.7320020647
5274.00000000	-0.000943756734370	-0.0114003988265	0.0114393955337	-94.7323135633
5274.00000000	-0.000943803693730	-0.0114003340622	0.0114393348645	-94.7325747269
5274.00000000	-0.000943833323401	-0.0114003125649	0.0114393158852	-94.7327315098
5274.00000000	-0.000943854667221	-0.0114003261433	0.0114393311783	-94.7328324380
5274.00000000	-0.000943883607399	-0.0114003391522	0.0114393465307	-94.7329715191
5274.00000000	-0.000943914517612	-0.0114003119056	0.0114393219276	-94.7331370706
5274.00000000	-0.000943930764456	-0.0114002364600	0.0114392480798	-94.7332493498
5274.00000000	-0.000943924007911	-0.0114001384135	0.0114391498102	-94.7332561466
5274.00000000	-0.000943902899007	-0.0114000513733	0.0114390613249	-94.7331867518
5274.00000000	-0.000943876519716	-0.0113999961938	0.0114390041570	-94.7330778796
5274.00000000	-0.000943848893167	-0.0113999721573	0.0114389779229	-94.7329499092
5274.00000000	-0.000943825151665	-0.0113999634738	0.0114389673100	-94.7328349865
5274.00000000	-0.000943811390438	-0.0113999629532	0.0114389656558	-94.7327665091
5274.00000000	-0.000943807617403	-0.0113999897151	0.0114389920152	-94.7327366152
5274.00000000	-0.000943808554636	-0.0114000616201	0.0114390637523	-94.7327115778
5274.00000000	-0.000943805448278	-0.0114001746749	0.0114391761654	-94.7326493512
5274.00000000	-0.000943787500149	-0.0114003080227	0.0114393075777	-94.7325046556
5274.00000000	-0.000943745426235	-0.0114004362597	0.0114394319064	-94.7322416503
5274.00000000	-0.000943676688083	-0.0114005439638	0.0114395335728	-94.7318540398
5274.00000000	-0.000943594834569	-0.0114006348186	0.0114396173660	-94.7314079323
5274.00000000	-0.000943520437944	-0.0114007106839	0.0114396868364	-94.7310052439
5274.00000000	-0.000943460499059	-0.0114007626001	0.0114397336322	-94.7306846175
5274.00000000	-0.000943407491586	-0.0114007828848	0.0114397494763	-94.7304116561
5274.00000000	-0.000943355324090	-0.0114007789979	0.0114397413006	-94.7301528714
5274.00000000	-0.000943305621600	-0.0114007652831	0.0114397235341	-94.7299104490
5274.00000000	-0.000943262087227	-0.0114007447956	0.0114396995266	-94.7297016108
5274.00000000	-0.000943229924275	-0.0114007140499	0.0114396662337	-94.7295537678
5274.00000000	-0.000943209957529	-0.0114006652309	0.0114396159346	-94.7294742648
5274.00000000	-0.000943191421982	-0.0114006037993	0.0114395531839	-94.7294071133
5274.00000000	-0.000943163690013	-0.0114005569511	0.0114395042088	-94.7292880345
5274.00000000	-0.000943124414718	-0.0114005405999	0.0114394846751	-94.7290987422
5274.00000000	-0.000943081605528	-0.0114005307447	0.0114394713241	-94.7288891275
5274.00000000	-0.000943048923266	-0.0114004964699	0.0114394344717	-94.7287401443
5274.00000000	-0.000943031838863	-0.0114004393845	0.0114393761722	-94.7286784366
5274.00000000	-0.000943025903895	-0.0114003891278	0.0114393255973	-94.7286695626
5274.00000000	-0.000943035526964	-0.0114003830299	0.0114393203134	-94.7287201151
5274.00000000	-0.000943069783929	-0.0114004262657	0.0114393662262	-94.7288732601
5274.00000000	-0.000943126508606	-0.0114004838670	0.0114394283080	-94.7291326210
5274.00000000	-0.000943194048943	-0.0114005125683	0.0114394624801	-94.7294579006
5274.00000000	-0.000943268559215	-0.0114004904339	0.0114394465647	-94.7298389639
5274.00000000	-0.000943351363716	-0.0114004288322	0.0114393920010	-94.7302777309
5274.00000000	-0.000943434947714	-0.0114003605131	0.0114393308078	-94.7307231677
5274.00000000	-0.000943505926163	-0.0114003215469	0.0114392978284	-94.7310935611
5274.00000000	-0.000943565333847	-0.0114003286154	0.0114393097728	-94.7313871810
5274.00000000	-0.000943629496804	-0.0114003639571	0.0114393502867	-94.7316928551
5274.00000000	-0.000943698032620	-0.0114003990437	0.0114393909074	-94.7320204600
5274.00000000	-0.000943760750176	-0.0114004212474	0.0114394182095	-94.7323243438
5274.00000000	-0.000943812747226	-0.0114004179012	0.0114394191646	-94.7325852724
5274.00000000	-0.000943849597188	-0.0114003831768	0.0114393875989	-94.7327835609
5274.00000000	-0.000943879922950	-0.0114003400582	0.0114393471296	-94.7329527535
5274.00000000	-0.000943915538915	-0.0114003183784	0.0114393284625	-94.7331394934
5274.00000000	-0.000943955984011	-0.0114003242130	0.0114393376146	-94.7333389670
5274.00000000	-0.000943999741131	-0.0114003433132	0.0114393602605	-94.7335494895
5274.00000000	-0.000944042505130	-0.0114003651915	0.0114393855932	-94.7337539057
5274.00000000	-0.000944073040045	-0.0114003913418	0.0114394141743	-94.7338955131
5274.00000000	-0.000944082023502	-0.0114004232412	0.0114394467063	-94.7339271686
5274.00000000	-0.000944069895525	-0.0114004699710	0.0114394922758	-94.7338473158
5274.00000000	-0.000944042367127	-0.0114005347328	0.0114395545448	-94.7336831395
5274.00000000	-0.000944008174794	-0.0114005965703	0.0114396133498	-94.7334869108
5274.00000000	-0.000943976284967	-0.0114006347566	0.0114396487743	-94.7333119518
5274.00000000	-0.000943944597022	-0.0114006451946	0.0114396565619	-94.7331494693
5274.00000000	-0.000943900183472	-0.0114006360226	0.0114396437566	-94.7329315720
5274.00000000	-0.000943835740904	-0.0114006132382	0.0114396157327	-94.7326193253
5274.00000000	-0.000943759695035	-0.0114005833584	0.0114395796808	-94.7322520912
5274.00000000	-0.000943685141651	-0.0114005551982	0.0114395454662	-94.7318915941
5274.00000000	-0.000943614003975	-0.0114005307760	0.0114395152591	-94.7315466001
5274.00000000	-0.000943541932650	-0.0114005109225	0.0114394895285	-94.7311950565
5274.00000000	-0.000943463501509	-0.0114005030740	0.0114394752379	-94.7308068069
5274.00000000	-0.000943374370704	-0.0114005229553	0.0114394877009	-94.7303536950
5274.00000000	-0.000943267917501	-0.0114005731707	0.0114395289670	-94.7298015909
5274.00000000	-0.000943145085497	-0.0114006328484	0.0114395783137	-94.7291638285
5274.00000000	-0.000943032288299	-0.0114006903009	0.0114396262716	-94.7285770790
5274.00000000	-0.000942956161248	-0.0114007504260	0.0114396799167	-94.7281722690
5274.00000000	-0.000942918082322	-0.0114008031003	0.0114397292731	-94.7279604539
5274.00000000	-0.000942903736184	-0.0114008164863	0.0114397414311	-94.7278833199
5274.00000000	-0.000942900939976	-0.0114007748999	0.0114396997557	-94.7278865304
5274.00000000	-0.000942895381107	-0.0114006989970	0.0114396236529	-94.7278901177
5274.00000000	-0.000942875160994	-0.0114006156405	0.0114395389134	-94.7278236000
5274.00000000	-0.000942853004759	-0.0114005407412	0.0114394624428	-94.7277439257
5274.00000000	-0.000942858206602	-0.0114004856641	0.0114394079818	-94.7277926280
5274.00000000	-0.000942904746167	-0.0114004560060	0.0114393822606	-94.7280371784
5274.00000000	-0.000942985993899	-0.0114004428031	0.0114393757999	-94.7284481855
5274.00000000	-0.000943082473594	-0.0114004314634	0.0114393724524	-94.7289344555
5274.00000000	-0.000943175196954	-0.0114004099038	0.0114393586108	-94.7294061962
5274.00000000	-0.000943260874759	-0.0114003797107	0.0114393355850	-94.7298463350
