DevNumber	X [V]	Y [V]	R [V]	Theta [°]
4253.00000000	0.000428698410602	-0.000590462522260	0.000729676858237	-54.0189130739
4253.00000000	0.000428680524766	-0.000590483351516	0.000729683205735	-54.0210104587
4253.00000000	0.000428666761089	-0.000590506198066	0.000729693608315	-54.0229389257
4253.00000000	0.000428668836685	-0.000590515098869	0.000729702030652	-54.0232176066
4253.00000000	0.000428683058188	-0.000590506446954	0.000729703383761	-54.0219148576
4253.00000000	0.000428700882851	-0.000590493829231	0.000729703644856	-54.0202002275
4253.00000000	0.000428719944641	-0.000590488574913	0.000729710591971	-54.0187466795
4253.00000000	0.000428734405803	-0.000590488568305	0.000729719082948	-54.0178275535
4253.00000000	0.000428737235870	-0.000590488897019	0.000729721011705	-54.0176629058
4253.00000000	0.000428732437468	-0.000590492708188	0.000729721276489	-54.0181435934
4253.00000000	0.000428733926696	-0.000590507638777	0.000729734233372	-54.0187377289
4253.00000000	0.000428753001785	-0.000590532741269	0.000729765753547	-54.0186837511
4253.00000000	0.000428787413878	-0.000590554731420	0.000729803766161	-54.0175118647
4253.00000000	0.000428827842506	-0.000590563557304	0.000729834661909	-54.0153506834
4253.00000000	0.000428866429149	-0.000590562932345	0.000729856829187	-54.0128707393
4253.00000000	0.000428913639522	-0.000590565004600	0.000729886247868	-54.0099676228
4253.00000000	0.000429019727438	-0.000590587524886	0.000729966815055	-54.0042688785
4253.00000000	0.000429224904406	-0.000590635027507	0.000730125848248	-53.9934330408
4253.00000000	0.000429500674123	-0.000590694353877	0.000730335983486	-53.9786679529
4253.00000000	0.000429776286731	-0.000590752136712	0.000730544826597	-53.9638501065
4253.00000000	0.000429975377008	-0.000590795968091	0.000730697407102	-53.9532481348
4253.00000000	0.000430030057678	-0.000590808449039	0.000730739675919	-53.9503574702
4253.00000000	0.000429924490824	-0.000590780254717	0.000730654759222	-53.9557493958
4253.00000000	0.000429707416269	-0.000590720451079	0.000730478688888	-53.9667562603
4253.00000000	0.000429459761232	-0.000590650568573	0.000730276509736	-53.9792438890
4253.00000000	0.000429240719614	-0.000590588827836	0.000730097773548	-53.9902976176
4253.00000000	0.000429064616963	-0.000590544317047	0.000729958242591	-53.9994249355
4253.00000000	0.000428929198633	-0.000590517670756	0.000729857093489	-54.0067957473
4253.00000000	0.000428833460211	-0.000590503505209	0.000729789371161	-54.0122235961
4253.00000000	0.000428772849303	-0.000590498951914	0.000729750072635	-54.0158640883
4253.00000000	0.000428739557713	-0.000590499762505	0.000729731168216	-54.0180166241
4253.00000000	0.000428728445751	-0.000590500370357	0.000729725131531	-54.0187506751
4253.00000000	0.000428736646608	-0.000590500258572	0.000729729859276	-54.0182244670
4253.00000000	0.000428756173498	-0.000590501023782	0.000729741951241	-54.0170191300
4253.00000000	0.000428782833035	-0.000590505414147	0.000729761167809	-54.0155279209
4253.00000000	0.000428820530665	-0.000590516249097	0.000729792085438	-54.0136328704
4253.00000000	0.000428874758323	-0.000590532252190	0.000729836899042	-54.0109263839
4253.00000000	0.000428934673746	-0.000590551642277	0.000729887797225	-54.0080152249
4253.00000000	0.000428972271722	-0.000590568344474	0.000729923406530	-54.0063978168
4253.00000000	0.000428964403646	-0.000590573326355	0.000729922813315	-54.0071273359
4253.00000000	0.000428913401911	-0.000590566461255	0.000729887286846	-54.0100499100
4253.00000000	0.000428842040949	-0.000590554787083	0.000729835908018	-54.0140441933
4253.00000000	0.000428773614530	-0.000590546533137	0.000729789024525	-54.0180103709
4253.00000000	0.000428718885112	-0.000590545297381	0.000729755870624	-54.0214305103
4253.00000000	0.000428674760689	-0.000590551087257	0.000729734634721	-54.0245011544
4253.00000000	0.000428645045471	-0.000590564177441	0.000729727772997	-54.0269930585
4253.00000000	0.000428651214408	-0.000590583269745	0.000729746847965	-54.0274816089
4253.00000000	0.000428706244773	-0.000590603364655	0.000729795436166	-54.0249118153
4253.00000000	0.000428792720386	-0.000590621264737	0.000729860723300	-54.0202434984
4253.00000000	0.000428876670960	-0.000590637122197	0.000729922878810	-54.0156421907
4253.00000000	0.000428934155808	-0.000590652485239	0.000729969087247	-54.0126996794
4253.00000000	0.000428960115679	-0.000590668001465	0.000729996896430	-54.0117666229
4253.00000000	0.000428957881418	-0.000590677534127	0.000730003296810	-54.0123481645
4253.00000000	0.000428928685583	-0.000590670558174	0.000729980496732	-54.0138806304
4253.00000000	0.000428882343505	-0.000590645648102	0.000729933110766	-54.0156751132
4253.00000000	0.000428842804990	-0.000590618775816	0.000729888135085	-54.0169471568
4253.00000000	0.000428823797949	-0.000590609555804	0.000729869506894	-54.0177292775
4253.00000000	0.000428820254194	-0.000590620971585	0.000729876662515	-54.0184809031
4253.00000000	0.000428822710431	-0.000590638280239	0.000729892111935	-54.0191231543
4253.00000000	0.000428816857448	-0.000590644120936	0.000729893399633	-54.0197643178
4253.00000000	0.000428788743552	-0.000590632638793	0.000729867591145	-54.0210206960
4253.00000000	0.000428738882316	-0.000590611764845	0.000729821406909	-54.0232256422
4253.00000000	0.000428679933286	-0.000590592567216	0.000729771242002	-54.0260855996
4253.00000000	0.000428616912745	-0.000590584415669	0.000729727627216	-54.0297141052
4253.00000000	0.000428555605135	-0.000590587717743	0.000729694291496	-54.0337623821
4253.00000000	0.000428511481897	-0.000590594658755	0.000729673996431	-54.0368866517
4253.00000000	0.000428497250521	-0.000590596088048	0.000729666795820	-54.0378570558
4253.00000000	0.000428513495860	-0.000590590406848	0.000729671737698	-54.0365625819
4253.00000000	0.000428549001506	-0.000590584169044	0.000729687540950	-54.0340184040
4253.00000000	0.000428586887966	-0.000590580751104	0.000729707026217	-54.0314530839
4253.00000000	0.000428615241638	-0.000590581052535	0.000729723923809	-54.0296651949
4253.00000000	0.000428625765716	-0.000590587278344	0.000729735143993	-54.0292835663
4253.00000000	0.000428616040713	-0.000590594438595	0.000729735226816	-54.0302317506
4253.00000000	0.000428602781128	-0.000590598014497	0.000729730332875	-54.0312392472
4253.00000000	0.000428607216651	-0.000590597608303	0.000729732609316	-54.0309386553
4253.00000000	0.000428635287960	-0.000590592565534	0.000729745016117	-54.0289223220
4253.00000000	0.000428674480611	-0.000590585910884	0.000729762652143	-54.0261250699
4253.00000000	0.000428706717839	-0.000590581535656	0.000729778048572	-54.0238750018
4253.00000000	0.000428727032238	-0.000590582408155	0.000729790688481	-54.0226245656
4253.00000000	0.000428733865839	-0.000590586274086	0.000729797831496	-54.0223687058
4253.00000000	0.000428717634433	-0.000590589156349	0.000729790628654	-54.0235328855
4253.00000000	0.000428674138326	-0.000590590316824	0.000729766016745	-54.0263500182
4253.00000000	0.000428611632810	-0.000590589383256	0.000729728546376	-54.0302787144
4253.00000000	0.000428545517715	-0.000590583576293	0.000729685015154	-54.0342124720
4253.00000000	0.000428496536207	-0.000590575193453	0.000729649464238	-54.0369389253
4253.00000000	0.000428483509285	-0.000590575299026	0.000729641899529	-54.0377717658
4253.00000000	0.000428504988384	-0.000590587013513	0.000729663995000	-54.0369468039
4253.00000000	0.000428548831375	-0.000590602273372	0.000729702094135	-54.0348640939
4253.00000000	0.000428597472402	-0.000590609605968	0.000729736596322	-54.0321111430
4253.00000000	0.000428621017398	-0.000590603812986	0.000729745736863	-54.0303478236
4253.00000000	0.000428606064417	-0.000590593739662	0.000729728801530	-54.0308334669
4253.00000000	0.000428572244266	-0.000590589125506	0.000729705203299	-54.0327698767
4253.00000000	0.000428542962907	-0.000590587658842	0.000729686819007	-54.0345631054
4253.00000000	0.000428524901788	-0.000590581656621	0.000729671353823	-54.0354341631
4253.00000000	0.000428520303930	-0.000590567692784	0.000729657351529	-54.0350824270
4253.00000000	0.000428538840421	-0.000590547766379	0.000729652110341	-54.0329853770
4253.00000000	0.000428581000464	-0.000590526149176	0.000729659377257	-54.0293089884
4253.00000000	0.000428632441390	-0.000590509969676	0.000729676499621	-54.0252937246
4253.00000000	0.000428676567327	-0.000590502597296	0.000729696455239	-54.0221497184
4253.00000000	0.000428705296461	-0.000590501183226	0.000729712188884	-54.0202590277
5260.00000000	0.00251043095786	0.00570038430248	0.00622869527189	66.2314613048
5260.00000000	0.00251040830333	0.00570039657014	0.00622869736833	66.2316975028
5260.00000000	0.00251039239096	0.00570040256490	0.00622869644135	66.2318536858
5260.00000000	0.00251038806552	0.00570039910904	0.00622869153529	66.2318772872
5260.00000000	0.00251040059332	0.00570038862883	0.00622868699315	66.2317329676
5260.00000000	0.00251043284839	0.00570037807805	0.00622869033738	66.2314223126
5260.00000000	0.00251048296603	0.00570037490325	0.00622870763163	66.2309886298
5260.00000000	0.00251053355093	0.00570038020410	0.00622873287127	66.2305824399
5260.00000000	0.00251056901595	0.00570037923384	0.00622874627782	66.2302802863
5260.00000000	0.00251059326052	0.00570035765444	0.00622873630107	66.2299961796
5260.00000000	0.00251061060535	0.00570032112284	0.00622870985961	66.2297147177
5260.00000000	0.00251062844512	0.00570028779594	0.00622868655063	66.2294409692
5260.00000000	0.00251066021667	0.00570027618918	0.00622868873492	66.2291304705
5260.00000000	0.00251071229738	0.00570028282719	0.00622871580265	66.2287166528
5260.00000000	0.00251077712084	0.00570029320200	0.00622875142700	66.2282094237
5260.00000000	0.00251085125225	0.00570030045606	0.00622878794793	66.2276122736
5260.00000000	0.00251097110404	0.00570030154819	0.00622883726113	66.2266074086
5260.00000000	0.00251117092133	0.00570029603963	0.00622891277315	66.2249049504
5260.00000000	0.00251142981746	0.00570028570780	0.00622900769614	66.2226873502
5260.00000000	0.00251169457198	0.00570026605603	0.00622909646196	66.2203859402
5260.00000000	0.00251190216018	0.00570023650634	0.00622915312788	66.2185290503
5260.00000000	0.00251198362077	0.00570021580065	0.00622916702979	66.2177665987
5260.00000000	0.00251190777138	0.00570022668346	0.00622914640177	66.2184453868
5260.00000000	0.00251170232486	0.00570026932016	0.00622910257510	66.2203327889
5260.00000000	0.00251143399370	0.00570031972244	0.00622904050739	66.2227783419
5260.00000000	0.00251116448872	0.00570035510892	0.00622896423630	66.2251781426
5260.00000000	0.00251092471533	0.00570037226969	0.00622888328187	66.2272601435
5260.00000000	0.00251072630031	0.00570037845972	0.00622880896634	66.2289533604
5260.00000000	0.00251057695899	0.00570037918690	0.00622874943640	66.2302132453
5260.00000000	0.00251047536826	0.00570037837302	0.00622870774481	66.2310654552
5260.00000000	0.00251041405594	0.00570037431803	0.00622867932213	66.2315665763
5260.00000000	0.00251039249429	0.00570036576650	0.00622866280571	66.2317163887
5260.00000000	0.00251040833211	0.00570036397499	0.00622866754943	66.2315764159
5260.00000000	0.00251044893930	0.00570037460819	0.00622869364719	66.2312739876
5260.00000000	0.00251050390812	0.00570038403210	0.00622872442689	66.2308461765
5260.00000000	0.00251057036019	0.00570037657362	0.00622874438507	66.2302591070
5260.00000000	0.00251065179332	0.00570036009404	0.00622876212655	66.2295124796
5260.00000000	0.00251073837940	0.00570035476649	0.00622879215207	66.2287638276
5260.00000000	0.00251079739783	0.00570036514995	0.00622882544432	66.2283055036
5260.00000000	0.00251080463148	0.00570038082985	0.00622884270974	66.2283027489
5260.00000000	0.00251076560543	0.00570039282939	0.00622883796022	66.2286757649
5260.00000000	0.00251070726147	0.00570039710279	0.00622881835361	66.2291827559
5260.00000000	0.00251065268785	0.00570039254036	0.00622879218093	66.2296252502
5260.00000000	0.00251060619428	0.00570038184243	0.00622876365038	66.2299769800
5260.00000000	0.00251055858019	0.00570036647218	0.00622873039244	66.2303208227
5260.00000000	0.00251051306642	0.00570033897760	0.00622868688539	66.2306020358
5260.00000000	0.00251049663033	0.00570029586416	0.00622864080437	66.2305805544
5260.00000000	0.00251053115821	0.00570025154451	0.00622861416104	66.2301255597
5260.00000000	0.00251061348539	0.00570023046684	0.00622862805505	66.2293543417
5260.00000000	0.00251071813257	0.00570025590414	0.00622869351581	66.2285677034
5260.00000000	0.00251081664033	0.00570032998286	0.00622880101744	66.2280131233
5260.00000000	0.00251088196570	0.00570042088194	0.00622891053692	66.2278002573
5260.00000000	0.00251089752632	0.00570048564771	0.00622897608017	66.2279094111
5260.00000000	0.00251086274159	0.00570050307995	0.00622897801181	66.2282668592
5260.00000000	0.00251079771250	0.00570048967568	0.00622893953219	66.2287645689
5260.00000000	0.00251074836214	0.00570047157075	0.00622890307092	66.2291128721
5260.00000000	0.00251074221324	0.00570045953643	0.00622888957904	66.2291200142
5260.00000000	0.00251075941024	0.00570045527353	0.00622889260958	66.2289594437
5260.00000000	0.00251077362107	0.00570045815430	0.00622890097411	66.2288504977
5260.00000000	0.00251076729708	0.00570046718584	0.00622890669033	66.2289372195
5260.00000000	0.00251073126539	0.00570047798274	0.00622890204761	66.2292805666
5260.00000000	0.00251067696938	0.00570049582292	0.00622889648908	66.2298037783
5260.00000000	0.00251062860255	0.00570053118993	0.00622890936098	66.2303420593
5260.00000000	0.00251059644714	0.00570057762918	0.00622893890054	66.2307849180
5260.00000000	0.00251057657606	0.00570061844385	0.00622896824415	66.2311035100
5260.00000000	0.00251057029610	0.00570064403700	0.00622898913535	66.2312512574
5260.00000000	0.00251057468793	0.00570065170400	0.00622899792213	66.2312427108
5260.00000000	0.00251058091250	0.00570065213654	0.00622900082678	66.2311919157
5260.00000000	0.00251058765310	0.00570066216369	0.00622901272020	66.2311723471
5260.00000000	0.00251059815442	0.00570068345815	0.00622903644097	66.2311628921
5260.00000000	0.00251061007682	0.00570070590693	0.00622906179092	66.2311457541
5260.00000000	0.00251061427007	0.00570072044615	0.00622907678699	66.2311643567
5260.00000000	0.00251060352008	0.00570071696670	0.00622906926992	66.2312419500
5260.00000000	0.00251058612746	0.00570069235775	0.00622903973828	66.2312971283
5260.00000000	0.00251057764110	0.00570065345247	0.00622900071256	66.2312243330
5260.00000000	0.00251058216067	0.00570061228949	0.00622896486268	66.2310336819
5260.00000000	0.00251058844416	0.00570057752709	0.00622893558149	66.2308519093
5260.00000000	0.00251058940623	0.00570055093548	0.00622891163324	66.2307452241
5260.00000000	0.00251058639565	0.00570052766060	0.00622888911920	66.2306842772
5260.00000000	0.00251057726436	0.00570050025344	0.00622886035642	66.2306595346
5260.00000000	0.00251055425367	0.00570046749536	0.00622882110244	66.2307317933
5260.00000000	0.00251051399451	0.00570043780452	0.00622877770352	66.2309606276
5260.00000000	0.00251046329406	0.00570041869866	0.00622873978353	66.2313166074
5260.00000000	0.00251040807820	0.00570040758391	0.00622870735721	66.2317402307
5260.00000000	0.00251035921417	0.00570040577796	0.00622868601051	66.2321448967
5260.00000000	0.00251034192270	0.00570042587013	0.00622869742962	66.2323649538
5260.00000000	0.00251037128732	0.00570047171710	0.00622875122297	66.2322877178
5260.00000000	0.00251044810642	0.00570052270870	0.00622882885039	66.2318300683
5260.00000000	0.00251053757303	0.00570055060053	0.00622889043529	66.2311803219
5260.00000000	0.00251058585446	0.00570055984698	0.00622891835728	66.2308081621
5260.00000000	0.00251057661671	0.00570057073591	0.00622892459927	66.2309262963
5260.00000000	0.00251053591689	0.00570058669620	0.00622892280181	66.2313280835
5260.00000000	0.00251049050927	0.00570059843663	0.00622891524528	66.2317538577
5260.00000000	0.00251045652492	0.00570059945923	0.00622890248423	66.2320437357
5260.00000000	0.00251044349262	0.00570059617399	0.00622889422519	66.2321412654
5260.00000000	0.00251044733038	0.00570059463452	0.00622889436303	66.2321032510
5260.00000000	0.00251045559729	0.00570059299455	0.00622889619398	66.2320275785
5260.00000000	0.00251046072601	0.00570058535180	0.00622889126651	66.2319560701
5260.00000000	0.00251046895832	0.00570057827386	0.00622888810680	66.2318605287
5260.00000000	0.00251048563463	0.00570058876471	0.00622890442903	66.2317590367
5270.00000000	-0.0120449699456	0.00867959230327	0.0148464347081	144.223519426
5270.00000000	-0.0120448831458	0.00867958238831	0.0148463584906	144.223354631
5270.00000000	-0.0120447965114	0.00867956751815	0.0148462795104	144.223205723
5270.00000000	-0.0120447275565	0.00867956064571	0.0148462195496	144.223071661
5270.00000000	-0.0120446696214	0.00867956697255	0.0148461762458	144.222921135
5270.00000000	-0.0120446203550	0.00867958933305	0.0148461493488	144.222739964
5270.00000000	-0.0120446079593	0.00867964090941	0.0148461694456	144.222550509
5270.00000000	-0.0120446543988	0.00867972066803	0.0148462537517	144.222405565
5270.00000000	-0.0120447359147	0.00867980857600	0.0148463712796	144.222314249
5270.00000000	-0.0120448030391	0.00867988727551	0.0148464717480	144.222219295
5270.00000000	-0.0120448371605	0.00867994059401	0.0148465306027	144.222129344
5270.00000000	-0.0120448630446	0.00867996537166	0.0148465660884	144.222110169
5270.00000000	-0.0120449131725	0.00867998720212	0.0148466195197	144.222154921
5270.00000000	-0.0120449818821	0.00868002957661	0.0148467000370	144.222177275
5270.00000000	-0.0120450478344	0.00868008898520	0.0148467882764	144.222140077
5270.00000000	-0.0120451341124	0.00868015123136	0.0148468946647	144.222139854
5270.00000000	-0.0120453360350	0.00868019899449	0.0148470864071	144.222445890
5270.00000000	-0.0120457193928	0.00868022057468	0.0148474100406	144.223243225
5270.00000000	-0.0120462361203	0.00868022904786	0.0148478342188	144.224382436
5270.00000000	-0.0120467546459	0.00868024980213	0.0148482670412	144.225487191
5270.00000000	-0.0120471247062	0.00868028815161	0.0148485897001	144.226201902
5270.00000000	-0.0120472333473	0.00868033735165	0.0148487066057	144.226292937
5270.00000000	-0.0120470708009	0.00868039050361	0.0148486057991	144.225759878
5270.00000000	-0.0120467169585	0.00868042421894	0.0148483384289	144.224856132
5270.00000000	-0.0120462823772	0.00868042719143	0.0148479875854	144.223866458
5270.00000000	-0.0120458563367	0.00868041626495	0.0148476355497	144.222939519
5270.00000000	-0.0120454794992	0.00868041436090	0.0148473287106	144.222095298
5270.00000000	-0.0120451618700	0.00868042465988	0.0148470770440	144.221346426
5270.00000000	-0.0120449103979	0.00868043307955	0.0148468779527	144.220752681
5270.00000000	-0.0120447268404	0.00868042728548	0.0148467256497	144.220356659
5270.00000000	-0.0120446038706	0.00868041103165	0.0148466163849	144.220130085
5270.00000000	-0.0120445176635	0.00868040525270	0.0148465430690	144.219953663
5270.00000000	-0.0120444488332	0.00868042904489	0.0148465011400	144.219723865
5270.00000000	-0.0120443915714	0.00868049336524	0.0148464922924	144.219393283
5270.00000000	-0.0120443562689	0.00868057845172	0.0148465134017	144.219047235
5270.00000000	-0.0120443661237	0.00868065061335	0.0148465635887	144.218843548
5270.00000000	-0.0120444267251	0.00868070895937	0.0148466468663	144.218797621
5270.00000000	-0.0120445010908	0.00868077878243	0.0148467480209	144.218746822
5270.00000000	-0.0120445216963	0.00868087215641	0.0148468193324	144.218500987
5270.00000000	-0.0120444398474	0.00868098194537	0.0148468171260	144.217972582
5270.00000000	-0.0120442780641	0.00868109310606	0.0148467508769	144.217259512
5270.00000000	-0.0120440996639	0.00868119164173	0.0148466637678	144.216548464
5270.00000000	-0.0120439521006	0.00868126510484	0.0148465870159	144.215985488
5270.00000000	-0.0120438526510	0.00868130755204	0.0148465311603	144.215628182
5270.00000000	-0.0120437768458	0.00868132400181	0.0148464792842	144.215405619
5270.00000000	-0.0120437059980	0.00868132879959	0.0148464246165	144.215230720
5270.00000000	-0.0120436765732	0.00868133663302	0.0148464053271	144.215139794
5270.00000000	-0.0120437398026	0.00868135797251	0.0148464690981	144.215215674
5270.00000000	-0.0120438935322	0.00868140077798	0.0148466188367	144.215428576
5270.00000000	-0.0120440718975	0.00868147612319	0.0148468075878	144.215595196
5270.00000000	-0.0120441979788	0.00868158537061	0.0148469737489	144.215537697
5270.00000000	-0.0120442325141	0.00868169986771	0.0148470687156	144.215257187
5270.00000000	-0.0120441792670	0.00868178416197	0.0148470748112	144.214873145
5270.00000000	-0.0120440619038	0.00868181923440	0.0148470001132	144.214498509
5270.00000000	-0.0120439285959	0.00868183105746	0.0148468988861	144.214160671
5270.00000000	-0.0120438379421	0.00868187243610	0.0148468495436	144.213826559
5270.00000000	-0.0120438114337	0.00868196831823	0.0148468841084	144.213466577
5270.00000000	-0.0120438120793	0.00868208190095	0.0148469510518	144.213112462
5270.00000000	-0.0120438074983	0.00868216098373	0.0148469935813	144.212854558
5270.00000000	-0.0120437814724	0.00868220089129	0.0148469958063	144.212670896
5270.00000000	-0.0120437143459	0.00868224282820	0.0148469658777	144.212388129
5270.00000000	-0.0120436202745	0.00868233667443	0.0148469444481	144.211882053
5270.00000000	-0.0120435353580	0.00868249751343	0.0148469696232	144.211186921
5270.00000000	-0.0120434589481	0.00868269161524	0.0148470211531	144.210406864
5270.00000000	-0.0120433724062	0.00868287722546	0.0148470595010	144.209630528
5270.00000000	-0.0120432668155	0.00868303800037	0.0148470678757	144.208888946
5270.00000000	-0.0120431449815	0.00868316789197	0.0148470450153	144.208207379
5270.00000000	-0.0120430209354	0.00868326982695	0.0148470040122	144.207608327
5270.00000000	-0.0120429070720	0.00868337227476	0.0148469715702	144.207030650
5270.00000000	-0.0120427940356	0.00868350794048	0.0148469592286	144.206350857
5270.00000000	-0.0120426689467	0.00868368706747	0.0148469625326	144.205507818
5270.00000000	-0.0120425367077	0.00868389422284	0.0148469764340	144.204560907
5270.00000000	-0.0120423988270	0.00868410075245	0.0148469853973	144.203603221
5270.00000000	-0.0120422825759	0.00868428280262	0.0148469975899	144.202770983
5270.00000000	-0.0120422271064	0.00868442320220	0.0148470347220	144.202206316
5270.00000000	-0.0120422201458	0.00868451048548	0.0148470801308	144.201917404
5270.00000000	-0.0120422195375	0.00868454137008	0.0148470977029	144.201819362
5270.00000000	-0.0120421993215	0.00868452105064	0.0148470694205	144.201837329
5270.00000000	-0.0120421517515	0.00868446247762	0.0148469965761	144.201913284
5270.00000000	-0.0120420747372	0.00868439172644	0.0148468927266	144.201960895
5270.00000000	-0.0120419801623	0.00868432893682	0.0148467792909	144.201943945
5270.00000000	-0.0120418915554	0.00868428464437	0.0148466815153	144.201882569
5270.00000000	-0.0120418005279	0.00868427548337	0.0148466023260	144.201705763
5270.00000000	-0.0120416720842	0.00868430584540	0.0148465159078	144.201320779
5270.00000000	-0.0120415280348	0.00868436509279	0.0148464337293	144.200810148
5270.00000000	-0.0120414465768	0.00868443707012	0.0148464097642	144.200400964
5270.00000000	-0.0120414612895	0.00868451476181	0.0148464671432	144.200190995
5270.00000000	-0.0120415457216	0.00868461475172	0.0148465941128	144.200068622
5270.00000000	-0.0120416200678	0.00868473592970	0.0148467252964	144.199857165
5270.00000000	-0.0120416019527	0.00868486437711	0.0148467857409	144.199414230
5270.00000000	-0.0120414744548	0.00868499205136	0.0148467570189	144.198726789
5270.00000000	-0.0120412717088	0.00868510717126	0.0148466599254	144.197908762
5270.00000000	-0.0120410435819	0.00868521421090	0.0148465375233	144.197058715
5270.00000000	-0.0120408437946	0.00868533734148	0.0148464475219	144.196222273
5270.00000000	-0.0120407029354	0.00868549072185	0.0148464230123	144.195424185
5270.00000000	-0.0120406022575	0.00868566643026	0.0148464441555	144.194646932
5270.00000000	-0.0120404987360	0.00868585746720	0.0148464719631	144.193815285
5270.00000000	-0.0120403684566	0.00868606367783	0.0148464869510	144.192875735
5270.00000000	-0.0120402359075	0.00868629675991	0.0148465158239	144.191846961
5270.00000000	-0.0120401347284	0.00868656373236	0.0148465899706	144.190782957
5274.00000000	-0.00952293660979	0.0154476499138	0.0181470716517	121.652382065
5274.00000000	-0.00952282684499	0.0154475869989	0.0181469604951	121.652191295
5274.00000000	-0.00952271025814	0.0154475382452	0.0181468578133	121.651958724
5274.00000000	-0.00952260486828	0.0154475269429	0.0181467928883	121.651694194
5274.00000000	-0.00952250564339	0.0154475568330	0.0181467662639	121.651377983
5274.00000000	-0.00952241055715	0.0154476154744	0.0181467662867	121.651025260
5274.00000000	-0.00952233970819	0.0154477043747	0.0181468047867	121.650687547
5274.00000000	-0.00952232130638	0.0154478140502	0.0181468884934	121.650456381
5274.00000000	-0.00952234622723	0.0154479121935	0.0181469851162	121.650360761
5274.00000000	-0.00952236076200	0.0154479661418	0.0181470386675	121.650310448
5274.00000000	-0.00952234025272	0.0154479746880	0.0181470351807	121.650241166
5274.00000000	-0.00952230662450	0.0154479798472	0.0181470219268	121.650142235
5274.00000000	-0.00952228033128	0.0154480285882	0.0181470496216	121.649990816
5274.00000000	-0.00952224564986	0.0154481193019	0.0181471086452	121.649747315
5274.00000000	-0.00952218194527	0.0154482056531	0.0181471487264	121.649433036
5274.00000000	-0.00952209984066	0.0154482517233	0.0181471448631	121.649136038
5274.00000000	-0.00952202732896	0.0154482516966	0.0181471067924	121.648941190
5274.00000000	-0.00952198199857	0.0154482176995	0.0181470540659	121.648875676
5274.00000000	-0.00952195442156	0.0154481743141	0.0181470026628	121.648873431
5274.00000000	-0.00952190824992	0.0154481499876	0.0181469577274	121.648789634
5274.00000000	-0.00952183026472	0.0154481551138	0.0181469211717	121.648571535
5274.00000000	-0.00952176770114	0.0154481893351	0.0181469174762	121.648346685
5274.00000000	-0.00952177006051	0.0154482370102	0.0181469592993	121.648274045
5274.00000000	-0.00952183645237	0.0154482637881	0.0181470169309	121.648408129
5274.00000000	-0.00952193295235	0.0154482658327	0.0181470693058	121.648664111
5274.00000000	-0.00952203376512	0.0154482733431	0.0181471285968	121.648922628
5274.00000000	-0.00952211970133	0.0154483097795	0.0181472047062	121.649093238
5274.00000000	-0.00952217080272	0.0154483594462	0.0181472738001	121.649148302
5274.00000000	-0.00952218761041	0.0154483861797	0.0181473053770	121.649149188
5274.00000000	-0.00952218227352	0.0154483758531	0.0181472937858	121.649151952
5274.00000000	-0.00952214943734	0.0154483358564	0.0181472425078	121.649129959
5274.00000000	-0.00952207428011	0.0154482929987	0.0181471665879	121.648998958
5274.00000000	-0.00952196446758	0.0154482758560	0.0181470943747	121.648732211
5274.00000000	-0.00952184272432	0.0154483050861	0.0181470553782	121.648356570
5274.00000000	-0.00952173102944	0.0154483745034	0.0181470558657	121.647941360
5274.00000000	-0.00952163572603	0.0154484551735	0.0181470745341	121.647551566
5274.00000000	-0.00952154165850	0.0154485425003	0.0181470995186	121.647154066
5274.00000000	-0.00952143159989	0.0154486503618	0.0181471335949	121.646679570
5274.00000000	-0.00952130187320	0.0154487672101	0.0181471650037	121.646137325
5274.00000000	-0.00952114770387	0.0154488677743	0.0181471697271	121.645556358
5274.00000000	-0.00952097219273	0.0154489481672	0.0181471460833	121.644951442
5274.00000000	-0.00952079117818	0.0154490258378	0.0181471172365	121.644336241
5274.00000000	-0.00952063522529	0.0154491174578	0.0181471134155	121.643765295
5274.00000000	-0.00952052080332	0.0154492067655	0.0181471294162	121.643309810
5274.00000000	-0.00952042802533	0.0154492629604	0.0181471285830	121.642967350
5274.00000000	-0.00952032269372	0.0154492803184	0.0181470881011	121.642655476
5274.00000000	-0.00952020194903	0.0154492830297	0.0181470270646	121.642326432
5274.00000000	-0.00952009220431	0.0154493031670	0.0181469866348	121.641998088
5274.00000000	-0.00952001322723	0.0154493665238	0.0181469991412	121.641680860
5274.00000000	-0.00951997451367	0.0154494921594	0.0181470857915	121.641368705
5274.00000000	-0.00951996390537	0.0154496628717	0.0181472255623	121.641057438
5274.00000000	-0.00951996025051	0.0154498141268	0.0181473524164	121.640797093
5274.00000000	-0.00951994374613	0.0154498831055	0.0181474024836	121.640638483
5274.00000000	-0.00951990795659	0.0154498469217	0.0181473529035	121.640602213
5274.00000000	-0.00951987212876	0.0154497662229	0.0181472654053	121.640639568
5274.00000000	-0.00951983493871	0.0154497247694	0.0181472106041	121.640608261
5274.00000000	-0.00951977745958	0.0154497365526	0.0181471904830	121.640434243
5274.00000000	-0.00951970850288	0.0154497492216	0.0181471650952	121.640227906
5274.00000000	-0.00951965028438	0.0154497214248	0.0181471108897	121.640117454
5274.00000000	-0.00951960503111	0.0154496595176	0.0181470344453	121.640098348
5274.00000000	-0.00951956801306	0.0154496077554	0.0181469709580	121.640084575
5274.00000000	-0.00951955483474	0.0154496386187	0.0181469903207	121.639998033
5274.00000000	-0.00951956995091	0.0154497933230	0.0181471299596	121.639782436
5274.00000000	-0.00951958383031	0.0154500313740	0.0181473399086	121.639425478
5274.00000000	-0.00951957008876	0.0154502863754	0.0181475498004	121.638966211
5274.00000000	-0.00951951240315	0.0154505219684	0.0181477201182	121.638420978
5274.00000000	-0.00951940808621	0.0154507200498	0.0181478340407	121.637812535
5274.00000000	-0.00951927260615	0.0154508783780	0.0181478977736	121.637186168
5274.00000000	-0.00951911608249	0.0154510215795	0.0181479375920	121.636528291
5274.00000000	-0.00951892429103	0.0154511735948	0.0181479664182	121.635761021
5274.00000000	-0.00951869225542	0.0154513430911	0.0181479890228	121.634856630
5274.00000000	-0.00951843811197	0.0154515287650	0.0181480138105	121.633866026
5274.00000000	-0.00951817326855	0.0154517165429	0.0181480347832	121.632843179
5274.00000000	-0.00951790161614	0.0154518947061	0.0181480440043	121.631817951
5274.00000000	-0.00951763019461	0.0154520540205	0.0181480373036	121.630824553
5274.00000000	-0.00951736412238	0.0154521773548	0.0181480027783	121.629905106
5274.00000000	-0.00951711148315	0.0154522517367	0.0181479336211	121.629102815
5274.00000000	-0.00951688379261	0.0154522803994	0.0181478386223	121.628443280
5274.00000000	-0.00951667759557	0.0154522710041	0.0181477224919	121.627904528
5274.00000000	-0.00951648335628	0.0154522304423	0.0181475860960	121.627449515
5274.00000000	-0.00951631836920	0.0154521729870	0.0181474506563	121.627101104
5274.00000000	-0.00951621309036	0.0154521348704	0.0181473629939	121.626881186
5274.00000000	-0.00951616648865	0.0154521469508	0.0181473488430	121.626735904
5274.00000000	-0.00951614750497	0.0154521896126	0.0181473752140	121.626614238
5274.00000000	-0.00951614440765	0.0154522211605	0.0181474004524	121.626553681
5274.00000000	-0.00951617130310	0.0154522401778	0.0181474307488	121.626594500
5274.00000000	-0.00951622234007	0.0154522722651	0.0181474848335	121.626678581
5274.00000000	-0.00951625604375	0.0154523290474	0.0181475508562	121.626675179
5274.00000000	-0.00951623994586	0.0154523809970	0.0181475866490	121.626545895
5274.00000000	-0.00951618932483	0.0154524068198	0.0181475820921	121.626367058
5274.00000000	-0.00951613262996	0.0154524047979	0.0181475506410	121.626217991
5274.00000000	-0.00951605796757	0.0154523680795	0.0181474802247	121.626078063
5274.00000000	-0.00951594319158	0.0154523097029	0.0181473703324	121.625866151
5274.00000000	-0.00951578890619	0.0154522630571	0.0181472497115	121.625528598
5274.00000000	-0.00951561508344	0.0154522546018	0.0181471513659	121.625075290
5274.00000000	-0.00951543824684	0.0154523000347	0.0181470973269	121.624524660
5274.00000000	-0.00951525297560	0.0154523982049	0.0181470837733	121.623864044
5274.00000000	-0.00951504073886	0.0154525376967	0.0181470912692	121.623062524
5274.00000000	-0.00951480705999	0.0154527379074	0.0181471392297	121.622102842
5274.00000000	-0.00951457485749	0.0154530240747	0.0181472611645	121.621004846
