DevNumber	X [V]	Y [V]	R [V]	Theta [°]
4253.00000000	0.000446834069214	0.000169293042346	0.000477829278715	20.7503091790
4253.00000000	0.000446826885788	0.000169306266453	0.000477827246736	20.7520971853
4253.00000000	0.000446830204312	0.000169308687046	0.000477831207640	20.7522276109
4253.00000000	0.000446842568437	0.000169295921256	0.000477838246608	20.7502709196
4253.00000000	0.000446850715173	0.000169276898866	0.000477839125794	20.7477918839
4253.00000000	0.000446844599727	0.000169264660092	0.000477829071385	20.7466792949
4253.00000000	0.000446826303270	0.000169263900954	0.000477811692469	20.7473713561
4253.00000000	0.000446801761031	0.000169271158667	0.000477791313041	20.7492278191
4253.00000000	0.000446776300873	0.000169280520537	0.000477770821268	20.7513594103
4253.00000000	0.000446754043955	0.000169285810430	0.000477751882678	20.7528984020
4253.00000000	0.000446739921453	0.000169284269465	0.000477738130473	20.7533257367
4253.00000000	0.000446741779797	0.000169280503720	0.000477738533883	20.7528244362
4253.00000000	0.000446761490743	0.000169277322318	0.000477755838752	20.7516300475
4253.00000000	0.000446788142479	0.000169271625848	0.000477778743329	20.7498588008
4253.00000000	0.000446810400065	0.000169260663550	0.000477795673726	20.7476838857
4253.00000000	0.000446828015366	0.000169241995174	0.000477805533922	20.7448421534
4253.00000000	0.000446840441970	0.000169218823282	0.000477808947942	20.7417158651
4253.00000000	0.000446844886185	0.000169199808316	0.000477806370242	20.7393947475
4253.00000000	0.000446842394501	0.000169189762280	0.000477800482612	20.7383739399
4253.00000000	0.000446835730753	0.000169188438495	0.000477793781875	20.7385084426
4253.00000000	0.000446827197064	0.000169197692616	0.000477789078175	20.7399086502
4253.00000000	0.000446819541941	0.000169220809506	0.000477790106040	20.7428262314
4253.00000000	0.000446815938906	0.000169254794522	0.000477798774307	20.7467904420
4253.00000000	0.000446816294123	0.000169289960662	0.000477811564818	20.7507187847
4253.00000000	0.000446816572947	0.000169312466509	0.000477819799899	20.7532305719
4253.00000000	0.000446814907883	0.000169310628272	0.000477817591506	20.7530951970
4253.00000000	0.000446813906086	0.000169285258523	0.000477807665725	20.7502929672
4253.00000000	0.000446814004884	0.000169249847705	0.000477795213359	20.7463178568
4253.00000000	0.000446811815556	0.000169219929179	0.000477782568698	20.7430556652
4253.00000000	0.000446807070488	0.000169202279126	0.000477771880190	20.7412777669
4253.00000000	0.000446802464762	0.000169198076192	0.000477766084506	20.7410020097
4253.00000000	0.000446800968436	0.000169204261492	0.000477766875685	20.7417592528
4253.00000000	0.000446802013272	0.000169215363138	0.000477771784627	20.7429599293
4253.00000000	0.000446802123978	0.000169227864579	0.000477776316011	20.7443572425
4253.00000000	0.000446800531064	0.000169237357439	0.000477778188820	20.7454894971
4253.00000000	0.000446801187872	0.000169241101729	0.000477780129346	20.7458815024
4253.00000000	0.000446807730090	0.000169240807964	0.000477786143320	20.7455706564
4253.00000000	0.000446815535719	0.000169238232669	0.000477792530662	20.7449502958
4253.00000000	0.000446815300659	0.000169236459648	0.000477791682825	20.7447614479
4253.00000000	0.000446804782863	0.000169240010796	0.000477783104812	20.7456064503
4253.00000000	0.000446790441541	0.000169250954330	0.000477773570004	20.7474429373
4253.00000000	0.000446781481255	0.000169266033041	0.000477770532718	20.7495146166
4253.00000000	0.000446780791125	0.000169277726327	0.000477774030216	20.7508552692
4253.00000000	0.000446787049465	0.000169281582978	0.000477781249010	20.7510218519
4253.00000000	0.000446798860736	0.000169280419717	0.000477791881948	20.7503895701
4253.00000000	0.000446811840248	0.000169279252556	0.000477803606026	20.7497072473
4253.00000000	0.000446821474247	0.000169280669436	0.000477813117121	20.7494568440
4253.00000000	0.000446829092142	0.000169283058861	0.000477821087439	20.7494011527
4253.00000000	0.000446839658142	0.000169281416444	0.000477830386269	20.7487681304
4253.00000000	0.000446856687401	0.000169275297204	0.000477844143334	20.7473586100
4253.00000000	0.000446877570765	0.000169267967735	0.000477861076207	20.7456497819
4253.00000000	0.000446893830482	0.000169256618287	0.000477872261757	20.7436866860
4253.00000000	0.000446896858977	0.000169236884318	0.000477868104792	20.7413453809
4253.00000000	0.000446889112768	0.000169211541654	0.000477851885985	20.7388325952
4253.00000000	0.000446878699974	0.000169190989701	0.000477834870522	20.7369700772
4253.00000000	0.000446870082945	0.000169185314975	0.000477824802448	20.7366995624
4253.00000000	0.000446862922336	0.000169197859407	0.000477822547591	20.7384103395
4253.00000000	0.000446856029997	0.000169221679507	0.000477824537210	20.7413741839
4253.00000000	0.000446851167667	0.000169242788358	0.000477827466201	20.7439477594
4253.00000000	0.000446850980078	0.000169249544147	0.000477829683665	20.7447132870
4253.00000000	0.000446855818343	0.000169240425571	0.000477830978522	20.7434852924
4253.00000000	0.000446858555091	0.000169221862499	0.000477826963456	20.7412874740
4253.00000000	0.000446852044135	0.000169204848246	0.000477814849097	20.7396559866
4253.00000000	0.000446838154535	0.000169201119082	0.000477800538977	20.7398275984
4253.00000000	0.000446823971521	0.000169213538200	0.000477791673260	20.7418226601
4253.00000000	0.000446813235574	0.000169236379858	0.000477789723364	20.7448402161
4253.00000000	0.000446804535641	0.000169259916634	0.000477789925018	20.7478492546
4253.00000000	0.000446799377122	0.000169275936803	0.000477790776572	20.7498649194
4253.00000000	0.000446799065021	0.000169279251617	0.000477791659127	20.7502499010
4253.00000000	0.000446799799203	0.000169274398269	0.000477790626192	20.7496744561
4253.00000000	0.000446802207270	0.000169269775870	0.000477791240443	20.7490537938
4253.00000000	0.000446812729114	0.000169266238562	0.000477799826722	20.7482101241
4253.00000000	0.000446832608235	0.000169258718795	0.000477815752849	20.7465224249
4253.00000000	0.000446855720208	0.000169248369752	0.000477833700513	20.7443802763
4253.00000000	0.000446877329998	0.000169239338781	0.000477850710847	20.7424498765
4253.00000000	0.000446896838943	0.000169233702539	0.000477866959239	20.7409894644
4253.00000000	0.000446907637411	0.000169233588365	0.000477877017450	20.7405181528
4253.00000000	0.000446899618313	0.000169239905779	0.000477871755345	20.7415670021
4253.00000000	0.000446874676620	0.000169251494323	0.000477852534716	20.7439255643
4253.00000000	0.000446849663625	0.000169270923968	0.000477836025832	20.7471665816
4253.00000000	0.000446836043167	0.000169299836300	0.000477833531729	20.7509871221
4253.00000000	0.000446833014493	0.000169331460203	0.000477841905085	20.7546616817
4253.00000000	0.000446837146947	0.000169354494086	0.000477853932242	20.7570686872
4253.00000000	0.000446847840695	0.000169361632008	0.000477866461609	20.7574145576
4253.00000000	0.000446861690250	0.000169352712965	0.000477876251347	20.7558261001
4253.00000000	0.000446870648531	0.000169334730904	0.000477878256053	20.7534294112
4253.00000000	0.000446872820986	0.000169314699637	0.000477873189925	20.7510912525
4253.00000000	0.000446870758666	0.000169298818680	0.000477865634836	20.7493982692
4253.00000000	0.000446865828276	0.000169291738377	0.000477858515843	20.7488138324
4253.00000000	0.000446859811293	0.000169292258820	0.000477853073491	20.7491277773
4253.00000000	0.000446854282994	0.000169295176113	0.000477848937307	20.7496897205
4253.00000000	0.000446847162541	0.000169296621446	0.000477842790783	20.7501542641
4253.00000000	0.000446839023735	0.000169295282314	0.000477834705464	20.7503498636
4253.00000000	0.000446833312122	0.000169294551671	0.000477829105484	20.7505105839
4253.00000000	0.000446830838261	0.000169297754004	0.000477827926697	20.7509747619
4253.00000000	0.000446827645923	0.000169302882008	0.000477826758373	20.7516853928
4253.00000000	0.000446824362257	0.000169306741008	0.000477825055075	20.7522576144
4253.00000000	0.000446827546769	0.000169303751326	0.000477826973668	20.7517870821
4253.00000000	0.000446840720509	0.000169292911765	0.000477835452304	20.7500119730
4253.00000000	0.000446862323168	0.000169281721630	0.000477851689486	20.7478395827
5260.00000000	0.00150582699863	0.00121260048232	0.00193336879036	38.8435239123
5260.00000000	0.00150581847295	0.00121259278851	0.00193335732451	38.8435047932
5260.00000000	0.00150580008582	0.00121258944008	0.00193334090337	38.8437692723
5260.00000000	0.00150578459142	0.00121258659172	0.00193332704894	38.8439915292
5260.00000000	0.00150577649899	0.00121258234615	0.00193331808327	38.8440439521
5260.00000000	0.00150576890606	0.00121257578911	0.00193330805688	38.8440337370
5260.00000000	0.00150575456853	0.00121256398742	0.00193328948796	38.8440278311
5260.00000000	0.00150573388061	0.00121254853067	0.00193326368053	38.8440555986
5260.00000000	0.00150571303333	0.00121253208432	0.00193323712830	38.8440634862
5260.00000000	0.00150570167602	0.00121251488045	0.00193321749229	38.8438774813
5260.00000000	0.00150570750095	0.00121249786445	0.00193321135671	38.8433764146
5260.00000000	0.00150572524534	0.00121248249484	0.00193321553758	38.8426917872
5260.00000000	0.00150574627323	0.00121247221488	0.00193322546828	38.8420636188
5260.00000000	0.00150577023085	0.00121247302335	0.00193324463544	38.8416369647
5260.00000000	0.00150579876117	0.00121248852740	0.00193327658089	38.8414645529
5260.00000000	0.00150582713097	0.00121251679688	0.00193331640739	38.8415897957
5260.00000000	0.00150584709789	0.00121254781001	0.00193335140980	38.8419345438
5260.00000000	0.00150585696064	0.00121256651000	0.00193337081986	38.8421828678
5260.00000000	0.00150585829850	0.00121256655164	0.00193337188800	38.8421589629
5260.00000000	0.00150584799067	0.00121255553600	0.00193335695071	38.8420962844
5260.00000000	0.00150582448347	0.00121254611851	0.00193333273508	38.8423158286
5260.00000000	0.00150579378790	0.00121254265134	0.00193330665260	38.8428063407
5260.00000000	0.00150576967391	0.00121254021637	0.00193328634381	38.8431983549
5260.00000000	0.00150576189402	0.00121253124469	0.00193327465737	38.8431358734
5260.00000000	0.00150576496304	0.00121251444633	0.00193326651201	38.8426910689
5260.00000000	0.00150576828974	0.00121250305557	0.00193326195901	38.8423662970
5260.00000000	0.00150577178446	0.00121250798930	0.00193326777530	38.8424152255
5260.00000000	0.00150578100288	0.00121252238072	0.00193328398131	38.8425760771
5260.00000000	0.00150579444785	0.00121253110424	0.00193329992447	38.8425275346
5260.00000000	0.00150580671950	0.00121252635349	0.00193330650297	38.8421897775
5260.00000000	0.00150581299802	0.00121251246147	0.00193330268045	38.8417524089
5260.00000000	0.00150581164994	0.00121249860051	0.00193329293728	38.8414575105
5260.00000000	0.00150580582036	0.00121248813930	0.00193328183578	38.8413243844
5260.00000000	0.00150580381668	0.00121248026098	0.00193327533414	38.8411797674
5260.00000000	0.00150580907310	0.00121247759192	0.00193327775437	38.8410204547
5260.00000000	0.00150581211783	0.00121247941065	0.00193328126651	38.8410058454
5260.00000000	0.00150580365693	0.00121248030251	0.00193327523575	38.8411836953
5260.00000000	0.00150578784790	0.00121247702891	0.00193326086924	38.8414019734
5260.00000000	0.00150577374519	0.00121247073010	0.00193324593445	38.8415187051
5260.00000000	0.00150576759105	0.00121246878932	0.00193323992389	38.8415882944
5260.00000000	0.00150576897936	0.00121247389041	0.00193324420447	38.8416802419
5260.00000000	0.00150577212283	0.00121247819730	0.00193324935402	38.8417212318
5260.00000000	0.00150577119229	0.00121247370764	0.00193324581346	38.8416348900
5260.00000000	0.00150576110275	0.00121246319702	0.00193323136295	38.8415798036
5260.00000000	0.00150574597628	0.00121245466868	0.00193321423249	38.8416641013
5260.00000000	0.00150574177412	0.00121245437967	0.00193321077824	38.8417355385
5260.00000000	0.00150575175157	0.00121246208666	0.00193322338310	38.8417279887
5260.00000000	0.00150576427451	0.00121246980240	0.00193323797607	38.8416733267
5260.00000000	0.00150577306946	0.00121247106655	0.00193324561914	38.8415390316
5260.00000000	0.00150578017896	0.00121246508318	0.00193324740405	38.8412687653
5260.00000000	0.00150579036246	0.00121245492067	0.00193324896233	38.8408448910
5260.00000000	0.00150580439095	0.00121244826993	0.00193325571797	38.8404306173
5260.00000000	0.00150581956221	0.00121244856456	0.00193326771960	38.8401554333
5260.00000000	0.00150582784378	0.00121245101605	0.00193327570756	38.8400580970
5260.00000000	0.00150582549295	0.00121245170615	0.00193327430929	38.8401177210
5260.00000000	0.00150581866004	0.00121245327031	0.00193326996811	38.8402808291
5260.00000000	0.00150581096766	0.00121245856493	0.00193326729709	38.8405460263
5260.00000000	0.00150580033832	0.00121246486432	0.00193326296869	38.8408890074
5260.00000000	0.00150578817976	0.00121246833538	0.00193325567544	38.8411951255
5260.00000000	0.00150577977494	0.00121246948242	0.00193324984842	38.8413778265
5260.00000000	0.00150577813008	0.00121247016812	0.00193324899731	38.8414242286
5260.00000000	0.00150578194408	0.00121247135629	0.00193325271316	38.8413807639
5260.00000000	0.00150578446708	0.00121247211965	0.00193325515704	38.8413514894
5260.00000000	0.00150577951265	0.00121247204920	0.00193325125393	38.8414419527
5260.00000000	0.00150576791876	0.00121247241921	0.00193324245570	38.8416659949
5260.00000000	0.00150575584016	0.00121247198458	0.00193323277532	38.8418804746
5260.00000000	0.00150575125473	0.00121246865163	0.00193322711348	38.8418887698
5260.00000000	0.00150575521184	0.00121246719662	0.00193322928306	38.8417816287
5260.00000000	0.00150576065403	0.00121247660657	0.00193323942353	38.8418976890
5260.00000000	0.00150576537026	0.00121250075177	0.00193325824020	38.8423673838
5260.00000000	0.00150577152122	0.00121253476330	0.00193328436251	38.8430381453
5260.00000000	0.00150577850918	0.00121256635850	0.00193330962147	38.8436375559
5260.00000000	0.00150578675891	0.00121258083711	0.00193332512781	38.8438184120
5260.00000000	0.00150579525364	0.00121257312842	0.00193332690915	38.8434825825
5260.00000000	0.00150579643996	0.00121254962255	0.00193331309046	38.8429179597
5260.00000000	0.00150578305433	0.00121252304383	0.00193328599502	38.8425532526
5260.00000000	0.00150575711869	0.00121250881110	0.00193325686796	38.8427067984
5260.00000000	0.00150572948014	0.00121251489599	0.00193323915756	38.8433610042
5260.00000000	0.00150570916613	0.00121253444320	0.00193323559581	38.8441898223
5260.00000000	0.00150569982322	0.00121255116768	0.00193323880881	38.8447495462
5260.00000000	0.00150570177793	0.00121255522260	0.00193324287453	38.8448068096
5260.00000000	0.00150570877798	0.00121255167495	0.00193324610138	38.8445947976
5260.00000000	0.00150571050765	0.00121254887955	0.00193324569523	38.8444981193
5260.00000000	0.00150569907596	0.00121254802446	0.00193323625534	38.8446908820
5260.00000000	0.00150568093608	0.00121254617913	0.00193322096973	38.8449854877
5260.00000000	0.00150567185301	0.00121253958220	0.00193320975772	38.8450020567
5260.00000000	0.00150567783119	0.00121252896910	0.00193320775714	38.8446459430
5260.00000000	0.00150568978049	0.00121252208934	0.00193321274882	38.8442650101
5260.00000000	0.00150569714096	0.00121252520398	0.00193322043507	38.8442000838
5260.00000000	0.00150569948874	0.00121253886782	0.00193323083370	38.8444718465
5260.00000000	0.00150570402219	0.00121255486506	0.00193324439821	38.8447568384
5260.00000000	0.00150571621934	0.00121256317069	0.00193325910734	38.8447218261
5260.00000000	0.00150573550556	0.00121255947819	0.00193327181246	38.8442780923
5260.00000000	0.00150575738238	0.00121254229615	0.00193327807481	38.8434748349
5260.00000000	0.00150577528884	0.00121251861161	0.00193327716688	38.8425952846
5260.00000000	0.00150578364799	0.00121249879245	0.00193327124745	38.8419824182
5260.00000000	0.00150578722055	0.00121248404148	0.00193326477866	38.8415755100
5260.00000000	0.00150579316170	0.00121247025105	0.00193326075725	38.8411467462
5260.00000000	0.00150579908994	0.00121245403333	0.00193325520359	38.8406621893
5260.00000000	0.00150579559658	0.00121243713158	0.00193324188261	38.8403369581
5270.00000000	-0.00985162164145	-0.0109769408091	0.0147494975675	-131.907447948
5270.00000000	-0.00985139224946	-0.0109769973838	0.0147493864556	-131.906637977
5270.00000000	-0.00985117327932	-0.0109771044846	0.0147493199113	-131.905727030
5270.00000000	-0.00985100977840	-0.0109772374588	0.0147493096747	-131.904909317
5270.00000000	-0.00985091621362	-0.0109773652154	0.0147493422674	-131.904307338
5270.00000000	-0.00985086352599	-0.0109774634549	0.0147493801941	-131.903900127
5270.00000000	-0.00985080825159	-0.0109775055089	0.0147493745768	-131.903631210
5270.00000000	-0.00985071252526	-0.0109774928085	0.0147493011908	-131.903387395
5270.00000000	-0.00985055499754	-0.0109774679248	0.0147491774618	-131.902996502
5270.00000000	-0.00985035374003	-0.0109774860989	0.0147490565751	-131.902367454
5270.00000000	-0.00985014616002	-0.0109775752428	0.0147489842899	-131.901535989
5270.00000000	-0.00984996148422	-0.0109777251079	0.0147489724993	-131.900613207
5270.00000000	-0.00984982343376	-0.0109779132827	0.0147490203647	-131.899725851
5270.00000000	-0.00984974227091	-0.0109781173268	0.0147491180361	-131.898961820
5270.00000000	-0.00984972045778	-0.0109783132531	0.0147492493022	-131.898390467
5270.00000000	-0.00984974054547	-0.0109784754547	0.0147493834489	-131.898027767
5270.00000000	-0.00984976146901	-0.0109785886818	0.0147494817007	-131.897794537
5270.00000000	-0.00984973800703	-0.0109786503451	0.0147495119311	-131.897566734
5270.00000000	-0.00984965362059	-0.0109786785203	0.0147494765499	-131.897249644
5270.00000000	-0.00984952136815	-0.0109787047494	0.0147494077561	-131.896799196
5270.00000000	-0.00984935996969	-0.0109787431878	0.0147493285880	-131.896232794
5270.00000000	-0.00984919901553	-0.0109787894213	0.0147492555204	-131.895647450
5270.00000000	-0.00984908077849	-0.0109788380089	0.0147492127318	-131.895179515
5270.00000000	-0.00984901621119	-0.0109788788076	0.0147491999851	-131.894886976
5270.00000000	-0.00984898270236	-0.0109789034052	0.0147491959188	-131.894726274
5270.00000000	-0.00984895807790	-0.0109789095918	0.0147491840807	-131.894639020
5270.00000000	-0.00984893582628	-0.0109788954131	0.0147491586676	-131.894611456
5270.00000000	-0.00984891514628	-0.0109788586537	0.0147491174955	-131.894647012
5270.00000000	-0.00984888244911	-0.0109787926686	0.0147490465440	-131.894723632
5270.00000000	-0.00984882847021	-0.0109787095666	0.0147489486399	-131.894783116
5270.00000000	-0.00984876613065	-0.0109786538074	0.0147488655062	-131.894747493
5270.00000000	-0.00984871648487	-0.0109786626331	0.0147488389242	-131.894581037
5270.00000000	-0.00984869570745	-0.0109787154512	0.0147488643663	-131.894383940
5270.00000000	-0.00984870858764	-0.0109787588592	0.0147489052791	-131.894308582
5270.00000000	-0.00984874474870	-0.0109787718323	0.0147489390829	-131.894379496
5270.00000000	-0.00984876817788	-0.0109787682273	0.0147489520444	-131.894456598
5270.00000000	-0.00984876355998	-0.0109787705967	0.0147489507246	-131.894437098
5270.00000000	-0.00984875477038	-0.0109787886007	0.0147489582569	-131.894364977
5270.00000000	-0.00984876166210	-0.0109787990940	0.0147489706700	-131.894357686
5270.00000000	-0.00984879336176	-0.0109787791084	0.0147489769609	-131.894501196
5270.00000000	-0.00984885452891	-0.0109787389714	0.0147489879291	-131.894782191
5270.00000000	-0.00984892406125	-0.0109786880404	0.0147489964490	-131.895115375
5270.00000000	-0.00984897081364	-0.0109786190434	0.0147489763098	-131.895429553
5270.00000000	-0.00984897177465	-0.0109785369957	0.0147489158782	-131.895645174
5270.00000000	-0.00984892946980	-0.0109784670562	0.0147488355678	-131.895704276
5270.00000000	-0.00984887568664	-0.0109784241999	0.0147487677521	-131.895659929
5270.00000000	-0.00984883089527	-0.0109784044205	0.0147487231184	-131.895581717
5270.00000000	-0.00984880173400	-0.0109783987265	0.0147486994069	-131.895512163
5270.00000000	-0.00984879436913	-0.0109784061098	0.0147486999846	-131.895471712
5270.00000000	-0.00984881665788	-0.0109784353586	0.0147487366403	-131.895460288
5270.00000000	-0.00984887170557	-0.0109784862203	0.0147488112593	-131.895487526
5270.00000000	-0.00984896377411	-0.0109785478119	0.0147489185868	-131.895593981
5270.00000000	-0.00984908453089	-0.0109786021321	0.0147490396593	-131.895802252
5270.00000000	-0.00984920400130	-0.0109786311302	0.0147491410242	-131.896072490
5270.00000000	-0.00984929608440	-0.0109786390750	0.0147492084295	-131.896318146
5270.00000000	-0.00984935719639	-0.0109786426600	0.0147492519077	-131.896485555
5270.00000000	-0.00984938650563	-0.0109786561220	0.0147492815006	-131.896535382
5270.00000000	-0.00984938340534	-0.0109786841687	0.0147493003068	-131.896453661
5270.00000000	-0.00984936124597	-0.0109787153597	0.0147493087262	-131.896308673
5270.00000000	-0.00984934907379	-0.0109787357233	0.0147493157556	-131.896220652
5270.00000000	-0.00984938339301	-0.0109787533722	0.0147493518105	-131.896274104
5270.00000000	-0.00984947882123	-0.0109787882934	0.0147494415298	-131.896459449
5270.00000000	-0.00984958982522	-0.0109788275765	0.0147495448974	-131.896678514
5270.00000000	-0.00984965056683	-0.0109788392732	0.0147495941665	-131.896823805
5270.00000000	-0.00984965476456	-0.0109788242068	0.0147495857550	-131.896875026
5270.00000000	-0.00984963656996	-0.0109788007820	0.0147495561686	-131.896883183
5270.00000000	-0.00984960718348	-0.0109787658349	0.0147495105318	-131.896888868
5270.00000000	-0.00984956547432	-0.0109787049187	0.0147494373359	-131.896926290
5270.00000000	-0.00984952808364	-0.0109786221245	0.0147493507390	-131.897032953
5270.00000000	-0.00984951329042	-0.0109785452390	0.0147492836309	-131.897189630
5270.00000000	-0.00984951988393	-0.0109784988251	0.0147492534861	-131.897329100
5270.00000000	-0.00984952775895	-0.0109784863458	0.0147492494561	-131.897384244
5270.00000000	-0.00984952832141	-0.0109784833012	0.0147492475655	-131.897393769
5270.00000000	-0.00984953134339	-0.0109784656826	0.0147492364694	-131.897448212
5270.00000000	-0.00984954419064	-0.0109784346648	0.0147492219609	-131.897565826
5270.00000000	-0.00984957063807	-0.0109784032752	0.0147492162580	-131.897723730
5270.00000000	-0.00984960782858	-0.0109783744378	0.0147492196293	-131.897906076
5270.00000000	-0.00984965760319	-0.0109783437639	0.0147492300375	-131.898129573
5270.00000000	-0.00984971786539	-0.0109783132210	0.0147492475471	-131.898383055
5270.00000000	-0.00984977021950	-0.0109782943594	0.0147492684706	-131.898583366
5270.00000000	-0.00984980373349	-0.0109782974893	0.0147492931814	-131.898672150
5270.00000000	-0.00984982363938	-0.0109783190788	0.0147493225445	-131.898673699
5270.00000000	-0.00984983613826	-0.0109783410279	0.0147493472288	-131.898652898
5270.00000000	-0.00984983794363	-0.0109783434268	0.0147493502200	-131.898651895
5270.00000000	-0.00984982185977	-0.0109783148142	0.0147493181818	-131.898679617
5270.00000000	-0.00984978707400	-0.0109782571556	0.0147492520345	-131.898728615
5270.00000000	-0.00984974687564	-0.0109781987479	0.0147491817150	-131.898763907
5270.00000000	-0.00984971307148	-0.0109781695405	0.0147491374002	-131.898741935
5270.00000000	-0.00984968840914	-0.0109781711428	0.0147491221229	-131.898666467
5270.00000000	-0.00984968593160	-0.0109781856870	0.0147491312941	-131.898621572
5270.00000000	-0.00984971236631	-0.0109781870064	0.0147491499296	-131.898694585
5270.00000000	-0.00984975859228	-0.0109781613618	0.0147491617122	-131.898894774
5270.00000000	-0.00984980907452	-0.0109781135991	0.0147491598744	-131.899164651
5270.00000000	-0.00984984867159	-0.0109780585744	0.0147491453622	-131.899421893
5270.00000000	-0.00984987646572	-0.0109780103589	0.0147491280363	-131.899627343
5270.00000000	-0.00984991093718	-0.0109779764252	0.0147491257999	-131.899815050
5270.00000000	-0.00984997180615	-0.0109779597915	0.0147491540695	-131.900034201
5270.00000000	-0.00985005796062	-0.0109779549233	0.0147492079830	-131.900295937
5270.00000000	-0.00985015217402	-0.0109779424651	0.0147492616296	-131.900600665
5270.00000000	-0.00985024268145	-0.0109779016213	0.0147492916742	-131.900968316
5274.00000000	-0.000640575453005	-0.00119271621654	0.00135384965347	-118.239036459
5274.00000000	-0.000640565348327	-0.00119271670039	0.00135384529872	-118.238650029
5274.00000000	-0.000640559617896	-0.00119272825125	0.00135385276357	-118.238205086
5274.00000000	-0.000640557283521	-0.00119274249855	0.00135386421081	-118.237832774
5274.00000000	-0.000640554827173	-0.00119275156977	0.00135387104031	-118.237559560
5274.00000000	-0.000640546593579	-0.00119275392918	0.00135386922342	-118.237205339
5274.00000000	-0.000640532359455	-0.00119275148336	0.00135386033422	-118.236723606
5274.00000000	-0.000640512155526	-0.00119274591289	0.00135384586792	-118.236081846
5274.00000000	-0.000640481543553	-0.00119274027939	0.00135382642229	-118.235053264
5274.00000000	-0.000640440730087	-0.00119273644022	0.00135380373193	-118.233608347
5274.00000000	-0.000640400558173	-0.00119273542419	0.00135378383319	-118.232130783
5274.00000000	-0.000640372978547	-0.00119273911548	0.00135377403921	-118.231028487
5274.00000000	-0.000640357863860	-0.00119274775042	0.00135377449745	-118.230292011
5274.00000000	-0.000640349020004	-0.00119275767752	0.00135377906052	-118.229763500
5274.00000000	-0.000640344101837	-0.00119276816807	0.00135378597700	-118.229370099
5274.00000000	-0.000640343100022	-0.00119278427147	0.00135379969125	-118.229010376
5274.00000000	-0.000640344819949	-0.00119280676632	0.00135382032420	-118.228624208
5274.00000000	-0.000640341295618	-0.00119282419813	0.00135383401587	-118.228143852
5274.00000000	-0.000640329254555	-0.00119283043741	0.00135383381796	-118.227569973
5274.00000000	-0.000640311917281	-0.00119283258495	0.00135382751011	-118.226880508
5274.00000000	-0.000640291470191	-0.00119283539023	0.00135382031118	-118.226061910
5274.00000000	-0.000640270929745	-0.00119283944667	0.00135381417078	-118.225214779
5274.00000000	-0.000640255342943	-0.00119284646530	0.00135381298337	-118.224493072
5274.00000000	-0.000640245242537	-0.00119285686848	0.00135381737294	-118.223908211
5274.00000000	-0.000640237866192	-0.00119286690316	0.00135382272620	-118.223432309
5274.00000000	-0.000640234295960	-0.00119287560021	0.00135382870087	-118.223125111
5274.00000000	-0.000640236933518	-0.00119288693712	0.00135383993729	-118.222996570
5274.00000000	-0.000640245125109	-0.00119289959061	0.00135385496029	-118.223048786
5274.00000000	-0.000640256967983	-0.00119290763457	0.00135386764850	-118.223329405
5274.00000000	-0.000640268971917	-0.00119290761025	0.00135387330390	-118.223777501
5274.00000000	-0.000640275023483	-0.00119289983458	0.00135386931461	-118.224158776
5274.00000000	-0.000640274540442	-0.00119289091838	0.00135386123007	-118.224319214
5274.00000000	-0.000640269366386	-0.00119288393818	0.00135385263286	-118.224265985
5274.00000000	-0.000640260344433	-0.00119288014293	0.00135384502217	-118.224005526
5274.00000000	-0.000640251402343	-0.00119288589344	0.00135384586012	-118.223556991
5274.00000000	-0.000640241538508	-0.00119290388826	0.00135385705090	-118.222829034
5274.00000000	-0.000640225975263	-0.00119292552063	0.00135386875182	-118.221815765
5274.00000000	-0.000640207687415	-0.00119293582132	0.00135386918009	-118.220927683
5274.00000000	-0.000640192606539	-0.00119292339420	0.00135385109886	-118.220614012
5274.00000000	-0.000640181804323	-0.00119289412478	0.00135382020059	-118.220796942
5274.00000000	-0.000640177937873	-0.00119286256616	0.00135379056500	-118.221284340
5274.00000000	-0.000640185090327	-0.00119283924642	0.00135377339968	-118.222017782
5274.00000000	-0.000640198193521	-0.00119282920247	0.00135377074620	-118.222707445
5274.00000000	-0.000640206822332	-0.00119282755428	0.00135377337454	-118.223062214
5274.00000000	-0.000640204995290	-0.00119282362347	0.00135376904703	-118.223072755
5274.00000000	-0.000640197400928	-0.00119281769934	0.00135376023579	-118.222908120
5274.00000000	-0.000640190968645	-0.00119281337945	0.00135375338764	-118.222754710
5274.00000000	-0.000640186865702	-0.00119280559370	0.00135374458720	-118.222757534
5274.00000000	-0.000640182755595	-0.00119279460349	0.00135373295988	-118.222824228
5274.00000000	-0.000640180174082	-0.00119279139177	0.00135372890918	-118.222792240
5274.00000000	-0.000640186440708	-0.00119280281600	0.00135374193875	-118.222797280
5274.00000000	-0.000640208568636	-0.00119282699508	0.00135377370766	-118.223138528
5274.00000000	-0.000640243616862	-0.00119285100548	0.00135381143820	-118.223964936
5274.00000000	-0.000640278507873	-0.00119286004827	0.00135383590675	-118.225085012
5274.00000000	-0.000640306712229	-0.00119285605466	0.00135384572713	-118.226216647
5274.00000000	-0.000640332974653	-0.00119285032833	0.00135385310289	-118.227310539
5274.00000000	-0.000640358294887	-0.00119284808244	0.00135386310003	-118.228299619
5274.00000000	-0.000640374467524	-0.00119284819271	0.00135387084668	-118.228900439
5274.00000000	-0.000640378701585	-0.00119285041317	0.00135387480575	-118.229013865
5274.00000000	-0.000640375408209	-0.00119285569813	0.00135387790439	-118.228785277
5274.00000000	-0.000640370021157	-0.00119286422774	0.00135388287153	-118.228413677
5274.00000000	-0.000640364247914	-0.00119287273565	0.00135388763695	-118.228028115
5274.00000000	-0.000640353539405	-0.00119287429228	0.00135388394356	-118.227597673
5274.00000000	-0.000640336458857	-0.00119286497046	0.00135386765169	-118.227147376
5274.00000000	-0.000640319729263	-0.00119285276485	0.00135384898504	-118.226767877
5274.00000000	-0.000640309870850	-0.00119284315314	0.00135383585367	-118.226592664
5274.00000000	-0.000640307569675	-0.00119283176411	0.00135382473062	-118.226734822
5274.00000000	-0.000640307459884	-0.00119281832423	0.00135381283706	-118.226999749
5274.00000000	-0.000640303931995	-0.00119280951518	0.00135380340701	-118.227044527
5274.00000000	-0.000640297052390	-0.00119280636122	0.00135379737430	-118.226851124
5274.00000000	-0.000640291420989	-0.00119280990940	0.00135379783711	-118.226570109
5274.00000000	-0.000640291252988	-0.00119282054262	0.00135380712642	-118.226351004
5274.00000000	-0.000640297750249	-0.00119282985619	0.00135381840540	-118.226406857
5274.00000000	-0.000640307716289	-0.00119283024930	0.00135382346530	-118.226770610
5274.00000000	-0.000640315851946	-0.00119282460400	0.00135382233921	-118.227186978
5274.00000000	-0.000640321993708	-0.00119281506582	0.00135381684022	-118.227606920
5274.00000000	-0.000640331840312	-0.00119279884697	0.00135380720749	-118.228298746
5274.00000000	-0.000640353585734	-0.00119278062701	0.00135380144000	-118.229474329
5274.00000000	-0.000640387463424	-0.00119276880309	0.00135380704716	-118.230974264
5274.00000000	-0.000640413443631	-0.00119276071194	0.00135381220808	-118.232104981
5274.00000000	-0.000640411047559	-0.00119275208282	0.00135380347204	-118.232188395
5274.00000000	-0.000640385064621	-0.00119275062167	0.00135378989377	-118.231248803
5274.00000000	-0.000640359071625	-0.00119276216315	0.00135378776714	-118.230048514
5274.00000000	-0.000640345274399	-0.00119278242304	0.00135379909114	-118.229128458
5274.00000000	-0.000640337887858	-0.00119280369296	0.00135381433755	-118.228427244
5274.00000000	-0.000640330052018	-0.00119281645574	0.00135382187624	-118.227879580
5274.00000000	-0.000640317285331	-0.00119281753311	0.00135381678716	-118.227381964
5274.00000000	-0.000640302935189	-0.00119281449934	0.00135380732700	-118.226907590
5274.00000000	-0.000640299382362	-0.00119281310174	0.00135380441524	-118.226803083
5274.00000000	-0.000640316745218	-0.00119281598539	0.00135381516804	-118.227392804
5274.00000000	-0.000640352837754	-0.00119282716554	0.00135384208963	-118.228514833
5274.00000000	-0.000640389528552	-0.00119284531560	0.00135387543564	-118.229519604
5274.00000000	-0.000640407176968	-0.00119285522111	0.00135389251082	-118.229979359
5274.00000000	-0.000640400608709	-0.00119284470555	0.00135388013915	-118.229944952
5274.00000000	-0.000640375026050	-0.00119282058802	0.00135384678941	-118.229473842
5274.00000000	-0.000640339274173	-0.00119279415935	0.00135380659351	-118.228669780
5274.00000000	-0.000640309630078	-0.00119276985753	0.00135377116064	-118.228050852
5274.00000000	-0.000640301818037	-0.00119275058992	0.00135375048955	-118.228145245
5274.00000000	-0.000640317436329	-0.00119273731090	0.00135374617712	-118.228993483
5274.00000000	-0.000640344169243	-0.00119273008583	0.00135375245622	-118.230134988
