DevNumber	X [V]	Y [V]	R [V]	Theta [°]
4253.00000000	0.00464030051891	0.00608870290157	0.00765537013667	52.6883791741
4253.00000000	0.00464029642600	0.00608869105799	0.00765535823596	52.6883498076
4253.00000000	0.00464029205959	0.00608867984987	0.00765534667487	52.6883249521
4253.00000000	0.00464029332326	0.00608867568456	0.00765534412797	52.6882985331
4253.00000000	0.00464031224854	0.00608868894073	0.00765536614283	52.6882460153
4253.00000000	0.00464035147672	0.00608872225875	0.00765541642053	52.6881636551
4253.00000000	0.00464040442268	0.00608877020417	0.00765548664718	52.6880659986
4253.00000000	0.00464046266537	0.00608882211958	0.00765556324202	52.6879548250
4253.00000000	0.00464050916215	0.00608885912171	0.00765562085582	52.6878459159
4253.00000000	0.00464053105929	0.00608887021942	0.00765564295544	52.6877659193
4253.00000000	0.00464053272442	0.00608885906033	0.00765563508946	52.6877053838
4253.00000000	0.00464052979032	0.00608883374579	0.00765561317719	52.6876080073
4253.00000000	0.00464053131218	0.00608879996937	0.00765558723589	52.6874457179
4253.00000000	0.00464052261345	0.00608874995922	0.00765554218797	52.6872706183
4253.00000000	0.00464048951812	0.00608868515891	0.00765547058854	52.6871736392
4253.00000000	0.00464044579199	0.00608862325088	0.00765539484544	52.6871530607
4253.00000000	0.00464041617074	0.00608858106561	0.00765534333849	52.6871379990
4253.00000000	0.00464040581829	0.00608856177284	0.00765532171891	52.6871120957
4253.00000000	0.00464040931391	0.00608855851126	0.00765532124379	52.6870764903
4253.00000000	0.00464042132770	0.00608856069310	0.00765533026147	52.6870148752
4253.00000000	0.00464043361506	0.00608855715163	0.00765533489303	52.6869256659
4253.00000000	0.00464043362535	0.00608854868885	0.00765532816852	52.6868872105
4253.00000000	0.00464040822210	0.00608854324912	0.00765530844344	52.6870137477
4253.00000000	0.00464036094543	0.00608854646944	0.00765528234714	52.6873097804
4253.00000000	0.00464031779473	0.00608855857959	0.00765526582250	52.6876215858
4253.00000000	0.00464030087640	0.00608858085522	0.00765527328409	52.6878233561
4253.00000000	0.00464030876283	0.00608861649837	0.00765530641311	52.6879381146
4253.00000000	0.00464032788807	0.00608866051842	0.00765535301716	52.6880239745
4253.00000000	0.00464034296278	0.00608869866523	0.00765539249472	52.6881072998
4253.00000000	0.00464034585637	0.00608871382942	0.00765540630948	52.6881588701
4253.00000000	0.00464033380774	0.00608870736654	0.00765539386594	52.6882012718
4253.00000000	0.00464031031194	0.00608869077006	0.00765536642393	52.6882658424
4253.00000000	0.00464028815496	0.00608867093112	0.00765533721455	52.6883077337
4253.00000000	0.00464027884586	0.00608865491226	0.00765531883123	52.6882904757
4253.00000000	0.00464028579579	0.00608864724630	0.00765531694683	52.6882143264
4253.00000000	0.00464030419248	0.00608866074388	0.00765533883332	52.6881660504
4253.00000000	0.00464032728184	0.00608870623336	0.00765538900898	52.6882349776
4253.00000000	0.00464034965930	0.00608877288835	0.00765545558713	52.6884041614
4253.00000000	0.00464036537789	0.00608883613299	0.00765551541666	52.6885975088
4253.00000000	0.00464037869991	0.00608888762929	0.00765556444951	52.6887518226
4253.00000000	0.00464039680308	0.00608893893597	0.00765561622967	52.6888768141
4253.00000000	0.00464041839907	0.00608899586129	0.00765567459583	52.6890065013
4253.00000000	0.00464043659177	0.00608904769147	0.00765572684670	52.6891333311
4253.00000000	0.00464045371995	0.00608907869323	0.00765576188628	52.6891720110
4253.00000000	0.00464047229708	0.00608908174776	0.00765577557605	52.6890752877
4253.00000000	0.00464047829919	0.00608906085948	0.00765576260053	52.6889448037
4253.00000000	0.00464046149986	0.00608902869515	0.00765572683564	52.6888988914
4253.00000000	0.00464043410108	0.00608899360847	0.00765568232168	52.6889028150
4253.00000000	0.00464040970506	0.00608895556012	0.00765563727223	52.6888754290
4253.00000000	0.00464038723041	0.00608892029867	0.00765559560399	52.6888492485
4253.00000000	0.00464036097984	0.00608889385848	0.00765555866303	52.6888855618
4253.00000000	0.00464033196442	0.00608887702263	0.00765552768506	52.6889819039
4253.00000000	0.00464031005890	0.00608886724762	0.00765550663261	52.6890679554
4253.00000000	0.00464030517998	0.00608886348533	0.00765550068293	52.6890799303
4253.00000000	0.00464031982470	0.00608886209876	0.00765550845687	52.6889864650
4253.00000000	0.00464034771352	0.00608885504019	0.00765551974740	52.6887884315
4253.00000000	0.00464037645724	0.00608883322896	0.00765551982265	52.6885183834
4253.00000000	0.00464040154513	0.00608880053952	0.00765550903011	52.6882207470
4253.00000000	0.00464042137317	0.00608877746092	0.00765550269344	52.6879980203
4253.00000000	0.00464043233811	0.00608877846808	0.00765551014093	52.6879373198
4253.00000000	0.00464043710093	0.00608879365866	0.00765552510971	52.6879778827
4253.00000000	0.00464043646901	0.00608880555102	0.00765553418522	52.6880355951
4253.00000000	0.00464042175115	0.00608880767177	0.00765552695066	52.6881328251
4253.00000000	0.00464038936034	0.00608880077142	0.00765550182872	52.6882943303
4253.00000000	0.00464035826809	0.00608879693538	0.00765547993117	52.6884620081
4253.00000000	0.00464035049976	0.00608881303166	0.00765548802462	52.6885812722
4253.00000000	0.00464036962242	0.00608884726616	0.00765552684427	52.6886227489
4253.00000000	0.00464040740517	0.00608888041714	0.00765557611288	52.6885482342
4253.00000000	0.00464045428522	0.00608889332197	0.00765561479305	52.6883277217
4253.00000000	0.00464050347146	0.00608888466078	0.00765563771876	52.6879956489
4253.00000000	0.00464054653558	0.00608885200812	0.00765563785231	52.6875911806
4253.00000000	0.00464057157317	0.00608879863484	0.00765561057927	52.6872000120
4253.00000000	0.00464057942187	0.00608875010248	0.00765557673733	52.6869331181
4253.00000000	0.00464057896893	0.00608872744084	0.00765555843918	52.6868330051
4253.00000000	0.00464057091682	0.00608872254564	0.00765554966490	52.6868587268
4253.00000000	0.00464055314468	0.00608871726848	0.00765553469486	52.6869405738
4253.00000000	0.00464052868920	0.00608871092099	0.00765551482231	52.6870573479
4253.00000000	0.00464050250912	0.00608870704230	0.00765549586794	52.6871955886
4253.00000000	0.00464047722585	0.00608869430968	0.00765547041536	52.6872883240
4253.00000000	0.00464045323657	0.00608866273696	0.00765543076288	52.6872878849
4253.00000000	0.00464043408117	0.00608861982427	0.00765538502142	52.6872072248
4253.00000000	0.00464041695142	0.00608858103380	0.00765534378641	52.6871332076
4253.00000000	0.00464039641663	0.00608855332681	0.00765530930250	52.6871297424
4253.00000000	0.00464037852126	0.00608854265107	0.00765528996410	52.6871878337
4253.00000000	0.00464037550737	0.00608856184759	0.00765530340492	52.6872928657
4253.00000000	0.00464039569504	0.00608861805694	0.00765536034749	52.6874277052
4253.00000000	0.00464043558670	0.00608869502110	0.00765544574106	52.6875394114
4253.00000000	0.00464048028085	0.00608876369201	0.00765552744977	52.6875849046
4253.00000000	0.00464051939693	0.00608880799519	0.00765558639658	52.6875530533
4253.00000000	0.00464054483420	0.00608883220133	0.00765562106783	52.6875114527
4253.00000000	0.00464054694399	0.00608883915132	0.00765562787432	52.6875304235
4253.00000000	0.00464051994204	0.00608881914349	0.00765559559372	52.6876003841
4253.00000000	0.00464046590749	0.00608876961344	0.00765552344678	52.6876973260
4253.00000000	0.00464040352156	0.00608871503980	0.00765544222621	52.6878211011
4253.00000000	0.00464036097608	0.00608868042278	0.00765538890450	52.6879173123
4253.00000000	0.00464034472210	0.00608866876564	0.00765536978060	52.6879611820
4253.00000000	0.00464033390048	0.00608866525493	0.00765536042878	52.6880096726
4253.00000000	0.00464031643702	0.00608865731586	0.00765534352892	52.6880776102
4253.00000000	0.00464029916937	0.00608865058581	0.00765532770933	52.6881498674
4253.00000000	0.00464029211249	0.00608865617400	0.00765532787635	52.6882172271
5260.00000000	-0.00533969780031	-0.00438723780536	0.00691087752456	-140.592564748
5260.00000000	-0.00533970094391	-0.00438719023585	0.00691084975498	-140.592886015
5260.00000000	-0.00533970775605	-0.00438716231378	0.00691083729280	-140.593100734
5260.00000000	-0.00533972603740	-0.00438715775475	0.00691084852384	-140.593226155
5260.00000000	-0.00533976492129	-0.00438716950247	0.00691088602554	-140.593355551
5260.00000000	-0.00533981850857	-0.00438718487029	0.00691093718613	-140.593539139
5260.00000000	-0.00533987540374	-0.00438719602875	0.00691098823050	-140.593767098
5260.00000000	-0.00533992649411	-0.00438720477610	0.00691103325921	-140.593979949
5260.00000000	-0.00533996038036	-0.00438721450677	0.00691106561915	-140.594095956
5260.00000000	-0.00533997531685	-0.00438722816305	0.00691108582925	-140.594087086
5260.00000000	-0.00533998376886	-0.00438724498776	0.00691110304035	-140.594023793
5260.00000000	-0.00534000108687	-0.00438726270593	0.00691112766910	-140.594001437
5260.00000000	-0.00534003038500	-0.00438727596319	0.00691115872266	-140.594070706
5260.00000000	-0.00534005032147	-0.00438726921459	0.00691116984288	-140.594218856
5260.00000000	-0.00534003623768	-0.00438723697571	0.00691113849526	-140.594351249
5260.00000000	-0.00533998973461	-0.00438719567761	0.00691107634739	-140.594371058
5260.00000000	-0.00533993867492	-0.00438716740935	0.00691101895017	-140.594283419
5260.00000000	-0.00533990707790	-0.00438716188903	0.00691099103177	-140.594152490
5260.00000000	-0.00533990064351	-0.00438717789741	0.00691099622240	-140.594016079
5260.00000000	-0.00533990766257	-0.00438720150102	0.00691101662965	-140.593901820
5260.00000000	-0.00533991100010	-0.00438721081969	0.00691102512406	-140.593859692
5260.00000000	-0.00533989438256	-0.00438719550991	0.00691100256540	-140.593870306
5260.00000000	-0.00533985217380	-0.00438716345735	0.00691094960477	-140.593853487
5260.00000000	-0.00533980018479	-0.00438712808981	0.00691088698286	-140.593806429
5260.00000000	-0.00533976358605	-0.00438709778045	0.00691083946349	-140.593807967
5260.00000000	-0.00533975297348	-0.00438708283667	0.00691082177701	-140.593847842
5260.00000000	-0.00533976016767	-0.00438709393752	0.00691083438268	-140.593814594
5260.00000000	-0.00533977567973	-0.00438713062657	0.00691086965905	-140.593661207
5260.00000000	-0.00533979284963	-0.00438718106102	0.00691091494226	-140.593428497
5260.00000000	-0.00533980330341	-0.00438722412837	0.00691095035951	-140.593207634
5260.00000000	-0.00533980154787	-0.00438724454603	0.00691096196469	-140.593067604
5260.00000000	-0.00533978727082	-0.00438723826428	0.00691094694562	-140.593032702
5260.00000000	-0.00533976275639	-0.00438721224776	0.00691091148847	-140.593070337
5260.00000000	-0.00533973953314	-0.00438718650245	0.00691087720112	-140.593113031
5260.00000000	-0.00533973216562	-0.00438717645441	0.00691086512983	-140.593138621
5260.00000000	-0.00533974788821	-0.00438718779889	0.00691088447974	-140.593148700
5260.00000000	-0.00533978792688	-0.00438721826540	0.00691093475676	-140.593164264
5260.00000000	-0.00533984055991	-0.00438726213426	0.00691100327304	-140.593160259
5260.00000000	-0.00533988433831	-0.00438731249569	0.00691106906936	-140.593068065
5260.00000000	-0.00533991734818	-0.00438736315332	0.00691112673336	-140.592917300
5260.00000000	-0.00533995437636	-0.00438741865145	0.00691119057505	-140.592756680
5260.00000000	-0.00533999684297	-0.00438747802967	0.00691126108202	-140.592599831
5260.00000000	-0.00534002768531	-0.00438752251982	0.00691131315610	-140.592477173
5260.00000000	-0.00534003417974	-0.00438753687935	0.00691132728992	-140.592419374
5260.00000000	-0.00534002022036	-0.00438752032865	0.00691130599729	-140.592451921
5260.00000000	-0.00533999759182	-0.00438749088558	0.00691126982194	-140.592521425
5260.00000000	-0.00533997503693	-0.00438746925222	0.00691123866135	-140.592541292
5260.00000000	-0.00533995785528	-0.00438745818321	0.00691121835899	-140.592521769
5260.00000000	-0.00533994715263	-0.00438744843556	0.00691120390146	-140.592527880
5260.00000000	-0.00533993768506	-0.00438743580881	0.00691118857048	-140.592558934
5260.00000000	-0.00533992221814	-0.00438742427884	0.00691116930036	-140.592551387
5260.00000000	-0.00533989978422	-0.00438741575259	0.00691114655405	-140.592487934
5260.00000000	-0.00533987787399	-0.00438740484635	0.00691112270148	-140.592442481
5260.00000000	-0.00533986836094	-0.00438739071038	0.00691110637726	-140.592482963
5260.00000000	-0.00533988285972	-0.00438738016019	0.00691111088217	-140.592626850
5260.00000000	-0.00533991476001	-0.00438737398983	0.00691113161290	-140.592834265
5260.00000000	-0.00533993882379	-0.00438736211849	0.00691114266967	-140.593036953
5260.00000000	-0.00533994573827	-0.00438734140703	0.00691113486408	-140.593206013
5260.00000000	-0.00533993808541	-0.00438731757448	0.00691111382162	-140.593318399
5260.00000000	-0.00533991463496	-0.00438729492881	0.00691108132646	-140.593340042
5260.00000000	-0.00533988451943	-0.00438727858163	0.00691104767988	-140.593286261
5260.00000000	-0.00533986149532	-0.00438727268283	0.00691102614542	-140.593202871
5260.00000000	-0.00533984542505	-0.00438727787281	0.00691101702332	-140.593085048
5260.00000000	-0.00533982781752	-0.00438728858155	0.00691101021693	-140.592923782
5260.00000000	-0.00533981225962	-0.00438730237043	0.00691100694961	-140.592753573
5260.00000000	-0.00533981192046	-0.00438732476581	0.00691102090479	-140.592608330
5260.00000000	-0.00533983602419	-0.00438735839309	0.00691106087621	-140.592519785
5260.00000000	-0.00533988140813	-0.00438739161169	0.00691111703035	-140.592545856
5260.00000000	-0.00533993482849	-0.00438740600009	0.00691116743988	-140.592734840
5260.00000000	-0.00533998720449	-0.00438739999720	0.00691120409766	-140.593048941
5260.00000000	-0.00534002714944	-0.00438737440469	0.00691121871479	-140.593423099
5260.00000000	-0.00534004172237	-0.00438733438142	0.00691120456730	-140.593756166
5260.00000000	-0.00534003923679	-0.00438729921609	0.00691118032336	-140.593968341
5260.00000000	-0.00534003885879	-0.00438728302639	0.00691116975388	-140.594070057
5260.00000000	-0.00534004320039	-0.00438728493193	0.00691117431816	-140.594080699
5260.00000000	-0.00534004064389	-0.00438729321914	0.00691117760364	-140.594014160
5260.00000000	-0.00534001884067	-0.00438729613506	0.00691116260809	-140.593880736
5260.00000000	-0.00533997440042	-0.00438728471987	0.00691112102414	-140.593719976
5260.00000000	-0.00533992020506	-0.00438725322818	0.00691105915794	-140.593636479
5260.00000000	-0.00533987872220	-0.00438720493125	0.00691099644600	-140.593727536
5260.00000000	-0.00533986116908	-0.00438715020086	0.00691094813973	-140.593985748
5260.00000000	-0.00533985682751	-0.00438710513962	0.00691091617981	-140.594251555
5260.00000000	-0.00533985015560	-0.00438708247724	0.00691089663838	-140.594361615
5260.00000000	-0.00533984708438	-0.00438708744474	0.00691089741874	-140.594313630
5260.00000000	-0.00533986779995	-0.00438711944751	0.00691093374065	-140.594217648
5260.00000000	-0.00533992067663	-0.00438716646021	0.00691100444091	-140.594194777
5260.00000000	-0.00533999204854	-0.00438721154822	0.00691108821006	-140.594281572
5260.00000000	-0.00534005105376	-0.00438724475311	0.00691115488036	-140.594379403
5260.00000000	-0.00534007575377	-0.00438727058985	0.00691119036668	-140.594343890
5260.00000000	-0.00534006111780	-0.00438729692590	0.00691119577627	-140.594098165
5260.00000000	-0.00534001063160	-0.00438732134529	0.00691117226905	-140.593676046
5260.00000000	-0.00533993918762	-0.00438732979082	0.00691112242844	-140.593245947
5260.00000000	-0.00533987294978	-0.00438731782937	0.00691106365588	-140.592973961
5260.00000000	-0.00533983765707	-0.00438730006676	0.00691102511062	-140.592901997
5260.00000000	-0.00533983861348	-0.00438728325886	0.00691101517951	-140.593014697
5260.00000000	-0.00533985764018	-0.00438726256255	0.00691101674214	-140.593247409
5260.00000000	-0.00533986999520	-0.00438723761335	0.00691101045012	-140.593472252
5260.00000000	-0.00533986732768	-0.00438721521313	0.00691099416897	-140.593601703
5260.00000000	-0.00533985610349	-0.00438720215097	0.00691097720437	-140.593626304
5260.00000000	-0.00533984712888	-0.00438719934712	0.00691096849010	-140.593597032
5270.00000000	-0.00744508188846	-0.00206284085404	0.00772557808290	-164.513314814
5270.00000000	-0.00744503555486	-0.00206282281454	0.00772552861475	-164.513351991
5270.00000000	-0.00744499389618	-0.00206279394899	0.00772548076110	-164.513475802
5270.00000000	-0.00744497313874	-0.00206276097690	0.00772545195340	-164.513670355
5270.00000000	-0.00744498443269	-0.00206273917696	0.00772545701659	-164.513848530
5270.00000000	-0.00744501897935	-0.00206274035994	0.00772549062490	-164.513908485
5270.00000000	-0.00744506029446	-0.00206275120679	0.00772553333624	-164.513912774
5270.00000000	-0.00744509965766	-0.00206275705093	0.00772557283078	-164.513948952
5270.00000000	-0.00744513204317	-0.00206276437627	0.00772560599644	-164.513960727
5270.00000000	-0.00744515870792	-0.00206277737912	0.00772563516495	-164.513920596
5270.00000000	-0.00744518646832	-0.00206279308227	0.00772566611033	-164.513863335
5270.00000000	-0.00744521873527	-0.00206280309299	0.00772569987875	-164.513855683
5270.00000000	-0.00744524563769	-0.00206279461091	0.00772572353973	-164.513969575
5270.00000000	-0.00744523332462	-0.00206276711637	0.00772570433258	-164.514141697
5270.00000000	-0.00744516131364	-0.00206273605679	0.00772562664294	-164.514221089
5270.00000000	-0.00744506178985	-0.00206271345472	0.00772552469746	-164.514185556
5270.00000000	-0.00744498593843	-0.00206270915812	0.00772545045252	-164.514066063
5270.00000000	-0.00744496079291	-0.00206272524293	0.00772543051460	-164.513901307
5270.00000000	-0.00744497674655	-0.00206275118859	0.00772545281668	-164.513747459
5270.00000000	-0.00744500369237	-0.00206277563869	0.00772548531259	-164.513626069
5270.00000000	-0.00744501938879	-0.00206279747682	0.00772550627013	-164.513501071
5270.00000000	-0.00744502402316	-0.00206281882708	0.00772551643703	-164.513357654
5270.00000000	-0.00744502432451	-0.00206282645312	0.00772551876370	-164.513303746
5270.00000000	-0.00744501530693	-0.00206280631798	0.00772550469716	-164.513429798
5270.00000000	-0.00744499567841	-0.00206276265407	0.00772547412257	-164.513703003
5270.00000000	-0.00744497433155	-0.00206272413679	0.00772544326637	-164.513936023
5270.00000000	-0.00744496559016	-0.00206271657061	0.00772543282213	-164.513972790
5270.00000000	-0.00744497878623	-0.00206273896166	0.00772545151764	-164.513838887
5270.00000000	-0.00744500503769	-0.00206277552036	0.00772548657747	-164.513629578
5270.00000000	-0.00744501981966	-0.00206280406860	0.00772550844544	-164.513454811
5270.00000000	-0.00744500451895	-0.00206281293851	0.00772549606863	-164.513361117
5270.00000000	-0.00744496610554	-0.00206280071352	0.00772545578567	-164.513372421
5270.00000000	-0.00744492752597	-0.00206277383448	0.00772541142976	-164.513488133
5270.00000000	-0.00744490697468	-0.00206274903069	0.00772538500175	-164.513624715
5270.00000000	-0.00744490857222	-0.00206273479983	0.00772538274153	-164.513729591
5270.00000000	-0.00744493507293	-0.00206273136892	0.00772540736405	-164.513806591
5270.00000000	-0.00744498326188	-0.00206274116280	0.00772545641851	-164.513832018
5270.00000000	-0.00744503442980	-0.00206276122663	0.00772551108595	-164.513789942
5270.00000000	-0.00744506723726	-0.00206278118615	0.00772554803164	-164.513712255
5270.00000000	-0.00744508821456	-0.00206279759362	0.00772557262828	-164.513636529
5270.00000000	-0.00744511756093	-0.00206281319699	0.00772560507545	-164.513583122
5270.00000000	-0.00744515679045	-0.00206282762772	0.00772564673384	-164.513557669
5270.00000000	-0.00744518691101	-0.00206284244030	0.00772567971595	-164.513511448
5270.00000000	-0.00744519774244	-0.00206286103407	0.00772569511889	-164.513400007
5270.00000000	-0.00744519494505	-0.00206287369423	0.00772569580349	-164.513303986
5270.00000000	-0.00744518330025	-0.00206287008455	0.00772568361766	-164.513306724
5270.00000000	-0.00744515980169	-0.00206285342586	0.00772565652416	-164.513379251
5270.00000000	-0.00744511938980	-0.00206282920998	0.00772561111356	-164.513472298
5270.00000000	-0.00744506902940	-0.00206280216785	0.00772555536102	-164.513565845
5270.00000000	-0.00744503114570	-0.00206278212891	0.00772551350214	-164.513634047
5270.00000000	-0.00744501962615	-0.00206278120616	0.00772550215444	-164.513617830
5270.00000000	-0.00744502358959	-0.00206280471981	0.00772551225238	-164.513457622
5270.00000000	-0.00744502206315	-0.00206283667160	0.00772551931293	-164.513226235
5270.00000000	-0.00744501106898	-0.00206285405148	0.00772551335867	-164.513080246
5270.00000000	-0.00744500829394	-0.00206284884347	0.00772550929375	-164.513111973
5270.00000000	-0.00744502494600	-0.00206283130070	0.00772552065700	-164.513270331
5270.00000000	-0.00744505535670	-0.00206281634854	0.00772554597113	-164.513437418
5270.00000000	-0.00744508700284	-0.00206281571144	0.00772557629820	-164.513504639
5270.00000000	-0.00744510259670	-0.00206282916585	0.00772559491838	-164.513439359
5270.00000000	-0.00744509136409	-0.00206284750564	0.00772558899056	-164.513286039
5270.00000000	-0.00744506438759	-0.00206286444125	0.00772556751561	-164.513111577
5270.00000000	-0.00744503989586	-0.00206288334021	0.00772554895954	-164.512928002
5270.00000000	-0.00744502511474	-0.00206290059889	0.00772553932357	-164.512775381
5270.00000000	-0.00744502028838	-0.00206290062307	0.00772553467891	-164.512765650
5270.00000000	-0.00744502976787	-0.00206288458865	0.00772553953265	-164.512899023
5270.00000000	-0.00744505926217	-0.00206288030993	0.00772556681353	-164.512988012
5270.00000000	-0.00744511286813	-0.00206290098963	0.00772562399500	-164.512946369
5270.00000000	-0.00744518400929	-0.00206292403888	0.00772569870771	-164.512922517
5270.00000000	-0.00744525156994	-0.00206292818855	0.00772576492335	-164.513026649
5270.00000000	-0.00744529935899	-0.00206291535131	0.00772580754948	-164.513213030
5270.00000000	-0.00744531348141	-0.00206289196702	0.00772581491521	-164.513408120
5270.00000000	-0.00744528842682	-0.00206286639879	0.00772578394325	-164.513541241
5270.00000000	-0.00744525200088	-0.00206284408604	0.00772574288208	-164.513628578
5270.00000000	-0.00744523605803	-0.00206283205890	0.00772572430670	-164.513682966
5270.00000000	-0.00744523754409	-0.00206283433394	0.00772572634626	-164.513669649
5270.00000000	-0.00744523727498	-0.00206284694948	0.00772572945538	-164.513578953
5270.00000000	-0.00744522629268	-0.00206286626569	0.00772572402946	-164.513419153
5270.00000000	-0.00744520418784	-0.00206288441714	0.00772570757389	-164.513245652
5270.00000000	-0.00744517387463	-0.00206288482985	0.00772567847148	-164.513182674
5270.00000000	-0.00744515215998	-0.00206285574726	0.00772564977974	-164.513347528
5270.00000000	-0.00744515166809	-0.00206280368643	0.00772563540491	-164.513718635
5270.00000000	-0.00744515940519	-0.00206275290770	0.00772562930297	-164.514096875
5270.00000000	-0.00744514991712	-0.00206272350936	0.00772561231001	-164.514288200
5270.00000000	-0.00744511820362	-0.00206272305277	0.00772558162589	-164.514228666
5270.00000000	-0.00744508279707	-0.00206275000487	0.00772555470098	-164.513965924
5270.00000000	-0.00744506326986	-0.00206279641739	0.00772554827516	-164.513595539
5270.00000000	-0.00744506261832	-0.00206284197092	0.00772555981063	-164.513268671
5270.00000000	-0.00744506599645	-0.00206286763265	0.00772556991822	-164.513091954
5270.00000000	-0.00744506090701	-0.00206287430729	0.00772556679583	-164.513034171
5270.00000000	-0.00744504689566	-0.00206287058262	0.00772555229865	-164.513033044
5270.00000000	-0.00744502848437	-0.00206286199121	0.00772553226178	-164.513057988
5270.00000000	-0.00744501177399	-0.00206285132646	0.00772551331045	-164.513101119
5270.00000000	-0.00744500185622	-0.00206283319659	0.00772549891179	-164.513211055
5270.00000000	-0.00744500915321	-0.00206280798287	0.00772549921141	-164.513405713
5270.00000000	-0.00744503507021	-0.00206278751523	0.00772551872236	-164.513603321
5270.00000000	-0.00744506421346	-0.00206278779367	0.00772554688189	-164.513659042
5270.00000000	-0.00744508063007	-0.00206280789551	0.00772556806985	-164.513547881
5270.00000000	-0.00744509169604	-0.00206282988111	0.00772558460447	-164.513412660
5270.00000000	-0.00744511711547	-0.00206284341682	0.00772561271521	-164.513366257
5270.00000000	-0.00744515471769	-0.00206285210992	0.00772565127337	-164.513378589
5274.00000000	0.00344707927243	0.00787708786155	0.00859830615232	66.3654127419
5274.00000000	0.00344710095821	0.00787703952116	0.00859827056064	66.3651512169
5274.00000000	0.00344711467690	0.00787701023894	0.00859824923458	66.3649892408
5274.00000000	0.00344711769879	0.00787700759471	0.00859824802367	66.3649637291
5274.00000000	0.00344712046237	0.00787702801416	0.00859826783823	66.3650014091
5274.00000000	0.00344713284117	0.00787705946708	0.00859830161559	66.3650098673
5274.00000000	0.00344716091910	0.00787709890599	0.00859834900297	66.3649438226
5274.00000000	0.00344719794421	0.00787714821162	0.00859840901647	66.3648495186
5274.00000000	0.00344722503300	0.00787719819989	0.00859846567176	66.3648176961
5274.00000000	0.00344723001565	0.00787723842100	0.00859850451660	66.3648947285
5274.00000000	0.00344721665394	0.00787726648913	0.00859852487349	66.3650512774
5274.00000000	0.00344719882627	0.00787727628091	0.00859852669668	66.3651862645
5274.00000000	0.00344719264279	0.00787725740430	0.00859850692447	66.3651735844
5274.00000000	0.00344720175545	0.00787719429016	0.00859845275778	66.3649493502
5274.00000000	0.00344721077828	0.00787709337065	0.00859836392111	66.3646246640
5274.00000000	0.00344720383543	0.00787699612304	0.00859827204765	66.3644072459
5274.00000000	0.00344717976831	0.00787694586080	0.00859821635277	66.3644198880
5274.00000000	0.00344714187197	0.00787695021912	0.00859820515224	66.3646628775
5274.00000000	0.00344710018527	0.00787698083109	0.00859821648371	66.3649991442
5274.00000000	0.00344706537255	0.00787700431881	0.00859822404460	66.3652744140
5274.00000000	0.00344704860428	0.00787700166884	0.00859821489445	66.3653697004
5274.00000000	0.00344704934107	0.00787697494235	0.00859819070515	66.3652938027
5274.00000000	0.00344704515480	0.00787693801407	0.00859815519613	66.3652207045
5274.00000000	0.00344702471414	0.00787690136880	0.00859811342991	66.3652475915
5274.00000000	0.00344699829612	0.00787687187810	0.00859807582180	66.3653300833
5274.00000000	0.00344698185943	0.00787686256698	0.00859806070218	66.3654055517
5274.00000000	0.00344698054939	0.00787688201812	0.00859807799658	66.3654655136
5274.00000000	0.00344698974799	0.00787692365979	0.00859811983313	66.3655206039
5274.00000000	0.00344699718809	0.00787697089294	0.00859816608719	66.3656013666
5274.00000000	0.00344699195839	0.00787700344008	0.00859819380778	66.3657202414
5274.00000000	0.00344697546693	0.00787700487367	0.00859818850976	66.3658247478
5274.00000000	0.00344696065627	0.00787696640737	0.00859814733235	66.3658124027
5274.00000000	0.00344696175753	0.00787690090785	0.00859808776822	66.3656306989
5274.00000000	0.00344697931596	0.00787683844139	0.00859803758054	66.3653566267
5274.00000000	0.00344700471184	0.00787680348522	0.00859801573784	66.3651082007
5274.00000000	0.00344703125021	0.00787681017911	0.00859803250969	66.3649640711
5274.00000000	0.00344706016805	0.00787685749874	0.00859808745347	66.3649139510
5274.00000000	0.00344709354298	0.00787692717696	0.00859816466725	66.3648963544
5274.00000000	0.00344712253452	0.00787699651885	0.00859823981557	66.3649046189
5274.00000000	0.00344714257743	0.00787705839722	0.00859830453883	66.3649475727
5274.00000000	0.00344715739065	0.00787712222721	0.00859836895337	66.3650276647
5274.00000000	0.00344716320544	0.00787718592781	0.00859842964187	66.3651623415
5274.00000000	0.00344715448438	0.00787723224127	0.00859846857424	66.3653393029
5274.00000000	0.00344713676040	0.00787725546039	0.00859848274018	66.3655095275
5274.00000000	0.00344712270977	0.00787726126796	0.00859848242773	66.3656108146
5274.00000000	0.00344711161144	0.00787725403818	0.00859847135506	66.3656592516
5274.00000000	0.00344709226861	0.00787723126950	0.00859844274166	66.3657165077
5274.00000000	0.00344706730679	0.00787719240272	0.00859839712778	66.3657650616
5274.00000000	0.00344704437346	0.00787714997010	0.00859834906038	66.3657917071
5274.00000000	0.00344702000523	0.00787712575950	0.00859831711136	66.3658757910
5274.00000000	0.00344698999234	0.00787712674327	0.00859830598065	66.3660616386
5274.00000000	0.00344695652736	0.00787714449289	0.00859830882577	66.3663133484
5274.00000000	0.00344692913705	0.00787716560597	0.00859831718767	66.3665369589
5274.00000000	0.00344691911540	0.00787718109714	0.00859832736207	66.3666395202
5274.00000000	0.00344693563192	0.00787719136637	0.00859834339120	66.3665661241
5274.00000000	0.00344698173518	0.00787719047575	0.00859836105743	66.3662822988
5274.00000000	0.00344703686259	0.00787716536498	0.00859836015292	66.3658786843
5274.00000000	0.00344707597552	0.00787711619744	0.00859833078969	66.3655085662
5274.00000000	0.00344708789429	0.00787706022094	0.00859828428672	66.3652862672
5274.00000000	0.00344707650253	0.00787700962104	0.00859823336414	66.3652206335
5274.00000000	0.00344705625118	0.00787696468024	0.00859818407413	66.3652242029
5274.00000000	0.00344703981347	0.00787693066113	0.00859814631859	66.3652336686
5274.00000000	0.00344702715932	0.00787691650099	0.00859812827310	66.3652730903
5274.00000000	0.00344701343818	0.00787692594359	0.00859813142280	66.3653820811
5274.00000000	0.00344700043276	0.00787695662657	0.00859815431824	66.3655434462
5274.00000000	0.00344699386175	0.00787700840154	0.00859819911615	66.3657218762
5274.00000000	0.00344700055992	0.00787707667655	0.00859826434976	66.3658633780
5274.00000000	0.00344702868520	0.00787713654726	0.00859833047404	66.3658516209
5274.00000000	0.00344707419603	0.00787716364906	0.00859837354777	66.3656461929
5274.00000000	0.00344711772102	0.00787716896139	0.00859839586370	66.3653946806
5274.00000000	0.00344714901123	0.00787716283546	0.00859840279599	66.3651873013
5274.00000000	0.00344716795145	0.00787714682257	0.00859839571954	66.3650289011
5274.00000000	0.00344718367460	0.00787713784395	0.00859839379762	66.3649089315
5274.00000000	0.00344720741775	0.00787714882927	0.00859841338036	66.3647933367
5274.00000000	0.00344723494246	0.00787716967208	0.00859844350980	66.3646809920
5274.00000000	0.00344724811498	0.00787717418302	0.00859845292340	66.3646126308
5274.00000000	0.00344723872973	0.00787715683110	0.00859843326435	66.3646235678
5274.00000000	0.00344721661014	0.00787713780137	0.00859840696286	66.3647077602
5274.00000000	0.00344719420455	0.00787713008646	0.00859839091242	66.3648239265
5274.00000000	0.00344718386140	0.00787713308938	0.00859838951677	66.3648950895
5274.00000000	0.00344719488224	0.00787714359489	0.00859840355943	66.3648558771
5274.00000000	0.00344721407854	0.00787715238977	0.00859841931258	66.3647621873
5274.00000000	0.00344721893805	0.00787714545764	0.00859841491018	66.3647140030
5274.00000000	0.00344720525751	0.00787713104981	0.00859839622623	66.3647590264
5274.00000000	0.00344718688077	0.00787712792955	0.00859838600026	66.3648628730
5274.00000000	0.00344718102384	0.00787714399830	0.00859839837302	66.3649415546
5274.00000000	0.00344719574199	0.00787716742781	0.00859842573785	66.3649142978
5274.00000000	0.00344722325335	0.00787717674455	0.00859844530269	66.3647712427
5274.00000000	0.00344724524491	0.00787716153033	0.00859844018142	66.3645963495
5274.00000000	0.00344724494425	0.00787712777974	0.00859840914146	66.3645080199
5274.00000000	0.00344721619581	0.00787707932376	0.00859835322451	66.3645540656
5274.00000000	0.00344716975830	0.00787701285058	0.00859827370992	66.3646599637
5274.00000000	0.00344712630629	0.00787694474647	0.00859819389817	66.3647432810
5274.00000000	0.00344709770681	0.00787690754567	0.00859814835202	66.3648184890
5274.00000000	0.00344708319474	0.00787690838262	0.00859814330071	66.3649093177
5274.00000000	0.00344707079367	0.00787693310975	0.00859816098198	66.3650510831
5274.00000000	0.00344705057386	0.00787695960291	0.00859817714662	66.3652452974
5274.00000000	0.00344702765131	0.00787697017273	0.00859817764011	66.3654134714
5274.00000000	0.00344701097141	0.00787696399880	0.00859816529705	66.3654988048
5274.00000000	0.00344700315710	0.00787694952066	0.00859814890055	66.3655078313
