DevNumber	X [V]	Y [V]	R [V]	Theta [°]
4253.00000000	-0.00518062419842	-0.00820354427761	0.00970242267684	-122.272840013
4253.00000000	-0.00518061813881	-0.00820361408374	0.00970247846352	-122.272589650
4253.00000000	-0.00518063111270	-0.00820369255016	0.00970255173567	-122.272407017
4253.00000000	-0.00518064666698	-0.00820376544505	0.00970262167487	-122.272254837
4253.00000000	-0.00518064366977	-0.00820382519973	0.00970267059839	-122.272051465
4253.00000000	-0.00518059424456	-0.00820387745031	0.00970268838758	-122.271639943
4253.00000000	-0.00518048144848	-0.00820393017083	0.00970267273930	-122.270910530
4253.00000000	-0.00518031280167	-0.00820398322139	0.00970262755237	-122.269901209
4253.00000000	-0.00518012004347	-0.00820403381266	0.00970256741610	-122.268779239
4253.00000000	-0.00517993664179	-0.00820408295679	0.00970251105513	-122.267708537
4253.00000000	-0.00517978581920	-0.00820412972537	0.00970247008155	-122.266807990
4253.00000000	-0.00517966632001	-0.00820416893113	0.00970243943744	-122.266087688
4253.00000000	-0.00517956274396	-0.00820419597325	0.00970240700992	-122.265485239
4253.00000000	-0.00517947172878	-0.00820422224931	0.00970238064112	-122.264947923
4253.00000000	-0.00517939369635	-0.00820426782517	0.00970237752352	-122.264414593
4253.00000000	-0.00517932807971	-0.00820433344061	0.00970239797999	-122.263880089
4253.00000000	-0.00517928091515	-0.00820440118741	0.00970243008952	-122.263431009
4253.00000000	-0.00517925589908	-0.00820445989238	0.00970246637685	-122.263121035
4253.00000000	-0.00517924949287	-0.00820451708256	0.00970251131756	-122.262908766
4253.00000000	-0.00517925874347	-0.00820457839623	0.00970256810291	-122.262761684
4253.00000000	-0.00517928565664	-0.00820463848746	0.00970263328293	-122.262706654
4253.00000000	-0.00517932123217	-0.00820468698480	0.00970269328303	-122.262731426
4253.00000000	-0.00517934598610	-0.00820472404145	0.00970273783219	-122.262738225
4253.00000000	-0.00517934482561	-0.00820474531473	0.00970275520160	-122.262665373
4253.00000000	-0.00517931431656	-0.00820473210968	0.00970272774952	-122.262554653
4253.00000000	-0.00517927375878	-0.00820468162018	0.00970266340532	-122.262511280
4253.00000000	-0.00517924755877	-0.00820461844161	0.00970259599527	-122.262579601
4253.00000000	-0.00517924499424	-0.00820456502999	0.00970254946092	-122.262735160
4253.00000000	-0.00517927241831	-0.00820452509071	0.00970253032705	-122.262998001
4253.00000000	-0.00517933439523	-0.00820450102833	0.00970254306363	-122.263383334
4253.00000000	-0.00517942502644	-0.00820449796214	0.00970258885119	-122.263845562
4253.00000000	-0.00517952072952	-0.00820449420437	0.00970263676209	-122.264335293
4253.00000000	-0.00517960310643	-0.00820446439912	0.00970265553426	-122.264840587
4253.00000000	-0.00517967936688	-0.00820442473546	0.00970266270585	-122.265346417
4253.00000000	-0.00517976710675	-0.00820440922930	0.00970269643357	-122.265833410
4253.00000000	-0.00517986475752	-0.00820440999304	0.00970274921040	-122.266318596
4253.00000000	-0.00517994876360	-0.00820438207743	0.00970277045313	-122.266826059
4253.00000000	-0.00517999811832	-0.00820430478204	0.00970273144338	-122.267316172
4253.00000000	-0.00518001467067	-0.00820420438811	0.00970265539068	-122.267715322
4253.00000000	-0.00518001026685	-0.00820411975059	0.00970258147334	-122.267960165
4253.00000000	-0.00518001645414	-0.00820407574846	0.00970254757018	-122.268129785
4253.00000000	-0.00518006529323	-0.00820407345698	0.00970257170701	-122.268380873
4253.00000000	-0.00518015384547	-0.00820407786665	0.00970262271269	-122.268809127
4253.00000000	-0.00518025407265	-0.00820405115198	0.00970265363504	-122.269393798
4253.00000000	-0.00518035110736	-0.00820399678647	0.00970265947398	-122.270049703
4253.00000000	-0.00518046494415	-0.00820394958663	0.00970268034398	-122.270766908
4253.00000000	-0.00518060662470	-0.00820393279351	0.00970274179191	-122.271527262
4253.00000000	-0.00518074918379	-0.00820394130265	0.00970282510420	-122.272212215
4253.00000000	-0.00518085080087	-0.00820394806902	0.00970288508332	-122.272698237
4253.00000000	-0.00518088541324	-0.00820392374520	0.00970288299848	-122.272947743
4253.00000000	-0.00518085888287	-0.00820386990569	0.00970282331044	-122.272985039
4253.00000000	-0.00518080235747	-0.00820380831637	0.00970274105390	-122.272897011
4253.00000000	-0.00518075309872	-0.00820375458532	0.00970266932169	-122.272820485
4253.00000000	-0.00518073161486	-0.00820370326238	0.00970261445603	-122.272875043
4253.00000000	-0.00518073841413	-0.00820365512077	0.00970257738212	-122.273060787
4253.00000000	-0.00518077760790	-0.00820362497765	0.00970257282356	-122.273351523
4253.00000000	-0.00518084680727	-0.00820361847225	0.00970260427301	-122.273717542
4253.00000000	-0.00518091578792	-0.00820362345001	0.00970264531512	-122.274046257
4253.00000000	-0.00518095544028	-0.00820362297255	0.00970266608463	-122.274245740
4253.00000000	-0.00518096788513	-0.00820360733704	0.00970265951001	-122.274357177
4253.00000000	-0.00518097226404	-0.00820357863075	0.00970263757705	-122.274469557
4253.00000000	-0.00518098066863	-0.00820354708138	0.00970261538995	-122.274611002
4253.00000000	-0.00518099438942	-0.00820351005612	0.00970259141178	-122.274796257
4253.00000000	-0.00518102107874	-0.00820345802007	0.00970256166718	-122.275093597
4253.00000000	-0.00518107947682	-0.00820339989135	0.00970254370372	-122.275568467
4253.00000000	-0.00518117643065	-0.00820336506159	0.00970256602860	-122.276162368
4253.00000000	-0.00518130747919	-0.00820336415136	0.00970263523965	-122.276819529
4253.00000000	-0.00518145259590	-0.00820337166019	0.00970271908275	-122.277520368
4253.00000000	-0.00518157599998	-0.00820334684544	0.00970276400363	-122.278214726
4253.00000000	-0.00518165613762	-0.00820327089206	0.00970274258429	-122.278854338
4253.00000000	-0.00518170802112	-0.00820316094547	0.00970267733739	-122.279460096
4253.00000000	-0.00518177609440	-0.00820305432831	0.00970262355271	-122.280136190
4253.00000000	-0.00518190290515	-0.00820298196561	0.00970263009943	-122.280997507
4253.00000000	-0.00518209680262	-0.00820293807171	0.00970269654684	-122.282103959
4253.00000000	-0.00518233774758	-0.00820289674488	0.00970279029647	-122.283437173
4253.00000000	-0.00518259796081	-0.00820283808833	0.00970287969248	-122.284921209
4253.00000000	-0.00518284495728	-0.00820275933028	0.00970294504167	-122.286402643
4253.00000000	-0.00518305769601	-0.00820266923752	0.00970298251572	-122.287748799
4253.00000000	-0.00518323808546	-0.00820257488155	0.00970299911049	-122.288946910
4253.00000000	-0.00518339658090	-0.00820248456914	0.00970300743182	-122.290022971
4253.00000000	-0.00518354256253	-0.00820240718700	0.00970302000198	-122.290995777
4253.00000000	-0.00518368406470	-0.00820234158992	0.00970304014422	-122.291909042
4253.00000000	-0.00518382719243	-0.00820228516443	0.00970306891038	-122.292801484
4253.00000000	-0.00518397485373	-0.00820222957869	0.00970310081086	-122.293713902
4253.00000000	-0.00518413102840	-0.00820215640984	0.00970312239906	-122.294724279
4253.00000000	-0.00518430094030	-0.00820205925644	0.00970313105579	-122.295878889
4253.00000000	-0.00518448358231	-0.00820193617131	0.00970312459847	-122.297178852
4253.00000000	-0.00518465475831	-0.00820178027817	0.00970308428770	-122.298525102
4253.00000000	-0.00518478970603	-0.00820160074737	0.00970300464367	-122.299765123
4253.00000000	-0.00518489845472	-0.00820144635631	0.00970293225377	-122.300795072
4253.00000000	-0.00518500166718	-0.00820136499772	0.00970291863897	-122.301566950
4253.00000000	-0.00518509813810	-0.00820134454174	0.00970295290074	-122.302113002
4253.00000000	-0.00518516380741	-0.00820133509969	0.00970298001271	-122.302470560
4253.00000000	-0.00518518616639	-0.00820129371488	0.00970295698114	-122.302712749
4253.00000000	-0.00518518358271	-0.00820121054578	0.00970288530297	-122.302962301
4253.00000000	-0.00518517860702	-0.00820111097372	0.00970279848239	-122.303251681
4253.00000000	-0.00518518658247	-0.00820102719908	0.00970273193565	-122.303555856
4253.00000000	-0.00518520838209	-0.00820097319418	0.00970269793909	-122.303835087
4253.00000000	-0.00518524029817	-0.00820095278383	0.00970269774405	-122.304058796
4253.00000000	-0.00518528284020	-0.00820095516994	0.00970272249589	-122.304263600
5260.00000000	-0.0130261877695	-0.0161783873796	0.0207706953665	-128.839621517
5260.00000000	-0.0130262630855	-0.0161784563226	0.0207707963005	-128.839664072
5260.00000000	-0.0130263583193	-0.0161785050395	0.0207708939716	-128.839784411
5260.00000000	-0.0130264333472	-0.0161784925627	0.0207709313068	-128.839967199
5260.00000000	-0.0130264729024	-0.0161784269216	0.0207709049860	-128.840165742
5260.00000000	-0.0130264699583	-0.0161783551579	0.0207708472430	-128.840283566
5260.00000000	-0.0130264084602	-0.0161783026657	0.0207707677883	-128.840242244
5260.00000000	-0.0130262859186	-0.0161782566369	0.0207706550846	-128.840058582
5260.00000000	-0.0130261464437	-0.0161781979767	0.0207705219228	-128.839860388
5260.00000000	-0.0130260378118	-0.0161781403068	0.0207704088757	-128.839726747
5260.00000000	-0.0130259806587	-0.0161781112547	0.0207703504036	-128.839654207
5260.00000000	-0.0130259618422	-0.0161780947607	0.0207703257558	-128.839642311
5260.00000000	-0.0130259472806	-0.0161780468721	0.0207702793229	-128.839693871
5260.00000000	-0.0130259131815	-0.0161779549131	0.0207701863107	-128.839779694
5260.00000000	-0.0130258578849	-0.0161778596134	0.0207700774026	-128.839825751
5260.00000000	-0.0130258018015	-0.0161778077567	0.0207700018388	-128.839794961
5260.00000000	-0.0130257804555	-0.0161778222319	0.0207699997266	-128.839724052
5260.00000000	-0.0130258093638	-0.0161778913740	0.0207700717113	-128.839666549
5260.00000000	-0.0130258717971	-0.0161779882800	0.0207701863463	-128.839633048
5260.00000000	-0.0130259411813	-0.0161780765762	0.0207702986345	-128.839629378
5260.00000000	-0.0130260029346	-0.0161781269917	0.0207703766314	-128.839674844
5260.00000000	-0.0130260606198	-0.0161781376669	0.0207704211233	-128.839780320
5260.00000000	-0.0130261288088	-0.0161781392484	0.0207704651195	-128.839924096
5260.00000000	-0.0130261947091	-0.0161781442745	0.0207705103637	-128.840056995
5260.00000000	-0.0130262227599	-0.0161781330187	0.0207705191885	-128.840136738
5260.00000000	-0.0130262081870	-0.0161780968309	0.0207704818625	-128.840168032
5260.00000000	-0.0130261860179	-0.0161780599890	0.0207704392630	-128.840184136
5260.00000000	-0.0130261942063	-0.0161780543759	0.0207704400264	-128.840211440
5260.00000000	-0.0130262441691	-0.0161780885440	0.0207704979741	-128.840259680
5260.00000000	-0.0130263092249	-0.0161781425749	0.0207705808584	-128.840305985
5260.00000000	-0.0130263474680	-0.0161781922297	0.0207706435187	-128.840302250
5260.00000000	-0.0130263277529	-0.0161782236178	0.0207706556024	-128.840205589
5260.00000000	-0.0130262650745	-0.0161782403539	0.0207706293294	-128.840041966
5260.00000000	-0.0130262140920	-0.0161782768220	0.0207706257609	-128.839869336
5260.00000000	-0.0130262168404	-0.0161783682699	0.0207706987136	-128.839717038
5260.00000000	-0.0130262561984	-0.0161784832134	0.0207708129266	-128.839602754
5260.00000000	-0.0130262586235	-0.0161785305594	0.0207708513256	-128.839526059
5260.00000000	-0.0130261706971	-0.0161784610300	0.0207707420265	-128.839457423
5260.00000000	-0.0130260188696	-0.0161783243361	0.0207705403376	-128.839367680
5260.00000000	-0.0130258714096	-0.0161782038887	0.0207703540423	-128.839259213
5260.00000000	-0.0130257954984	-0.0161781462882	0.0207702615700	-128.839195755
5260.00000000	-0.0130258217775	-0.0161781590094	0.0207702879593	-128.839230212
5260.00000000	-0.0130259192535	-0.0161782096300	0.0207703885191	-128.839352081
5260.00000000	-0.0130260313863	-0.0161782524150	0.0207704921675	-128.839518996
5260.00000000	-0.0130261281569	-0.0161782826914	0.0207705764388	-128.839674541
5260.00000000	-0.0130262356727	-0.0161783163229	0.0207706700624	-128.839847368
5260.00000000	-0.0130263722362	-0.0161783476574	0.0207707801144	-128.840086579
5260.00000000	-0.0130264967228	-0.0161783702740	0.0207708758022	-128.840314921
5260.00000000	-0.0130265489816	-0.0161783822008	0.0207709178662	-128.840406569
5260.00000000	-0.0130265019683	-0.0161783746864	0.0207708825288	-128.840318558
5260.00000000	-0.0130263816928	-0.0161783565339	0.0207707929590	-128.840091541
5260.00000000	-0.0130262414580	-0.0161783381333	0.0207706906789	-128.839822067
5260.00000000	-0.0130261289956	-0.0161783241585	0.0207706092637	-128.839604606
5260.00000000	-0.0130260636706	-0.0161783079822	0.0207705556959	-128.839492232
5260.00000000	-0.0130260475218	-0.0161782943022	0.0207705349129	-128.839481201
5260.00000000	-0.0130260825218	-0.0161783080460	0.0207705675680	-128.839532626
5260.00000000	-0.0130261476994	-0.0161783570464	0.0207706466102	-128.839587898
5260.00000000	-0.0130261841292	-0.0161784108898	0.0207707113958	-128.839573024
5260.00000000	-0.0130261607898	-0.0161784337663	0.0207707145773	-128.839483301
5260.00000000	-0.0130261170145	-0.0161784158024	0.0207706731319	-128.839420322
5260.00000000	-0.0130260989233	-0.0161783674510	0.0207706241249	-128.839465098
5260.00000000	-0.0130261018576	-0.0161783076690	0.0207705794006	-128.839574823
5260.00000000	-0.0130260793947	-0.0161782396882	0.0207705123626	-128.839644164
5260.00000000	-0.0130260207687	-0.0161781682249	0.0207704199327	-128.839641830
5260.00000000	-0.0130259804449	-0.0161781353769	0.0207703690584	-128.839612016
5260.00000000	-0.0130260127524	-0.0161781908828	0.0207704325537	-128.839585408
5260.00000000	-0.0130261306167	-0.0161783247879	0.0207706107706	-128.839607000
5260.00000000	-0.0130262853872	-0.0161784743301	0.0207708243129	-128.839680837
5260.00000000	-0.0130263874384	-0.0161785583360	0.0207709537462	-128.839754775
5260.00000000	-0.0130263825925	-0.0161785360385	0.0207709333395	-128.839782937
5260.00000000	-0.0130263014676	-0.0161784516753	0.0207708167517	-128.839754579
5260.00000000	-0.0130262351343	-0.0161783985057	0.0207707337372	-128.839704038
5260.00000000	-0.0130262574691	-0.0161784309894	0.0207707730461	-128.839695830
5260.00000000	-0.0130263694808	-0.0161785117134	0.0207709061697	-128.839796847
5260.00000000	-0.0130265204844	-0.0161785721082	0.0207710479126	-128.840016808
5260.00000000	-0.0130266700320	-0.0161785760009	0.0207711447334	-128.840331383
5260.00000000	-0.0130267956486	-0.0161785503873	0.0207712035641	-128.840645584
5260.00000000	-0.0130268809155	-0.0161785452805	0.0207712530624	-128.840837615
5260.00000000	-0.0130269156700	-0.0161785688400	0.0207712932092	-128.840871529
5260.00000000	-0.0130269015712	-0.0161786093072	0.0207713158866	-128.840771230
5260.00000000	-0.0130268550741	-0.0161786592594	0.0207713256330	-128.840584916
5260.00000000	-0.0130268098578	-0.0161787031172	0.0207713314360	-128.840411897
5260.00000000	-0.0130267953056	-0.0161787498215	0.0207713586874	-128.840299836
5260.00000000	-0.0130268007205	-0.0161788162471	0.0207714138221	-128.840196558
5260.00000000	-0.0130267950036	-0.0161788780280	0.0207714583579	-128.840077399
5260.00000000	-0.0130267654388	-0.0161789057036	0.0207714613728	-128.839966002
5260.00000000	-0.0130267112212	-0.0161788735763	0.0207714023464	-128.839905092
5260.00000000	-0.0130266179594	-0.0161787591083	0.0207712546984	-128.839902738
5260.00000000	-0.0130264911019	-0.0161785870511	0.0207710411246	-128.839927827
5260.00000000	-0.0130263906768	-0.0161784486117	0.0207708703127	-128.839951552
5260.00000000	-0.0130263590531	-0.0161784199090	0.0207708281234	-128.839933261
5260.00000000	-0.0130263804394	-0.0161784883557	0.0207708948489	-128.839860800
5260.00000000	-0.0130264020621	-0.0161785820266	0.0207709813701	-128.839745212
5260.00000000	-0.0130263809604	-0.0161786184673	0.0207709965200	-128.839636833
5260.00000000	-0.0130263230949	-0.0161785714621	0.0207709236176	-128.839593821
5260.00000000	-0.0130262597302	-0.0161784936492	0.0207708232701	-128.839592289
5260.00000000	-0.0130262340253	-0.0161784484260	0.0207707719248	-128.839615294
5260.00000000	-0.0130262566595	-0.0161784544296	0.0207707907960	-128.839653540
5260.00000000	-0.0130263033150	-0.0161784886467	0.0207708467074	-128.839694589
5260.00000000	-0.0130263575029	-0.0161785051719	0.0207708935626	-128.839782428
5270.00000000	-0.00203140996450	-0.00415948721952	0.00462903449687	-116.029953492
5270.00000000	-0.00203131876383	-0.00415957209140	0.00462907073870	-116.028478170
5270.00000000	-0.00203122643637	-0.00415965862820	0.00462910798523	-116.026981297
5270.00000000	-0.00203113288861	-0.00415973760858	0.00462913790931	-116.025511913
5270.00000000	-0.00203103848731	-0.00415979946088	0.00462915207048	-116.024126068
5270.00000000	-0.00203094040845	-0.00415984197323	0.00462914724165	-116.022804348
5270.00000000	-0.00203083146307	-0.00415987096337	0.00462912549660	-116.021435187
5270.00000000	-0.00203071237697	-0.00415988853439	0.00462908904392	-116.020015224
5270.00000000	-0.00203060077527	-0.00415989652192	0.00462904726501	-116.018730521
5270.00000000	-0.00203051336637	-0.00415990609116	0.00462901752193	-116.017706308
5270.00000000	-0.00203045305849	-0.00415991938366	0.00462900301374	-116.016963321
5270.00000000	-0.00203041350558	-0.00415993059526	0.00462899574001	-116.016462492
5270.00000000	-0.00203038445092	-0.00415993582359	0.00462898769440	-116.016110921
5270.00000000	-0.00203036262218	-0.00415993833263	0.00462898037465	-116.015854489
5270.00000000	-0.00203034497632	-0.00415995229204	0.00462898517982	-116.015582420
5270.00000000	-0.00203032689751	-0.00415998531286	0.00462900692525	-116.015202053
5270.00000000	-0.00203030966234	-0.00416003008232	0.00462903959918	-116.014767292
5270.00000000	-0.00203029204092	-0.00416007574222	0.00462907290420	-116.014323407
5270.00000000	-0.00203026986059	-0.00416012090728	0.00462910376531	-116.013831505
5270.00000000	-0.00203024055589	-0.00416017004514	0.00462913507248	-116.013238797
5270.00000000	-0.00203020387152	-0.00416022255783	0.00462916617660	-116.012545691
5270.00000000	-0.00203015875215	-0.00416026616539	0.00462918557911	-116.011807106
5270.00000000	-0.00203010417956	-0.00416029420496	0.00462918684562	-116.011047878
5270.00000000	-0.00203004456506	-0.00416031448078	0.00462917892451	-116.010274706
5270.00000000	-0.00202999052043	-0.00416033056026	0.00462916967540	-116.009586265
5270.00000000	-0.00202995044717	-0.00416034129901	0.00462916175373	-116.009082220
5270.00000000	-0.00202992851311	-0.00416034952660	0.00462915952975	-116.008793578
5270.00000000	-0.00202992745497	-0.00416035401172	0.00462916309664	-116.008757464
5270.00000000	-0.00202995225475	-0.00416034440886	0.00462916534128	-116.009085448
5270.00000000	-0.00203000251023	-0.00416031433673	0.00462916035279	-116.009807690
5270.00000000	-0.00203007625014	-0.00416027406906	0.00462915650104	-116.010846502
5270.00000000	-0.00203016835948	-0.00416023073305	0.00462915794935	-116.012106302
5270.00000000	-0.00203026949154	-0.00416017833630	0.00462915521431	-116.013515648
5270.00000000	-0.00203038219719	-0.00416012428074	0.00462915606757	-116.015062735
5270.00000000	-0.00203052287598	-0.00416008204912	0.00462917981993	-116.016856771
5270.00000000	-0.00203069110100	-0.00416004293545	0.00462921846238	-116.018940246
5270.00000000	-0.00203085324685	-0.00415998492001	0.00462923745826	-116.021058705
5270.00000000	-0.00203097763872	-0.00415990139799	0.00462921697590	-116.022895745
5270.00000000	-0.00203105661327	-0.00415980549759	0.00462916544791	-116.024294886
5270.00000000	-0.00203109880639	-0.00415971632813	0.00462910383248	-116.025248413
5270.00000000	-0.00203112776830	-0.00415965036942	0.00462905726979	-116.025928746
5270.00000000	-0.00203116387929	-0.00415961382829	0.00462904027905	-116.026528838
5270.00000000	-0.00203120676542	-0.00415959961589	0.00462904632602	-116.027083017
5270.00000000	-0.00203125085459	-0.00415959487190	0.00462906140947	-116.027599150
5270.00000000	-0.00203130351278	-0.00415959537296	0.00462908496658	-116.028182097
5270.00000000	-0.00203137918558	-0.00415960622840	0.00462912792770	-116.028964764
5270.00000000	-0.00203147880146	-0.00415962236074	0.00462918613849	-116.029985041
5270.00000000	-0.00203158670662	-0.00415962964864	0.00462924004134	-116.031145520
5270.00000000	-0.00203168416151	-0.00415961734677	0.00462927175738	-116.032296164
5270.00000000	-0.00203176372906	-0.00415957416820	0.00462926788072	-116.033415592
5270.00000000	-0.00203183195147	-0.00415949928865	0.00462923054203	-116.034581065
5270.00000000	-0.00203190795348	-0.00415940007653	0.00462917475670	-116.035965265
5270.00000000	-0.00203201010247	-0.00415928794103	0.00462911883979	-116.037710495
5270.00000000	-0.00203214622226	-0.00415917142326	0.00462907390270	-116.039857367
5270.00000000	-0.00203231891558	-0.00415905893768	0.00462904865191	-116.042389096
5270.00000000	-0.00203252919037	-0.00415896008318	0.00462905215818	-116.045264697
5270.00000000	-0.00203275377522	-0.00415887721511	0.00462907632267	-116.048212534
5270.00000000	-0.00203294477075	-0.00415880548765	0.00462909575674	-116.050726275
5270.00000000	-0.00203307144109	-0.00415874232969	0.00462909464683	-116.052478139
5270.00000000	-0.00203314300730	-0.00415869103666	0.00462907999786	-116.053552767
5270.00000000	-0.00203318790066	-0.00415865441126	0.00462906681219	-116.054251072
5270.00000000	-0.00203322396716	-0.00415863400117	0.00462906431758	-116.054763075
5270.00000000	-0.00203324904581	-0.00415862175742	0.00462906433348	-116.055108501
5270.00000000	-0.00203325793156	-0.00415860497505	0.00462905315964	-116.055298546
5270.00000000	-0.00203326291496	-0.00415858408936	0.00462903658547	-116.055467507
5270.00000000	-0.00203327406224	-0.00415857363592	0.00462903209079	-116.055648292
5270.00000000	-0.00203328892413	-0.00415857838938	0.00462904288915	-116.055787706
5270.00000000	-0.00203330419396	-0.00415859229356	0.00462906208743	-116.055881905
5270.00000000	-0.00203331463285	-0.00415860694810	0.00462907983783	-116.055918306
5270.00000000	-0.00203331242261	-0.00415861670249	0.00462908763000	-116.055840698
5270.00000000	-0.00203329800397	-0.00415862244033	0.00462908645137	-116.055649177
5270.00000000	-0.00203328963933	-0.00415862592850	0.00462908591091	-116.055537203
5270.00000000	-0.00203331266218	-0.00415862009972	0.00462909078718	-116.055824892
5270.00000000	-0.00203337926977	-0.00415860165804	0.00462910347746	-116.056665787
5270.00000000	-0.00203347950107	-0.00415857431301	0.00462912294049	-116.057928951
5270.00000000	-0.00203359298772	-0.00415854162072	0.00462914342518	-116.059368564
5270.00000000	-0.00203369761055	-0.00415850850413	0.00462915963756	-116.060711918
5270.00000000	-0.00203377981996	-0.00415847897979	0.00462916923231	-116.061786522
5270.00000000	-0.00203384693366	-0.00415845278485	0.00462917518715	-116.062675175
5270.00000000	-0.00203391318313	-0.00415843031375	0.00462918410855	-116.063533966
5270.00000000	-0.00203397606171	-0.00415841320325	0.00462919636531	-116.064326122
5270.00000000	-0.00203402326165	-0.00415840025613	0.00462920547385	-116.064921315
5270.00000000	-0.00203405728744	-0.00415839827327	0.00462921864333	-116.065310404
5270.00000000	-0.00203408998762	-0.00415840826380	0.00462924198613	-116.065619636
5270.00000000	-0.00203412610626	-0.00415841478240	0.00462926371237	-116.065985753
5270.00000000	-0.00203416851975	-0.00415840092290	0.00462926989949	-116.066532680
5270.00000000	-0.00203422303760	-0.00415835953603	0.00462925667874	-116.067363894
5270.00000000	-0.00203427983858	-0.00415829623248	0.00462922477513	-116.068339699
5270.00000000	-0.00203431713118	-0.00415822909467	0.00462918085562	-116.069119481
5270.00000000	-0.00203432613319	-0.00415818901759	0.00462914881184	-116.069437553
5270.00000000	-0.00203431161228	-0.00415819350476	0.00462914646116	-116.069251703
5270.00000000	-0.00203427966564	-0.00415822599275	0.00462916160496	-116.068719813
5270.00000000	-0.00203422984417	-0.00415825677065	0.00462916735813	-116.067998495
5270.00000000	-0.00203416516638	-0.00415826161315	0.00462914328656	-116.067253063
5270.00000000	-0.00203409781108	-0.00415823650369	0.00462909113386	-116.066640755
5270.00000000	-0.00203403080093	-0.00415819827001	0.00462902734403	-116.066103651
5270.00000000	-0.00203396428168	-0.00415816618019	0.00462896928929	-116.065538575
5270.00000000	-0.00203390122074	-0.00415815225639	0.00462892907302	-116.064913139
5270.00000000	-0.00203384962613	-0.00415815948936	0.00462891290053	-116.064300123
5270.00000000	-0.00203381708281	-0.00415818324965	0.00462891994573	-116.063809053
5274.00000000	3.52475459587E-5	-0.00135190247596	0.00135236189461	-88.5064912357
5274.00000000	3.52678908149E-5	-0.00135191803085	0.00135237797463	-88.5056467605
5274.00000000	3.53018110805E-5	-0.00135193175713	0.00135239258124	-88.5042253408
5274.00000000	3.53527854137E-5	-0.00135193660903	0.00135239876304	-88.5020718617
5274.00000000	3.54079263069E-5	-0.00135193476272	0.00135239835991	-88.4997345133
5274.00000000	3.54579313220E-5	-0.00135192886099	0.00135239377035	-88.4976101710
5274.00000000	3.55059834210E-5	-0.00135191609233	0.00135238226680	-88.4955608855
5274.00000000	3.55571263507E-5	-0.00135189307642	0.00135236060254	-88.4933692467
5274.00000000	3.56085807978E-5	-0.00135186248941	0.00135233137999	-88.4911558976
5274.00000000	3.56478096829E-5	-0.00135183522151	0.00135230515507	-88.4894639655
5274.00000000	3.56606856337E-5	-0.00135181779737	0.00135228807648	-88.4888991465
5274.00000000	3.56453142286E-5	-0.00135180908770	0.00135227896457	-88.4895404718
5274.00000000	3.56198597911E-5	-0.00135180238064	0.00135227158911	-88.4906111114
5274.00000000	3.56094908034E-5	-0.00135179348447	0.00135226242294	-88.4910403674
5274.00000000	3.56222594531E-5	-0.00135178623950	0.00135225551678	-88.4904914570
5274.00000000	3.56464847527E-5	-0.00135178532089	0.00135225523687	-88.4894643490
5274.00000000	3.56668553682E-5	-0.00135179532070	0.00135226577034	-88.4886127106
5274.00000000	3.56768261362E-5	-0.00135181635293	0.00135228705828	-88.4882139048
5274.00000000	3.56769314307E-5	-0.00135183914011	0.00135230984030	-88.4882349166
5274.00000000	3.56732972854E-5	-0.00135185181729	0.00135232241719	-88.4884030063
5274.00000000	3.56720936500E-5	-0.00135185517280	0.00135232573978	-88.4884577348
5274.00000000	3.56730122738E-5	-0.00135185558005	0.00135232617112	-88.4884192829
5274.00000000	3.56728835314E-5	-0.00135185606306	0.00135232665057	-88.4884252755
5274.00000000	3.56704442422E-5	-0.00135186124619	0.00135233176755	-88.4885343804
5274.00000000	3.56630253382E-5	-0.00135187322081	0.00135234354234	-88.4888619755
5274.00000000	3.56513946927E-5	-0.00135188579156	0.00135235580206	-88.4893686093
5274.00000000	3.56412171342E-5	-0.00135189063510	0.00135236037565	-88.4898050643
5274.00000000	3.56396962716E-5	-0.00135188500794	0.00135235471037	-88.4898631937
5274.00000000	3.56466970975E-5	-0.00135187493853	0.00135234482897	-88.4895554446
5274.00000000	3.56614274608E-5	-0.00135186386773	0.00135233415038	-88.4889192008
5274.00000000	3.56840005158E-5	-0.00135185407299	0.00135232495450	-88.4879522069
5274.00000000	3.57088725849E-5	-0.00135184557510	0.00135231711610	-88.4868892786
5274.00000000	3.57269661469E-5	-0.00135183775133	0.00135230977295	-88.4861141899
5274.00000000	3.57272598007E-5	-0.00135183824909	0.00135231027830	-88.4861023096
5274.00000000	3.57026316408E-5	-0.00135185359975	0.00135232497317	-88.4871625826
5274.00000000	3.56514174955E-5	-0.00135187554048	0.00135234555514	-88.4893561939
5274.00000000	3.55912096823E-5	-0.00135189174399	0.00135236016714	-88.4919242447
5274.00000000	3.55490757220E-5	-0.00135189753115	0.00135236484409	-88.4937151729
5274.00000000	3.55267822199E-5	-0.00135189433775	0.00135236106595	-88.4946558038
5274.00000000	3.55070549756E-5	-0.00135188911078	0.00135235532269	-88.4954854898
5274.00000000	3.54748475214E-5	-0.00135189008530	0.00135235545162	-88.4968506494
5274.00000000	3.54277906848E-5	-0.00135189888004	0.00135236300978	-88.4988534021
5274.00000000	3.53759983100E-5	-0.00135191023910	0.00135237300913	-88.5010595358
5274.00000000	3.53323853898E-5	-0.00135192057734	0.00135238220370	-88.5029180901
5274.00000000	3.53018457864E-5	-0.00135192372171	0.00135238454947	-88.5042149846
5274.00000000	3.52775070698E-5	-0.00135191559268	0.00135237578810	-88.5052367957
5274.00000000	3.52527248086E-5	-0.00135190077067	0.00135236032489	-88.5062700136
5274.00000000	3.52338166331E-5	-0.00135188867952	0.00135234774509	-88.5070574824
5274.00000000	3.52329845264E-5	-0.00135188361547	0.00135234266108	-88.5070871350
5274.00000000	3.52425617632E-5	-0.00135187994512	0.00135233924153	-88.5066774539
5274.00000000	3.52429921624E-5	-0.00135187384471	0.00135233315441	-88.5066524893
5274.00000000	3.52273553352E-5	-0.00135186317681	0.00135232208271	-88.5073029932
5274.00000000	3.52070862456E-5	-0.00135185215829	0.00135231054007	-88.5081493178
5274.00000000	3.51942839949E-5	-0.00135184810228	0.00135230615219	-88.5086870777
5274.00000000	3.51822766007E-5	-0.00135185664391	0.00135231437849	-88.5092050614
5274.00000000	3.51575123643E-5	-0.00135187798531	0.00135233506863	-88.5102774421
5274.00000000	3.51150567393E-5	-0.00135190249771	0.00135235846968	-88.5121025636
5274.00000000	3.50611941015E-5	-0.00135191930578	0.00135237387459	-88.5144022732
5274.00000000	3.50104118067E-5	-0.00135192418679	0.00135237743835	-88.5165583899
5274.00000000	3.49693844593E-5	-0.00135191922335	0.00135237141507	-88.5182905648
5274.00000000	3.49331055983E-5	-0.00135190521605	0.00135235647485	-88.5198117452
5274.00000000	3.48950120955E-5	-0.00135188486774	0.00135233514984	-88.5214028838
5274.00000000	3.48511907187E-5	-0.00135185977454	0.00135230893494	-88.5232314936
5274.00000000	3.48008929814E-5	-0.00135183095028	0.00135227882491	-88.5253304164
5274.00000000	3.47450325862E-5	-0.00135180453054	0.00135225097747	-88.5276676665
5274.00000000	3.46897890921E-5	-0.00135178983625	0.00135223486971	-88.5299916278
5274.00000000	3.46441888305E-5	-0.00135179381355	0.00135223767665	-88.5319274478
5274.00000000	3.46090699046E-5	-0.00135181429663	0.00135225725374	-88.5334371998
5274.00000000	3.45804595783E-5	-0.00135184043886	0.00135228265548	-88.5346773614
5274.00000000	3.45579386510E-5	-0.00135186052636	0.00135230216070	-88.5356530040
5274.00000000	3.45444530555E-5	-0.00135187511348	0.00135231639851	-88.5362399773
5274.00000000	3.45351078188E-5	-0.00135189350529	0.00135233454563	-88.5366556926
5274.00000000	3.45244479425E-5	-0.00135191836038	0.00135235912044	-88.5371340673
5274.00000000	3.45137945464E-5	-0.00135194043710	0.00135238091804	-88.5376091461
5274.00000000	3.45032630601E-5	-0.00135195055608	0.00135239076500	-88.5380661216
5274.00000000	3.44885805839E-5	-0.00135194837209	0.00135238820720	-88.5386856017
5274.00000000	3.44668841545E-5	-0.00135193864922	0.00135237793436	-88.5395940038
5274.00000000	3.44329053946E-5	-0.00135192308440	0.00135236150904	-88.5410163148
5274.00000000	3.43845631656E-5	-0.00135190498982	0.00135234219031	-88.5430442859
5274.00000000	3.43312966926E-5	-0.00135188653278	0.00135232238591	-88.5452804902
5274.00000000	3.42877615159E-5	-0.00135186682451	0.00135230157945	-88.5471032427
5274.00000000	3.42700142848E-5	-0.00135184940840	0.00135228371907	-88.5478362349
5274.00000000	3.42803066578E-5	-0.00135184151892	0.00135227609300	-88.5473918170
5274.00000000	3.43055413745E-5	-0.00135183334958	0.00135226856622	-88.5463141881
5274.00000000	3.43306637553E-5	-0.00135181004955	0.00135224591127	-88.5452250294
5274.00000000	3.43454836757E-5	-0.00135177873721	0.00135221498536	-88.5445636015
5274.00000000	3.43420847378E-5	-0.00135175846022	0.00135219462858	-88.5446857535
5274.00000000	3.43301678741E-5	-0.00135175811199	0.00135219397786	-88.5451901626
5274.00000000	3.43277284594E-5	-0.00135177254909	0.00135220834838	-88.5453090231
5274.00000000	3.43411253878E-5	-0.00135179290908	0.00135222904197	-88.5447634604
5274.00000000	3.43604583244E-5	-0.00135181042922	0.00135224704756	-88.5439634252
5274.00000000	3.43750553646E-5	-0.00135182179443	0.00135225878009	-88.5433573782
5274.00000000	3.43828441966E-5	-0.00135183022359	0.00135226740454	-88.5430365496
5274.00000000	3.43818014293E-5	-0.00135183559765	0.00135227275035	-88.5430865068
5274.00000000	3.43712097645E-5	-0.00135183723887	0.00135227412179	-88.5435368980
5274.00000000	3.43617231239E-5	-0.00135183880004	0.00135227544136	-88.5439403975
5274.00000000	3.43679069175E-5	-0.00135183829453	0.00135227509316	-88.5436779310
5274.00000000	3.43972916386E-5	-0.00135183184833	0.00135226939618	-88.5424263584
5274.00000000	3.44459840627E-5	-0.00135182132110	0.00135226011181	-88.5403525634
5274.00000000	3.45000520516E-5	-0.00135181350899	0.00135225368059	-88.5380539828
