DevNumber	X [V]	Y [V]	R [V]	Theta [°]
4253.00000000	-0.00235627447955	-0.00602002242111	0.00646472732400	-111.375686024
4253.00000000	-0.00235624873063	-0.00602007372087	0.00646476571001	-111.375307801
4253.00000000	-0.00235622346403	-0.00602013109728	0.00646480993076	-111.374913934
4253.00000000	-0.00235619402696	-0.00602018957298	0.00646485365552	-111.374482102
4253.00000000	-0.00235616874153	-0.00602024012926	0.00646489151900	-111.374110120
4253.00000000	-0.00235615122776	-0.00602028213548	0.00646492425314	-111.373829898
4253.00000000	-0.00235613041001	-0.00602031784277	0.00646494991759	-111.373542757
4253.00000000	-0.00235609290022	-0.00602034383435	0.00646496045141	-111.373149239
4253.00000000	-0.00235603569900	-0.00602034964374	0.00646494501507	-111.372658392
4253.00000000	-0.00235596472067	-0.00602032675514	0.00646489783397	-111.372146526
4253.00000000	-0.00235589136820	-0.00602028100460	0.00646482849835	-111.371688895
4253.00000000	-0.00235583079558	-0.00602022812972	0.00646475718580	-111.371359740
4253.00000000	-0.00235579280083	-0.00602018737817	0.00646470539071	-111.371177770
4253.00000000	-0.00235577478436	-0.00602017697120	0.00646468913400	-111.371062683
4253.00000000	-0.00235577114586	-0.00602020198408	0.00646471110111	-111.370951869
4253.00000000	-0.00235577819810	-0.00602024783557	0.00646475636975	-111.370861990
4253.00000000	-0.00235578427736	-0.00602028632369	0.00646479442679	-111.370787863
4253.00000000	-0.00235577466213	-0.00602029770153	0.00646480151852	-111.370671759
4253.00000000	-0.00235574736918	-0.00602028743841	0.00646478201554	-111.370479646
4253.00000000	-0.00235571532532	-0.00602027765692	0.00646476122996	-111.370246765
4253.00000000	-0.00235569903765	-0.00602028198598	0.00646475932627	-111.370098355
4253.00000000	-0.00235571147282	-0.00602030149347	0.00646478202381	-111.370137988
4253.00000000	-0.00235574564532	-0.00602032990451	0.00646482093368	-111.370328272
4253.00000000	-0.00235578134980	-0.00602035455992	0.00646485690447	-111.370543327
4253.00000000	-0.00235580037329	-0.00602036486777	0.00646487343572	-111.370667044
4253.00000000	-0.00235579183844	-0.00602036328674	0.00646486885330	-111.370601709
4253.00000000	-0.00235575653814	-0.00602035992225	0.00646485285683	-111.370321231
4253.00000000	-0.00235570602381	-0.00602036169402	0.00646483609981	-111.369898598
4253.00000000	-0.00235566014708	-0.00602037603574	0.00646483273876	-111.369473646
4253.00000000	-0.00235563326471	-0.00602041253921	0.00646485693733	-111.369133893
4253.00000000	-0.00235562380533	-0.00602047212950	0.00646490898423	-111.368863386
4253.00000000	-0.00235561956657	-0.00602054343389	0.00646497384231	-111.368598144
4253.00000000	-0.00235560749815	-0.00602061081671	0.00646503219571	-111.368280951
4253.00000000	-0.00235558471862	-0.00602066223576	0.00646507178025	-111.367926911
4253.00000000	-0.00235555598074	-0.00602068823655	0.00646508552304	-111.367605776
4253.00000000	-0.00235552711670	-0.00602068853092	0.00646507528060	-111.367366606
4253.00000000	-0.00235549405559	-0.00602066947293	0.00646504548694	-111.367155283
4253.00000000	-0.00235545013588	-0.00602064133987	0.00646500328585	-111.366883641
4253.00000000	-0.00235540179764	-0.00602061753363	0.00646496350451	-111.366561558
4253.00000000	-0.00235535671440	-0.00602061244536	0.00646494234075	-111.366205898
4253.00000000	-0.00235531320592	-0.00602063184583	0.00646494455669	-111.365784162
4253.00000000	-0.00235526255528	-0.00602066379248	0.00646495585495	-111.365262972
4253.00000000	-0.00235519849978	-0.00602069641444	0.00646496289921	-111.364628966
4253.00000000	-0.00235512569663	-0.00602073689217	0.00646497407355	-111.363897400
4253.00000000	-0.00235505647506	-0.00602079927135	0.00646500695024	-111.363124691
4253.00000000	-0.00235499785257	-0.00602088544068	0.00646506584463	-111.362362668
4253.00000000	-0.00235494954177	-0.00602098343303	0.00646513950701	-111.361647600
4253.00000000	-0.00235490358939	-0.00602107000393	0.00646520339259	-111.360988882
4253.00000000	-0.00235484543174	-0.00602112511027	0.00646523353027	-111.360331005
4253.00000000	-0.00235476909009	-0.00602114313520	0.00646522251142	-111.359642745
4253.00000000	-0.00235468137984	-0.00602112943749	0.00646517780913	-111.358963043
4253.00000000	-0.00235459659318	-0.00602109540087	0.00646511523045	-111.358373108
4253.00000000	-0.00235452927089	-0.00602105634942	0.00646505434242	-111.357943494
4253.00000000	-0.00235448477079	-0.00602102943495	0.00646501306978	-111.357663070
4253.00000000	-0.00235445804915	-0.00602102295499	0.00646499730315	-111.357463429
4253.00000000	-0.00235444155438	-0.00602103097876	0.00646499876876	-111.357301386
4253.00000000	-0.00235442578229	-0.00602104036397	0.00646500176557	-111.357140915
4253.00000000	-0.00235440203710	-0.00602104736685	0.00646499964007	-111.356922323
4253.00000000	-0.00235437181852	-0.00602105591622	0.00646499659753	-111.356645310
4253.00000000	-0.00235434310610	-0.00602106357283	0.00646499327217	-111.356383609
4253.00000000	-0.00235431899738	-0.00602106604097	0.00646498679126	-111.356176652
4253.00000000	-0.00235429851196	-0.00602106714393	0.00646498035845	-111.356004007
4253.00000000	-0.00235428120839	-0.00602107770148	0.00646498388980	-111.355827111
4253.00000000	-0.00235426566174	-0.00602109840990	0.00646499751491	-111.355631957
4253.00000000	-0.00235424673318	-0.00602111149480	0.00646500280847	-111.355433492
4253.00000000	-0.00235422859299	-0.00602109998814	0.00646498548608	-111.355320899
4253.00000000	-0.00235423241329	-0.00602106579496	0.00646495503179	-111.355462783
4253.00000000	-0.00235427407047	-0.00602102634629	0.00646493346150	-111.355933937
4253.00000000	-0.00235434463939	-0.00602100142612	0.00646493595130	-111.356596840
4253.00000000	-0.00235442680751	-0.00602099182659	0.00646495693472	-111.357306034
4253.00000000	-0.00235451136078	-0.00602098533323	0.00646498168064	-111.358024883
4253.00000000	-0.00235459665345	-0.00602097375627	0.00646500196242	-111.358766239
4253.00000000	-0.00235468070582	-0.00602095314055	0.00646501337563	-111.359526529
4253.00000000	-0.00235475493695	-0.00602091698044	0.00646500673615	-111.360255931
4253.00000000	-0.00235481573397	-0.00602086113976	0.00646497687585	-111.360937986
4253.00000000	-0.00235487344230	-0.00602079414497	0.00646493550357	-111.361630561
4253.00000000	-0.00235493689100	-0.00602072937013	0.00646489829069	-111.362363358
4253.00000000	-0.00235500241324	-0.00602067501363	0.00646487153671	-111.363079642
4253.00000000	-0.00235506347753	-0.00602063418346	0.00646485575665	-111.363715468
4253.00000000	-0.00235512321594	-0.00602060840809	0.00646485351465	-111.364291746
4253.00000000	-0.00235518587115	-0.00602059687468	0.00646486559915	-111.364846116
4253.00000000	-0.00235523983674	-0.00602059711385	0.00646488548204	-111.365290752
4253.00000000	-0.00235527530413	-0.00602060478030	0.00646490554291	-111.365558730
4253.00000000	-0.00235530135009	-0.00602061644574	0.00646492589566	-111.365736035
4253.00000000	-0.00235532865628	-0.00602062189511	0.00646494091876	-111.365943810
4253.00000000	-0.00235535700054	-0.00602060301437	0.00646493366220	-111.366238711
4253.00000000	-0.00235538102885	-0.00602056502174	0.00646490703507	-111.366559701
4253.00000000	-0.00235539874424	-0.00602054261388	0.00646489262169	-111.366778268
4253.00000000	-0.00235541412664	-0.00602055887457	0.00646491336912	-111.366852721
4253.00000000	-0.00235542988908	-0.00602059752846	0.00646495510905	-111.366858002
4253.00000000	-0.00235544497211	-0.00602062418680	0.00646498543040	-111.366896409
4253.00000000	-0.00235546219182	-0.00602062511081	0.00646499256473	-111.367035546
4253.00000000	-0.00235548716438	-0.00602061459421	0.00646499186957	-111.367275610
4253.00000000	-0.00235551987553	-0.00602061152329	0.00646500092795	-111.367555500
4253.00000000	-0.00235555697777	-0.00602062012420	0.00646502245592	-111.367833941
4253.00000000	-0.00235559512851	-0.00602062941970	0.00646504501291	-111.368118791
4253.00000000	-0.00235562957516	-0.00602062782547	0.00646505607928	-111.368408233
4253.00000000	-0.00235566153713	-0.00602061404533	0.00646505489229	-111.368716518
4253.00000000	-0.00235569592599	-0.00602059459518	0.00646504930957	-111.369063142
4253.00000000	-0.00235573451565	-0.00602057686398	0.00646504685856	-111.369438886
5260.00000000	-0.00219820790737	-0.00594417103498	0.00633760895741	-110.294847051
5260.00000000	-0.00219822011461	-0.00594419833409	0.00633763879590	-110.294864957
5260.00000000	-0.00219821412607	-0.00594420801616	0.00633764579978	-110.294783818
5260.00000000	-0.00219819997480	-0.00594420798464	0.00633764086186	-110.294663924
5260.00000000	-0.00219819349913	-0.00594420543047	0.00633763622017	-110.294617023
5260.00000000	-0.00219819470709	-0.00594420533549	0.00633763655007	-110.294627564
5260.00000000	-0.00219819184289	-0.00594420951289	0.00633763947470	-110.294590178
5260.00000000	-0.00219818068799	-0.00594421349422	0.00633763933985	-110.294483108
5260.00000000	-0.00219816441366	-0.00594420690081	0.00633762751107	-110.294365787
5260.00000000	-0.00219814544870	-0.00594417996297	0.00633759566759	-110.294289444
5260.00000000	-0.00219812233511	-0.00594413738878	0.00633754771949	-110.294226952
5260.00000000	-0.00219809411940	-0.00594409815900	0.00633750113858	-110.294110709
5260.00000000	-0.00219806843039	-0.00594408067946	0.00633747583417	-110.293947688
5260.00000000	-0.00219805496666	-0.00594409054525	0.00633748041785	-110.293802585
5260.00000000	-0.00219805150871	-0.00594411742416	0.00633750442897	-110.293688981
5260.00000000	-0.00219805707716	-0.00594414612155	0.00633753327634	-110.293646215
5260.00000000	-0.00219807911987	-0.00594416617556	0.00633755973068	-110.293770245
5260.00000000	-0.00219811586113	-0.00594417414233	0.00633757994611	-110.294056810
5260.00000000	-0.00219815180635	-0.00594417688728	0.00633759498793	-110.294352997
5260.00000000	-0.00219817829036	-0.00594418215612	0.00633760911554	-110.294561044
5260.00000000	-0.00219819873847	-0.00594418517969	0.00633761904379	-110.294724950
5260.00000000	-0.00219821683300	-0.00594418350865	0.00633762375259	-110.294883620
5260.00000000	-0.00219823165178	-0.00594418624538	0.00633763145936	-110.295000691
5260.00000000	-0.00219823821384	-0.00594419836159	0.00633764509946	-110.295018340
5260.00000000	-0.00219823566535	-0.00594421636260	0.00633766109900	-110.294940284
5260.00000000	-0.00219822649797	-0.00594424009300	0.00633768017650	-110.294788139
5260.00000000	-0.00219820974066	-0.00594427223716	0.00633770451294	-110.294545256
5260.00000000	-0.00219818541616	-0.00594430668381	0.00633772838445	-110.294230991
5260.00000000	-0.00219816113213	-0.00594433883819	0.00633775012020	-110.293924259
5260.00000000	-0.00219814613852	-0.00594437248472	0.00633777647787	-110.293691626
5260.00000000	-0.00219814734042	-0.00594440558659	0.00633780794187	-110.293598027
5260.00000000	-0.00219817072571	-0.00594443233148	0.00633784113739	-110.293712457
5260.00000000	-0.00219821106674	-0.00594445253077	0.00633787407452	-110.293991177
5260.00000000	-0.00219825187166	-0.00594446178148	0.00633789690376	-110.294308158
5260.00000000	-0.00219827894292	-0.00594445156044	0.00633789670674	-110.294569743
5260.00000000	-0.00219828955561	-0.00594442342615	0.00633787399998	-110.294747946
5260.00000000	-0.00219828827458	-0.00594439058354	0.00633784275190	-110.294840065
5260.00000000	-0.00219828357865	-0.00594436486070	0.00633781699714	-110.294880906
5260.00000000	-0.00219828719420	-0.00594435193020	0.00633780612344	-110.294952108
5260.00000000	-0.00219830659997	-0.00594435859411	0.00633781910462	-110.295095755
5260.00000000	-0.00219833312422	-0.00594438250063	0.00633785072709	-110.295245692
5260.00000000	-0.00219834507187	-0.00594440468974	0.00633787568278	-110.295277418
5260.00000000	-0.00219833053782	-0.00594441253066	0.00633787799568	-110.295129598
5260.00000000	-0.00219830296595	-0.00594441197344	0.00633786790964	-110.294897563
5260.00000000	-0.00219828327164	-0.00594441503931	0.00633786395420	-110.294720961
5260.00000000	-0.00219827730313	-0.00594442965129	0.00633787558892	-110.294624537
5260.00000000	-0.00219828252324	-0.00594445739137	0.00633790341752	-110.294581817
5260.00000000	-0.00219829740215	-0.00594449442257	0.00633794331059	-110.294591862
5260.00000000	-0.00219831118270	-0.00594452946973	0.00633798096183	-110.294598814
5260.00000000	-0.00219830921290	-0.00594455153108	0.00633800097043	-110.294512939
5260.00000000	-0.00219828428581	-0.00594455697595	0.00633799743148	-110.294284513
5260.00000000	-0.00219824624021	-0.00594454931466	0.00633797705005	-110.293985950
5260.00000000	-0.00219821732020	-0.00594453516105	0.00633795374452	-110.293785117
5260.00000000	-0.00219821101833	-0.00594451698920	0.00633793451497	-110.293788660
5260.00000000	-0.00219822425777	-0.00594449492918	0.00633791841621	-110.293970085
5260.00000000	-0.00219824871064	-0.00594446701130	0.00633790071256	-110.294264957
5260.00000000	-0.00219827496556	-0.00594443493091	0.00633787973001	-110.294588162
5260.00000000	-0.00219829331542	-0.00594441023918	0.00633786293575	-110.294821174
5260.00000000	-0.00219830214005	-0.00594440149970	0.00633785779965	-110.294923402
5260.00000000	-0.00219830513395	-0.00594440197012	0.00633785927931	-110.294947312
5260.00000000	-0.00219830488945	-0.00594440064649	0.00633785795304	-110.294949390
5260.00000000	-0.00219830490991	-0.00594439936741	0.00633785676047	-110.294953574
5260.00000000	-0.00219830771751	-0.00594440790134	0.00633786573843	-110.294950620
5260.00000000	-0.00219830828259	-0.00594442300059	0.00633788009631	-110.294908066
5260.00000000	-0.00219829612606	-0.00594442461506	0.00633787739405	-110.294799928
5260.00000000	-0.00219826819202	-0.00594439768381	0.00633784244577	-110.294647520
5260.00000000	-0.00219823826389	-0.00594434823487	0.00633778568604	-110.294548809
5260.00000000	-0.00219822361783	-0.00594429761234	0.00633773312613	-110.294583356
5260.00000000	-0.00219822548412	-0.00594426062209	0.00633769907951	-110.294715170
5260.00000000	-0.00219823308150	-0.00594423149060	0.00633767439164	-110.294870937
5260.00000000	-0.00219824370215	-0.00594421366843	0.00633766135968	-110.295016878
5260.00000000	-0.00219826040512	-0.00594422139582	0.00633767440086	-110.295134276
5260.00000000	-0.00219827861572	-0.00594425184596	0.00633770927705	-110.295193204
5260.00000000	-0.00219829106490	-0.00594428542580	0.00633774509029	-110.295193465
5260.00000000	-0.00219829720569	-0.00594430336524	0.00633776404598	-110.295189281
5260.00000000	-0.00219829774551	-0.00594430383382	0.00633776467271	-110.295192389
5260.00000000	-0.00219829561534	-0.00594429288919	0.00633775366868	-110.295208646
5260.00000000	-0.00219829578746	-0.00594427467912	0.00633773664884	-110.295267207
5260.00000000	-0.00219829701341	-0.00594424798323	0.00633771203553	-110.295361314
5260.00000000	-0.00219829414844	-0.00594421201178	0.00633767730356	-110.295449820
5260.00000000	-0.00219828711018	-0.00594417409941	0.00633763930363	-110.295509027
5260.00000000	-0.00219827803174	-0.00594414607797	0.00633760987290	-110.295519919
5260.00000000	-0.00219826972281	-0.00594413581047	0.00633759736079	-110.295481662
5260.00000000	-0.00219826525684	-0.00594414072616	0.00633760042223	-110.295428379
5260.00000000	-0.00219826297472	-0.00594414940752	0.00633760777304	-110.295381805
5260.00000000	-0.00219826062046	-0.00594414943167	0.00633760697909	-110.295361766
5260.00000000	-0.00219825788227	-0.00594414009861	0.00633759727570	-110.295367815
5260.00000000	-0.00219825605716	-0.00594413718005	0.00633759390527	-110.295361491
5260.00000000	-0.00219825475807	-0.00594415742967	0.00633761244713	-110.295286977
5260.00000000	-0.00219824859948	-0.00594419614672	0.00633764662440	-110.295113348
5260.00000000	-0.00219823367903	-0.00594422969159	0.00633767291157	-110.294881645
5260.00000000	-0.00219821634428	-0.00594424695175	0.00633768308766	-110.294680537
5260.00000000	-0.00219821246071	-0.00594426049538	0.00633769444351	-110.294605138
5260.00000000	-0.00219822988443	-0.00594428431764	0.00633772283030	-110.294678180
5260.00000000	-0.00219826098756	-0.00594431856778	0.00633776574233	-110.294834512
5260.00000000	-0.00219829486927	-0.00594435197294	0.00633780882565	-110.295017051
5260.00000000	-0.00219832150606	-0.00594437040579	0.00633783535328	-110.295185107
5260.00000000	-0.00219833346944	-0.00594436401842	0.00633783351204	-110.295306574
5260.00000000	-0.00219832848617	-0.00594433643502	0.00633780591261	-110.295350814
5260.00000000	-0.00219831400086	-0.00594431038298	0.00633777645359	-110.295309684
5270.00000000	0.000529082765029	-6.25699990965E-5	0.000532769722335	-6.74454553757
5270.00000000	0.000529065561759	-6.25576624192E-5	0.000532751189362	-6.74344523501
5270.00000000	0.000529034183559	-6.25489029988E-5	0.000532718999699	-6.74290593233
5270.00000000	0.000529001790409	-6.25494588379E-5	0.000532686895894	-6.74337440090
5270.00000000	0.000528975148627	-6.25596578962E-5	0.000532661636183	-6.74480037450
5270.00000000	0.000528955694332	-6.25759424722E-5	0.000532644229428	-6.74678573821
5270.00000000	0.000528943628195	-6.25940506784E-5	0.000532634374584	-6.74887264563
5270.00000000	0.000528939832769	-6.26138457284E-5	0.000532632932109	-6.75103524104
5270.00000000	0.000528943842010	-6.26370042906E-5	0.000532639636440	-6.75345842483
5270.00000000	0.000528955955776	-6.26567772467E-5	0.000532653991712	-6.75541734301
5270.00000000	0.000528972911855	-6.26604931433E-5	0.000532671267178	-6.75559971982
5270.00000000	0.000528986656787	-6.26415168902E-5	0.000532682684810	-6.75339887750
5270.00000000	0.000528997420439	-6.26041713007E-5	0.000532688983456	-6.74927372921
5270.00000000	0.000529007064738	-6.25622865976E-5	0.000532693640141	-6.74467797801
5270.00000000	0.000529010441768	-6.25331446609E-5	0.000532693572029	-6.74152254487
5270.00000000	0.000529007373805	-6.25247882968E-5	0.000532689544380	-6.74066869115
5270.00000000	0.000529003738835	-6.25341922158E-5	0.000532687038417	-6.74171907540
5270.00000000	0.000529006290077	-6.25563243963E-5	0.000532692170641	-6.74405091409
5270.00000000	0.000529014871871	-6.25894912799E-5	0.000532704588941	-6.74748514574
5270.00000000	0.000529020702986	-6.26321480642E-5	0.000532715393206	-6.75196759697
5270.00000000	0.000529015634233	-6.26783245685E-5	0.000532715790675	-6.75696372091
5270.00000000	0.000529004984283	-6.27137310078E-5	0.000532709381796	-6.76088019705
5270.00000000	0.000529001847976	-6.27197453655E-5	0.000532706975382	-6.76156229071
5270.00000000	0.000529009310259	-6.26887542894E-5	0.000532710737882	-6.75815772761
5270.00000000	0.000529019140381	-6.26350292400E-5	0.000532714180191	-6.75229509070
5270.00000000	0.000529024106925	-6.25847552311E-5	0.000532713203605	-6.74686258646
5270.00000000	0.000529020055934	-6.25559696912E-5	0.000532705799597	-6.74383915386
5270.00000000	0.000529007444488	-6.25481531644E-5	0.000532692357547	-6.74316352559
5270.00000000	0.000528994903745	-6.25477416833E-5	0.000532679855239	-6.74327795861
5270.00000000	0.000528991842380	-6.25449048723E-5	0.000532676481957	-6.74301360135
5270.00000000	0.000529000133832	-6.25425408292E-5	0.000532684438488	-6.74265636705
5270.00000000	0.000529016892265	-6.25479430329E-5	0.000532701715296	-6.74302176278
5270.00000000	0.000529038792954	-6.25614580220E-5	0.000532725051485	-6.74418870490
5270.00000000	0.000529060160427	-6.25772372738E-5	0.000532748124329	-6.74560411087
5270.00000000	0.000529072623208	-6.25869814132E-5	0.000532761645457	-6.74648735448
5270.00000000	0.000529071912410	-6.25861306795E-5	0.000532760839640	-6.74640547607
5270.00000000	0.000529058220210	-6.25803305047E-5	0.000532746560888	-6.74595898866
5270.00000000	0.000529037768406	-6.25765314820E-5	0.000532725804417	-6.74581160984
5270.00000000	0.000529024990871	-6.25754493989E-5	0.000532712988235	-6.74585746240
5270.00000000	0.000529032890787	-6.25771200730E-5	0.000532721029706	-6.74593609872
5270.00000000	0.000529054933560	-6.25811214085E-5	0.000532743389899	-6.74608498203
5270.00000000	0.000529072269187	-6.25834089442E-5	0.000532760874218	-6.74611028627
5270.00000000	0.000529077849163	-6.25783708186E-5	0.000532765823763	-6.74550172438
5270.00000000	0.000529075924238	-6.25608308762E-5	0.000532761852208	-6.74365276811
5270.00000000	0.000529072092307	-6.25382087694E-5	0.000532755390789	-6.74128507325
5270.00000000	0.000529068216001	-6.25266200635E-5	0.000532750181041	-6.74009629405
5270.00000000	0.000529056988993	-6.25288926188E-5	0.000532739298358	-6.74048073093
5270.00000000	0.000529033119562	-6.25308739228E-5	0.000532715826485	-6.74099368036
5270.00000000	0.000529005500876	-6.25219950817E-5	0.000532687356548	-6.74039397563
5270.00000000	0.000528988556860	-6.25074945570E-5	0.000532668827851	-6.73905894297
5270.00000000	0.000528986159214	-6.24950280792E-5	0.000532664983995	-6.73775752291
5270.00000000	0.000528992650122	-6.24876629180E-5	0.000532670566016	-6.73688885916
5270.00000000	0.000529003810976	-6.24869603774E-5	0.000532681567397	-6.73667298725
5270.00000000	0.000529016749457	-6.24930145302E-5	0.000532695126757	-6.73715641735
5270.00000000	0.000529028410091	-6.25029270678E-5	0.000532707869827	-6.73806807304
5270.00000000	0.000529036125038	-6.25126330403E-5	0.000532716670365	-6.73900742052
5270.00000000	0.000529036133299	-6.25187367231E-5	0.000532717394852	-6.73965925493
5270.00000000	0.000529033494324	-6.25192361443E-5	0.000532714832725	-6.73974590879
5270.00000000	0.000529037165337	-6.25133958765E-5	0.000532717792994	-6.73907576982
5270.00000000	0.000529046107508	-6.24990494238E-5	0.000532724990073	-6.73743057753
5270.00000000	0.000529052184651	-6.24748948389E-5	0.000532728192017	-6.73477397227
5270.00000000	0.000529049533007	-6.24472239576E-5	0.000532722314302	-6.73185187278
5270.00000000	0.000529042939960	-6.24282402618E-5	0.000532713541693	-6.72990729037
5270.00000000	0.000529045613174	-6.24240115213E-5	0.000532715700945	-6.72942191203
5270.00000000	0.000529064033920	-6.24299964772E-5	0.000532734696118	-6.72982900789
5270.00000000	0.000529087980488	-6.24375314323E-5	0.000532759360714	-6.73033197505
5270.00000000	0.000529100196817	-6.24471787333E-5	0.000532772623549	-6.73120835172
5270.00000000	0.000529094032954	-6.24703039219E-5	0.000532769213243	-6.73375586652
5270.00000000	0.000529078913602	-6.25099328056E-5	0.000532758846494	-6.73817903218
5270.00000000	0.000529069008051	-6.25519260802E-5	0.000532753938264	-6.74278905869
5270.00000000	0.000529072580737	-6.25772621863E-5	0.000532760461587	-6.74544987349
5270.00000000	0.000529086270173	-6.25778378089E-5	0.000532774123875	-6.74533842702
5270.00000000	0.000529097310134	-6.25603155705E-5	0.000532783029643	-6.74332766976
5270.00000000	0.000529097612001	-6.25394652772E-5	0.000532780881547	-6.74109710851
5270.00000000	0.000529086735707	-6.25309418859E-5	0.000532769079990	-6.74032411115
5270.00000000	0.000529067365141	-6.25413186181E-5	0.000532751061371	-6.74167689418
5270.00000000	0.000529044858350	-6.25664799034E-5	0.000532731664681	-6.74464846700
5270.00000000	0.000529028105852	-6.25944147863E-5	0.000532718309751	-6.74784378255
5270.00000000	0.000529024076353	-6.26167911499E-5	0.000532716937871	-6.75028469941
5270.00000000	0.000529027759179	-6.26289220250E-5	0.000532722021186	-6.75153380702
5270.00000000	0.000529023818597	-6.26265236886E-5	0.000532717825976	-6.75132747230
5270.00000000	0.000529004217158	-6.26148746967E-5	0.000532696991079	-6.75033107064
5270.00000000	0.000528974813334	-6.26056646264E-5	0.000532666708538	-6.74971903061
5270.00000000	0.000528948388730	-6.26078853832E-5	0.000532640728121	-6.75029034345
5270.00000000	0.000528936086040	-6.26207513648E-5	0.000532630023203	-6.75182031925
5270.00000000	0.000528949262041	-6.26333352891E-5	0.000532644587416	-6.75299793216
5270.00000000	0.000528989370270	-6.26302970021E-5	0.000532684060172	-6.75216611182
5270.00000000	0.000529038796680	-6.26065287462E-5	0.000532730350022	-6.74900252530
5270.00000000	0.000529075278978	-6.25772405283E-5	0.000532763138607	-6.74541347616
5270.00000000	0.000529086938502	-6.25612649499E-5	0.000532772841243	-6.74356003350
5270.00000000	0.000529075591252	-6.25595336216E-5	0.000532761369194	-6.74351842537
5270.00000000	0.000529052829194	-6.25620180007E-5	0.000532739056363	-6.74407123238
5270.00000000	0.000529031865257	-6.25664484689E-5	0.000532718757818	-6.74480923285
5270.00000000	0.000529018613769	-6.25778460594E-5	0.000532706936815	-6.74619402190
5270.00000000	0.000529018352113	-6.25999698118E-5	0.000532709276335	-6.74856038246
5270.00000000	0.000529035381878	-6.26294286655E-5	0.000532729650587	-6.75149153636
5270.00000000	0.000529057155430	-6.26630716671E-5	0.000532755229221	-6.75480932803
5270.00000000	0.000529064288513	-6.27012815319E-5	0.000532766808355	-6.75879980998
5270.00000000	0.000529054802831	-6.27359735753E-5	0.000532761472686	-6.76262489349
5270.00000000	0.000529041305029	-6.27527508015E-5	0.000532750044730	-6.76458762457
5274.00000000	-0.000296291872440	-0.00122937723259	0.00126457789546	-103.550423033
5274.00000000	-0.000296279394286	-0.00122938426194	0.00126458180558	-103.549798788
5274.00000000	-0.000296273130167	-0.00122938923815	0.00126458517568	-103.549470049
5274.00000000	-0.000296269143381	-0.00122938769770	0.00126458274406	-103.549310795
5274.00000000	-0.000296270512583	-0.00122937742612	0.00126457307913	-103.549480137
5274.00000000	-0.000296279789233	-0.00122936882793	0.00126456689368	-103.549980022
5274.00000000	-0.000296294582270	-0.00122937122524	0.00126457269025	-103.550606167
5274.00000000	-0.000296308936766	-0.00122938082880	0.00126458538986	-103.551136485
5274.00000000	-0.000296319852171	-0.00122938981984	0.00126459668824	-103.551521818
5274.00000000	-0.000296327387114	-0.00122938622583	0.00126459495991	-103.551891859
5274.00000000	-0.000296332649591	-0.00122936211376	0.00126457275234	-103.552379652
5274.00000000	-0.000296331960566	-0.00122932426833	0.00126453579924	-103.552751130
5274.00000000	-0.000296316246748	-0.00122928882412	0.00126449765962	-103.552435300
5274.00000000	-0.000296293723054	-0.00122926352056	0.00126446778262	-103.551711800
5274.00000000	-0.000296289584776	-0.00122925016047	0.00126445382481	-103.551671358
5274.00000000	-0.000296318210207	-0.00122925368202	0.00126446395617	-103.552894940
5274.00000000	-0.000296371325488	-0.00122927035184	0.00126449260990	-103.555057637
5274.00000000	-0.000296424544127	-0.00122929083456	0.00126452499631	-103.557184291
5274.00000000	-0.000296456662570	-0.00122931189309	0.00126455299742	-103.558375334
5274.00000000	-0.000296465177119	-0.00122933324864	0.00126457575394	-103.558523527
5274.00000000	-0.000296465922144	-0.00122935195561	0.00126459411424	-103.558357638
5274.00000000	-0.000296472731694	-0.00122936265676	0.00126460611356	-103.558543899
5274.00000000	-0.000296484251194	-0.00122935807083	0.00126460435612	-103.559099981
5274.00000000	-0.000296489770303	-0.00122933361195	0.00126458187294	-103.559602884
5274.00000000	-0.000296476795313	-0.00122930140000	0.00126454751678	-103.559373572
5274.00000000	-0.000296442554892	-0.00122928129034	0.00126451994019	-103.558078999
5274.00000000	-0.000296402149045	-0.00122928144301	0.00126451061683	-103.556297582
5274.00000000	-0.000296374027564	-0.00122929568417	0.00126451786992	-103.554907634
5274.00000000	-0.000296361737599	-0.00122931276928	0.00126453159874	-103.554184851
5274.00000000	-0.000296357041795	-0.00122932862035	0.00126454590784	-103.553809692
5274.00000000	-0.000296357168626	-0.00122934892927	0.00126456568089	-103.553599628
5274.00000000	-0.000296361708109	-0.00122937822228	0.00126459522198	-103.553488539
5274.00000000	-0.000296365004063	-0.00122940684252	0.00126462381761	-103.553329827
5274.00000000	-0.000296363802943	-0.00122942117009	0.00126463746471	-103.553124801
5274.00000000	-0.000296364930963	-0.00122941441078	0.00126463115798	-103.553246251
5274.00000000	-0.000296375620316	-0.00122939162497	0.00126461151184	-103.553958998
5274.00000000	-0.000296394601437	-0.00122936518750	0.00126459025933	-103.555075763
5274.00000000	-0.000296410189664	-0.00122934709623	0.00126457632571	-103.555954483
5274.00000000	-0.000296404500836	-0.00122934343107	0.00126457142923	-103.555742836
5274.00000000	-0.000296369885629	-0.00122935466519	0.00126457423741	-103.554098863
5274.00000000	-0.000296319591605	-0.00122937457835	0.00126458181003	-103.551672153
5274.00000000	-0.000296277889769	-0.00122939076747	0.00126458777754	-103.549663461
5274.00000000	-0.000296258372953	-0.00122939774137	0.00126458998495	-103.548729780
5274.00000000	-0.000296256305949	-0.00122939723668	0.00126458901006	-103.548644092
5274.00000000	-0.000296261415677	-0.00122938986688	0.00126458304244	-103.548947387
5274.00000000	-0.000296269092033	-0.00122937713091	0.00126457245933	-103.549420699
5274.00000000	-0.000296286168577	-0.00122936207736	0.00126456182567	-103.550332678
5274.00000000	-0.000296314911431	-0.00122934634745	0.00126455326844	-103.551765728
5274.00000000	-0.000296337501143	-0.00122933331714	0.00126454589447	-103.552899101
5274.00000000	-0.000296338421344	-0.00122932850698	0.00126454143390	-103.552990708
5274.00000000	-0.000296323440930	-0.00122933389732	0.00126454316366	-103.552273619
5274.00000000	-0.000296306702050	-0.00122934584317	0.00126455085457	-103.551409477
5274.00000000	-0.000296297458002	-0.00122935679159	0.00126455933219	-103.550886064
5274.00000000	-0.000296296329953	-0.00122935916878	0.00126456137890	-103.550811140
5274.00000000	-0.000296295996711	-0.00122935257480	0.00126455489040	-103.550866464
5274.00000000	-0.000296292401145	-0.00122934365344	0.00126454537492	-103.550802799
5274.00000000	-0.000296287389944	-0.00122933448500	0.00126453528755	-103.550679400
5274.00000000	-0.000296284125426	-0.00122932759430	0.00126452782377	-103.550608756
5274.00000000	-0.000296283510838	-0.00122932795796	0.00126452803331	-103.550577823
5274.00000000	-0.000296282607335	-0.00122933218437	0.00126453193037	-103.550493157
5274.00000000	-0.000296278032799	-0.00122932831359	0.00126452709552	-103.550332747
5274.00000000	-0.000296274809671	-0.00122931334851	0.00126451179182	-103.550349643
5274.00000000	-0.000296279115985	-0.00122929666235	0.00126449657913	-103.550716483
5274.00000000	-0.000296286553308	-0.00122928842435	0.00126449031309	-103.551131558
5274.00000000	-0.000296289402772	-0.00122929076796	0.00126449325913	-103.551232194
5274.00000000	-0.000296290185666	-0.00122929552027	0.00126449806258	-103.551216225
5274.00000000	-0.000296298790934	-0.00122929735048	0.00126450185820	-103.551575851
5274.00000000	-0.000296319934355	-0.00122929772310	0.00126450717495	-103.552503248
5274.00000000	-0.000296351872695	-0.00122930390487	0.00126452066926	-103.553844451
5274.00000000	-0.000296391760277	-0.00122932109474	0.00126454672888	-103.555418865
5274.00000000	-0.000296430829644	-0.00122934219540	0.00126457639949	-103.556915640
5274.00000000	-0.000296460851041	-0.00122935129883	0.00126459228692	-103.558141258
5274.00000000	-0.000296484404447	-0.00122934183148	0.00126458860532	-103.559279231
5274.00000000	-0.000296505051481	-0.00122931914857	0.00126457139561	-103.560429595
5274.00000000	-0.000296524348375	-0.00122928704555	0.00126454471235	-103.561620606
5274.00000000	-0.000296544566988	-0.00122925058948	0.00126451401413	-103.562898521
5274.00000000	-0.000296563684926	-0.00122922141226	0.00126449013424	-103.564050663
5274.00000000	-0.000296570531373	-0.00122920628403	0.00126447703371	-103.564513005
5274.00000000	-0.000296566981997	-0.00122920364493	0.00126447363575	-103.564384709
5274.00000000	-0.000296571807071	-0.00122920052087	0.00126447173051	-103.564630445
5274.00000000	-0.000296597033966	-0.00122917967290	0.00126445738118	-103.565963220
5274.00000000	-0.000296640492699	-0.00122915007485	0.00126443880374	-103.568192128
5274.00000000	-0.000296692275059	-0.00122913318746	0.00126443453709	-103.570652598
5274.00000000	-0.000296735835501	-0.00122913827612	0.00126444970557	-103.572517233
5274.00000000	-0.000296754102222	-0.00122915805661	0.00126447322048	-103.573111481
5274.00000000	-0.000296738097758	-0.00122918407039	0.00126449475189	-103.572129925
5274.00000000	-0.000296696301144	-0.00122921469772	0.00126451471648	-103.569963325
5274.00000000	-0.000296649089699	-0.00122924754867	0.00126453557417	-103.567534659
5274.00000000	-0.000296608556743	-0.00122927638396	0.00126455409695	-103.565442904
5274.00000000	-0.000296577972723	-0.00122929673991	0.00126456671182	-103.563879511
5274.00000000	-0.000296558099714	-0.00122930390651	0.00126456901791	-103.562928054
5274.00000000	-0.000296544361271	-0.00122929168700	0.00126455391737	-103.562452776
5274.00000000	-0.000296530144267	-0.00122926180252	0.00126452153228	-103.562144100
5274.00000000	-0.000296517074453	-0.00122922787489	0.00126448548582	-103.561928900
5274.00000000	-0.000296508343659	-0.00122920828515	0.00126446439497	-103.561752470
5274.00000000	-0.000296501001995	-0.00122921256115	0.00126446683020	-103.561383645
5274.00000000	-0.000296500101564	-0.00122923715507	0.00126449052730	-103.561082674
5274.00000000	-0.000296516825590	-0.00122926568617	0.00126452218449	-103.561516190
5274.00000000	-0.000296543264816	-0.00122928259433	0.00126454482113	-103.562501094
5274.00000000	-0.000296559708948	-0.00122928490736	0.00126455092599	-103.563200811
