DevNumber	X [V]	Y [V]	R [V]	Theta [°]
4253.00000000	-0.0109392976609	-0.0247628654520	0.0270715300400	-113.834029014
4253.00000000	-0.0109392267527	-0.0247628381392	0.0270714764033	-113.833915096
4253.00000000	-0.0109391736082	-0.0247628148485	0.0270714336238	-113.833832129
4253.00000000	-0.0109391370915	-0.0247628048313	0.0270714097050	-113.833770000
4253.00000000	-0.0109391132991	-0.0247628197298	0.0270714137189	-113.833711197
4253.00000000	-0.0109391089658	-0.0247628676065	0.0270714557618	-113.833661863
4253.00000000	-0.0109391454475	-0.0247629380007	0.0270715348945	-113.833672287
4253.00000000	-0.0109392120264	-0.0247629788320	0.0270715991473	-113.833766262
4253.00000000	-0.0109392817179	-0.0247629608983	0.0270716109043	-113.833916520
4253.00000000	-0.0109393532075	-0.0247629241515	0.0270716061794	-113.834086348
4253.00000000	-0.0109394386204	-0.0247629257703	0.0270716421747	-113.834250319
4253.00000000	-0.0109395328330	-0.0247629688859	0.0270717196840	-113.834395836
4253.00000000	-0.0109396075645	-0.0247630315993	0.0270718072476	-113.834486877
4253.00000000	-0.0109396315781	-0.0247631333987	0.0270719100691	-113.834446303
4253.00000000	-0.0109396055917	-0.0247632789038	0.0270720326642	-113.834271554
4253.00000000	-0.0109395474003	-0.0247634147662	0.0270721334255	-113.834042707
4253.00000000	-0.0109394804819	-0.0247634981402	0.0270721826484	-113.833841855
4253.00000000	-0.0109394425575	-0.0247635515872	0.0270722162130	-113.833722728
4253.00000000	-0.0109394615002	-0.0247636246087	0.0270722906617	-113.833696952
4253.00000000	-0.0109395386101	-0.0247637325363	0.0270724205443	-113.833753930
4253.00000000	-0.0109396601135	-0.0247638551562	0.0270725818051	-113.833884284
4253.00000000	-0.0109397922998	-0.0247639597913	0.0270727309319	-113.834050698
4253.00000000	-0.0109399063876	-0.0247640187497	0.0270728309640	-113.834221136
4253.00000000	-0.0109400067799	-0.0247640290796	0.0270728809808	-113.834406648
4253.00000000	-0.0109400884963	-0.0247639879923	0.0270728764188	-113.834599978
4253.00000000	-0.0109401240720	-0.0247638971781	0.0270728077258	-113.834746514
4253.00000000	-0.0109400975492	-0.0247637973562	0.0270727056994	-113.834780539
4253.00000000	-0.0109400359572	-0.0247637388352	0.0270726272800	-113.834711354
4253.00000000	-0.0109399792925	-0.0247637213088	0.0270725883502	-113.834616647
4253.00000000	-0.0109399420554	-0.0247636952602	0.0270725494757	-113.834566837
4253.00000000	-0.0109399030563	-0.0247636092793	0.0270724550682	-113.834564872
4253.00000000	-0.0109398340655	-0.0247634588559	0.0270722895945	-113.834559959
4253.00000000	-0.0109397251843	-0.0247632850982	0.0270720866570	-113.834497778
4253.00000000	-0.0109395841783	-0.0247631533557	0.0270719091700	-113.834337472
4253.00000000	-0.0109394320346	-0.0247631142719	0.0270718119395	-113.834076356
4253.00000000	-0.0109392905484	-0.0247631499700	0.0270717874205	-113.833771916
4253.00000000	-0.0109391985448	-0.0247632237519	0.0270718177334	-113.833530702
4253.00000000	-0.0109391791025	-0.0247633152963	0.0270718936150	-113.833414773
4253.00000000	-0.0109392137358	-0.0247633794859	0.0270719663254	-113.833426926
4253.00000000	-0.0109392775427	-0.0247633638586	0.0270719778138	-113.833563818
4253.00000000	-0.0109393730987	-0.0247632631511	0.0270719243070	-113.833834935
4253.00000000	-0.0109394892764	-0.0247631067555	0.0270718281949	-113.834193602
4253.00000000	-0.0109395933023	-0.0247629394219	0.0270717171681	-113.834538100
4253.00000000	-0.0109396578277	-0.0247628014402	0.0270716170288	-113.834781027
4253.00000000	-0.0109396718134	-0.0247627012339	0.0270715310203	-113.834893806
4253.00000000	-0.0109396352971	-0.0247626244393	0.0270714460189	-113.834888792
4253.00000000	-0.0109395641155	-0.0247625670675	0.0270713647755	-113.834800055
4253.00000000	-0.0109395002065	-0.0247625404056	0.0270713145619	-113.834699132
4253.00000000	-0.0109394611425	-0.0247625195380	0.0270712796882	-113.834641353
4253.00000000	-0.0109394086395	-0.0247624831794	0.0270712252141	-113.834570804
4253.00000000	-0.0109393293023	-0.0247624660232	0.0270711774611	-113.834431882
4253.00000000	-0.0109392685648	-0.0247625251469	0.0270712069990	-113.834263729
4253.00000000	-0.0109392385534	-0.0247626760092	0.0270713328683	-113.834076602
4253.00000000	-0.0109392131456	-0.0247628764065	0.0270715059088	-113.833856026
4253.00000000	-0.0109391946810	-0.0247630833902	0.0270716877800	-113.833643262
4253.00000000	-0.0109391873354	-0.0247632456586	0.0270718332424	-113.833490266
4253.00000000	-0.0109391872973	-0.0247633022311	0.0270718849753	-113.833441811
4253.00000000	-0.0109392093269	-0.0247632370762	0.0270718342783	-113.833540181
4253.00000000	-0.0109392470030	-0.0247630899703	0.0270717149414	-113.833738927
4253.00000000	-0.0109392725263	-0.0247629519662	0.0270715990197	-113.833906364
4253.00000000	-0.0109392622110	-0.0247628958070	0.0270715434815	-113.833934423
4253.00000000	-0.0109392131983	-0.0247629234156	0.0270715489303	-113.833815924
4253.00000000	-0.0109391488307	-0.0247630164296	0.0270716080023	-113.833611763
4253.00000000	-0.0109391034806	-0.0247631252200	0.0270716891904	-113.833430927
4253.00000000	-0.0109391148870	-0.0247631676888	0.0270717326467	-113.833416690
4253.00000000	-0.0109391854309	-0.0247630987595	0.0270716981008	-113.833612210
4253.00000000	-0.0109392714242	-0.0247629661076	0.0270716115098	-113.833892136
4253.00000000	-0.0109393194916	-0.0247628728215	0.0270715456026	-113.834064974
4253.00000000	-0.0109393168354	-0.0247628771231	0.0270715484640	-113.834056153
4253.00000000	-0.0109392830491	-0.0247629819585	0.0270716307064	-113.833901086
4253.00000000	-0.0109392368041	-0.0247631461043	0.0270717621672	-113.833671176
4253.00000000	-0.0109392084299	-0.0247633053614	0.0270718963779	-113.833480046
4253.00000000	-0.0109392499418	-0.0247634294823	0.0270720266883	-113.833454262
4253.00000000	-0.0109393886374	-0.0247634922032	0.0270721401048	-113.833669129
4253.00000000	-0.0109395725519	-0.0247634838793	0.0270722068081	-113.834032292
4253.00000000	-0.0109397114478	-0.0247634543027	0.0270722358804	-113.834326477
4253.00000000	-0.0109397427258	-0.0247634389653	0.0270722344902	-113.834400145
4253.00000000	-0.0109396738826	-0.0247634309639	0.0270721993522	-113.834273714
4253.00000000	-0.0109395593681	-0.0247634253963	0.0270721479851	-113.834056784
4253.00000000	-0.0109394493515	-0.0247634181227	0.0270720968754	-113.833850021
4253.00000000	-0.0109393907955	-0.0247633966815	0.0270720536011	-113.833754997
4253.00000000	-0.0109393922843	-0.0247633438627	0.0270720058882	-113.833803051
4253.00000000	-0.0109394151786	-0.0247632434458	0.0270719232860	-113.833933251
4253.00000000	-0.0109394306854	-0.0247630994638	0.0270717978490	-113.834086409
4253.00000000	-0.0109394624794	-0.0247629564240	0.0270716798554	-113.834270293
4253.00000000	-0.0109395365915	-0.0247628557810	0.0270716177438	-113.834499845
4253.00000000	-0.0109396161891	-0.0247628049567	0.0270716034193	-113.834697410
4253.00000000	-0.0109396448027	-0.0247628002612	0.0270716106870	-113.834756820
4253.00000000	-0.0109396088015	-0.0247628433063	0.0270716355129	-113.834650309
4253.00000000	-0.0109395343968	-0.0247629269372	0.0270716819448	-113.834434740
4253.00000000	-0.0109394560857	-0.0247629991847	0.0270717163858	-113.834221344
4253.00000000	-0.0109393818530	-0.0247629972225	0.0270716845942	-113.834079311
4253.00000000	-0.0109393192807	-0.0247629022254	0.0270715724137	-113.834039419
4253.00000000	-0.0109393014804	-0.0247627380641	0.0270714150593	-113.834145355
4253.00000000	-0.0109393298704	-0.0247625640007	0.0270712673124	-113.834349186
4253.00000000	-0.0109393606050	-0.0247624497883	0.0270711752601	-113.834506369
4253.00000000	-0.0109393574080	-0.0247624192250	0.0270711460114	-113.834526319
4253.00000000	-0.0109393276019	-0.0247624662298	0.0270711769630	-113.834428413
4253.00000000	-0.0109392954433	-0.0247625946787	0.0270712814624	-113.834256298
4253.00000000	-0.0109392712135	-0.0247627941343	0.0270714541172	-113.834038806
5260.00000000	-0.0131986851383	-0.0254050748168	0.0286290606871	-117.453206511
5260.00000000	-0.0131987729256	-0.0254051313753	0.0286291513486	-117.453310231
5260.00000000	-0.0131989869401	-0.0254051859840	0.0286292984742	-117.453639921
5260.00000000	-0.0131992604778	-0.0254052254887	0.0286294596402	-117.454089250
5260.00000000	-0.0131995697528	-0.0254052509509	0.0286296248235	-117.454614996
5260.00000000	-0.0131998205742	-0.0254052836151	0.0286297694499	-117.455030286
5260.00000000	-0.0131998755242	-0.0254053612614	0.0286298636860	-117.455056226
5260.00000000	-0.0131997264921	-0.0254054681327	0.0286298898095	-117.454692957
5260.00000000	-0.0131995252752	-0.0254055353668	0.0286298567018	-117.454273587
5260.00000000	-0.0131994111341	-0.0254055398592	0.0286298080648	-117.454066742
5260.00000000	-0.0131993254611	-0.0254055268034	0.0286297569809	-117.453926642
5260.00000000	-0.0131991532081	-0.0254055367626	0.0286296864043	-117.453611550
5260.00000000	-0.0131989892830	-0.0254055694445	0.0286296398317	-117.453290282
5260.00000000	-0.0131989714633	-0.0254056288041	0.0286296842913	-117.453203869
5260.00000000	-0.0131991045205	-0.0254057101971	0.0286298178611	-117.453365069
5260.00000000	-0.0131992644206	-0.0254057742762	0.0286299484424	-117.453589911
5260.00000000	-0.0131993600495	-0.0254058016941	0.0286300168606	-117.453734440
5260.00000000	-0.0131993716751	-0.0254058256382	0.0286300434679	-117.453732994
5260.00000000	-0.0131992637414	-0.0254058854677	0.0286300467990	-117.453486116
5260.00000000	-0.0131991164102	-0.0254059759245	0.0286300591457	-117.453141016
5260.00000000	-0.0131990355806	-0.0254060624927	0.0286300987012	-117.452917603
5260.00000000	-0.0131988521250	-0.0254061181787	0.0286300635405	-117.452540430
5260.00000000	-0.0131983683697	-0.0254061347203	0.0286298552048	-117.451666066
5260.00000000	-0.0131976305289	-0.0254061284272	0.0286295094830	-117.450361511
5260.00000000	-0.0131968292333	-0.0254061024935	0.0286291170965	-117.448962348
5260.00000000	-0.0131961335967	-0.0254060525721	0.0286287521418	-117.447772930
5260.00000000	-0.0131956259828	-0.0254060096078	0.0286284800376	-117.446911009
5260.00000000	-0.0131953060077	-0.0254060013173	0.0286283251967	-117.446350353
5260.00000000	-0.0131951367199	-0.0254060023231	0.0286282480619	-117.446048752
5260.00000000	-0.0131951004520	-0.0254059565402	0.0286281907158	-117.446026569
5260.00000000	-0.0131951896220	-0.0254058352039	0.0286281241364	-117.446296874
5260.00000000	-0.0131954876736	-0.0254056569839	0.0286281033554	-117.446990650
5260.00000000	-0.0131960627466	-0.0254054818751	0.0286282130305	-117.448173570
5260.00000000	-0.0131968329771	-0.0254053791522	0.0286284769153	-117.449636310
5260.00000000	-0.0131976262358	-0.0254053826183	0.0286288456673	-117.451041950
5260.00000000	-0.0131983172046	-0.0254054656780	0.0286292379107	-117.452192458
5260.00000000	-0.0131989023206	-0.0254055870863	0.0286296153951	-117.453119568
5260.00000000	-0.0131994100772	-0.0254056990261	0.0286299488192	-117.453918009
5260.00000000	-0.0131998097593	-0.0254057377008	0.0286301674079	-117.454592106
5260.00000000	-0.0132000341860	-0.0254056797177	0.0286302194268	-117.455044153
5260.00000000	-0.0132000068980	-0.0254055605590	0.0286301011074	-117.455105639
5260.00000000	-0.0131997089475	-0.0254054149255	0.0286298345060	-117.454710893
5260.00000000	-0.0131993463084	-0.0254052585116	0.0286295285154	-117.454211207
5260.00000000	-0.0131992479623	-0.0254051225932	0.0286293625626	-117.454161962
5260.00000000	-0.0131995381820	-0.0254050497334	0.0286294317123	-117.454744591
5260.00000000	-0.0132000977630	-0.0254050564760	0.0286296956935	-117.455732117
5260.00000000	-0.0132007163702	-0.0254051058801	0.0286300247549	-117.456785080
5260.00000000	-0.0132012379197	-0.0254051339027	0.0286302901003	-117.457685395
5260.00000000	-0.0132016159337	-0.0254050965711	0.0286304312760	-117.458391115
5260.00000000	-0.0132018343249	-0.0254050291837	0.0286304721821	-117.458841111
5260.00000000	-0.0132018763579	-0.0254050103306	0.0286304748348	-117.458933149
5260.00000000	-0.0132017822652	-0.0254050859191	0.0286304985205	-117.458696311
5260.00000000	-0.0132015531134	-0.0254052428458	0.0286305321058	-117.458144583
5260.00000000	-0.0132012154928	-0.0254054431981	0.0286305542136	-117.457360169
5260.00000000	-0.0132009897371	-0.0254056470217	0.0286306309855	-117.456771203
5260.00000000	-0.0132010753170	-0.0254058044462	0.0286308101367	-117.456777917
5260.00000000	-0.0132014416468	-0.0254058701919	0.0286310373854	-117.457367768
5260.00000000	-0.0132019021888	-0.0254058446755	0.0286312270970	-117.458209115
5260.00000000	-0.0132022686118	-0.0254057611399	0.0286313219323	-117.458936862
5260.00000000	-0.0132024425539	-0.0254056587324	0.0286313112696	-117.459340230
5260.00000000	-0.0132024132957	-0.0254055555405	0.0286312062120	-117.459383499
5260.00000000	-0.0132022275312	-0.0254054598697	0.0286310356602	-117.459141917
5260.00000000	-0.0132019815688	-0.0254054092820	0.0286308773552	-117.458751834
5260.00000000	-0.0132017877673	-0.0254054047547	0.0286307839747	-117.458411869
5260.00000000	-0.0132017189363	-0.0254053972318	0.0286307455610	-117.458296584
5260.00000000	-0.0132017071938	-0.0254053633507	0.0286307100822	-117.458306997
5260.00000000	-0.0132016473857	-0.0254053440492	0.0286306653774	-117.458218602
5260.00000000	-0.0132015313632	-0.0254053778601	0.0286306418815	-117.457981374
5260.00000000	-0.0132014141102	-0.0254054503745	0.0286306521623	-117.457706248
5260.00000000	-0.0132013347511	-0.0254055366636	0.0286306921393	-117.457485702
5260.00000000	-0.0132012395514	-0.0254056210318	0.0286307231083	-117.457238799
5260.00000000	-0.0132010576900	-0.0254056971901	0.0286307068346	-117.456845581
5260.00000000	-0.0132008069440	-0.0254057634227	0.0286306499937	-117.456339196
5260.00000000	-0.0132005189577	-0.0254057982916	0.0286305481538	-117.455795617
5260.00000000	-0.0132002203716	-0.0254057879250	0.0286304012887	-117.455274947
5260.00000000	-0.0132000234276	-0.0254057648618	0.0286302900213	-117.454946488
5260.00000000	-0.0131999983407	-0.0254057581242	0.0286302724762	-117.454908154
5260.00000000	-0.0132001172112	-0.0254057555450	0.0286303249929	-117.455121628
5260.00000000	-0.0132003098962	-0.0254057511269	0.0286304099111	-117.455467880
5260.00000000	-0.0132004728320	-0.0254057480725	0.0286304823241	-117.455760043
5260.00000000	-0.0132005296944	-0.0254057361622	0.0286304979725	-117.455872009
5260.00000000	-0.0132004686665	-0.0254056956872	0.0286304339186	-117.455800981
5260.00000000	-0.0132003378514	-0.0254056251487	0.0286303110110	-117.455633762
5260.00000000	-0.0132001917678	-0.0254055463619	0.0286301737447	-117.455447038
5260.00000000	-0.0132000480357	-0.0254054832498	0.0286300514722	-117.455250025
5260.00000000	-0.0131999630744	-0.0254054226547	0.0286299585300	-117.455155056
5260.00000000	-0.0132000219829	-0.0254053483124	0.0286299197209	-117.455328264
5260.00000000	-0.0132002501028	-0.0254052900493	0.0286299731971	-117.455787130
5260.00000000	-0.0132005939855	-0.0254052963812	0.0286301373693	-117.456391966
5260.00000000	-0.0132009627095	-0.0254053765250	0.0286303784962	-117.456972800
5260.00000000	-0.0132012619580	-0.0254054800269	0.0286306083184	-117.457408698
5260.00000000	-0.0132014226587	-0.0254055485750	0.0286307432424	-117.457630814
5260.00000000	-0.0132014294333	-0.0254055519289	0.0286307493422	-117.457639750
5260.00000000	-0.0132012621318	-0.0254054742188	0.0286306032446	-117.457414366
5260.00000000	-0.0132009407247	-0.0254053341777	0.0286303307822	-117.456972835
5260.00000000	-0.0132005973079	-0.0254051868530	0.0286300417101	-117.456498930
5260.00000000	-0.0132003612397	-0.0254050886064	0.0286298456852	-117.456170366
5260.00000000	-0.0132003026272	-0.0254051001257	0.0286298288826	-117.456055650
5260.00000000	-0.0132004370587	-0.0254052627984	0.0286300352147	-117.456144278
5260.00000000	-0.0132007231321	-0.0254055479449	0.0286304201435	-117.456389186
5270.00000000	-0.00378225345516	-0.00199090330806	0.00427424112342	-152.238569818
5270.00000000	-0.00378186351975	-0.00199080975763	0.00427385249781	-152.237244675
5270.00000000	-0.00378121554128	-0.00199066220883	0.00427321038556	-152.234948233
5270.00000000	-0.00378045529903	-0.00199048954005	0.00427245724110	-152.232247789
5270.00000000	-0.00377965572417	-0.00199030162631	0.00427166220070	-152.229481511
5270.00000000	-0.00377905957036	-0.00199014316046	0.00427106087939	-152.227636255
5270.00000000	-0.00377903312718	-0.00199008487434	0.00427101032350	-152.228162801
5270.00000000	-0.00377958415544	-0.00199013238878	0.00427152002371	-152.231042819
5270.00000000	-0.00378027580922	-0.00199021013247	0.00427216825104	-152.234442024
5270.00000000	-0.00378073531357	-0.00199025229268	0.00427259449279	-152.236812339
5270.00000000	-0.00378107818306	-0.00199027881550	0.00427291024828	-152.238639263
5270.00000000	-0.00378157005076	-0.00199033494575	0.00427337164837	-152.241045097
5270.00000000	-0.00378204336403	-0.00199038321765	0.00427381297678	-152.243427795
5270.00000000	-0.00378218987595	-0.00199036410668	0.00427393373075	-152.244569236
5270.00000000	-0.00378198079674	-0.00199027402490	0.00427370675657	-152.244332602
5270.00000000	-0.00378166218087	-0.00199015616849	0.00427336991439	-152.243741540
5270.00000000	-0.00378142408286	-0.00199004306925	0.00427310654114	-152.243596739
5270.00000000	-0.00378138076501	-0.00198996005760	0.00427302954832	-152.244311238
5270.00000000	-0.00378168216375	-0.00198994396254	0.00427328877583	-152.246384169
5270.00000000	-0.00378216764298	-0.00198997611167	0.00427373338015	-152.249033596
5270.00000000	-0.00378256710590	-0.00199001277973	0.00427410397325	-152.251092000
5270.00000000	-0.00378315420638	-0.00199009862827	0.00427466353056	-152.253737557
5270.00000000	-0.00378433175236	-0.00199030433428	0.00427580146346	-152.258644118
5270.00000000	-0.00378608282234	-0.00199063328124	0.00427750441239	-152.265662294
5270.00000000	-0.00378799609730	-0.00199100992660	0.00427937319720	-152.273120021
5270.00000000	-0.00378961845966	-0.00199134276385	0.00428096415226	-152.279279224
5270.00000000	-0.00379071548081	-0.00199158078196	0.00428204599082	-152.283287920
5270.00000000	-0.00379131881086	-0.00199172617401	0.00428264771815	-152.285320121
5270.00000000	-0.00379156928658	-0.00199179891127	0.00428290328608	-152.286017051
5270.00000000	-0.00379151935384	-0.00199180044411	0.00428285979454	-152.285688240
5270.00000000	-0.00379115242538	-0.00199172278974	0.00428249884806	-152.284324924
5270.00000000	-0.00379027187649	-0.00199153092686	0.00428163010200	-152.281117587
5270.00000000	-0.00378876039985	-0.00199121717021	0.00428014616414	-152.275424497
5270.00000000	-0.00378682251664	-0.00199084416759	0.00427825727045	-152.267772586
5270.00000000	-0.00378484668932	-0.00199049497734	0.00427634595379	-152.259594905
5270.00000000	-0.00378312933596	-0.00199020907629	0.00427469294102	-152.252272194
5270.00000000	-0.00378173908115	-0.00198997789266	0.00427335494561	-152.246336947
5270.00000000	-0.00378062280119	-0.00198978020713	0.00427227504236	-152.241711791
5270.00000000	-0.00377976749968	-0.00198961438373	0.00427144094512	-152.238336776
5270.00000000	-0.00377926718350	-0.00198951264171	0.00427095083042	-152.236418213
5270.00000000	-0.00377935006538	-0.00198952896403	0.00427103177410	-152.236742388
5270.00000000	-0.00378010459741	-0.00198967609877	0.00427176798824	-152.239710328
5270.00000000	-0.00378103605996	-0.00198985334510	0.00427267480879	-152.243424908
5270.00000000	-0.00378135997064	-0.00198991467397	0.00427299001137	-152.244719911
5270.00000000	-0.00378077414619	-0.00198980964808	0.00427242268276	-152.242307691
5270.00000000	-0.00377954866865	-0.00198958524065	0.00427123372909	-152.237315383
5270.00000000	-0.00377814550412	-0.00198931278090	0.00426986519583	-152.231780017
5270.00000000	-0.00377691280972	-0.00198904667114	0.00426865049310	-152.227231913
5270.00000000	-0.00377598151167	-0.00198881282220	0.00426771751857	-152.224183769
5270.00000000	-0.00377538820532	-0.00198862931486	0.00426710705899	-152.222651371
5270.00000000	-0.00377520449052	-0.00198852630666	0.00426689650889	-152.222725497
5270.00000000	-0.00377541633272	-0.00198851740391	0.00426707979197	-152.224156896
5270.00000000	-0.00377596266485	-0.00198860301283	0.00426760307303	-152.226558137
5270.00000000	-0.00377670878886	-0.00198875537770	0.00426833424513	-152.229415511
5270.00000000	-0.00377721344751	-0.00198887415577	0.00426883612189	-152.231160886
5270.00000000	-0.00377706676837	-0.00198886172414	0.00426870054355	-152.230391269
5270.00000000	-0.00377633161880	-0.00198871294452	0.00426798074865	-152.227560370
5270.00000000	-0.00377545892351	-0.00198850903225	0.00426711357412	-152.224522856
5270.00000000	-0.00377484701584	-0.00198835162421	0.00426649881924	-152.222563770
5270.00000000	-0.00377463034727	-0.00198830104990	0.00426628354937	-152.221808613
5270.00000000	-0.00377474960928	-0.00198835498052	0.00426641420180	-152.221914256
5270.00000000	-0.00377507734994	-0.00198847008687	0.00426675781882	-152.222597783
5270.00000000	-0.00377546820269	-0.00198859752317	0.00426716302227	-152.223529639
5270.00000000	-0.00377578008562	-0.00198869168628	0.00426748285036	-152.224362486
5270.00000000	-0.00377596758745	-0.00198872897030	0.00426766612317	-152.225092698
5270.00000000	-0.00377620057248	-0.00198874400084	0.00426787927013	-152.226371714
5270.00000000	-0.00377660974244	-0.00198878447571	0.00426826016516	-152.228450409
5270.00000000	-0.00377704558295	-0.00198884525411	0.00426867412442	-152.230454388
5270.00000000	-0.00377732811877	-0.00198889516208	0.00426894737407	-152.231628476
5270.00000000	-0.00377743937788	-0.00198892285902	0.00426905872444	-152.231995252
5270.00000000	-0.00377756415798	-0.00198896238555	0.00426918755020	-152.232306069
5270.00000000	-0.00377793687763	-0.00198905590368	0.00426956091879	-152.233525865
5270.00000000	-0.00377861374871	-0.00198920476123	0.00427022920275	-152.235989532
5270.00000000	-0.00377955132654	-0.00198939244251	0.00427114627709	-152.239620580
5270.00000000	-0.00378055531936	-0.00198958531315	0.00427212455823	-152.243603308
5270.00000000	-0.00378117596191	-0.00198971563530	0.00427273448324	-152.245932759
5270.00000000	-0.00378115001199	-0.00198974224274	0.00427272390937	-152.245454964
5270.00000000	-0.00378060070452	-0.00198968056853	0.00427220908334	-152.242756273
5270.00000000	-0.00377982799028	-0.00198957218506	0.00427147481740	-152.239215600
5270.00000000	-0.00377917207214	-0.00198946013942	0.00427084221169	-152.236447095
5270.00000000	-0.00377888723621	-0.00198938016274	0.00427055291220	-152.235616430
5270.00000000	-0.00377897773327	-0.00198935216795	0.00427061994992	-152.236514362
5270.00000000	-0.00377922839622	-0.00198936410493	0.00427084731790	-152.237939117
5270.00000000	-0.00377947004479	-0.00198938195184	0.00427106946441	-152.239237240
5270.00000000	-0.00377975186342	-0.00198939680489	0.00427132576565	-152.240821738
5270.00000000	-0.00378003476862	-0.00198939543661	0.00427157547694	-152.242605376
5270.00000000	-0.00378006837345	-0.00198934346617	0.00427158101110	-152.243432179
5270.00000000	-0.00377968883679	-0.00198922919190	0.00427119192742	-152.242417629
5270.00000000	-0.00377897662343	-0.00198907451213	0.00427048963647	-152.239803790
5270.00000000	-0.00377814485259	-0.00198891118367	0.00426967753158	-152.236544455
5270.00000000	-0.00377744443407	-0.00198877083863	0.00426899237538	-152.233832230
5270.00000000	-0.00377704970620	-0.00198867748732	0.00426859961014	-152.232472692
5270.00000000	-0.00377701586008	-0.00198864311606	0.00426855364853	-152.232669267
5270.00000000	-0.00377743591936	-0.00198869109315	0.00426894769104	-152.234726058
5270.00000000	-0.00377825418465	-0.00198881924724	0.00426973145315	-152.238319553
5270.00000000	-0.00377906985273	-0.00198896165321	0.00427051957141	-152.241726292
5270.00000000	-0.00377951515005	-0.00198904916432	0.00427095438368	-152.243469646
5270.00000000	-0.00377952658486	-0.00198905171308	0.00427096568975	-152.243510829
5270.00000000	-0.00377922572956	-0.00198898063652	0.00427066635168	-152.242474908
5270.00000000	-0.00377872683810	-0.00198887058056	0.00427017361511	-152.240664091
5274.00000000	0.00165361255531	0.00361718813586	0.00397724584270	65.4322936538
5274.00000000	0.00165359233396	0.00361721262722	0.00397725970958	65.4327052785
5274.00000000	0.00165356330611	0.00361726379516	0.00397729417709	65.4333920529
5274.00000000	0.00165353709211	0.00361732833920	0.00397734198034	65.4341220584
5274.00000000	0.00165352095382	0.00361739288615	0.00397739397565	65.4347200566
5274.00000000	0.00165352120654	0.00361743913120	0.00397743614008	65.4349936920
5274.00000000	0.00165354818727	0.00361744692132	0.00397745444175	65.4346868603
5274.00000000	0.00165360566530	0.00361741419901	0.00397744857710	65.4337378594
5274.00000000	0.00165367687170	0.00361736003423	0.00397742891995	65.4324805763
5274.00000000	0.00165373854743	0.00361730216243	0.00397740193060	65.4313259398
5274.00000000	0.00165378988382	0.00361723592514	0.00397736303572	65.4302566369
5274.00000000	0.00165385169328	0.00361715701866	0.00397731697518	65.4289742137
5274.00000000	0.00165393130177	0.00361709007084	0.00397728919386	65.4275302119
5274.00000000	0.00165401561201	0.00361706052706	0.00397729738656	65.4262486749
5274.00000000	0.00165409186277	0.00361705819269	0.00397732697421	65.4252357415
5274.00000000	0.00165416056897	0.00361705002492	0.00397734812038	65.4242867119
5274.00000000	0.00165422541380	0.00361702532375	0.00397735262610	65.4232892199
5274.00000000	0.00165429424421	0.00361699116688	0.00397735019174	65.4221828624
5274.00000000	0.00165437532376	0.00361694628237	0.00397734309828	65.4208517578
5274.00000000	0.00165445502199	0.00361689786559	0.00397733222021	65.4195175772
5274.00000000	0.00165451640505	0.00361685967265	0.00397732302262	65.4184845860
5274.00000000	0.00165457336146	0.00361682054010	0.00397731113037	65.4175039479
5274.00000000	0.00165464928841	0.00361675717296	0.00397728509361	65.4161295514
5274.00000000	0.00165475423279	0.00361666157771	0.00397724182552	65.4141818509
5274.00000000	0.00165487374466	0.00361654562831	0.00397718611488	65.4119212696
5274.00000000	0.00165497228528	0.00361642922140	0.00397712126776	65.4099326012
5274.00000000	0.00165502070451	0.00361633575938	0.00397705643120	65.4087380116
5274.00000000	0.00165501978583	0.00361627979341	0.00397700515912	65.4084145158
5274.00000000	0.00165498790259	0.00361625862020	0.00397697263831	65.4087052492
5274.00000000	0.00165494224519	0.00361626271564	0.00397695736253	65.4093279246
5274.00000000	0.00165489571887	0.00361628535244	0.00397695858548	65.4100731446
5274.00000000	0.00165484419717	0.00361633401585	0.00397698139688	65.4110398302
5274.00000000	0.00165477900910	0.00361641815421	0.00397703078125	65.4123981923
5274.00000000	0.00165470502652	0.00361653525957	0.00397710648695	65.4140693340
5274.00000000	0.00165463186276	0.00361667325426	0.00397720153240	65.4158548828
5274.00000000	0.00165456995414	0.00361681617981	0.00397730574783	65.4175224534
5274.00000000	0.00165453165988	0.00361694988489	0.00397741140484	65.4188253413
5274.00000000	0.00165451505231	0.00361706178153	0.00397750625263	65.4197133988
5274.00000000	0.00165450476186	0.00361713657529	0.00397756998824	65.4202963539
5274.00000000	0.00165449372928	0.00361716403581	0.00397759037134	65.4206054096
5274.00000000	0.00165449430292	0.00361713823728	0.00397756714915	65.4204433182
5274.00000000	0.00165452365248	0.00361705789116	0.00397750629221	65.4195774292
5274.00000000	0.00165457440308	0.00361695978813	0.00397743819113	65.4183247616
5274.00000000	0.00165461233668	0.00361690749902	0.00397740642142	65.4175145004
5274.00000000	0.00165461519230	0.00361693160933	0.00397742953440	65.4176215768
5274.00000000	0.00165458969886	0.00361701642373	0.00397749605671	65.4184637745
5274.00000000	0.00165455568384	0.00361712159361	0.00397757754593	65.4195395404
5274.00000000	0.00165452702926	0.00361720717435	0.00397764345219	65.4204276746
5274.00000000	0.00165450593833	0.00361725747367	0.00397768042090	65.4210053181
5274.00000000	0.00165448955472	0.00361727392576	0.00397768856758	65.4213185001
5274.00000000	0.00165448447962	0.00361726214832	0.00397767574633	65.4213144167
5274.00000000	0.00165449561690	0.00361723545266	0.00397765610207	65.4210085822
5274.00000000	0.00165451467028	0.00361720112435	0.00397763280962	65.4205533182
5274.00000000	0.00165453557760	0.00361716590146	0.00397760947507	65.4200684036
5274.00000000	0.00165455072516	0.00361714965674	0.00397760100330	65.4197726465
5274.00000000	0.00165454091346	0.00361717054332	0.00397761591582	65.4200263207
5274.00000000	0.00165449805982	0.00361722187749	0.00397764477310	65.4208952463
5274.00000000	0.00165444350619	0.00361727419016	0.00397766965470	65.4219232828
5274.00000000	0.00165439649046	0.00361730339842	0.00397767666156	65.4227141464
5274.00000000	0.00165435860625	0.00361730737454	0.00397766452079	65.4232342263
5274.00000000	0.00165433204096	0.00361729352099	0.00397764087353	65.4234992215
5274.00000000	0.00165431863572	0.00361727049660	0.00397761435965	65.4235368866
5274.00000000	0.00165431419328	0.00361724966844	0.00397759357073	65.4234702997
5274.00000000	0.00165431410128	0.00361724296123	0.00397758743288	65.4234313218
5274.00000000	0.00165432105716	0.00361725303775	0.00397759948956	65.4234005708
5274.00000000	0.00165433819451	0.00361726489755	0.00397761740252	65.4232471306
5274.00000000	0.00165435965655	0.00361726667258	0.00397762794310	65.4229766220
5274.00000000	0.00165437500965	0.00361726686009	0.00397763449925	65.4227766279
5274.00000000	0.00165438468724	0.00361727376234	0.00397764480127	65.4226912089
5274.00000000	0.00165439725207	0.00361728633297	0.00397766145899	65.4226019294
5274.00000000	0.00165442103208	0.00361729666634	0.00397768074683	65.4223523360
5274.00000000	0.00165445834016	0.00361729021434	0.00397769039696	65.4218249742
5274.00000000	0.00165450461967	0.00361725354037	0.00397767629551	65.4209990252
5274.00000000	0.00165456056773	0.00361718225974	0.00397763474599	65.4198390676
5274.00000000	0.00165462234985	0.00361709686306	0.00397758278825	65.4185180792
5274.00000000	0.00165466891420	0.00361704063869	0.00397755103017	65.4175712114
5274.00000000	0.00165468303183	0.00361703630483	0.00397755296210	65.4173603117
5274.00000000	0.00165466357636	0.00361707544153	0.00397758045809	65.4178496840
5274.00000000	0.00165461992599	0.00361713495798	0.00397761642240	65.4187780982
5274.00000000	0.00165457457784	0.00361718550313	0.00397764352321	65.4196749811
5274.00000000	0.00165455322870	0.00361719798353	0.00397764599212	65.4200294156
5274.00000000	0.00165456006654	0.00361716548073	0.00397761927902	65.4197450964
5274.00000000	0.00165457601569	0.00361711119911	0.00397757655092	65.4192109239
5274.00000000	0.00165457625078	0.00361706113373	0.00397753112053	65.4189078489
5274.00000000	0.00165456017850	0.00361702022814	0.00397748723631	65.4188732735
5274.00000000	0.00165454597105	0.00361698626350	0.00397745043975	65.4188558609
5274.00000000	0.00165453817579	0.00361697303372	0.00397743516626	65.4188786997
5274.00000000	0.00165452776963	0.00361699389732	0.00397744981033	65.4191400372
5274.00000000	0.00165451234140	0.00361704250844	0.00397748759844	65.4196334258
5274.00000000	0.00165449945887	0.00361709997664	0.00397753450021	65.4201465279
5274.00000000	0.00165449731390	0.00361713949450	0.00397756954488	65.4204114090
5274.00000000	0.00165450469080	0.00361714524784	0.00397757784535	65.4203492484
5274.00000000	0.00165451490432	0.00361712304890	0.00397756190643	65.4200824461
5274.00000000	0.00165453435394	0.00361707419556	0.00397752557058	65.4195349415
5274.00000000	0.00165457453700	0.00361700237774	0.00397747697656	65.4185782196
5274.00000000	0.00165462670032	0.00361693643486	0.00397743870992	65.4174997440
5274.00000000	0.00165466519725	0.00361690916091	0.00397742992311	65.4168320080
5274.00000000	0.00165467503964	0.00361693217585	0.00397745494651	65.4168410007
5274.00000000	0.00165465734973	0.00361699721641	0.00397750673268	65.4174624908
5274.00000000	0.00165461960686	0.00361708082134	0.00397756705934	65.4184578854
