DevNumber	X [V]	Y [V]	R [V]	Theta [°]
4253.00000000	0.0128437627505	-0.0997539029218	0.100577350282	-82.6632755781
4253.00000000	0.0128445894080	-0.0997539035576	0.100577456480	-82.6628085594
4253.00000000	0.0128455078728	-0.0997537522864	0.100577423748	-82.6622786181
4253.00000000	0.0128466050377	-0.0997534234144	0.100577237703	-82.6616347877
4253.00000000	0.0128478407350	-0.0997530299872	0.100577005340	-82.6609079858
4253.00000000	0.0128490547684	-0.0997526270696	0.100576760813	-82.6601927302
4253.00000000	0.0128501464577	-0.0997521226900	0.100576400041	-82.6595392112
4253.00000000	0.0128511662646	-0.0997514625048	0.100575875568	-82.6589149603
4253.00000000	0.0128522643544	-0.0997507418078	0.100575301094	-82.6582420672
4253.00000000	0.0128535558728	-0.0997500992292	0.100574828833	-82.6574655644
4253.00000000	0.0128549834890	-0.0997496447626	0.100574560555	-82.6566258545
4253.00000000	0.0128563526794	-0.0997494358331	0.100574528352	-82.6558370321
4253.00000000	0.0128575020646	-0.0997494206345	0.100574660209	-82.6551865106
4253.00000000	0.0128584267398	-0.0997495320677	0.100574888943	-82.6546721769
4253.00000000	0.0128591845684	-0.0997497988506	0.100575250427	-82.6542634301
4253.00000000	0.0128597681726	-0.0997502246736	0.100575747374	-82.6539647080
4253.00000000	0.0128601402838	-0.0997507533044	0.100576319245	-82.6537929708
4253.00000000	0.0128603166565	-0.0997512966317	0.100576880664	-82.6537328974
4253.00000000	0.0128603976651	-0.0997517054521	0.100577296487	-82.6537169070
4253.00000000	0.0128604533311	-0.0997518158355	0.100577413082	-82.6536934966
4253.00000000	0.0128604575099	-0.0997516737266	0.100577272674	-82.6536807842
4253.00000000	0.0128603264488	-0.0997514958612	0.100577079511	-82.6537418769
4253.00000000	0.0128600122147	-0.0997513715561	0.100576916047	-82.6539103631
4253.00000000	0.0128595579706	-0.0997512808975	0.100576768053	-82.6541604058
4253.00000000	0.0128590468283	-0.0997513262056	0.100576747636	-82.6544524995
4253.00000000	0.0128585298422	-0.0997516541430	0.100577006786	-82.6547684794
4253.00000000	0.0128580318015	-0.0997522165343	0.100577500890	-82.6550908284
4253.00000000	0.0128574972381	-0.0997528146028	0.100578025713	-82.6554364073
4253.00000000	0.0128568517888	-0.0997532888952	0.100578413605	-82.6558356186
4253.00000000	0.0128561631465	-0.0997536064998	0.100578640578	-82.6562478211
4253.00000000	0.0128554776784	-0.0997537687234	0.100578713856	-82.6566469148
4253.00000000	0.0128546662622	-0.0997538120628	0.100578653132	-82.6571085117
4253.00000000	0.0128536549948	-0.0997538592263	0.100578570666	-82.6576833016
4253.00000000	0.0128525554861	-0.0997539868663	0.100578556752	-82.6583138064
4253.00000000	0.0128514397526	-0.0997541034165	0.100578529777	-82.6589526711
4253.00000000	0.0128502666549	-0.0997540968484	0.100578373377	-82.6596149856
4253.00000000	0.0128489764019	-0.0997540030058	0.100578115464	-82.6603371431
4253.00000000	0.0128475445666	-0.0997539212626	0.100577851482	-82.6611401787
4253.00000000	0.0128460694674	-0.0997539281257	0.100577669874	-82.6619741096
4253.00000000	0.0128447066156	-0.0997539827559	0.100577549999	-82.6627480985
4253.00000000	0.0128435308221	-0.0997538886168	0.100577306477	-82.6634055782
4253.00000000	0.0128425803673	-0.0997534705517	0.100576770467	-82.6639121804
4253.00000000	0.0128419115377	-0.0997527826058	0.100576002752	-82.6642400357
4253.00000000	0.0128414717718	-0.0997520436424	0.100575213687	-82.6644347600
4253.00000000	0.0128411390916	-0.0997515084882	0.100574640436	-82.6645838056
4253.00000000	0.0128408771077	-0.0997513264976	0.100574426486	-82.6647185953
4253.00000000	0.0128407300467	-0.0997514563489	0.100574536498	-82.6648111327
4253.00000000	0.0128406554029	-0.0997517237136	0.100574792145	-82.6648727545
4253.00000000	0.0128405116003	-0.0997519062762	0.100574954854	-82.6649672842
4253.00000000	0.0128402479018	-0.0997518575202	0.100574872831	-82.6651127332
4253.00000000	0.0128399232035	-0.0997515798535	0.100574555983	-82.6652760003
4253.00000000	0.0128395630862	-0.0997512727537	0.100574205422	-82.6654571403
4253.00000000	0.0128391704245	-0.0997511928699	0.100574076064	-82.6656731946
4253.00000000	0.0128388262192	-0.0997513601110	0.100574197997	-82.6658798421
4253.00000000	0.0128385897249	-0.0997516135139	0.100574419137	-82.6660318955
4253.00000000	0.0128383843604	-0.0997518276830	0.100574605339	-82.6661635061
4253.00000000	0.0128380554802	-0.0997519821701	0.100574716581	-82.6663605654
4253.00000000	0.0128374824765	-0.0997521659978	0.100574825765	-82.6666976933
4253.00000000	0.0128366636413	-0.0997525059514	0.100575058424	-82.6671850729
4253.00000000	0.0128356606968	-0.0997530071498	0.100575427521	-82.6677881991
4253.00000000	0.0128345655249	-0.0997535048953	0.100575781434	-82.6684431803
4253.00000000	0.0128334688803	-0.0997537866410	0.100575920939	-82.6690832879
4253.00000000	0.0128324159207	-0.0997537850137	0.100575784973	-82.6696781138
4253.00000000	0.0128314132026	-0.0997535923329	0.100575465935	-82.6702306681
4253.00000000	0.0128304379127	-0.0997532777431	0.100575029493	-82.6707588686
4253.00000000	0.0128294317382	-0.0997529653484	0.100574591297	-82.6713046838
4253.00000000	0.0128282665155	-0.0997529076770	0.100574385466	-82.6719588805
4253.00000000	0.0128268372751	-0.0997532738691	0.100574566378	-82.6727930551
4253.00000000	0.0128251433249	-0.0997540058201	0.100575076328	-82.6738033669
4253.00000000	0.0128232661033	-0.0997548820722	0.100575706067	-82.6749277032
4253.00000000	0.0128212568286	-0.0997556316697	0.100576193388	-82.6761174413
4253.00000000	0.0128190948700	-0.0997560472818	0.100576330031	-82.6773691881
4253.00000000	0.0128168461691	-0.0997561241578	0.100576119694	-82.6786453525
4253.00000000	0.0128146718272	-0.0997560478720	0.100575766967	-82.6798683898
4253.00000000	0.0128126646866	-0.0997560138276	0.100575477484	-82.6810000262
4253.00000000	0.0128107355925	-0.0997561688548	0.100575385513	-82.6821012892
4253.00000000	0.0128087187661	-0.0997565662319	0.100575522782	-82.6832697093
4253.00000000	0.0128065413020	-0.0997570950314	0.100575769991	-82.6845384264
4253.00000000	0.0128042592308	-0.0997575605602	0.100575941176	-82.6858616559
4253.00000000	0.0128019358629	-0.0997578728203	0.100575955136	-82.6871971014
4253.00000000	0.0127996116432	-0.0997580300466	0.100575815269	-82.6885217881
4253.00000000	0.0127974450181	-0.0997579708920	0.100575480886	-82.6897417451
4253.00000000	0.0127956091120	-0.0997576205160	0.100574899769	-82.6907537298
4253.00000000	0.0127941623908	-0.0997570619882	0.100574161731	-82.6915307295
4253.00000000	0.0127930582783	-0.0997566175857	0.100573580488	-82.6921224150
4253.00000000	0.0127922009091	-0.0997566584118	0.100573511928	-82.6926098410
4253.00000000	0.0127915235717	-0.0997572404493	0.100574003089	-82.6930347522
4253.00000000	0.0127909752875	-0.0997581025103	0.100574788418	-82.6934070249
4253.00000000	0.0127904438625	-0.0997589248255	0.100575536472	-82.6937668859
4253.00000000	0.0127897987754	-0.0997594934744	0.100576018469	-82.6941725900
4253.00000000	0.0127890835672	-0.0997597460714	0.100576178068	-82.6945950177
4253.00000000	0.0127884958129	-0.0997597783777	0.100576135376	-82.6949294692
4253.00000000	0.0127881852952	-0.0997597455789	0.100576063361	-82.6951025521
4253.00000000	0.0127881626690	-0.0997597188075	0.100576033930	-82.6951133980
4253.00000000	0.0127883367846	-0.0997596765708	0.100576014174	-82.6950119541
4253.00000000	0.0127885701413	-0.0997595613271	0.100575929538	-82.6948717475
4253.00000000	0.0127887284518	-0.0997593450369	0.100575735133	-82.6947666263
4253.00000000	0.0127887039518	-0.0997590236130	0.100575413203	-82.6947571869
4253.00000000	0.0127884490816	-0.0997586320777	0.100574992438	-82.6948728412
4253.00000000	0.0127880189146	-0.0997583774639	0.100574685195	-82.6950974678
5260.00000000	-0.000141442160731	0.00694076524188	0.00694220627955	91.1674386083
5260.00000000	-0.000141455324372	0.00694082432677	0.00694226562037	91.1675372924
5260.00000000	-0.000141481616973	0.00694088477735	0.00694232659419	91.1677440773
5260.00000000	-0.000141523832250	0.00694091775656	0.00694236042700	91.1680868637
5260.00000000	-0.000141571073785	0.00694091003842	0.00694235367367	91.1684779692
5260.00000000	-0.000141590031139	0.00694087498536	0.00694231901452	91.1686402934
5260.00000000	-0.000141555499656	0.00694083650030	0.00694227983326	91.1683618367
5260.00000000	-0.000141483278879	0.00694081029260	0.00694225215878	91.1677703186
5260.00000000	-0.000141421960315	0.00694079332175	0.00694223394205	91.1672672027
5260.00000000	-0.000141425488781	0.00694076196752	0.00694220266621	91.1673015895
5260.00000000	-0.000141519243776	0.00694069953004	0.00694214215229	91.1680857177
5260.00000000	-0.000141687747609	0.00694061813686	0.00694206421316	91.1694898562
5260.00000000	-0.000141888165727	0.00694054349918	0.00694199368449	91.1711562366
5260.00000000	-0.000142069390966	0.00694049406583	0.00694194796795	91.1726600166
5260.00000000	-0.000142185351402	0.00694048138419	0.00694193766310	91.1736190460
5260.00000000	-0.000142219587265	0.00694050964056	0.00694196661485	91.1738967769
5260.00000000	-0.000142190800142	0.00694057258956	0.00694202896094	91.1736485894
5260.00000000	-0.000142130179706	0.00694065426838	0.00694210938125	91.1731345638
5260.00000000	-0.000142066532622	0.00694073637300	0.00694219016587	91.1725955037
5260.00000000	-0.000142012428546	0.00694080272840	0.00694225540040	91.1721378587
5260.00000000	-0.000141972502653	0.00694084655183	0.00694229839805	91.1718010149
5260.00000000	-0.000141953865866	0.00694087456135	0.00694232602060	91.1716425082
5260.00000000	-0.000141950254009	0.00694089596827	0.00694234734921	91.1716090929
5260.00000000	-0.000141944451626	0.00694090981740	0.00694236107679	91.1715588784
5260.00000000	-0.000141937534595	0.00694090847496	0.00694235959321	91.1715020301
5260.00000000	-0.000141944513644	0.00694088960666	0.00694234087155	91.1715628006
5260.00000000	-0.000141976899857	0.00694085876620	0.00694231069979	91.1718352364
5260.00000000	-0.000142031726990	0.00694082618241	0.00694227924430	91.1722931389
5260.00000000	-0.000142092933986	0.00694080292650	0.00694225724577	91.1728021130
5260.00000000	-0.000142145708100	0.00694078672004	0.00694224212308	91.1732403153
5260.00000000	-0.000142168100450	0.00694076265187	0.00694221851848	91.1734291532
5260.00000000	-0.000142142774460	0.00694073439859	0.00694218975252	91.1732249500
5260.00000000	-0.000142082522114	0.00694072325873	0.00694217738158	91.1727296569
5260.00000000	-0.000142007141100	0.00694074731610	0.00694219989154	91.1721035844
5260.00000000	-0.000141919448704	0.00694080204555	0.00694225281630	91.1713707536
5260.00000000	-0.000141821873367	0.00694086163733	0.00694231040162	91.1705555659
5260.00000000	-0.000141732838452	0.00694090680658	0.00694235374315	91.1698132918
5260.00000000	-0.000141671690036	0.00694094051943	0.00694238620087	91.1693030564
5260.00000000	-0.000141645883726	0.00694096400699	0.00694240915697	91.1690861653
5260.00000000	-0.000141646389258	0.00694096155880	0.00694240671960	91.1690907488
5260.00000000	-0.000141656746451	0.00694091095508	0.00694235633774	91.1691847307
5260.00000000	-0.000141667192645	0.00694080712067	0.00694225273811	91.1692884134
5260.00000000	-0.000141681535629	0.00694067056004	0.00694211649863	91.1694297664
5260.00000000	-0.000141701453981	0.00694053632952	0.00694198270261	91.1696167392
5260.00000000	-0.000141715556569	0.00694043498799	0.00694188167009	91.1697501862
5260.00000000	-0.000141713526107	0.00694037221735	0.00694181887108	91.1697440074
5260.00000000	-0.000141700031210	0.00694033653502	0.00694178292071	91.1696386594
5260.00000000	-0.000141689066678	0.00694031441534	0.00694176058183	91.1695519062
5260.00000000	-0.000141684895710	0.00694029963789	0.00694174572232	91.1695199765
5260.00000000	-0.000141687228797	0.00694028136208	0.00694172749794	91.1695423082
5260.00000000	-0.000141697868903	0.00694024561812	0.00694169197861	91.1696361337
5260.00000000	-0.000141705445560	0.00694020061555	0.00694164714008	91.1697062400
5260.00000000	-0.000141693641282	0.00694017552488	0.00694162181367	91.1696130560
5260.00000000	-0.000141670842394	0.00694018819789	0.00694163401871	91.1694227796
5260.00000000	-0.000141662648529	0.00694023349604	0.00694167914020	91.1693475319
5260.00000000	-0.000141677648566	0.00694029391916	0.00694173985687	91.1694611359
5260.00000000	-0.000141704394147	0.00694034731486	0.00694179378736	91.1696728463
5260.00000000	-0.000141728290099	0.00694037436129	0.00694182131598	91.1698654785
5260.00000000	-0.000141745208244	0.00694036952646	0.00694181682759	91.1700059017
5260.00000000	-0.000141767641460	0.00694033896386	0.00694178672947	91.1701961721
5260.00000000	-0.000141812164675	0.00694029065189	0.00694173933700	91.1705717251
5260.00000000	-0.000141882537713	0.00694022943594	0.00694167957183	91.1711627764
5260.00000000	-0.000141973446160	0.00694016150154	0.00694161351034	91.1719244349
5260.00000000	-0.000142064733948	0.00694010990364	0.00694156379091	91.1726864787
5260.00000000	-0.000142121495934	0.00694009249172	0.00694154754455	91.1731578374
5260.00000000	-0.000142121596543	0.00694010315072	0.00694155820337	91.1731568663
5260.00000000	-0.000142063252629	0.00694014440312	0.00694159825285	91.1726684267
5260.00000000	-0.000141964173864	0.00694023005939	0.00694168186422	91.1718363451
5260.00000000	-0.000141860072645	0.00694034396060	0.00694179361344	91.1709580740
5260.00000000	-0.000141787223525	0.00694044680214	0.00694189494519	91.1703395843
5260.00000000	-0.000141757007352	0.00694051492973	0.00694196244148	91.1700787611
5260.00000000	-0.000141752925684	0.00694054858489	0.00694199600627	91.1700394079
5260.00000000	-0.000141752521331	0.00694055827864	0.00694200568975	91.1700344375
5260.00000000	-0.000141743834307	0.00694054870238	0.00694199593811	91.1699643680
5260.00000000	-0.000141722251427	0.00694052007638	0.00694196687742	91.1697910942
5260.00000000	-0.000141672585372	0.00694049248983	0.00694193828284	91.1693859056
5260.00000000	-0.000141585325983	0.00694049594195	0.00694193995399	91.1686652728
5260.00000000	-0.000141479308025	0.00694052989478	0.00694197173827	91.1677847168
5260.00000000	-0.000141394799192	0.00694056687149	0.00694200698551	91.1670811491
5260.00000000	-0.000141369277941	0.00694057837911	0.00694201797098	91.1668686193
5260.00000000	-0.000141412845827	0.00694054748752	0.00694198797316	91.1672333249
5260.00000000	-0.000141519071114	0.00694046533866	0.00694190800606	91.1681236966
5260.00000000	-0.000141666252864	0.00694034750755	0.00694179320152	91.1693580710
5260.00000000	-0.000141804507981	0.00694024288754	0.00694169142620	91.1705165948
5260.00000000	-0.000141890623317	0.00694020213861	0.00694165244548	91.1712341055
5260.00000000	-0.000141921478071	0.00694024937079	0.00694170029853	91.1714807543
5260.00000000	-0.000141927978621	0.00694036866084	0.00694181969655	91.1715142671
5260.00000000	-0.000141939639818	0.00694052315811	0.00694197439996	91.1715844221
5260.00000000	-0.000141960273287	0.00694067493615	0.00694212656817	91.1717290688
5260.00000000	-0.000141978768438	0.00694078846863	0.00694224045514	91.1718625203
5260.00000000	-0.000141992171522	0.00694083797152	0.00694229022180	91.1719647593
5260.00000000	-0.000142005071491	0.00694081523834	0.00694226775723	91.1720750402
5260.00000000	-0.000142023004386	0.00694073432157	0.00694218722424	91.1722366749
5260.00000000	-0.000142048396469	0.00694063189036	0.00694208533399	91.1724634972
5260.00000000	-0.000142061297399	0.00694055311613	0.00694200684024	91.1725832562
5260.00000000	-0.000142027186934	0.00694052861931	0.00694198165060	91.1723059213
5260.00000000	-0.000141945440156	0.00694055757670	0.00694200892994	91.1716264768
5260.00000000	-0.000141855990917	0.00694060747631	0.00694205699071	91.1708799471
5260.00000000	-0.000141788223746	0.00694064365808	0.00694209178050	91.1703146529
5260.00000000	-0.000141740054848	0.00694066219207	0.00694210932697	91.1699140560
5270.00000000	-0.0230949458656	-0.0571219318733	0.0616140537984	-112.013956728
5270.00000000	-0.0230947355628	-0.0571220489660	0.0616140835263	-112.013734609
5270.00000000	-0.0230944298407	-0.0571220995688	0.0616140158471	-112.013453402
5270.00000000	-0.0230940101385	-0.0571220600673	0.0616138219120	-112.013105336
5270.00000000	-0.0230935673607	-0.0571219804705	0.0616135821578	-112.012751348
5270.00000000	-0.0230932504629	-0.0571219424073	0.0616134280926	-112.012491407
5270.00000000	-0.0230930959578	-0.0571219852705	0.0616134099215	-112.012343263
5270.00000000	-0.0230930250080	-0.0571220888667	0.0616134793736	-112.012245987
5270.00000000	-0.0230929189981	-0.0571221867259	0.0616135303663	-112.012120485
5270.00000000	-0.0230926771066	-0.0571221613104	0.0616134161423	-112.011920800
5270.00000000	-0.0230923062368	-0.0571219434800	0.0616130751892	-112.011676979
5270.00000000	-0.0230919249019	-0.0571215848549	0.0616125997829	-112.011473204
5270.00000000	-0.0230916560064	-0.0571211774710	0.0616121213139	-112.011383362
5270.00000000	-0.0230915443739	-0.0571208029674	0.0616117322692	-112.011417644
5270.00000000	-0.0230916390570	-0.0571205840422	0.0616115647883	-112.011575581
5270.00000000	-0.0230920251323	-0.0571206110567	0.0616117345333	-112.011899025
5270.00000000	-0.0230927393642	-0.0571208825972	0.0616122539762	-112.012420160
5270.00000000	-0.0230937024091	-0.0571213211841	0.0616130215521	-112.013097573
5270.00000000	-0.0230947080975	-0.0571217782603	0.0616138222620	-112.013805288
5270.00000000	-0.0230955635481	-0.0571220599908	0.0616144041049	-112.014444583
5270.00000000	-0.0230962436631	-0.0571220634826	0.0616146622798	-112.015029696
5270.00000000	-0.0230968681134	-0.0571218410719	0.0616146901647	-112.015645562
5270.00000000	-0.0230975571293	-0.0571215087978	0.0616146404086	-112.016355387
5270.00000000	-0.0230983408924	-0.0571211282146	0.0616145813951	-112.017163734
5270.00000000	-0.0230991858114	-0.0571206954269	0.0616144969240	-112.018043004
5270.00000000	-0.0231000751986	-0.0571201905067	0.0616143622681	-112.018985760
5270.00000000	-0.0231009822039	-0.0571196062801	0.0616141607130	-112.019971358
5270.00000000	-0.0231019072571	-0.0571189870665	0.0616139335087	-112.020984720
5270.00000000	-0.0231028967946	-0.0571184344122	0.0616137922060	-112.022030472
5270.00000000	-0.0231039203795	-0.0571180119517	0.0616137843848	-112.023060180
5270.00000000	-0.0231049478713	-0.0571176653205	0.0616138483444	-112.024066814
5270.00000000	-0.0231060499979	-0.0571173436656	0.0616139634654	-112.025129075
5270.00000000	-0.0231072367348	-0.0571170740959	0.0616141586228	-112.026246105
5270.00000000	-0.0231083906077	-0.0571169108791	0.0616144400676	-112.027297706
5270.00000000	-0.0231094230549	-0.0571168193458	0.0616147424414	-112.028219625
5270.00000000	-0.0231103429329	-0.0571166579272	0.0616149378255	-112.029068874
5270.00000000	-0.0231112084631	-0.0571163229794	0.0616149519785	-112.029931796
5270.00000000	-0.0231120702456	-0.0571158624766	0.0616148483524	-112.030835282
5270.00000000	-0.0231128958898	-0.0571154142737	0.0616147425870	-112.031703329
5270.00000000	-0.0231136089126	-0.0571150504386	0.0616146727945	-112.032444870
5270.00000000	-0.0231141303616	-0.0571146607911	0.0616145072175	-112.033030281
5270.00000000	-0.0231143868994	-0.0571140853223	0.0616140700160	-112.033452169
5270.00000000	-0.0231143449364	-0.0571133223020	0.0616133469811	-112.033682183
5270.00000000	-0.0231141175374	-0.0571125523038	0.0616125479118	-112.033754788
5270.00000000	-0.0231139098763	-0.0571120366699	0.0616119920337	-112.033755669
5270.00000000	-0.0231138108016	-0.0571118895674	0.0616118185069	-112.033721584
5270.00000000	-0.0231137438392	-0.0571120290532	0.0616119226841	-112.033615198
5270.00000000	-0.0231136057627	-0.0571122800369	0.0616121035379	-112.033408613
5270.00000000	-0.0231133708124	-0.0571124761834	0.0616121972187	-112.033137651
5270.00000000	-0.0231130577621	-0.0571124934639	0.0616120957993	-112.032861765
5270.00000000	-0.0231126833792	-0.0571122800909	0.0616117575644	-112.032613471
5270.00000000	-0.0231123508194	-0.0571119762311	0.0616113511410	-112.032432795
5270.00000000	-0.0231121858426	-0.0571118294344	0.0616111531767	-112.032341789
5270.00000000	-0.0231121515905	-0.0571118998764	0.0616112056255	-112.032287688
5270.00000000	-0.0231121636410	-0.0571120794250	0.0616113765827	-112.032235440
5270.00000000	-0.0231122286420	-0.0571122425870	0.0616115522131	-112.032234554
5270.00000000	-0.0231123873195	-0.0571122774286	0.0616116440350	-112.032359186
5270.00000000	-0.0231127023212	-0.0571121262540	0.0616116220680	-112.032683467
5270.00000000	-0.0231132286447	-0.0571117909325	0.0616115086807	-112.033254158
5270.00000000	-0.0231139416777	-0.0571112469369	0.0616112719116	-112.034058602
5270.00000000	-0.0231147487165	-0.0571104884409	0.0616108715909	-112.035018926
5270.00000000	-0.0231155669913	-0.0571095861719	0.0616103422329	-112.036039114
5270.00000000	-0.0231163658201	-0.0571086507519	0.0616097748692	-112.037054123
5270.00000000	-0.0231171615882	-0.0571078242323	0.0616093073199	-112.038028511
5270.00000000	-0.0231179982225	-0.0571072130853	0.0616090547580	-112.038962985
5270.00000000	-0.0231189745525	-0.0571068749673	0.0616091077105	-112.039922606
5270.00000000	-0.0231201999193	-0.0571068570862	0.0616095509688	-112.040985138
5270.00000000	-0.0231216660551	-0.0571071326572	0.0616103566090	-112.042152781
5270.00000000	-0.0231232508888	-0.0571075553344	0.0616113431759	-112.043371366
5270.00000000	-0.0231248159870	-0.0571079275609	0.0616122756010	-112.044590509
5270.00000000	-0.0231262690247	-0.0571080710502	0.0616129539795	-112.045792866
5270.00000000	-0.0231275612017	-0.0571078843038	0.0616132659156	-112.046971820
5270.00000000	-0.0231286425684	-0.0571074258747	0.0616132469287	-112.048063900
5270.00000000	-0.0231295008838	-0.0571068921590	0.0616130744501	-112.048990011
5270.00000000	-0.0231302055898	-0.0571064482716	0.0616129275787	-112.049752369
5270.00000000	-0.0231309535261	-0.0571062107371	0.0616129882068	-112.050479951
5270.00000000	-0.0231319232437	-0.0571062170716	0.0616133581391	-112.051313543
5270.00000000	-0.0231330831684	-0.0571062969387	0.0616138676511	-112.052285388
5270.00000000	-0.0231342396919	-0.0571061855571	0.0616141986478	-112.053321062
5270.00000000	-0.0231352470061	-0.0571057399661	0.0616141638838	-112.054344821
5270.00000000	-0.0231360816470	-0.0571049800816	0.0616137730064	-112.055329506
5270.00000000	-0.0231366985052	-0.0571039534317	0.0616130531239	-112.056219659
5270.00000000	-0.0231370541556	-0.0571027267224	0.0616120497478	-112.056954568
5270.00000000	-0.0231372257317	-0.0571015153695	0.0616109914873	-112.057525485
5270.00000000	-0.0231373872073	-0.0571006332961	0.0616102346173	-112.057972716
5270.00000000	-0.0231376924578	-0.0571002757272	0.0616100178575	-112.058360693
5270.00000000	-0.0231381411803	-0.0571003432901	0.0616102489942	-112.058723850
5270.00000000	-0.0231386421849	-0.0571005754644	0.0616106523300	-112.059074573
5270.00000000	-0.0231391801374	-0.0571007619161	0.0616110271691	-112.059473106
5270.00000000	-0.0231397986443	-0.0571007923665	0.0616112876849	-112.059995549
5270.00000000	-0.0231404452553	-0.0571006463688	0.0616113952313	-112.060603838
5270.00000000	-0.0231410063191	-0.0571003638717	0.0616113441482	-112.061186073
5270.00000000	-0.0231414290174	-0.0571000315948	0.0616111949657	-112.061666444
5270.00000000	-0.0231416915708	-0.0570997442923	0.0616110273166	-112.061993084
5270.00000000	-0.0231418263404	-0.0570996232557	0.0616109657635	-112.062151516
5270.00000000	-0.0231419102527	-0.0570997818745	0.0616111442862	-112.062168431
5270.00000000	-0.0231419668176	-0.0571001778272	0.0616115324926	-112.062078875
5270.00000000	-0.0231419705340	-0.0571006210998	0.0616119447038	-112.061927243
5270.00000000	-0.0231419014395	-0.0571009659362	0.0616122383385	-112.061747245
5270.00000000	-0.0231417301163	-0.0571012563006	0.0616124430930	-112.061498169
5274.00000000	-0.0114114231902	0.0135345302799	0.0177032225632	130.135377888
5274.00000000	-0.0114114897610	0.0135345217498	0.0177032589531	130.135560402
5274.00000000	-0.0114115329865	0.0135344654658	0.0177032437860	130.135784777
5274.00000000	-0.0114115651537	0.0135343747879	0.0177031951963	130.136053545
5274.00000000	-0.0114115961606	0.0135342792548	0.0177031421470	130.136329572
5274.00000000	-0.0114116276493	0.0135342121452	0.0177031111390	130.136547494
5274.00000000	-0.0114116554811	0.0135341737584	0.0177030997326	130.136696444
5274.00000000	-0.0114116772108	0.0135341395646	0.0177030875984	130.136821548
5274.00000000	-0.0114116952764	0.0135340940019	0.0177030644108	130.136961305
5274.00000000	-0.0114117158728	0.0135340452713	0.0177030404328	130.137113934
5274.00000000	-0.0114117384422	0.0135340180833	0.0177030341962	130.137226500
5274.00000000	-0.0114117490484	0.0135340328775	0.0177030523434	130.137221878
5274.00000000	-0.0114117367233	0.0135340956488	0.0177030923873	130.137060422
5274.00000000	-0.0114117044816	0.0135341887874	0.0177031428087	130.136786332
5274.00000000	-0.0114116640344	0.0135342972054	0.0177031996226	130.136460064
5274.00000000	-0.0114116123208	0.0135344197208	0.0177032599523	130.136076511
5274.00000000	-0.0114115401299	0.0135345590957	0.0177033199725	130.135607120
5274.00000000	-0.0114114568590	0.0135347194954	0.0177033889260	130.135066456
5274.00000000	-0.0114113825468	0.0135348873411	0.0177034693483	130.134532429
5274.00000000	-0.0114113031346	0.0135350224571	0.0177035214617	130.134054066
5274.00000000	-0.0114111838240	0.0135351037324	0.0177035066953	130.133589299
5274.00000000	-0.0114110118319	0.0135351645792	0.0177034423550	130.133036791
5274.00000000	-0.0114107985973	0.0135352445347	0.0177033660427	130.132342366
5274.00000000	-0.0114105643309	0.0135353523136	0.0177032974499	130.131537851
5274.00000000	-0.0114103312124	0.0135354830205	0.0177032471308	130.130688343
5274.00000000	-0.0114101085238	0.0135356349749	0.0177032197834	130.129820317
5274.00000000	-0.0114098892604	0.0135358091310	0.0177032116229	130.128914454
5274.00000000	-0.0114096662011	0.0135360196793	0.0177032288461	130.127923286
5274.00000000	-0.0114094438375	0.0135362764613	0.0177032818742	130.126837405
5274.00000000	-0.0114092282064	0.0135365473541	0.0177033500370	130.125738760
5274.00000000	-0.0114090052101	0.0135367878562	0.0177033902218	130.124685284
5274.00000000	-0.0114087491527	0.0135369866573	0.0177033772199	130.123636969
5274.00000000	-0.0114084565706	0.0135371517077	0.0177033148783	130.122568653
5274.00000000	-0.0114081541777	0.0135372927321	0.0177032278485	130.121526158
5274.00000000	-0.0114078637009	0.0135374239215	0.0177031409826	130.120533655
5274.00000000	-0.0114075874451	0.0135375585837	0.0177030659414	130.119569097
5274.00000000	-0.0114073214672	0.0135377082377	0.0177030089924	130.118598702
5274.00000000	-0.0114070639502	0.0135378846377	0.0177029779536	130.117593464
5274.00000000	-0.0114068305653	0.0135380950665	0.0177029884927	130.116576987
5274.00000000	-0.0114066375709	0.0135383306820	0.0177030443238	130.115607958
5274.00000000	-0.0114064774189	0.0135385543671	0.0177031121970	130.114745102
5274.00000000	-0.0114063349263	0.0135387082866	0.0177031380980	130.114071444
5274.00000000	-0.0114062078599	0.0135387549687	0.0177030919290	130.113659590
5274.00000000	-0.0114060981297	0.0135387153666	0.0177029909428	130.113470571
5274.00000000	-0.0114060109073	0.0135386468025	0.0177028823094	130.113397656
5274.00000000	-0.0114059625677	0.0135385794829	0.0177027996800	130.113418387
5274.00000000	-0.0114059746227	0.0135385162577	0.0177027590944	130.113580070
5274.00000000	-0.0114060366085	0.0135384491995	0.0177027477483	130.113873336
5274.00000000	-0.0114060998967	0.0135383600268	0.0177027203296	130.114215943
5274.00000000	-0.0114061438680	0.0135382515328	0.0177026656892	130.114551029
5274.00000000	-0.0114061875892	0.0135381481889	0.0177026148268	130.114874759
5274.00000000	-0.0114062543099	0.0135380762830	0.0177026028263	130.115189857
5274.00000000	-0.0114063499202	0.0135380435240	0.0177026393783	130.115494825
5274.00000000	-0.0114064535895	0.0135380284207	0.0177026946256	130.115782918
5274.00000000	-0.0114065387915	0.0135380073839	0.0177027334367	130.116037675
5274.00000000	-0.0114065889268	0.0135379818988	0.0177027462513	130.116214913
5274.00000000	-0.0114065923951	0.0135379758718	0.0177027438770	130.116236067
5274.00000000	-0.0114065471337	0.0135380223908	0.0177027502882	130.116027027
5274.00000000	-0.0114064548874	0.0135381379638	0.0177027792345	130.115557688
5274.00000000	-0.0114062964221	0.0135383029625	0.0177028033139	130.114821377
5274.00000000	-0.0114060614919	0.0135384822052	0.0177027890226	130.113866099
5274.00000000	-0.0114057725165	0.0135386603436	0.0177027390704	130.112779349
5274.00000000	-0.0114054578191	0.0135388420312	0.0177026752670	130.111621522
5274.00000000	-0.0114051372395	0.0135390313288	0.0177026135013	130.110433257
5274.00000000	-0.0114048234853	0.0135392226059	0.0177025576542	130.109257753
5274.00000000	-0.0114045330236	0.0135394339708	0.0177025321843	130.108098014
5274.00000000	-0.0114042779511	0.0135397115689	0.0177025801779	130.106887778
5274.00000000	-0.0114040497019	0.0135400722538	0.0177027090086	130.105570714
5274.00000000	-0.0114038212538	0.0135404849766	0.0177028775229	130.104144684
5274.00000000	-0.0114035572523	0.0135408926830	0.0177030193091	130.102641123
5274.00000000	-0.0114032316040	0.0135412501862	0.0177030829975	130.101089634
5274.00000000	-0.0114028514257	0.0135415536401	0.0177030702316	130.099515833
5274.00000000	-0.0114024592088	0.0135418197538	0.0177030211617	130.097990066
5274.00000000	-0.0114020963483	0.0135420551099	0.0177029674839	130.096601086
5274.00000000	-0.0114017934474	0.0135422546030	0.0177029249999	130.095435306
5274.00000000	-0.0114015721155	0.0135424324797	0.0177029185213	130.094516535
5274.00000000	-0.0114014232209	0.0135426154076	0.0177029625639	130.093766582
5274.00000000	-0.0114013005458	0.0135428062901	0.0177030295811	130.093064970
5274.00000000	-0.0114011586585	0.0135429782205	0.0177030697292	130.092355298
5274.00000000	-0.0114009787271	0.0135431119519	0.0177030561564	130.091631053
5274.00000000	-0.0114007724463	0.0135432079057	0.0177029967166	130.090920306
5274.00000000	-0.0114005740408	0.0135432621304	0.0177029104271	130.090316030
5274.00000000	-0.0114004070463	0.0135432654591	0.0177028054307	130.089895605
5274.00000000	-0.0114002852332	0.0135432198030	0.0177026920561	130.089689148
5274.00000000	-0.0114002260966	0.0135431560760	0.0177026052194	130.089675546
5274.00000000	-0.0114002406586	0.0135431249483	0.0177025907832	130.089776483
5274.00000000	-0.0114003047653	0.0135431443209	0.0177026468880	130.089894839
5274.00000000	-0.0114003682820	0.0135431979761	0.0177027288401	130.089940277
5274.00000000	-0.0114003859052	0.0135432782543	0.0177028016049	130.089816590
5274.00000000	-0.0114003282931	0.0135433935041	0.0177028526740	130.089433725
5274.00000000	-0.0114001999455	0.0135435381457	0.0177028806781	130.088814456
5274.00000000	-0.0114000390607	0.0135436901466	0.0177028933617	130.088099285
5274.00000000	-0.0113998824346	0.0135438269494	0.0177028971628	130.087426336
5274.00000000	-0.0113997385850	0.0135439308946	0.0177028840556	130.086853503
5274.00000000	-0.0113995971281	0.0135439966346	0.0177028432609	130.086366220
5274.00000000	-0.0113994477082	0.0135440409826	0.0177027809733	130.085903799
5274.00000000	-0.0113992874792	0.0135440891012	0.0177027146115	130.085406751
5274.00000000	-0.0113991178034	0.0135441474484	0.0177026499937	130.084864989
5274.00000000	-0.0113989504516	0.0135442135459	0.0177025928037	130.084312826
5274.00000000	-0.0113988141747	0.0135442988160	0.0177025702938	130.083797654
