DevNumber	X [V]	Y [V]	R [V]	Theta [°]
4253.00000000	-0.000991254257666	-0.00107175855706	0.00145988061429	-132.765298691
4253.00000000	-0.000991253995643	-0.00107177902896	0.00145989546571	-132.764745602
4253.00000000	-0.000991246956085	-0.00107179822528	0.00145990477897	-132.764031234
4253.00000000	-0.000991232070325	-0.00107180959869	0.00145990302181	-132.763299260
4253.00000000	-0.000991217961149	-0.00107180831740	0.00145989250144	-132.762926868
4253.00000000	-0.000991213711007	-0.00107180317837	0.00145988584282	-132.762941347
4253.00000000	-0.000991219010018	-0.00107180894950	0.00145989367765	-132.762940246
4253.00000000	-0.000991222155626	-0.00107182759950	0.00145990950571	-132.762533919
4253.00000000	-0.000991217002273	-0.00107185284320	0.00145992454020	-132.761712783
4253.00000000	-0.000991208920796	-0.00107188057255	0.00145993941192	-132.760741063
4253.00000000	-0.000991202552936	-0.00107191082894	0.00145995730285	-132.759751407
4253.00000000	-0.000991195796886	-0.00107193832138	0.00145997290132	-132.758824232
4253.00000000	-0.000991186761914	-0.00107195293707	0.00145997749856	-132.758174486
4253.00000000	-0.000991177306496	-0.00107195640766	0.00145997362745	-132.757809568
4253.00000000	-0.000991164555425	-0.00107195757788	0.00145996582998	-132.757410973
4253.00000000	-0.000991141943208	-0.00107195760347	0.00145995049753	-132.756758719
4253.00000000	-0.000991113252239	-0.00107195394840	0.00145992833600	-132.756029349
4253.00000000	-0.000991087721872	-0.00107194670523	0.00145990568575	-132.755486634
4253.00000000	-0.000991075704307	-0.00107193761577	0.00145989085338	-132.755382496
4253.00000000	-0.000991081479420	-0.00107193172544	0.00145989044892	-132.755705857
4253.00000000	-0.000991099205309	-0.00107193347398	0.00145990376648	-132.756170073
4253.00000000	-0.000991121908865	-0.00107194095939	0.00145992467567	-132.756624867
4253.00000000	-0.000991140311757	-0.00107194869838	0.00145994285147	-132.756948967
4253.00000000	-0.000991147015487	-0.00107195172043	0.00145994962147	-132.757061620
4253.00000000	-0.000991139823037	-0.00107194557036	0.00145994022296	-132.757018225
4253.00000000	-0.000991124727689	-0.00107193431914	0.00145992171379	-132.756883013
4253.00000000	-0.000991115694068	-0.00107192945397	0.00145991200876	-132.756752326
4253.00000000	-0.000991123638135	-0.00107193377308	0.00145992057316	-132.756866166
4253.00000000	-0.000991145253507	-0.00107193742393	0.00145993792826	-132.757391754
4253.00000000	-0.000991161166154	-0.00107193568543	0.00145994745487	-132.757896598
4253.00000000	-0.000991159127707	-0.00107193337701	0.00145994437606	-132.757899365
4253.00000000	-0.000991147111877	-0.00107192807684	0.00145993232696	-132.757694344
4253.00000000	-0.000991136356327	-0.00107191416954	0.00145991481385	-132.757754963
4253.00000000	-0.000991131998401	-0.00107189493169	0.00145989773027	-132.758141966
4253.00000000	-0.000991131709268	-0.00107187728586	0.00145988457799	-132.758603805
4253.00000000	-0.000991128069135	-0.00107186185062	0.00145987077382	-132.758910188
4253.00000000	-0.000991121973869	-0.00107184766124	0.00145985621758	-132.759112632
4253.00000000	-0.000991120770375	-0.00107183739618	0.00145984786376	-132.759351475
4253.00000000	-0.000991125281260	-0.00107183120399	0.00145984637993	-132.759646459
4253.00000000	-0.000991129778238	-0.00107182879962	0.00145984766774	-132.759840112
4253.00000000	-0.000991135980897	-0.00107182808753	0.00145985135608	-132.760037822
4253.00000000	-0.000991153425702	-0.00107182111373	0.00145985807979	-132.760726331
4253.00000000	-0.000991184639969	-0.00107180100946	0.00145986451234	-132.762161485
4253.00000000	-0.000991221143204	-0.00107176941551	0.00145986610166	-132.764055198
4253.00000000	-0.000991252887010	-0.00107173161388	0.00145985990362	-132.765977204
4253.00000000	-0.000991273446683	-0.00107169649562	0.00145984808279	-132.767505474
4253.00000000	-0.000991285515303	-0.00107167768455	0.00145984246835	-132.768354522
4253.00000000	-0.000991290882568	-0.00107168431970	0.00145985098381	-132.768332333
4253.00000000	-0.000991283109863	-0.00107170933382	0.00145986406904	-132.767441753
4253.00000000	-0.000991262437164	-0.00107173373079	0.00145986794233	-132.766195956
4253.00000000	-0.000991238961765	-0.00107174423562	0.00145985971446	-132.765239618
4253.00000000	-0.000991221318828	-0.00107173871545	0.00145984368242	-132.764878371
4253.00000000	-0.000991212236880	-0.00107171773782	0.00145982211523	-132.765175723
4253.00000000	-0.000991212945497	-0.00107168949740	0.00145980186401	-132.765948746
4253.00000000	-0.000991220385598	-0.00107166872103	0.00145979166338	-132.766716826
4253.00000000	-0.000991228970605	-0.00107166194993	0.00145979252194	-132.767144649
4253.00000000	-0.000991237222653	-0.00107166322602	0.00145979906205	-132.767348411
4253.00000000	-0.000991244295496	-0.00107166365837	0.00145980418208	-132.767540680
4253.00000000	-0.000991247283509	-0.00107165545029	0.00145980018537	-132.767845529
4253.00000000	-0.000991246325451	-0.00107163620004	0.00145978540305	-132.768330973
4253.00000000	-0.000991246157076	-0.00107161635128	0.00145977071770	-132.768855131
4253.00000000	-0.000991254208633	-0.00107160607314	0.00145976863993	-132.769361060
4253.00000000	-0.000991273383740	-0.00107160324742	0.00145977958651	-132.769988862
4253.00000000	-0.000991296516665	-0.00107160397560	0.00145979582972	-132.770635966
4253.00000000	-0.000991312888174	-0.00107160872469	0.00145981043327	-132.770981082
4253.00000000	-0.000991322012885	-0.00107161236538	0.00145981930213	-132.771146943
4253.00000000	-0.000991332938280	-0.00107160720176	0.00145982293083	-132.771599340
4253.00000000	-0.000991349956695	-0.00107159128208	0.00145982280174	-132.772513960
4253.00000000	-0.000991371569160	-0.00107156828523	0.00145982059790	-132.773749569
4253.00000000	-0.000991395990778	-0.00107154277599	0.00145981845834	-132.775133077
4253.00000000	-0.000991422697632	-0.00107152222683	0.00145982151237	-132.776450213
4253.00000000	-0.000991448020318	-0.00107151080133	0.00145983032383	-132.777484271
4253.00000000	-0.000991468018344	-0.00107150613976	0.00145984048408	-132.778184627
4253.00000000	-0.000991486653866	-0.00107150021835	0.00145984879447	-132.778879307
4253.00000000	-0.000991506131213	-0.00107148302878	0.00145984940634	-132.779898596
4253.00000000	-0.000991519051123	-0.00107145255077	0.00145983581176	-132.781083220
4253.00000000	-0.000991519785119	-0.00107141653189	0.00145980987429	-132.782064546
4253.00000000	-0.000991516923245	-0.00107138822176	0.00145978715257	-132.782736815
4253.00000000	-0.000991525365001	-0.00107137196193	0.00145978095283	-132.783413466
4253.00000000	-0.000991554492928	-0.00107136078872	0.00145979253733	-132.784550396
4253.00000000	-0.000991601917366	-0.00107135261956	0.00145981875517	-132.786134243
4253.00000000	-0.000991651899998	-0.00107134895905	0.00145985002066	-132.787671514
4253.00000000	-0.000991694472370	-0.00107134517510	0.00145987616281	-132.788998582
4253.00000000	-0.000991730456135	-0.00107133409879	0.00145989247853	-132.790330265
4253.00000000	-0.000991758582945	-0.00107131297172	0.00145989608199	-132.791703605
4253.00000000	-0.000991781567216	-0.00107128441808	0.00145989074300	-132.793126844
4253.00000000	-0.000991802487658	-0.00107125362596	0.00145988236021	-132.794550342
4253.00000000	-0.000991813936389	-0.00107122823175	0.00145987150425	-132.795557154
4253.00000000	-0.000991812771716	-0.00107121091984	0.00145985800985	-132.795985220
4253.00000000	-0.000991806729336	-0.00107120056830	0.00145984630900	-132.796087223
4253.00000000	-0.000991804296355	-0.00107119521382	0.00145984072706	-132.796159931
4253.00000000	-0.000991808541322	-0.00107119340656	0.00145984228494	-132.796330373
4253.00000000	-0.000991817538091	-0.00107119469499	0.00145984934272	-132.796555115
4253.00000000	-0.000991827741952	-0.00107119678150	0.00145985780623	-132.796793336
4253.00000000	-0.000991836059807	-0.00107119600574	0.00145986288817	-132.797053563
4253.00000000	-0.000991841528982	-0.00107119346219	0.00145986473759	-132.797278889
4253.00000000	-0.000991848200424	-0.00107119450276	0.00145987003375	-132.797443267
4253.00000000	-0.000991857382879	-0.00107119459848	0.00145987634264	-132.797705150
4253.00000000	-0.000991862579840	-0.00107118902850	0.00145987578652	-132.798003334
4253.00000000	-0.000991861379392	-0.00107118471129	0.00145987180315	-132.798083883
5260.00000000	0.00121344429082	0.00152535605400	0.00194914292405	51.4972094920
5260.00000000	0.00121345720674	0.00152536882690	0.00194916096068	51.4971461189
5260.00000000	0.00121347268897	0.00152538206734	0.00194918096087	51.4970322682
5260.00000000	0.00121348281831	0.00152539612253	0.00194919826620	51.4970564646
5260.00000000	0.00121348723593	0.00152541444456	0.00194921535481	51.4972901298
5260.00000000	0.00121348723974	0.00152543880655	0.00194923442241	51.4977358489
5260.00000000	0.00121348263481	0.00152546358993	0.00194925095080	51.4982952860
5260.00000000	0.00121347453930	0.00152547895213	0.00194925793340	51.4987626161
5260.00000000	0.00121346521770	0.00152547516224	0.00194924916447	51.4989076951
5260.00000000	0.00121345727917	0.00152545080871	0.00194922516354	51.4986446726
5260.00000000	0.00121344959880	0.00152541701233	0.00194919393349	51.4982029081
5260.00000000	0.00121344281763	0.00152538742140	0.00194916655445	51.4978174029
5260.00000000	0.00121344128223	0.00152536340539	0.00194914680410	51.4974132335
5260.00000000	0.00121344361650	0.00152533824455	0.00194912856700	51.4968990860
5260.00000000	0.00121344426764	0.00152530900219	0.00194910608814	51.4963489528
5260.00000000	0.00121344402777	0.00152528465008	0.00194908688167	51.4959088021
5260.00000000	0.00121344754605	0.00152527756782	0.00194908352974	51.4956982517
5260.00000000	0.00121345906437	0.00152529155146	0.00194910164380	51.4956891992
5260.00000000	0.00121347757594	0.00152532004319	0.00194913546514	51.4957847862
5260.00000000	0.00121349574844	0.00152535294151	0.00194917252383	51.4959688120
5260.00000000	0.00121350831132	0.00152538214063	0.00194920319531	51.4962141746
5260.00000000	0.00121351623028	0.00152540431671	0.00194922547967	51.4964378333
5260.00000000	0.00121352302108	0.00152541833634	0.00194924067871	51.4965381790
5260.00000000	0.00121353397152	0.00152542332089	0.00194925139680	51.4963775041
5260.00000000	0.00121355015282	0.00152542084979	0.00194925953695	51.4959600738
5260.00000000	0.00121356554954	0.00152541671271	0.00194926588500	51.4955302068
5260.00000000	0.00121357767781	0.00152542085633	0.00194927667841	51.4953270585
5260.00000000	0.00121358722095	0.00152543897125	0.00194929679574	51.4954390433
5260.00000000	0.00121359008081	0.00152546209972	0.00194931667564	51.4957964956
5260.00000000	0.00121358233721	0.00152547646730	0.00194932309828	51.4962375235
5260.00000000	0.00121356841595	0.00152547488717	0.00194931319484	51.4965288236
5260.00000000	0.00121355604978	0.00152545621172	0.00194929088128	51.4964715295
5260.00000000	0.00121354789207	0.00152542352680	0.00194926022441	51.4960610645
5260.00000000	0.00121354356660	0.00152538367759	0.00194922634701	51.4954313280
5260.00000000	0.00121353609432	0.00152534579764	0.00194919205175	51.4949099939
5260.00000000	0.00121351609475	0.00152531944876	0.00194915898094	51.4948878395
5260.00000000	0.00121348559337	0.00152531505896	0.00194913655612	51.4955091396
5260.00000000	0.00121345949239	0.00152533095651	0.00194913274729	51.4964005000
5260.00000000	0.00121344898828	0.00152534958261	0.00194914078412	51.4969830031
5260.00000000	0.00121345403251	0.00152535471859	0.00194914794373	51.4969609551
5260.00000000	0.00121346528334	0.00152534472610	0.00194914712819	51.4965192756
5260.00000000	0.00121347541339	0.00152532990619	0.00194914183722	51.4960150332
5260.00000000	0.00121348732791	0.00152532291117	0.00194914378082	51.4956129411
5260.00000000	0.00121350666266	0.00152532927054	0.00194916079478	51.4952845557
5260.00000000	0.00121352897751	0.00152534584434	0.00194918765749	51.4950745559
5260.00000000	0.00121354135504	0.00152536800445	0.00194921270502	51.4951953779
5260.00000000	0.00121354016408	0.00152539088065	0.00194922986551	51.4956414112
5260.00000000	0.00121353452201	0.00152541109730	0.00194924217374	51.4961411548
5260.00000000	0.00121353158298	0.00152542702824	0.00194925281104	51.4965002893
5260.00000000	0.00121353093077	0.00152543581690	0.00194925928276	51.4966761188
5260.00000000	0.00121352732095	0.00152543681643	0.00194925781764	51.4967774448
5260.00000000	0.00121351871722	0.00152543084571	0.00194924778879	51.4968660942
5260.00000000	0.00121351120781	0.00152541519127	0.00194923086299	51.4967523650
5260.00000000	0.00121350870715	0.00152539135753	0.00194921065459	51.4963737378
5260.00000000	0.00121350797671	0.00152536365041	0.00194918851719	51.4958834978
5260.00000000	0.00121350221075	0.00152534003746	0.00194916644886	51.4955840067
5260.00000000	0.00121348723923	0.00152532946611	0.00194914885526	51.4957349415
5260.00000000	0.00121347001896	0.00152533227585	0.00194914033324	51.4961824922
5260.00000000	0.00121346178103	0.00152534216535	0.00194914294381	51.4965529796
5260.00000000	0.00121346576381	0.00152534860659	0.00194915046407	51.4965792375
5260.00000000	0.00121347313569	0.00152534511256	0.00194915231920	51.4963457140
5260.00000000	0.00121347475474	0.00152533445382	0.00194914498599	51.4961134093
5260.00000000	0.00121347028392	0.00152532318028	0.00194913338031	51.4960099418
5260.00000000	0.00121346077810	0.00152531408127	0.00194912034172	51.4960620944
5260.00000000	0.00121344450382	0.00152530843379	0.00194910579037	51.4963331177
5260.00000000	0.00121342102694	0.00152530732804	0.00194909030925	51.4968529554
5260.00000000	0.00121339944522	0.00152531847153	0.00194908559413	51.4975533723
5260.00000000	0.00121339349833	0.00152534407004	0.00194910192493	51.4981586424
5260.00000000	0.00121340667963	0.00152537117245	0.00194913134086	51.4983513832
5260.00000000	0.00121342949763	0.00152538716417	0.00194915806089	51.4981191113
5260.00000000	0.00121344689377	0.00152538965001	0.00194917083611	51.4977644182
5260.00000000	0.00121344972705	0.00152538652752	0.00194917015635	51.4976421005
5260.00000000	0.00121344074309	0.00152538646132	0.00194916451162	51.4978475566
5260.00000000	0.00121342984097	0.00152538903065	0.00194915973532	51.4981453690
5260.00000000	0.00121342205700	0.00152538888081	0.00194915477223	51.4983216921
5260.00000000	0.00121341660134	0.00152538411282	0.00194914764450	51.4983599440
5260.00000000	0.00121341324810	0.00152537274665	0.00194913666193	51.4982290854
5260.00000000	0.00121341262939	0.00152535598412	0.00194912315862	51.4979365655
5260.00000000	0.00121341833021	0.00152534557756	0.00194911856362	51.4976149788
5260.00000000	0.00121343425975	0.00152535147356	0.00194913309464	51.4973564265
5260.00000000	0.00121345624429	0.00152537213590	0.00194916295106	51.4972288138
5260.00000000	0.00121347776641	0.00152539726858	0.00194919601800	51.4971936481
5260.00000000	0.00121349497638	0.00152541848498	0.00194922333559	51.4971860114
5260.00000000	0.00121350115595	0.00152543519927	0.00194924026294	51.4973497219
5260.00000000	0.00121349602688	0.00152544871389	0.00194924764614	51.4977150115
5260.00000000	0.00121349381200	0.00152545480742	0.00194925103597	51.4978774658
5260.00000000	0.00121350359706	0.00152545064411	0.00194925386948	51.4975761956
5260.00000000	0.00121351696010	0.00152544041833	0.00194925418618	51.4970816848
5260.00000000	0.00121351851615	0.00152542962206	0.00194924670601	51.4968483274
5260.00000000	0.00121351029167	0.00152542291931	0.00194923634040	51.4969148582
5260.00000000	0.00121350698838	0.00152542216311	0.00194923369213	51.4969770056
5260.00000000	0.00121350935996	0.00152542330183	0.00194923605971	51.4969432900
5260.00000000	0.00121350546409	0.00152542639750	0.00194923605691	51.4970895557
5260.00000000	0.00121349639958	0.00152543452412	0.00194923677350	51.4974467785
5260.00000000	0.00121349593832	0.00152544987509	0.00194924849974	51.4977382976
5260.00000000	0.00121350896758	0.00152546952238	0.00194927198669	51.4977981087
5260.00000000	0.00121352716662	0.00152548196074	0.00194929305049	51.4976070874
5260.00000000	0.00121354119823	0.00152547914456	0.00194929958198	51.4972327940
5260.00000000	0.00121354949904	0.00152546750253	0.00194929563892	51.4968288215
5260.00000000	0.00121355659008	0.00152545637089	0.00194929134222	51.4964620142
5270.00000000	0.000166967029556	-0.000760398939194	0.000778514313090	-77.6156352285
5270.00000000	0.000166954389109	-0.000760418501974	0.000778530709855	-77.6168526271
5270.00000000	0.000166935934110	-0.000760443950869	0.000778551609408	-77.6185808150
5270.00000000	0.000166912814787	-0.000760465338649	0.000778567543008	-77.6205801095
5270.00000000	0.000166893848262	-0.000760478146374	0.000778575987107	-77.6221454761
5270.00000000	0.000166884839030	-0.000760485034345	0.000778580783838	-77.6229017096
5270.00000000	0.000166882037098	-0.000760487349851	0.000778582444953	-77.6231396349
5270.00000000	0.000166882567107	-0.000760479742521	0.000778575128032	-77.6229815438
5270.00000000	0.000166886677221	-0.000760464271343	0.000778560897440	-77.6224420610
5270.00000000	0.000166897825830	-0.000760451433404	0.000778550747757	-77.6214381571
5270.00000000	0.000166917769303	-0.000760445136875	0.000778548873165	-77.6199052417
5270.00000000	0.000166940038580	-0.000760445298811	0.000778553806082	-77.6183070518
5270.00000000	0.000166958865891	-0.000760449784474	0.000778562224620	-77.6170245257
5270.00000000	0.000166972992035	-0.000760449396581	0.000778564875158	-77.6160030240
5270.00000000	0.000166982792412	-0.000760431420387	0.000778549419159	-77.6150148495
5270.00000000	0.000166989231967	-0.000760393512711	0.000778513774937	-77.6139535817
5270.00000000	0.000166993645550	-0.000760350540405	0.000778472749651	-77.6129578952
5270.00000000	0.000166988809695	-0.000760320131827	0.000778442011600	-77.6128254244
5270.00000000	0.000166968024479	-0.000760309145679	0.000778426822637	-77.6141462314
5270.00000000	0.000166941044984	-0.000760319771089	0.000778431414326	-77.6162535654
5270.00000000	0.000166922691091	-0.000760350079008	0.000778457081314	-77.6180514081
5270.00000000	0.000166917776972	-0.000760390542685	0.000778495550195	-77.6190432413
5270.00000000	0.000166922651950	-0.000760430711657	0.000778535830239	-77.6193266568
5270.00000000	0.000166927037943	-0.000760460867944	0.000778566225617	-77.6194872104
5270.00000000	0.000166920433388	-0.000760476260378	0.000778579844127	-77.6202047989
5270.00000000	0.000166905257791	-0.000760484743163	0.000778584876338	-77.6214294310
5270.00000000	0.000166893420600	-0.000760496556739	0.000778593877867	-77.6224666269
5270.00000000	0.000166890853234	-0.000760508852421	0.000778605337449	-77.6228451104
5270.00000000	0.000166891960340	-0.000760512305554	0.000778608947627	-77.6228200017
5270.00000000	0.000166889213348	-0.000760508555458	0.000778604695886	-77.6229582972
5270.00000000	0.000166882949913	-0.000760505153597	0.000778600030580	-77.6233548414
5270.00000000	0.000166875930189	-0.000760499385854	0.000778592892313	-77.6237684361
5270.00000000	0.000166863966751	-0.000760486548773	0.000778577789475	-77.6244258956
5270.00000000	0.000166848075830	-0.000760467607543	0.000778555882728	-77.6252694270
5270.00000000	0.000166836594594	-0.000760446456657	0.000778532762790	-77.6257611682
5270.00000000	0.000166830303255	-0.000760433303525	0.000778518567019	-77.6260059862
5270.00000000	0.000166823035021	-0.000760437259986	0.000778520874086	-77.6265908679
5270.00000000	0.000166810075026	-0.000760453119751	0.000778533588530	-77.6277726055
5270.00000000	0.000166792124822	-0.000760465268528	0.000778541609382	-77.6292545148
5270.00000000	0.000166771240951	-0.000760463429113	0.000778535338842	-77.6307267629
5270.00000000	0.000166752679872	-0.000760453826896	0.000778521983688	-77.6319096884
5270.00000000	0.000166744829928	-0.000760444114548	0.000778510815376	-77.6323209066
5270.00000000	0.000166747413790	-0.000760432966491	0.000778500479468	-77.6319594217
5270.00000000	0.000166755819611	-0.000760421224672	0.000778490810676	-77.6311700242
5270.00000000	0.000166767833599	-0.000760417979249	0.000778490214125	-77.6302551707
5270.00000000	0.000166781497857	-0.000760427818217	0.000778502751919	-77.6294279837
5270.00000000	0.000166794537297	-0.000760446766457	0.000778524053763	-77.6287893711
5270.00000000	0.000166804119041	-0.000760465843422	0.000778544740616	-77.6284013777
5270.00000000	0.000166813976130	-0.000760479565964	0.000778560256423	-77.6279091856
5270.00000000	0.000166827448557	-0.000760485630443	0.000778569066752	-77.6270363815
5270.00000000	0.000166840315483	-0.000760482920683	0.000778569177094	-77.6260687535
5270.00000000	0.000166843993320	-0.000760475366728	0.000778562586763	-77.6256852563
5270.00000000	0.000166829318853	-0.000760469219963	0.000778553438204	-77.6266431613
5270.00000000	0.000166797544827	-0.000760471910190	0.000778549258010	-77.6289696161
5270.00000000	0.000166761359631	-0.000760480997405	0.000778550382750	-77.6317140322
5270.00000000	0.000166733208944	-0.000760483371110	0.000778546672140	-77.6337750680
5270.00000000	0.000166721698438	-0.000760471936562	0.000778533037853	-77.6344223047
5270.00000000	0.000166727239399	-0.000760450390623	0.000778513178409	-77.6336843941
5270.00000000	0.000166745369261	-0.000760424281506	0.000778491558126	-77.6319694928
5270.00000000	0.000166774328213	-0.000760399921430	0.000778473966849	-77.6295035528
5270.00000000	0.000166810246592	-0.000760385905425	0.000778467972068	-77.6267003134
5270.00000000	0.000166837867066	-0.000760383228217	0.000778471276053	-77.6246724328
5270.00000000	0.000166840332643	-0.000760381084141	0.000778469710211	-77.6244613615
5270.00000000	0.000166825550072	-0.000760374560677	0.000778460170261	-77.6254211965
5270.00000000	0.000166814517978	-0.000760369122941	0.000778452494716	-77.6261285480
5270.00000000	0.000166816820792	-0.000760366645859	0.000778450568652	-77.6259239237
5270.00000000	0.000166830166029	-0.000760369061599	0.000778455788169	-77.6250026096
5270.00000000	0.000166842331190	-0.000760382693355	0.000778471710360	-77.6243430693
5270.00000000	0.000166833099224	-0.000760407859607	0.000778494313370	-77.6254036993
5270.00000000	0.000166792426402	-0.000760438565309	0.000778515590797	-77.6288118054
5270.00000000	0.000166732405633	-0.000760467310672	0.000778530812293	-77.6335796869
5270.00000000	0.000166677259797	-0.000760484649862	0.000778535941116	-77.6378172264
5270.00000000	0.000166648048350	-0.000760486308517	0.000778531307952	-77.6399433218
5270.00000000	0.000166645513972	-0.000760478641582	0.000778523276229	-77.6400047369
5270.00000000	0.000166652887094	-0.000760470266917	0.000778516673965	-77.6393427509
5270.00000000	0.000166658531671	-0.000760466165312	0.000778513875768	-77.6388723421
5270.00000000	0.000166663675907	-0.000760465401606	0.000778514231023	-77.6384904898
5270.00000000	0.000166667866772	-0.000760466257979	0.000778515964730	-77.6382027014
5270.00000000	0.000166665640657	-0.000760469435147	0.000778518591666	-77.6384127944
5270.00000000	0.000166657075485	-0.000760476545005	0.000778523703115	-77.6391405560
5270.00000000	0.000166647924906	-0.000760489186539	0.000778534092842	-77.6399975342
5270.00000000	0.000166639629325	-0.000760506353030	0.000778549085839	-77.6408643020
5270.00000000	0.000166628549025	-0.000760526759886	0.000778566648305	-77.6419822557
5270.00000000	0.000166614369863	-0.000760548619591	0.000778584967108	-77.6433458001
5270.00000000	0.000166602517646	-0.000760569736559	0.000778603058724	-77.6445303160
5270.00000000	0.000166599590524	-0.000760584727054	0.000778617075712	-77.6449767612
5270.00000000	0.000166607947828	-0.000760583944028	0.000778618099065	-77.6443636902
5270.00000000	0.000166626416693	-0.000760566041700	0.000778604563644	-77.6427541918
5270.00000000	0.000166645758310	-0.000760542575357	0.000778585780562	-77.6409942635
5270.00000000	0.000166654035124	-0.000760522839150	0.000778568273365	-77.6400884093
5270.00000000	0.000166652751087	-0.000760509688866	0.000778555153026	-77.6399735633
5270.00000000	0.000166653108005	-0.000760504317616	0.000778549982673	-77.6398632929
5270.00000000	0.000166658992732	-0.000760506545800	0.000778553418889	-77.6394753589
5270.00000000	0.000166664807665	-0.000760514332574	0.000778562269934	-77.6391800140
5270.00000000	0.000166665823996	-0.000760524977797	0.000778572885953	-77.6392746535
5270.00000000	0.000166665540839	-0.000760534420407	0.000778582049065	-77.6394437581
5270.00000000	0.000166671920248	-0.000760532197554	0.000778581243363	-77.6389501633
5270.00000000	0.000166686283853	-0.000760515727265	0.000778568229921	-77.6376581632
5270.00000000	0.000166703655728	-0.000760495841621	0.000778552524853	-77.6360960508
5270.00000000	0.000166723574299	-0.000760484532933	0.000778545743715	-77.6344859740
5274.00000000	0.000398814256256	-0.000722515434701	0.000825276538122	-61.1021693597
5274.00000000	0.000398813690346	-0.000722520786085	0.000825280949697	-61.1023832950
5274.00000000	0.000398815526194	-0.000722541021844	0.000825299552999	-61.1029506014
5274.00000000	0.000398817665468	-0.000722559500258	0.000825316764462	-61.1034404865
5274.00000000	0.000398822571376	-0.000722559970194	0.000825319546579	-61.1031580754
5274.00000000	0.000398833842992	-0.000722544053126	0.000825311058343	-61.1019390120
5274.00000000	0.000398852768983	-0.000722523898478	0.000825302559791	-61.1001125275
5274.00000000	0.000398875195812	-0.000722501319471	0.000825293631668	-61.0979918862
5274.00000000	0.000398894481796	-0.000722477611974	0.000825282198651	-61.0960242227
5274.00000000	0.000398910329659	-0.000722470152403	0.000825283328453	-61.0948107160
5274.00000000	0.000398927584318	-0.000722491253837	0.000825310141341	-61.0944701625
5274.00000000	0.000398943504466	-0.000722533215337	0.000825354570485	-61.0949107004
5274.00000000	0.000398954504410	-0.000722580901835	0.000825401633319	-61.0958422696
5274.00000000	0.000398961105183	-0.000722617052805	0.000825436471482	-61.0966540451
5274.00000000	0.000398967681177	-0.000722630401882	0.000825451336147	-61.0967022995
5274.00000000	0.000398980982520	-0.000722622907445	0.000825451204359	-61.0956426091
5274.00000000	0.000398997073218	-0.000722605571796	0.000825443805978	-61.0940832379
5274.00000000	0.000399005170686	-0.000722587073928	0.000825431526925	-61.0929705451
5274.00000000	0.000398997749278	-0.000722568251678	0.000825411462401	-61.0927899455
5274.00000000	0.000398977224599	-0.000722548151420	0.000825383945125	-61.0933627107
5274.00000000	0.000398955632882	-0.000722531144167	0.000825358619813	-61.0941041460
5274.00000000	0.000398941558997	-0.000722522872352	0.000825344575658	-61.0946818712
5274.00000000	0.000398933588526	-0.000722522308526	0.000825340229464	-61.0951473358
5274.00000000	0.000398925093017	-0.000722525393983	0.000825338824234	-61.0957671636
5274.00000000	0.000398916275470	-0.000722524884132	0.000825334115995	-61.0962859282
5274.00000000	0.000398913310434	-0.000722521517462	0.000825329735583	-61.0963531595
5274.00000000	0.000398916724273	-0.000722523844566	0.000825333422849	-61.0962237711
5274.00000000	0.000398921296844	-0.000722535164633	0.000825345542913	-61.0963257124
5274.00000000	0.000398923103975	-0.000722555833018	0.000825364510209	-61.0969093717
5274.00000000	0.000398918726179	-0.000722585295133	0.000825388186757	-61.0981638995
5274.00000000	0.000398910392211	-0.000722615614743	0.000825410702429	-61.0996875385
5274.00000000	0.000398899233555	-0.000722630999050	0.000825418778147	-61.1008817414
5274.00000000	0.000398879113869	-0.000722624555966	0.000825403414317	-61.1018882992
5274.00000000	0.000398850078950	-0.000722603912798	0.000825371310544	-61.1029603673
5274.00000000	0.000398821510235	-0.000722581412126	0.000825337806099	-61.1039418727
5274.00000000	0.000398802117559	-0.000722567030916	0.000825315844472	-61.1046381093
5274.00000000	0.000398793018001	-0.000722562331125	0.000825307332796	-61.1050335253
5274.00000000	0.000398789396265	-0.000722561352637	0.000825304726085	-61.1052208338
5274.00000000	0.000398787708859	-0.000722561782686	0.000825304287240	-61.1053378226
5274.00000000	0.000398788019891	-0.000722564355047	0.000825306689658	-61.1054052090
5274.00000000	0.000398787805938	-0.000722569474264	0.000825311068206	-61.1055899389
5274.00000000	0.000398781784077	-0.000722579858032	0.000825317249635	-61.1063042721
5274.00000000	0.000398772036312	-0.000722599235849	0.000825329505467	-61.1075467423
5274.00000000	0.000398766835766	-0.000722624346212	0.000825348977733	-61.1087050664
5274.00000000	0.000398772900765	-0.000722645741950	0.000825370640830	-61.1090540458
5274.00000000	0.000398787202866	-0.000722656273281	0.000825386771448	-61.1085380059
5274.00000000	0.000398799740166	-0.000722657340027	0.000825393762911	-61.1078118099
5274.00000000	0.000398808548742	-0.000722655729296	0.000825396608688	-61.1072224382
5274.00000000	0.000398822286226	-0.000722654535658	0.000825402201291	-61.1063475068
5274.00000000	0.000398843351877	-0.000722651219094	0.000825409476438	-61.1049560230
5274.00000000	0.000398864202318	-0.000722642741258	0.000825412129414	-61.1034045172
5274.00000000	0.000398881881356	-0.000722631790898	0.000825411085757	-61.1019628109
5274.00000000	0.000398895046805	-0.000722622628487	0.000825409426628	-61.1008553741
5274.00000000	0.000398900469626	-0.000722619644371	0.000825409434825	-61.1004257191
5274.00000000	0.000398893298457	-0.000722622917848	0.000825408835035	-61.1009713297
5274.00000000	0.000398875235278	-0.000722620725533	0.000825398186507	-61.1019955163
5274.00000000	0.000398855468928	-0.000722600856948	0.000825371239841	-61.1025302821
5274.00000000	0.000398841411483	-0.000722569893634	0.000825337338729	-61.1023459184
5274.00000000	0.000398833967578	-0.000722541834251	0.000825309175968	-61.1018569986
5274.00000000	0.000398830767629	-0.000722523886561	0.000825291916754	-61.1014493496
5274.00000000	0.000398834861065	-0.000722523583900	0.000825293629985	-61.1011903973
5274.00000000	0.000398847101465	-0.000722545494318	0.000825318727346	-61.1011815363
5274.00000000	0.000398863159901	-0.000722576601923	0.000825353721729	-61.1012491820
5274.00000000	0.000398881964388	-0.000722598575202	0.000825382046327	-61.1008435087
5274.00000000	0.000398898068552	-0.000722606594229	0.000825396849471	-61.1001338417
5274.00000000	0.000398902933665	-0.000722599358687	0.000825392866253	-61.0995954459
5274.00000000	0.000398894941779	-0.000722579907627	0.000825371975222	-61.0994285724
5274.00000000	0.000398876311761	-0.000722558430966	0.000825344169570	-61.0998402601
5274.00000000	0.000398848927707	-0.000722543929848	0.000825318240252	-61.1010180543
5274.00000000	0.000398818704274	-0.000722537470684	0.000825297979776	-61.1026383010
5274.00000000	0.000398794039175	-0.000722536463182	0.000825285178777	-61.1041036705
5274.00000000	0.000398780965590	-0.000722537562282	0.000825279823712	-61.1049351856
5274.00000000	0.000398784905964	-0.000722529601714	0.000825274758233	-61.1044286218
5274.00000000	0.000398801614836	-0.000722506440099	0.000825262554573	-61.1026359607
5274.00000000	0.000398816156878	-0.000722480716237	0.000825247061383	-61.1008889822
5274.00000000	0.000398815569692	-0.000722468394404	0.000825235990212	-61.1005112372
5274.00000000	0.000398800639691	-0.000722474902820	0.000825234472997	-61.1016371164
5274.00000000	0.000398780082353	-0.000722496692152	0.000825243615093	-61.1036177403
5274.00000000	0.000398765058609	-0.000722523079436	0.000825259457556	-61.1054162110
5274.00000000	0.000398760185254	-0.000722541219578	0.000825272984734	-61.1063209754
5274.00000000	0.000398759859004	-0.000722545833058	0.000825276866283	-61.1064955686
5274.00000000	0.000398756241783	-0.000722546724846	0.000825275899289	-61.1067453533
5274.00000000	0.000398742208617	-0.000722557006346	0.000825278120607	-61.1079432401
5274.00000000	0.000398716465139	-0.000722576436532	0.000825282694720	-61.1101598018
5274.00000000	0.000398686693315	-0.000722594767708	0.000825284361748	-61.1125843496
5274.00000000	0.000398667135083	-0.000722605143055	0.000825283998006	-61.1141212115
5274.00000000	0.000398667056802	-0.000722610014412	0.000825288225475	-61.1142893407
5274.00000000	0.000398687333378	-0.000722609083721	0.000825297205661	-61.1130255767
5274.00000000	0.000398723521259	-0.000722599421722	0.000825306228425	-61.1105018370
5274.00000000	0.000398768428125	-0.000722584330732	0.000825314712269	-61.1072660936
5274.00000000	0.000398812278806	-0.000722571584360	0.000825324741087	-61.1041732636
5274.00000000	0.000398848134898	-0.000722564688244	0.000825336030601	-61.1017626605
5274.00000000	0.000398874147986	-0.000722561229337	0.000825345573728	-61.1000656482
5274.00000000	0.000398886091514	-0.000722558408268	0.000825348876150	-61.0992451368
5274.00000000	0.000398885386683	-0.000722555749899	0.000825346208219	-61.0991987833
5274.00000000	0.000398883523402	-0.000722557209538	0.000825346585561	-61.0993609948
5274.00000000	0.000398890155536	-0.000722564232723	0.000825355939334	-61.0991935611
5274.00000000	0.000398902885879	-0.000722570677545	0.000825367734049	-61.0986361217
5274.00000000	0.000398915256981	-0.000722570727578	0.000825373756916	-61.0978859815
5274.00000000	0.000398925371679	-0.000722567705299	0.000825375999718	-61.0971698960
