DevNumber	X [V]	Y [V]	R [V]	Theta [°]
4253.00000000	-0.00398730193034	-0.0281298082566	0.0284109959212	-98.0677303636
4253.00000000	-0.00398726844273	-0.0281295838438	0.0284107690298	-98.0677270133
4253.00000000	-0.00398721183630	-0.0281293476689	0.0284105272479	-98.0676808296
4253.00000000	-0.00398713090781	-0.0281291975004	0.0284103672080	-98.0675617372
4253.00000000	-0.00398704837186	-0.0281292048264	0.0284103628785	-98.0673948591
4253.00000000	-0.00398699857511	-0.0281293592513	0.0284105087869	-98.0672517218
4253.00000000	-0.00398700891433	-0.0281295825189	0.0284107312959	-98.0672091788
4253.00000000	-0.00398708609066	-0.0281298047035	0.0284109621124	-98.0673003980
4253.00000000	-0.00398720423845	-0.0281300012288	0.0284111732734	-98.0674806857
4253.00000000	-0.00398730991327	-0.0281301841152	0.0284113691803	-98.0676399261
4253.00000000	-0.00398736868300	-0.0281303558075	0.0284115474213	-98.0677086782
4253.00000000	-0.00398739796734	-0.0281304891478	0.0284116835517	-98.0677294113
4253.00000000	-0.00398743201238	-0.0281305730294	0.0284117713811	-98.0677736476
4253.00000000	-0.00398747687701	-0.0281306203946	0.0284118245741	-98.0678498216
4253.00000000	-0.00398752155898	-0.0281306247550	0.0284118351623	-98.0679378021
4253.00000000	-0.00398756752319	-0.0281305730452	0.0284117904153	-98.0680442123
4253.00000000	-0.00398762905438	-0.0281304819929	0.0284117089002	-98.0681928401
4253.00000000	-0.00398770921353	-0.0281303842044	0.0284116233302	-98.0683805694
4253.00000000	-0.00398779011157	-0.0281303038782	0.0284115551537	-98.0685648323
4253.00000000	-0.00398786691818	-0.0281302452618	0.0284115078982	-98.0687347817
4253.00000000	-0.00398794857556	-0.0281301941195	0.0284114687238	-98.0689123015
4253.00000000	-0.00398801764934	-0.0281301302018	0.0284114151344	-98.0690683127
4253.00000000	-0.00398805578121	-0.0281300562278	0.0284113472453	-98.0691653899
4253.00000000	-0.00398808293764	-0.0281300126934	0.0284113079538	-98.0692319363
4253.00000000	-0.00398812269917	-0.0281300267574	0.0284113274599	-98.0693073465
4253.00000000	-0.00398816789367	-0.0281300717184	0.0284113783198	-98.0693848580
4253.00000000	-0.00398819850851	-0.0281301173811	0.0284114278279	-98.0694330597
4253.00000000	-0.00398820476261	-0.0281301719646	0.0284114827489	-98.0694300955
4253.00000000	-0.00398818338091	-0.0281302347770	0.0284115419379	-98.0693696223
4253.00000000	-0.00398813599364	-0.0281302645360	0.0284115647504	-98.0692665815
4253.00000000	-0.00398807201708	-0.0281302217366	0.0284115133944	-98.0691509567
4253.00000000	-0.00398800476790	-0.0281301137961	0.0284113970831	-98.0690472365
4253.00000000	-0.00398794682738	-0.0281299953977	0.0284112717240	-98.0689650623
4253.00000000	-0.00398790601448	-0.0281299363845	0.0284112075663	-98.0689002762
4253.00000000	-0.00398788140518	-0.0281299820195	0.0284112492953	-98.0688382212
4253.00000000	-0.00398786619332	-0.0281301075047	0.0284113714031	-98.0687723278
4253.00000000	-0.00398784893790	-0.0281302171990	0.0284114775894	-98.0687068243
4253.00000000	-0.00398782391737	-0.0281302350905	0.0284114917919	-98.0686518021
4253.00000000	-0.00398780341133	-0.0281301670907	0.0284114215871	-98.0686301057
4253.00000000	-0.00398778855271	-0.0281300592936	0.0284113127715	-98.0686309503
4253.00000000	-0.00398775185654	-0.0281299457930	0.0284111952439	-98.0685898062
4253.00000000	-0.00398768935749	-0.0281298416594	0.0284110833689	-98.0684944897
4253.00000000	-0.00398763534817	-0.0281297534954	0.0284109884971	-98.0684116037
4253.00000000	-0.00398761299297	-0.0281296864772	0.0284109190046	-98.0683859364
4253.00000000	-0.00398762028583	-0.0281296537451	0.0284108876201	-98.0684097630
4253.00000000	-0.00398765050194	-0.0281296610945	0.0284108991378	-98.0684680159
4253.00000000	-0.00398770171585	-0.0281296943968	0.0284109392986	-98.0685608492
4253.00000000	-0.00398775768491	-0.0281297328533	0.0284109852303	-98.0686617180
4253.00000000	-0.00398777328465	-0.0281297631100	0.0284110173770	-98.0686843018
4253.00000000	-0.00398771775110	-0.0281297926162	0.0284110387965	-98.0685650654
4253.00000000	-0.00398761647218	-0.0281298390126	0.0284110705184	-98.0683497082
4253.00000000	-0.00398752912972	-0.0281299000127	0.0284111186560	-98.0681580451
4253.00000000	-0.00398749961111	-0.0281299357532	0.0284111498998	-98.0680889892
4253.00000000	-0.00398753113574	-0.0281298938706	0.0284111128563	-98.0681637890
4253.00000000	-0.00398758928100	-0.0281297558469	0.0284109843596	-98.0683189552
4253.00000000	-0.00398762179570	-0.0281295639823	0.0284107989578	-98.0684381855
4253.00000000	-0.00398760075483	-0.0281294016396	0.0284106352689	-98.0684421244
4253.00000000	-0.00398755104233	-0.0281293212778	0.0284105487252	-98.0683656082
4253.00000000	-0.00398752605187	-0.0281293275364	0.0284105514143	-98.0683139371
4253.00000000	-0.00398756000753	-0.0281294194481	0.0284106471820	-98.0683557219
4253.00000000	-0.00398765261695	-0.0281295862298	0.0284108253110	-98.0684934298
4253.00000000	-0.00398777935739	-0.0281297906621	0.0284110455087	-98.0686886283
4253.00000000	-0.00398789045848	-0.0281299857896	0.0284112542988	-98.0688552307
4253.00000000	-0.00398793590180	-0.0281301291298	0.0284114025986	-98.0689053923
4253.00000000	-0.00398790480519	-0.0281302057013	0.0284114740471	-98.0688216278
4253.00000000	-0.00398783088913	-0.0281302432213	0.0284115008208	-98.0686634210
4253.00000000	-0.00398776918823	-0.0281302798773	0.0284115284537	-98.0685298487
4253.00000000	-0.00398775817008	-0.0281303324372	0.0284115789468	-98.0684929720
4253.00000000	-0.00398779540852	-0.0281303991806	0.0284116502562	-98.0685484332
4253.00000000	-0.00398784229539	-0.0281304591144	0.0284117161777	-98.0686250862
4253.00000000	-0.00398786301424	-0.0281304659338	0.0284117258376	-98.0686645245
4253.00000000	-0.00398785307165	-0.0281303901043	0.0284116493633	-98.0686661363
4253.00000000	-0.00398782244638	-0.0281302528074	0.0284115091270	-98.0686438501
4253.00000000	-0.00398777377525	-0.0281300990061	0.0284113500168	-98.0685902035
4253.00000000	-0.00398771227981	-0.0281299646695	0.0284112083787	-98.0685054404
4253.00000000	-0.00398765536704	-0.0281298634793	0.0284111002021	-98.0684204446
4253.00000000	-0.00398762183672	-0.0281297856586	0.0284110184455	-98.0683755215
4253.00000000	-0.00398761995933	-0.0281297149966	0.0284109482194	-98.0683917738
4253.00000000	-0.00398764522503	-0.0281296580655	0.0284108953981	-98.0684583367
4253.00000000	-0.00398768461758	-0.0281296540084	0.0284108969102	-98.0685381410
4253.00000000	-0.00398773000310	-0.0281297356763	0.0284109841398	-98.0686056463
4253.00000000	-0.00398779158294	-0.0281298800319	0.0284111357098	-98.0686877421
4253.00000000	-0.00398787437099	-0.0281300225379	0.0284112884252	-98.0688127069
4253.00000000	-0.00398795698015	-0.0281301046982	0.0284113813675	-98.0689543949
4253.00000000	-0.00398801325815	-0.0281300962541	0.0284113809064	-98.0690691545
4253.00000000	-0.00398803206518	-0.0281300108934	0.0284112990308	-98.0691308694
4253.00000000	-0.00398801600969	-0.0281299156898	0.0284112025161	-98.0691257612
4253.00000000	-0.00398796827773	-0.0281298956235	0.0284111759485	-98.0690361352
4253.00000000	-0.00398788750093	-0.0281299756649	0.0284112438592	-98.0688521914
4253.00000000	-0.00398778984669	-0.0281301109398	0.0284113640881	-98.0686189152
4253.00000000	-0.00398770247638	-0.0281302442100	0.0284114837761	-98.0684067422
4253.00000000	-0.00398763110641	-0.0281303321061	0.0284115607850	-98.0682393611
4253.00000000	-0.00398757128992	-0.0281303484654	0.0284115685870	-98.0681152967
4253.00000000	-0.00398752269641	-0.0281302933612	0.0284115072082	-98.0680338675
4253.00000000	-0.00398748496912	-0.0281301877584	0.0284113973556	-98.0679884271
4253.00000000	-0.00398745349421	-0.0281300701661	0.0284112765098	-98.0679588639
4253.00000000	-0.00398741994099	-0.0281299772556	0.0284111798098	-98.0679181649
4253.00000000	-0.00398738379089	-0.0281299127623	0.0284111108813	-98.0678642374
4253.00000000	-0.00398735528765	-0.0281298631132	0.0284110577233	-98.0678213770
4253.00000000	-0.00398734572121	-0.0281298267958	0.0284110204228	-98.0678125544
5260.00000000	0.00363922324677	-0.0199854070882	0.0203140454445	-79.6798552930
5260.00000000	0.00363918776880	-0.0199853097163	0.0203139432921	-79.6799045393
5260.00000000	0.00363916381177	-0.0199852101404	0.0203138410352	-79.6799207029
5260.00000000	0.00363916391671	-0.0199851305202	0.0203137627219	-79.6798801803
5260.00000000	0.00363918515330	-0.0199850959493	0.0203137325148	-79.6798037821
5260.00000000	0.00363921482962	-0.0199851146035	0.0203137561837	-79.6797308589
5260.00000000	0.00363923427831	-0.0199851789445	0.0203138229681	-79.6797094022
5260.00000000	0.00363923592193	-0.0199852755883	0.0203139183428	-79.6797536752
5260.00000000	0.00363923395860	-0.0199853871925	0.0203140277897	-79.6798155160
5260.00000000	0.00363925250538	-0.0199855016978	0.0203141437651	-79.6798219093
5260.00000000	0.00363930185277	-0.0199856089529	0.0203142581256	-79.6797391724
5260.00000000	0.00363936951551	-0.0199856971122	0.0203143569804	-79.6795959656
5260.00000000	0.00363943562111	-0.0199857670466	0.0203144376265	-79.6794478720
5260.00000000	0.00363948456356	-0.0199858196491	0.0203144981462	-79.6793386460
5260.00000000	0.00363949710791	-0.0199858335332	0.0203145140532	-79.6793108536
5260.00000000	0.00363945591067	-0.0199857880764	0.0203144619511	-79.6794021986
5260.00000000	0.00363936791006	-0.0199856909555	0.0203143506358	-79.6795973095
5260.00000000	0.00363926539294	-0.0199855748611	0.0203142180536	-79.6798231166
5260.00000000	0.00363918337379	-0.0199854802860	0.0203141103150	-79.6800029208
5260.00000000	0.00363913971814	-0.0199854330099	0.0203140559830	-79.6801001720
5260.00000000	0.00363913765659	-0.0199854258203	0.0203140485405	-79.6801022598
5260.00000000	0.00363917374324	-0.0199854186504	0.0203140479513	-79.6799985011
5260.00000000	0.00363922456898	-0.0199853815049	0.0203140205119	-79.6798386971
5260.00000000	0.00363925661364	-0.0199853319650	0.0203139775143	-79.6797247450
5260.00000000	0.00363926495219	-0.0199853002864	0.0203139478420	-79.6796855994
5260.00000000	0.00363927580313	-0.0199852802118	0.0203139300362	-79.6796453457
5260.00000000	0.00363931599579	-0.0199852522665	0.0203139097436	-79.6795196947
5260.00000000	0.00363939313971	-0.0199852314289	0.0203139030640	-79.6792950997
5260.00000000	0.00363949712116	-0.0199852469466	0.0203139369599	-79.6790144049
5260.00000000	0.00363960270534	-0.0199852953295	0.0203140034769	-79.6787458719
5260.00000000	0.00363967829697	-0.0199853517049	0.0203140724837	-79.6785646047
5260.00000000	0.00363970356605	-0.0199854025147	0.0203141269988	-79.6785201634
5260.00000000	0.00363968960553	-0.0199854409384	0.0203141622994	-79.6785783191
5260.00000000	0.00363967197267	-0.0199854574042	0.0203141753394	-79.6786355684
5260.00000000	0.00363966890973	-0.0199854626535	0.0203141799550	-79.6786467202
5260.00000000	0.00363966256634	-0.0199854856761	0.0203142014686	-79.6786759565
5260.00000000	0.00363962847192	-0.0199855227754	0.0203142318589	-79.6787893106
5260.00000000	0.00363956795479	-0.0199855316081	0.0203142297062	-79.6789616992
5260.00000000	0.00363950689776	-0.0199854819585	0.0203141699208	-79.6791060337
5260.00000000	0.00363947743520	-0.0199853876991	0.0203140719080	-79.6791401568
5260.00000000	0.00363949495134	-0.0199852928220	0.0203139817043	-79.6790436081
5260.00000000	0.00363954134652	-0.0199852382032	0.0203139362816	-79.6788872666
5260.00000000	0.00363958354783	-0.0199852352352	0.0203139409226	-79.6787686633
5260.00000000	0.00363960282105	-0.0199852647326	0.0203139733959	-79.6787300889
5260.00000000	0.00363960164413	-0.0199853062805	0.0203140140606	-79.6787543506
5260.00000000	0.00363959155828	-0.0199853551808	0.0203140603626	-79.6788070487
5260.00000000	0.00363957573239	-0.0199854113164	0.0203141127544	-79.6788793306
5260.00000000	0.00363955414836	-0.0199854597203	0.0203141565080	-79.6789636830
5260.00000000	0.00363954069774	-0.0199854736703	0.0203141678224	-79.6790080558
5260.00000000	0.00363955401699	-0.0199854468812	0.0203141438531	-79.6789575596
5260.00000000	0.00363959507144	-0.0199853996766	0.0203141047678	-79.6788197856
5260.00000000	0.00363964720498	-0.0199853560584	0.0203140711960	-79.6786530805
5260.00000000	0.00363969199564	-0.0199853269835	0.0203140506167	-79.6785140998
5260.00000000	0.00363971721446	-0.0199853033390	0.0203140318734	-79.6784321723
5260.00000000	0.00363972224105	-0.0199852626565	0.0203139927499	-79.6783976650
5260.00000000	0.00363972804892	-0.0199851975395	0.0203139297273	-79.6783486413
5260.00000000	0.00363976808139	-0.0199851335175	0.0203138739142	-79.6782052015
5260.00000000	0.00363984532215	-0.0199851051074	0.0203138598037	-79.6779765098
5260.00000000	0.00363991666869	-0.0199851330485	0.0203139000766	-79.6777926531
5260.00000000	0.00363994185564	-0.0199852313001	0.0203140012511	-79.6777724181
5260.00000000	0.00363991711642	-0.0199853900588	0.0203141530076	-79.6779212998
5260.00000000	0.00363986349321	-0.0199855576833	0.0203143083112	-79.6781548076
5260.00000000	0.00363981209460	-0.0199856716932	0.0203144112667	-79.6783550449
5260.00000000	0.00363977856010	-0.0199856942296	0.0203144274299	-79.6784594854
5260.00000000	0.00363975572959	-0.0199856325074	0.0203143626159	-79.6784916447
5260.00000000	0.00363974037773	-0.0199855398194	0.0203142686772	-79.6784874038
5260.00000000	0.00363973710456	-0.0199854781968	0.0203142074653	-79.6784653453
5260.00000000	0.00363974474236	-0.0199854691890	0.0203141999718	-79.6784395996
5260.00000000	0.00363975793503	-0.0199854869525	0.0203142198116	-79.6784119689
5260.00000000	0.00363976870738	-0.0199854875486	0.0203142223282	-79.6783823787
5260.00000000	0.00363975986248	-0.0199854485645	0.0203141823901	-79.6783872210
5260.00000000	0.00363971436148	-0.0199853839712	0.0203141106896	-79.6784808367
5260.00000000	0.00363963182232	-0.0199853251862	0.0203140380673	-79.6786801641
5260.00000000	0.00363953154572	-0.0199852926428	0.0203139880844	-79.6789419728
5260.00000000	0.00363944034201	-0.0199852847513	0.0203139639803	-79.6791910638
5260.00000000	0.00363937333211	-0.0199852860120	0.0203139532153	-79.6793776451
5260.00000000	0.00363932326051	-0.0199852814269	0.0203139397337	-79.6795142709
5260.00000000	0.00363927204311	-0.0199852649545	0.0203139143522	-79.6796480698
5260.00000000	0.00363921528858	-0.0199852434829	0.0203138830603	-79.6797947078
5260.00000000	0.00363916858482	-0.0199852489247	0.0203138800472	-79.6799270554
5260.00000000	0.00363914503106	-0.0199853207382	0.0203139464794	-79.6800287008
5260.00000000	0.00363913475962	-0.0199854612491	0.0203140828771	-79.6801281998
5260.00000000	0.00363912030130	-0.0199856263407	0.0203142427079	-79.6802517351
5260.00000000	0.00363909443190	-0.0199857517410	0.0203143614454	-79.6803868781
5260.00000000	0.00363905648263	-0.0199857929807	0.0203143952199	-79.6805130173
5260.00000000	0.00363901158719	-0.0199857555311	0.0203143503337	-79.6806186734
5260.00000000	0.00363897906636	-0.0199856918854	0.0203142818919	-79.6806767570
5260.00000000	0.00363898619230	-0.0199856590920	0.0203142509054	-79.6806404150
5260.00000000	0.00363904162426	-0.0199856706292	0.0203142721858	-79.6804924289
5260.00000000	0.00363912830959	-0.0199857104323	0.0203143268738	-79.6802720016
5260.00000000	0.00363921363943	-0.0199857648893	0.0203143957361	-79.6800627410
5260.00000000	0.00363925958676	-0.0199858165655	0.0203144548076	-79.6799613558
5260.00000000	0.00363924620726	-0.0199858352926	0.0203144708348	-79.6800079437
5260.00000000	0.00363919101249	-0.0199857891348	0.0203144155360	-79.6801377772
5260.00000000	0.00363912714389	-0.0199856784043	0.0203142951551	-79.6802590537
5260.00000000	0.00363908227345	-0.0199855500465	0.0203141608356	-79.6803187082
5260.00000000	0.00363907719566	-0.0199854604344	0.0203140717635	-79.6802875206
5260.00000000	0.00363910947440	-0.0199854297581	0.0203140473658	-79.6801824514
5260.00000000	0.00363915096508	-0.0199854367376	0.0203140616653	-79.6800708467
5260.00000000	0.00363917564917	-0.0199854496762	0.0203140788166	-79.6800088891
5270.00000000	-0.0195282892445	-0.0294854409026	0.0353658777077	-123.516619119
5270.00000000	-0.0195281166489	-0.0294851504383	0.0353655402365	-123.516645836
5270.00000000	-0.0195279900305	-0.0294849794055	0.0353653277261	-123.516627813
5270.00000000	-0.0195279341136	-0.0294849700837	0.0353652890781	-123.516560624
5270.00000000	-0.0195279827002	-0.0294851245806	0.0353654447148	-123.516488040
5270.00000000	-0.0195281360313	-0.0294854100645	0.0353657673963	-123.516439759
5270.00000000	-0.0195283584911	-0.0294857513856	0.0353661748021	-123.516434901
5270.00000000	-0.0195286068109	-0.0294860615067	0.0353665704748	-123.516492882
5270.00000000	-0.0195288516284	-0.0294863162117	0.0353669180119	-123.516595704
5270.00000000	-0.0195290661981	-0.0294865594807	0.0353672393124	-123.516667899
5270.00000000	-0.0195292149728	-0.0294868085184	0.0353675290917	-123.516646068
5270.00000000	-0.0195292823004	-0.0294870288033	0.0353677499258	-123.516539951
5270.00000000	-0.0195292887617	-0.0294872032197	0.0353678989093	-123.516392658
5270.00000000	-0.0195292690313	-0.0294873490809	0.0353680096233	-123.516235534
5270.00000000	-0.0195292368172	-0.0294874482822	0.0353680745427	-123.516103288
5270.00000000	-0.0195291919450	-0.0294874509498	0.0353680519896	-123.516040296
5270.00000000	-0.0195291499427	-0.0294873572004	0.0353679506354	-123.516067426
5270.00000000	-0.0195291193431	-0.0294872121732	0.0353678128255	-123.516155826
5270.00000000	-0.0195290863333	-0.0294870573035	0.0353676654790	-123.516249776
5270.00000000	-0.0195290617850	-0.0294869249707	0.0353675415944	-123.516334995
5270.00000000	-0.0195290727490	-0.0294868503837	0.0353674854632	-123.516416524
5270.00000000	-0.0195290970599	-0.0294868532598	0.0353675012850	-123.516446787
5270.00000000	-0.0195290974316	-0.0294869057552	0.0353675452570	-123.516400330
5270.00000000	-0.0195290827207	-0.0294869548314	0.0353675780503	-123.516336560
5270.00000000	-0.0195290681766	-0.0294869744431	0.0353675863703	-123.516299373
5270.00000000	-0.0195290462080	-0.0294869902407	0.0353675874107	-123.516255570
5270.00000000	-0.0195290190607	-0.0294870592903	0.0353676299893	-123.516157137
5270.00000000	-0.0195290012728	-0.0294872104356	0.0353677461819	-123.515997910
5270.00000000	-0.0195289975971	-0.0294874087813	0.0353679095195	-123.515815523
5270.00000000	-0.0195290073031	-0.0294875715285	0.0353680505667	-123.515683054
5270.00000000	-0.0195290281807	-0.0294876219888	0.0353681041651	-123.515666115
5270.00000000	-0.0195290464956	-0.0294875514094	0.0353680554335	-123.515753985
5270.00000000	-0.0195290493915	-0.0294874288512	0.0353679548517	-123.515867526
5270.00000000	-0.0195290503562	-0.0294873420350	0.0353678830029	-123.515946486
5270.00000000	-0.0195290810494	-0.0294873406393	0.0353678987871	-123.515989190
5270.00000000	-0.0195291534313	-0.0294874086143	0.0353679954271	-123.516026148
5270.00000000	-0.0195292305371	-0.0294874549632	0.0353680766452	-123.516088830
5270.00000000	-0.0195292590132	-0.0294873795152	0.0353680294656	-123.516194780
5270.00000000	-0.0195292272152	-0.0294871742453	0.0353678407680	-123.516335450
5270.00000000	-0.0195291567291	-0.0294869326858	0.0353676004525	-123.516456329
5270.00000000	-0.0195290610886	-0.0294867586850	0.0353674025728	-123.516482802
5270.00000000	-0.0195289525487	-0.0294866804996	0.0353672774543	-123.516406142
5270.00000000	-0.0195288477201	-0.0294866586797	0.0353672013788	-123.516284073
5270.00000000	-0.0195287565440	-0.0294866540432	0.0353671471682	-123.516165072
5270.00000000	-0.0195286939132	-0.0294866700661	0.0353671259440	-123.516066146
5270.00000000	-0.0195286855961	-0.0294867434080	0.0353671824991	-123.515989306
5270.00000000	-0.0195287364208	-0.0294868905978	0.0353673332797	-123.515926287
5270.00000000	-0.0195287878015	-0.0294870695860	0.0353675108789	-123.515835577
5270.00000000	-0.0195287507327	-0.0294872271041	0.0353676217389	-123.515644607
5270.00000000	-0.0195286062971	-0.0294873656781	0.0353676575213	-123.515325569
5270.00000000	-0.0195284141846	-0.0294875054260	0.0353676679584	-123.514941085
5270.00000000	-0.0195282389473	-0.0294876191044	0.0353676659794	-123.514602714
5270.00000000	-0.0195281135228	-0.0294876495306	0.0353676220942	-123.514406091
5270.00000000	-0.0195280451504	-0.0294875683127	0.0353675166274	-123.514386390
5270.00000000	-0.0195280198652	-0.0294874075164	0.0353673686029	-123.514496067
5270.00000000	-0.0195280043429	-0.0294872477339	0.0353672268143	-123.514618026
5270.00000000	-0.0195279723554	-0.0294871779317	0.0353671509552	-123.514637259
5270.00000000	-0.0195279363479	-0.0294872435535	0.0353671857856	-123.514529925
5270.00000000	-0.0195279472910	-0.0294874283349	0.0353673458886	-123.514379421
5270.00000000	-0.0195280542125	-0.0294876927368	0.0353676253694	-123.514287335
5270.00000000	-0.0195282573714	-0.0294879888314	0.0353679844108	-123.514296886
5270.00000000	-0.0195285018811	-0.0294882476339	0.0353683351918	-123.514395645
5270.00000000	-0.0195286980150	-0.0294884099992	0.0353685788581	-123.514515322
5270.00000000	-0.0195287635344	-0.0294884507891	0.0353686490429	-123.514567330
5270.00000000	-0.0195286732850	-0.0294883900476	0.0353685485689	-123.514499767
5270.00000000	-0.0195284785896	-0.0294882997813	0.0353683658093	-123.514317542
5270.00000000	-0.0195282799984	-0.0294882650214	0.0353682271774	-123.514080406
5270.00000000	-0.0195281548530	-0.0294883282939	0.0353682108331	-123.513854783
5270.00000000	-0.0195281075214	-0.0294884688203	0.0353683018639	-123.513665160
5270.00000000	-0.0195280760734	-0.0294886168368	0.0353684079098	-123.513490292
5270.00000000	-0.0195279924203	-0.0294886852220	0.0353684187389	-123.513316139
5270.00000000	-0.0195278427018	-0.0294886378760	0.0353682965997	-123.513156267
5270.00000000	-0.0195276563605	-0.0294885205462	0.0353680958907	-123.513009524
5270.00000000	-0.0195274579007	-0.0294884016782	0.0353678872086	-123.512847788
5270.00000000	-0.0195272585642	-0.0294883228367	0.0353677114153	-123.512649064
5270.00000000	-0.0195270641425	-0.0294882924207	0.0353675787115	-123.512413663
5270.00000000	-0.0195268713306	-0.0294882713731	0.0353674547082	-123.512172055
5270.00000000	-0.0195266737381	-0.0294881819913	0.0353672710910	-123.511985109
5270.00000000	-0.0195264856275	-0.0294880034986	0.0353670184112	-123.511890672
5270.00000000	-0.0195263477837	-0.0294878366411	0.0353668031852	-123.511853724
5270.00000000	-0.0195263013612	-0.0294878087797	0.0353667543249	-123.511815939
5270.00000000	-0.0195263651409	-0.0294879403936	0.0353668992742	-123.511784369
5270.00000000	-0.0195265178390	-0.0294881479088	0.0353671566006	-123.511805015
5270.00000000	-0.0195266914626	-0.0294883252726	0.0353674003407	-123.511880894
5270.00000000	-0.0195268093194	-0.0294884083204	0.0353675346535	-123.511965806
5270.00000000	-0.0195268380904	-0.0294884065571	0.0353675490682	-123.512006244
5270.00000000	-0.0195267914289	-0.0294883885560	0.0353675082969	-123.511959318
5270.00000000	-0.0195266924365	-0.0294884306437	0.0353674887339	-123.511787963
5270.00000000	-0.0195265513965	-0.0294885644545	0.0353675224327	-123.511477774
5270.00000000	-0.0195263893020	-0.0294887921482	0.0353676227860	-123.511055178
5270.00000000	-0.0195262317995	-0.0294891014390	0.0353677937107	-123.510565807
5270.00000000	-0.0195260662166	-0.0294894183260	0.0353679665107	-123.510058732
5270.00000000	-0.0195258539139	-0.0294896267970	0.0353680231239	-123.509585519
5270.00000000	-0.0195255674809	-0.0294896776217	0.0353679073693	-123.509153167
5270.00000000	-0.0195252221825	-0.0294896411341	0.0353676863181	-123.508719386
5270.00000000	-0.0195248674939	-0.0294896504606	0.0353674982850	-123.508231943
5270.00000000	-0.0195245427560	-0.0294897872171	0.0353674330414	-123.507670987
5270.00000000	-0.0195242623241	-0.0294900278088	0.0353674788396	-123.507077016
5270.00000000	-0.0195240186706	-0.0294902945147	0.0353675667188	-123.506509373
5270.00000000	-0.0195237910538	-0.0294905228966	0.0353676314987	-123.505997668
5274.00000000	0.00982159924706	0.0103259418493	0.0142509258242	46.4339550855
5274.00000000	0.00982151038118	0.0103258382593	0.0142507895194	46.4339269307
5274.00000000	0.00982141255098	0.0103257616956	0.0142506666192	46.4339997787
5274.00000000	0.00982133004704	0.0103257370583	0.0142505919067	46.4341718640
5274.00000000	0.00982129128781	0.0103257704933	0.0142505894208	46.4343774257
5274.00000000	0.00982129642593	0.0103258403755	0.0142506435976	46.4345560950
5274.00000000	0.00982133579202	0.0103259140461	0.0142507241089	46.4346455455
5274.00000000	0.00982140588560	0.0103259711804	0.0142508138150	46.4345996589
5274.00000000	0.00982148189528	0.0103260079888	0.0142508928704	46.4344802177
5274.00000000	0.00982152306308	0.0103260404648	0.0142509447742	46.4344502740
5274.00000000	0.00982150141415	0.0103260838488	0.0142509612897	46.4346335524
5274.00000000	0.00982140402269	0.0103261306881	0.0142509281089	46.4350470582
5274.00000000	0.00982124817832	0.0103261707875	0.0142508497611	46.4356121796
5274.00000000	0.00982108091070	0.0103262056653	0.0142507597586	46.4361961187
5274.00000000	0.00982094847610	0.0103262318803	0.0142506874857	46.4366545812
5274.00000000	0.00982087938764	0.0103262329719	0.0142506406641	46.4368588856
5274.00000000	0.00982087060168	0.0103261915768	0.0142506046137	46.4367697847
5274.00000000	0.00982089853158	0.0103261118113	0.0142505660627	46.4364673989
5274.00000000	0.00982094362454	0.0103260230436	0.0142505328172	46.4360900656
5274.00000000	0.00982098080054	0.0103259513347	0.0142505064770	46.4357830635
5274.00000000	0.00982097531917	0.0103259066807	0.0142504703431	46.4356753016
5274.00000000	0.00982090392129	0.0103258919264	0.0142504104470	46.4358424267
5274.00000000	0.00982078535397	0.0103258996022	0.0142503342966	46.4362091278
5274.00000000	0.00982068586128	0.0103259163044	0.0142502778328	46.4365452712
5274.00000000	0.00982065690790	0.0103259361592	0.0142502722664	46.4366846402
5274.00000000	0.00982068103876	0.0103259582929	0.0142503049347	46.4366756662
5274.00000000	0.00982071219460	0.0103259849604	0.0142503457295	46.4366587878
5274.00000000	0.00982073728256	0.0103260226995	0.0142503903653	46.4366902659
5274.00000000	0.00982075661968	0.0103260677592	0.0142504363424	46.4367587822
5274.00000000	0.00982075878350	0.0103261030530	0.0142504634081	46.4368502715
5274.00000000	0.00982074569700	0.0103261173050	0.0142504647167	46.4369278877
5274.00000000	0.00982074072685	0.0103261146074	0.0142504593368	46.4369348930
5274.00000000	0.00982074359176	0.0103261031815	0.0142504530318	46.4368948873
5274.00000000	0.00982072756286	0.0103260891339	0.0142504318063	46.4369026626
5274.00000000	0.00982070965115	0.0103260846843	0.0142504162381	46.4369425178
5274.00000000	0.00982074444189	0.0103260959031	0.0142504483436	46.4368722433
5274.00000000	0.00982083906359	0.0103261028505	0.0142505185868	46.4366158227
5274.00000000	0.00982093134659	0.0103260750173	0.0142505620162	46.4362698468
5274.00000000	0.00982095464294	0.0103259998259	0.0142505235870	46.4359936324
5274.00000000	0.00982089664593	0.0103258981268	0.0142504099259	46.4358808031
5274.00000000	0.00982079121681	0.0103258116085	0.0142502745763	46.4359482254
5274.00000000	0.00982066729674	0.0103257592330	0.0142501512235	46.4361641283
5274.00000000	0.00982052763397	0.0103257234857	0.0142500290706	46.4364719764
5274.00000000	0.00982038535769	0.0103256883976	0.0142499055947	46.4367892712
5274.00000000	0.00982028057264	0.0103256646515	0.0142498161750	46.4370287669
5274.00000000	0.00982024274235	0.0103256693067	0.0142497934775	46.4371518867
5274.00000000	0.00982027617563	0.0103257051453	0.0142498424873	46.4371537835
5274.00000000	0.00982036886201	0.0103257612444	0.0142499470126	46.4370391851
5274.00000000	0.00982048584291	0.0103258256708	0.0142500743147	46.4368768806
5274.00000000	0.00982057909077	0.0103258948239	0.0142501886862	46.4367968212
5274.00000000	0.00982061332968	0.0103259633116	0.0142502619093	46.4368868387
5274.00000000	0.00982057823277	0.0103260192597	0.0142502782632	46.4371441162
5274.00000000	0.00982048854571	0.0103260519436	0.0142502401390	46.4374959788
5274.00000000	0.00982037897673	0.0103260560755	0.0142501676243	46.4378266566
5274.00000000	0.00982027916532	0.0103260336786	0.0142500826109	46.4380554020
5274.00000000	0.00982018456046	0.0103259963888	0.0142499903938	46.4382277142
5274.00000000	0.00982006899869	0.0103259657634	0.0142498885640	46.4384795549
5274.00000000	0.00981992819555	0.0103259609818	0.0142497880673	46.4388765529
5274.00000000	0.00981980337297	0.0103259874732	0.0142497212457	46.4393136472
5274.00000000	0.00981974697308	0.0103260427552	0.0142497224393	46.4396311565
5274.00000000	0.00981976948549	0.0103261178948	0.0142497924029	46.4397737608
5274.00000000	0.00981984147449	0.0103261942137	0.0142498973162	46.4397754725
5274.00000000	0.00981994438214	0.0103262606038	0.0142500163412	46.4396595882
5274.00000000	0.00982008492762	0.0103263175286	0.0142501544443	46.4394078183
5274.00000000	0.00982025932142	0.0103263678462	0.0142503110856	46.4390391277
5274.00000000	0.00982044300760	0.0103264203216	0.0142504756946	46.4386493504
5274.00000000	0.00982060689323	0.0103264831139	0.0142506341352	46.4383458555
5274.00000000	0.00982071874541	0.0103265513305	0.0142507606484	46.4382089906
5274.00000000	0.00982074893285	0.0103266063355	0.0142508213100	46.4382734443
5274.00000000	0.00982069909284	0.0103266300401	0.0142508041407	46.4384843266
5274.00000000	0.00982061156616	0.0103266163567	0.0142507339079	46.4387014171
5274.00000000	0.00982054072694	0.0103265752567	0.0142506553078	46.4387939284
5274.00000000	0.00982051945667	0.0103265296604	0.0142506076090	46.4387295650
5274.00000000	0.00982053915205	0.0103265048614	0.0142506032114	46.4386034723
5274.00000000	0.00982056035248	0.0103265186678	0.0142506278260	46.4385799594
5274.00000000	0.00982055843916	0.0103265717089	0.0142506649429	46.4387324946
5274.00000000	0.00982054831678	0.0103266401680	0.0142507075755	46.4389516644
5274.00000000	0.00982055763945	0.0103266907611	0.0142507506618	46.4390646797
5274.00000000	0.00982058512737	0.0103267111586	0.0142507843854	46.4390411097
5274.00000000	0.00982060831329	0.0103267226409	0.0142508086839	46.4390053721
5274.00000000	0.00982061670750	0.0103267537441	0.0142508370072	46.4390670921
5274.00000000	0.00982061179514	0.0103268058763	0.0142508713992	46.4392258434
5274.00000000	0.00982059066949	0.0103268612601	0.0142508969747	46.4394408392
5274.00000000	0.00982055126902	0.0103269078874	0.0142509036114	46.4396848164
5274.00000000	0.00982051684858	0.0103269441083	0.0142509061392	46.4398854523
5274.00000000	0.00982052322249	0.0103269720522	0.0142509307812	46.4399443031
5274.00000000	0.00982056493111	0.0103269957168	0.0142509766718	46.4398883515
5274.00000000	0.00982059942394	0.0103270245407	0.0142510213286	46.4398677172
5274.00000000	0.00982060078254	0.0103270682472	0.0142510539369	46.4399848506
5274.00000000	0.00982056612393	0.0103271299623	0.0142510747754	46.4402568110
5274.00000000	0.00982052051678	0.0103272068221	0.0142510990442	46.4406026273
5274.00000000	0.00982051155828	0.0103272856820	0.0142511500176	46.4408472089
5274.00000000	0.00982055424244	0.0103273440193	0.0142512217063	46.4408844734
5274.00000000	0.00982060896232	0.0103273671276	0.0142512761597	46.4407890712
5274.00000000	0.00982062950416	0.0103273598318	0.0142512850282	46.4407090113
5274.00000000	0.00982058911880	0.0103273448665	0.0142512463536	46.4407852103
5274.00000000	0.00982047193220	0.0103273487789	0.0142511684353	46.4411374671
5274.00000000	0.00982029607586	0.0103273852275	0.0142510736668	46.4417508034
5274.00000000	0.00982011096015	0.0103274490325	0.0142509923440	46.4424669148
5274.00000000	0.00981995443655	0.0103275252446	0.0142509397169	46.4431341009
