DevNumber	X [V]	Y [V]	R [V]	Theta [°]
4253.00000000	0.000815271652297	0.000456552694197	0.000934402605742	29.2488567735
4253.00000000	0.000815260696631	0.000456544339163	0.000934388964561	29.2487380088
4253.00000000	0.000815253871127	0.000456543701149	0.000934382697532	29.2489083714
4253.00000000	0.000815258535439	0.000456553350507	0.000934391481910	29.2492848758
4253.00000000	0.000815273405283	0.000456569513402	0.000934412353263	29.2497040787
4253.00000000	0.000815285558147	0.000456586696055	0.000934431352394	29.2502592200
4253.00000000	0.000815286068002	0.000456600180695	0.000934438386245	29.2509653404
4253.00000000	0.000815279529812	0.000456605826734	0.000934435440647	29.2514632807
4253.00000000	0.000815273029083	0.000456602624065	0.000934428203905	29.2514867197
4253.00000000	0.000815266581066	0.000456593721642	0.000934418228015	29.2512036536
4253.00000000	0.000815259180590	0.000456583553711	0.000934406802766	29.2508814157
4253.00000000	0.000815251032590	0.000456575056972	0.000934395541935	29.2506709759
4253.00000000	0.000815240390749	0.000456570150862	0.000934383859753	29.2507273531
4253.00000000	0.000815229105528	0.000456568622518	0.000934373266724	29.2509837235
4253.00000000	0.000815226412519	0.000456566402415	0.000934369832284	29.2509456368
4253.00000000	0.000815240407198	0.000456558781306	0.000934378318625	29.2501185800
4253.00000000	0.000815268584329	0.000456544861414	0.000934396101809	29.2485296314
4253.00000000	0.000815299982951	0.000456530345580	0.000934416405376	29.2468123506
4253.00000000	0.000815323055901	0.000456525958210	0.000934434393633	29.2458864241
4253.00000000	0.000815330061170	0.000456538855816	0.000934446807217	29.2463665880
4253.00000000	0.000815321922005	0.000456566838091	0.000934453377192	29.2481074248
4253.00000000	0.000815307667345	0.000456598713054	0.000934456514341	29.2502397003
4253.00000000	0.000815295142981	0.000456622784192	0.000934457349060	29.2519026498
4253.00000000	0.000815286452117	0.000456636860206	0.000934456644850	29.2529160462
4253.00000000	0.000815281772982	0.000456643360649	0.000934455739017	29.2534039866
4253.00000000	0.000815281885649	0.000456641153811	0.000934454758895	29.2532825559
4253.00000000	0.000815286438366	0.000456627370867	0.000934451995776	29.2524088218
4253.00000000	0.000815293719893	0.000456602045916	0.000934445973843	29.2508358668
4253.00000000	0.000815302416991	0.000456571873034	0.000934438818970	29.2489611266
4253.00000000	0.000815309713866	0.000456547920136	0.000934433482333	29.2474610713
4253.00000000	0.000815313017768	0.000456537661675	0.000934431353000	29.2468132708
4253.00000000	0.000815316312340	0.000456539907073	0.000934435324630	29.2468347021
4253.00000000	0.000815324629667	0.000456545897688	0.000934445508543	29.2469060319
4253.00000000	0.000815334256538	0.000456545619455	0.000934453772280	29.2466027567
4253.00000000	0.000815337585730	0.000456536122167	0.000934452037050	29.2459949327
4253.00000000	0.000815333274549	0.000456525610930	0.000934443140069	29.2455617331
4253.00000000	0.000815325129748	0.000456525935732	0.000934436192147	29.2458230965
4253.00000000	0.000815315640787	0.000456538101606	0.000934433856584	29.2467582282
4253.00000000	0.000815306885317	0.000456555184715	0.000934434563753	29.2479344585
4253.00000000	0.000815302747699	0.000456573703957	0.000934440002114	29.2490491699
4253.00000000	0.000815307922552	0.000456592563860	0.000934453732374	29.2499030925
4253.00000000	0.000815320434857	0.000456608759923	0.000934472563071	29.2503946584
4253.00000000	0.000815328544520	0.000456619874803	0.000934485069744	29.2507462896
4253.00000000	0.000815323315751	0.000456627166291	0.000934484070598	29.2512929966
4253.00000000	0.000815306930096	0.000456629679655	0.000934471002548	29.2519183691
4253.00000000	0.000815286999078	0.000456621767897	0.000934449747062	29.2520922863
4253.00000000	0.000815272164812	0.000456602511901	0.000934427395035	29.2515066144
4253.00000000	0.000815268570284	0.000456579533568	0.000934413030820	29.2503850109
4253.00000000	0.000815274352139	0.000456562951463	0.000934409973141	29.2493246495
4253.00000000	0.000815278683581	0.000456557707804	0.000934411190246	29.2489143438
4253.00000000	0.000815273272510	0.000456562426580	0.000934408774699	29.2493289146
4253.00000000	0.000815264355546	0.000456573491203	0.000934406401033	29.2501880284
4253.00000000	0.000815265077168	0.000456588060916	0.000934414149840	29.2509458732
4253.00000000	0.000815279255818	0.000456602752688	0.000934433699483	29.2513070370
4253.00000000	0.000815297966007	0.000456609609500	0.000934453374366	29.2511132760
4253.00000000	0.000815311708068	0.000456602833364	0.000934462053135	29.2503390628
4253.00000000	0.000815318586617	0.000456588111632	0.000934460861335	29.2493454253
4253.00000000	0.000815320431595	0.000456577538312	0.000934457304892	29.2487245109
4253.00000000	0.000815317214448	0.000456579296627	0.000934455357031	29.2489149569
4253.00000000	0.000815307319024	0.000456593863933	0.000934453841040	29.2499907238
4253.00000000	0.000815293119211	0.000456614369754	0.000934451471666	29.2515131464
4253.00000000	0.000815283090217	0.000456631044282	0.000934450869653	29.2527056513
4253.00000000	0.000815281311584	0.000456639252638	0.000934453328994	29.2531980529
4253.00000000	0.000815280377578	0.000456642829762	0.000934454262142	29.2534173970
4253.00000000	0.000815273948292	0.000456646194224	0.000934450296946	29.2537900204
4253.00000000	0.000815266332235	0.000456646827696	0.000934443961788	29.2540521122
4253.00000000	0.000815265263815	0.000456640641347	0.000934440006482	29.2537531843
4253.00000000	0.000815272102673	0.000456630382981	0.000934440960178	29.2529994898
4253.00000000	0.000815281785786	0.000456623193912	0.000934445895412	29.2523247727
4253.00000000	0.000815287169168	0.000456619421458	0.000934448748869	29.2519616648
4253.00000000	0.000815285289652	0.000456612377019	0.000934443666772	29.2516411264
4253.00000000	0.000815280124148	0.000456599321012	0.000934432780236	29.2510974348
4253.00000000	0.000815276914066	0.000456583232733	0.000934422118221	29.2503329221
4253.00000000	0.000815277927041	0.000456567155005	0.000934415146147	29.2494424315
4253.00000000	0.000815281981542	0.000456554703894	0.000934412600019	29.2486548284
4253.00000000	0.000815285519105	0.000456554978051	0.000934415820524	29.2485635117
4253.00000000	0.000815285306342	0.000456573791334	0.000934424827191	29.2495763827
4253.00000000	0.000815282357786	0.000456601792333	0.000934435936638	29.2511627212
4253.00000000	0.000815281584835	0.000456622543679	0.000934445402347	29.2522960087
4253.00000000	0.000815285303357	0.000456628351495	0.000934451484700	29.2524952884
4253.00000000	0.000815291073603	0.000456624418705	0.000934454597321	29.2521120138
4253.00000000	0.000815295620272	0.000456620442863	0.000934456621399	29.2517630985
4253.00000000	0.000815296211676	0.000456622533899	0.000934458159169	29.2518572408
4253.00000000	0.000815294936020	0.000456630650841	0.000934461012556	29.2523296805
4253.00000000	0.000815300243354	0.000456639021782	0.000934469733607	29.2526184669
4253.00000000	0.000815315641678	0.000456640462880	0.000934483872468	29.2522342050
4253.00000000	0.000815333736101	0.000456631969581	0.000934495509282	29.2512377538
4253.00000000	0.000815345133919	0.000456620263555	0.000934499733812	29.2502700852
4253.00000000	0.000815347549725	0.000456619050461	0.000934501248841	29.2501328183
4253.00000000	0.000815346226274	0.000456633643982	0.000934507224966	29.2509531282
4253.00000000	0.000815347739247	0.000456653841225	0.000934518414265	29.2519882060
4253.00000000	0.000815352359092	0.000456668274958	0.000934529498106	29.2526218813
4253.00000000	0.000815354854296	0.000456674671246	0.000934534800733	29.2528892690
4253.00000000	0.000815354569792	0.000456672734521	0.000934533606103	29.2527941958
4253.00000000	0.000815354601798	0.000456659003498	0.000934526924250	29.2520587479
4253.00000000	0.000815354671112	0.000456632548343	0.000934514057631	29.2506415234
4253.00000000	0.000815352006237	0.000456600074989	0.000934495865456	29.2489842270
4253.00000000	0.000815345036466	0.000456571243141	0.000934475697144	29.2476506352
4253.00000000	0.000815336181307	0.000456550779370	0.000934457972673	29.2468211448
4253.00000000	0.000815330487754	0.000456539392551	0.000934447441653	29.2463825239
5260.00000000	0.00189912989963	0.00218081036098	0.00289182091531	48.9494529219
5260.00000000	0.00189914984491	0.00218080118582	0.00289182709468	48.9490355234
5260.00000000	0.00189917014133	0.00218078536279	0.00289182849150	48.9485263788
5260.00000000	0.00189918882579	0.00218077160280	0.00289183038568	48.9480681637
5260.00000000	0.00189920607283	0.00218076820285	0.00289183914865	48.9477662318
5260.00000000	0.00189921952146	0.00218077718161	0.00289185475198	48.9476821266
5260.00000000	0.00189922346123	0.00218079012228	0.00289186709811	48.9477916461
5260.00000000	0.00189921424459	0.00218079583142	0.00289186535046	48.9480036391
5260.00000000	0.00189919271999	0.00218079032806	0.00289184706418	48.9482536320
5260.00000000	0.00189916398544	0.00218077685475	0.00289181803262	48.9485076502
5260.00000000	0.00189913680519	0.00218075952808	0.00289178711598	48.9486883096
5260.00000000	0.00189911846072	0.00218074082785	0.00289176096628	48.9487190774
5260.00000000	0.00189910968210	0.00218072357062	0.00289174218701	48.9486256907
5260.00000000	0.00189910635615	0.00218071018162	0.00289172990581	48.9485011646
5260.00000000	0.00189910386953	0.00218070045119	0.00289172093486	48.9484117031
5260.00000000	0.00189910089553	0.00218069215422	0.00289171272482	48.9483481763
5260.00000000	0.00189909944741	0.00218068492254	0.00289170632024	48.9482757117
5260.00000000	0.00189910183343	0.00218068137244	0.00289170521006	48.9481938641
5260.00000000	0.00189911066805	0.00218068447876	0.00289171335464	48.9481022791
5260.00000000	0.00189912731518	0.00218069530723	0.00289173245343	48.9479944466
5260.00000000	0.00189914766653	0.00218071202761	0.00289175842813	48.9479079365
5260.00000000	0.00189916314820	0.00218073161957	0.00289178337018	48.9479315539
5260.00000000	0.00189916600798	0.00218075227114	0.00289180082197	48.9481575472
5260.00000000	0.00189915536473	0.00218077108338	0.00289180801878	48.9485613591
5260.00000000	0.00189913732199	0.00218078229853	0.00289180462711	48.9489768766
5260.00000000	0.00189911827449	0.00218078161640	0.00289179160365	48.9492526021
5260.00000000	0.00189910329229	0.00218076906864	0.00289177230181	48.9493131922
5260.00000000	0.00189909824604	0.00218074744011	0.00289175267712	48.9491071614
5260.00000000	0.00189910513658	0.00218072362630	0.00289173924379	48.9486943339
5260.00000000	0.00189911560214	0.00218070863039	0.00289173480820	48.9483428272
5260.00000000	0.00189911839343	0.00218070892843	0.00289173686610	48.9483049985
5260.00000000	0.00189911351528	0.00218072113876	0.00289174287047	48.9485367719
5260.00000000	0.00189910942461	0.00218073796305	0.00289175287155	48.9488168158
5260.00000000	0.00189911002432	0.00218075217872	0.00289176398578	48.9489928314
5260.00000000	0.00189911384116	0.00218075942973	0.00289177196059	48.9490301515
5260.00000000	0.00189912014553	0.00218076285128	0.00289177868113	48.9489804744
5260.00000000	0.00189912733381	0.00218076885140	0.00289178792674	48.9489511429
5260.00000000	0.00189913101460	0.00218078114726	0.00289179961666	48.9490561389
5260.00000000	0.00189913019726	0.00218080266280	0.00289181530534	48.9493483080
5260.00000000	0.00189912980858	0.00218083286691	0.00289183782797	48.9497471214
5260.00000000	0.00189913416847	0.00218086162364	0.00289186237765	48.9500561449
5260.00000000	0.00189913983666	0.00218087433250	0.00289187568428	48.9501368129
5260.00000000	0.00189914125478	0.00218086236390	0.00289186758962	48.9499598965
5260.00000000	0.00189914114719	0.00218082891020	0.00289184229039	48.9495262216
5260.00000000	0.00189914601525	0.00218078789039	0.00289181455320	48.9489197463
5260.00000000	0.00189915628671	0.00218075644176	0.00289179758276	48.9483570658
5260.00000000	0.00189916884727	0.00218074502265	0.00289179722046	48.9480208055
5260.00000000	0.00189918308341	0.00218075079525	0.00289181092316	48.9478832123
5260.00000000	0.00189919840125	0.00218076397372	0.00289183092112	48.9478258244
5260.00000000	0.00189920973420	0.00218078046897	0.00289185080326	48.9478711339
5260.00000000	0.00189921520930	0.00218080153024	0.00289187028159	48.9480633777
5260.00000000	0.00189922128310	0.00218082475020	0.00289189178105	48.9482747619
5260.00000000	0.00189923527111	0.00218084457407	0.00289191591705	48.9483237090
5260.00000000	0.00189925445556	0.00218085761052	0.00289193834726	48.9482067024
5260.00000000	0.00189926703204	0.00218086288250	0.00289195058243	48.9480873975
5260.00000000	0.00189926394806	0.00218086461641	0.00289194986463	48.9481560350
5260.00000000	0.00189924568204	0.00218087000410	0.00289194193156	48.9484990440
5260.00000000	0.00189921932002	0.00218087589131	0.00289192905840	48.9489695162
5260.00000000	0.00189919151980	0.00218087203721	0.00289190789472	48.9493347336
5260.00000000	0.00189916902074	0.00218085782326	0.00289188239985	48.9494859540
5260.00000000	0.00189915933542	0.00218084151457	0.00289186374039	48.9494184656
5260.00000000	0.00189916416767	0.00218083022812	0.00289185840242	48.9491994106
5260.00000000	0.00189917825061	0.00218082829313	0.00289186619188	48.9489638155
5260.00000000	0.00189919338914	0.00218083648386	0.00289188231066	48.9488442019
5260.00000000	0.00189920170787	0.00218084780685	0.00289189631277	48.9488672405
5260.00000000	0.00189920185303	0.00218085225569	0.00289189976309	48.9489229578
5260.00000000	0.00189920123954	0.00218084808849	0.00289189621759	48.9488779024
5260.00000000	0.00189920761389	0.00218084430556	0.00289189755105	48.9487334411
5260.00000000	0.00189921804231	0.00218085015243	0.00289190880900	48.9486537066
5260.00000000	0.00189922460886	0.00218086389400	0.00289192348430	48.9487343943
5260.00000000	0.00189922692011	0.00218087369997	0.00289193239708	48.9488274514
5260.00000000	0.00189922791401	0.00218087025008	0.00289193044817	48.9487677139
5260.00000000	0.00189922784341	0.00218085812817	0.00289192126041	48.9486110452
5260.00000000	0.00189922688685	0.00218085066581	0.00289191500468	48.9485282405
5260.00000000	0.00189922407499	0.00218085260110	0.00289191461747	48.9485954335
5260.00000000	0.00189921844785	0.00218085696638	0.00289191421388	48.9487363072
5260.00000000	0.00189921347488	0.00218085992127	0.00289191317632	48.9488490558
5260.00000000	0.00189921453352	0.00218086300589	0.00289191619775	48.9488733739
5260.00000000	0.00189922386825	0.00218086469321	0.00289192360062	48.9487558585
5260.00000000	0.00189923701303	0.00218086230573	0.00289193043281	48.9485283991
5260.00000000	0.00189924686143	0.00218085824808	0.00289193384068	48.9483284601
5260.00000000	0.00189925244377	0.00218085489286	0.00289193497660	48.9482013992
5260.00000000	0.00189925776686	0.00218085143719	0.00289193586652	48.9480769046
5260.00000000	0.00189926558099	0.00218085020785	0.00289194007134	48.9479441605
5260.00000000	0.00189927406374	0.00218085400583	0.00289194850644	48.9478668406
5260.00000000	0.00189927620608	0.00218085950361	0.00289195405936	48.9479063673
5260.00000000	0.00189926675797	0.00218086251251	0.00289195012343	48.9480866782
5260.00000000	0.00189924903797	0.00218086277365	0.00289193868291	48.9483548253
5260.00000000	0.00189923190775	0.00218086025340	0.00289192553228	48.9485779726
5260.00000000	0.00189922205869	0.00218085562940	0.00289191557700	48.9486649615
5260.00000000	0.00189922016951	0.00218085501661	0.00289191387419	48.9486852145
5260.00000000	0.00189922332715	0.00218086477589	0.00289192330761	48.9487650188
5260.00000000	0.00189922720462	0.00218088081667	0.00289193795080	48.9489157985
5260.00000000	0.00189922957118	0.00218089147746	0.00289194754456	48.9490191508
5260.00000000	0.00189923402133	0.00218088991029	0.00289194928527	48.9489322708
5260.00000000	0.00189924493519	0.00218087745179	0.00289194705753	48.9486071075
5260.00000000	0.00189925973323	0.00218085791324	0.00289194204161	48.9481317891
5260.00000000	0.00189927200117	0.00218083626691	0.00289193377474	48.9476668447
5260.00000000	0.00189927865330	0.00218081872912	0.00289192491813	48.9473392607
5260.00000000	0.00189927980299	0.00218080803055	0.00289191760536	48.9471828756
5270.00000000	-0.00578528372265	-0.00826936865900	0.0100921734909	-124.976791304
5270.00000000	-0.00578527478977	-0.00826936078085	0.0100921619149	-124.976775388
5270.00000000	-0.00578526422577	-0.00826932456094	0.0100921261811	-124.976844122
5270.00000000	-0.00578526615595	-0.00826929461767	0.0100921027526	-124.976950551
5270.00000000	-0.00578527082548	-0.00826928739087	0.0100920995079	-124.976995793
5270.00000000	-0.00578526108388	-0.00826928878886	0.0100920950690	-124.976945926
5270.00000000	-0.00578523197898	-0.00826927647557	0.0100920682954	-124.976850607
5270.00000000	-0.00578519374955	-0.00826925026367	0.0100920249030	-124.976758074
5270.00000000	-0.00578516021952	-0.00826922509612	0.0100919850602	-124.976684002
5270.00000000	-0.00578513310837	-0.00826920798843	0.0100919555012	-124.976613560
5270.00000000	-0.00578510773318	-0.00826920096191	0.0100919351976	-124.976518383
5270.00000000	-0.00578508767404	-0.00826920701190	0.0100919286562	-124.976405379
5270.00000000	-0.00578508702425	-0.00826922492561	0.0100919429620	-124.976344056
5270.00000000	-0.00578511426242	-0.00826924683829	0.0100919765310	-124.976399452
5270.00000000	-0.00578516083934	-0.00826926344039	0.0100920168343	-124.976562094
5270.00000000	-0.00578521078043	-0.00826926977205	0.0100920506507	-124.976773810
5270.00000000	-0.00578524701715	-0.00826926761964	0.0100920696596	-124.976949385
5270.00000000	-0.00578526180241	-0.00826926778571	0.0100920782713	-124.977017623
5270.00000000	-0.00578526656330	-0.00826927874329	0.0100920899789	-124.977004109
5270.00000000	-0.00578527711489	-0.00826929084757	0.0100921059456	-124.977013800
5270.00000000	-0.00578529368819	-0.00826928814241	0.0100921132297	-124.977099701
5270.00000000	-0.00578530816387	-0.00826926728158	0.0100921044349	-124.977234932
5270.00000000	-0.00578531690271	-0.00826923611159	0.0100920839044	-124.977377027
5270.00000000	-0.00578532143232	-0.00826920555313	0.0100920614621	-124.977497551
5270.00000000	-0.00578532361221	-0.00826918101106	0.0100920426025	-124.977587565
5270.00000000	-0.00578532190525	-0.00826916060062	0.0100920249002	-124.977646052
5270.00000000	-0.00578531578376	-0.00826914163201	0.0100920058486	-124.977679310
5270.00000000	-0.00578530739965	-0.00826912174271	0.0100919847455	-124.977705040
5270.00000000	-0.00578529930835	-0.00826910537705	0.0100919666975	-124.977720663
5270.00000000	-0.00578529785035	-0.00826911057696	0.0100919701224	-124.977696957
5270.00000000	-0.00578531260943	-0.00826914747483	0.0100920088164	-124.977645528
5270.00000000	-0.00578534388699	-0.00826919666878	0.0100920670548	-124.977630922
5270.00000000	-0.00578537295827	-0.00826922276083	0.0100921050993	-124.977681239
5270.00000000	-0.00578537837784	-0.00826920889764	0.0100920968469	-124.977751568
5270.00000000	-0.00578536522981	-0.00826917059288	0.0100920579238	-124.977815071
5270.00000000	-0.00578535892834	-0.00826913638222	0.0100920262801	-124.977897099
5270.00000000	-0.00578536842103	-0.00826912063530	0.0100920188193	-124.977992507
5270.00000000	-0.00578537956940	-0.00826911899918	0.0100920238696	-124.978049693
5270.00000000	-0.00578538166621	-0.00826912518525	0.0100920301403	-124.978039314
5270.00000000	-0.00578537622516	-0.00826913813605	0.0100920376327	-124.977971853
5270.00000000	-0.00578537022941	-0.00826916020195	0.0100920522758	-124.977872146
5270.00000000	-0.00578536709840	-0.00826919394984	0.0100920781330	-124.977747747
5270.00000000	-0.00578536545381	-0.00826923871340	0.0100921138684	-124.977594411
5270.00000000	-0.00578536599522	-0.00826928714917	0.0100921538660	-124.977439294
5270.00000000	-0.00578537297601	-0.00826932549443	0.0100921892870	-124.977346973
5270.00000000	-0.00578538925119	-0.00826934266438	0.0100922126855	-124.977366802
5270.00000000	-0.00578541443813	-0.00826934290900	0.0100922273244	-124.977483171
5270.00000000	-0.00578544915621	-0.00826934383449	0.0100922479851	-124.977641659
5270.00000000	-0.00578549383792	-0.00826935834453	0.0100922854884	-124.977802285
5270.00000000	-0.00578554388526	-0.00826938828671	0.0100923387123	-124.977937644
5270.00000000	-0.00578558594647	-0.00826943140706	0.0100923981560	-124.977992966
5270.00000000	-0.00578560464639	-0.00826948317587	0.0100924512939	-124.977911472
5270.00000000	-0.00578559666207	-0.00826953884806	0.0100924923332	-124.977693150
5270.00000000	-0.00578557113380	-0.00826959145651	0.0100925208051	-124.977403192
5270.00000000	-0.00578554385028	-0.00826962808756	0.0100925351795	-124.977157067
5270.00000000	-0.00578552779140	-0.00826964469703	0.0100925395833	-124.977028313
5270.00000000	-0.00578552447888	-0.00826964926900	0.0100925414306	-124.976998026
5270.00000000	-0.00578552754949	-0.00826964502017	0.0100925397094	-124.977026136
5270.00000000	-0.00578553101326	-0.00826962899452	0.0100925285639	-124.977094402
5270.00000000	-0.00578553320188	-0.00826960217282	0.0100925078413	-124.977191870
5270.00000000	-0.00578553687147	-0.00826957871242	0.0100924907219	-124.977285289
5270.00000000	-0.00578554830871	-0.00826957678695	0.0100924957007	-124.977344758
5270.00000000	-0.00578557192497	-0.00826959942341	0.0100925277866	-124.977380945
5270.00000000	-0.00578560321012	-0.00826963458731	0.0100925745334	-124.977412035
5270.00000000	-0.00578563030827	-0.00826966977265	0.0100926188976	-124.977423580
5270.00000000	-0.00578564552962	-0.00826970035727	0.0100926526837	-124.977394850
5270.00000000	-0.00578565056185	-0.00826972897935	0.0100926790207	-124.977325112
5270.00000000	-0.00578564766059	-0.00826975595405	0.0100926994601	-124.977223832
5270.00000000	-0.00578562977749	-0.00826977271690	0.0100927029438	-124.977086096
5270.00000000	-0.00578559128756	-0.00826976964753	0.0100926783645	-124.976917045
5270.00000000	-0.00578554613042	-0.00826974508065	0.0100926323487	-124.976786939
5270.00000000	-0.00578551778910	-0.00826970751090	0.0100925853181	-124.976777369
5270.00000000	-0.00578551386095	-0.00826966647612	0.0100925494431	-124.976892637
5270.00000000	-0.00578551771448	-0.00826962721409	0.0100925194815	-124.977038335
5270.00000000	-0.00578550848772	-0.00826959337104	0.0100924864619	-124.977105552
5270.00000000	-0.00578548648834	-0.00826956595883	0.0100924513897	-124.977092428
5270.00000000	-0.00578546806637	-0.00826954713494	0.0100924254054	-124.977067994
5270.00000000	-0.00578546163742	-0.00826954377350	0.0100924189657	-124.977049028
5270.00000000	-0.00578546765176	-0.00826956053009	0.0100924361435	-124.977022473
5270.00000000	-0.00578549290320	-0.00826959604504	0.0100924797191	-124.977024356
5270.00000000	-0.00578554127790	-0.00826964668764	0.0100925489455	-124.977084570
5270.00000000	-0.00578560161455	-0.00826970256349	0.0100926293170	-124.977183395
5270.00000000	-0.00578566044257	-0.00826974498292	0.0100926977979	-124.977318992
5270.00000000	-0.00578571321488	-0.00826976180679	0.0100927418349	-124.977509715
5270.00000000	-0.00578575349422	-0.00826975474586	0.0100927591397	-124.977720055
5270.00000000	-0.00578576858359	-0.00826972545150	0.0100927437868	-124.977885577
5270.00000000	-0.00578575697790	-0.00826968119252	0.0100927008691	-124.977975628
5270.00000000	-0.00578573583172	-0.00826964098966	0.0100926558057	-124.978008101
5270.00000000	-0.00578572238507	-0.00826961791065	0.0100926291870	-124.978020662
5270.00000000	-0.00578571770439	-0.00826960991176	0.0100926199496	-124.978024921
5270.00000000	-0.00578571788636	-0.00826960915611	0.0100926194348	-124.978028227
5270.00000000	-0.00578572340578	-0.00826961108337	0.0100926241780	-124.978047628
5270.00000000	-0.00578572340832	-0.00826961153524	0.0100926245497	-124.978046170
5270.00000000	-0.00578569526717	-0.00826960143909	0.0100926001450	-124.977948126
5270.00000000	-0.00578563296978	-0.00826957555245	0.0100925432215	-124.977742589
5270.00000000	-0.00578555908509	-0.00826954252367	0.0100924738037	-124.977506393
5270.00000000	-0.00578550324487	-0.00826951109190	0.0100924160386	-124.977348933
5270.00000000	-0.00578547477673	-0.00826947874832	0.0100923732175	-124.977321767
5270.00000000	-0.00578545864004	-0.00826943835766	0.0100923308718	-124.977378153
5270.00000000	-0.00578543495113	-0.00826938995136	0.0100922776290	-124.977425494
5274.00000000	-0.00671072454409	-0.0102118194013	0.0122194549548	-123.311024113
5274.00000000	-0.00671071257348	-0.0102117783927	0.0122194141097	-123.311082806
5274.00000000	-0.00671069702879	-0.0102117126394	0.0122193506228	-123.311191214
5274.00000000	-0.00671069428300	-0.0102116578308	0.0122193033113	-123.311321593
5274.00000000	-0.00671070376276	-0.0102116313851	0.0122192864168	-123.311426841
5274.00000000	-0.00671071234506	-0.0102116262215	0.0122192868149	-123.311473768
5274.00000000	-0.00671071298108	-0.0102116242823	0.0122192855436	-123.311481254
5274.00000000	-0.00671070653113	-0.0102116196961	0.0122192781687	-123.311467789
5274.00000000	-0.00671069095030	-0.0102116092445	0.0122192608775	-123.311433649
5274.00000000	-0.00671066241418	-0.0102115832354	0.0122192234700	-123.311388805
5274.00000000	-0.00671062816919	-0.0102115463721	0.0122191738564	-123.311349542
5274.00000000	-0.00671060378882	-0.0102115197624	0.0122191382293	-123.311322529
5274.00000000	-0.00671060130153	-0.0102115164517	0.0122191340967	-123.311321307
5274.00000000	-0.00671062249128	-0.0102115309496	0.0122191578497	-123.311367007
5274.00000000	-0.00671066096824	-0.0102115523549	0.0122191968692	-123.311462661
5274.00000000	-0.00671070932476	-0.0102115789869	0.0122192456824	-123.311583568
5274.00000000	-0.00671075975815	-0.0102116151938	0.0122193036380	-123.311687956
5274.00000000	-0.00671080463152	-0.0102116573662	0.0122193635255	-123.311755194
5274.00000000	-0.00671083987515	-0.0102116969740	0.0122194159811	-123.311791301
5274.00000000	-0.00671086408622	-0.0102117264251	0.0122194538898	-123.311810332
5274.00000000	-0.00671087734620	-0.0102117355876	0.0122194688292	-123.311838696
5274.00000000	-0.00671088453217	-0.0102117191234	0.0122194590167	-123.311909251
5274.00000000	-0.00671089197999	-0.0102116850451	0.0122194346280	-123.312026192
5274.00000000	-0.00671090017785	-0.0102116494579	0.0122194093903	-123.312149957
5274.00000000	-0.00671090155935	-0.0102116227671	0.0122193878438	-123.312224103
5274.00000000	-0.00671088422102	-0.0102116034096	0.0122193621447	-123.312206012
5274.00000000	-0.00671084257671	-0.0102115823584	0.0122193216813	-123.312097039
5274.00000000	-0.00671078467396	-0.0102115524110	0.0122192648545	-123.311947265
5274.00000000	-0.00671073035056	-0.0102115179282	0.0122192062032	-123.311823195
5274.00000000	-0.00671070189341	-0.0102114979163	0.0122191738508	-123.311763218
5274.00000000	-0.00671070583845	-0.0102115037633	0.0122191809038	-123.311763620
5274.00000000	-0.00671072776390	-0.0102115216126	0.0122192078616	-123.311803571
5274.00000000	-0.00671074520532	-0.0102115284395	0.0122192231456	-123.311854336
5274.00000000	-0.00671074624608	-0.0102115184211	0.0122192153448	-123.311884213
5274.00000000	-0.00671074228458	-0.0102115074938	0.0122192040374	-123.311896830
5274.00000000	-0.00671075372618	-0.0102115087021	0.0122192113308	-123.311938553
5274.00000000	-0.00671078165835	-0.0102115162019	0.0122192329386	-123.312028693
5274.00000000	-0.00671080881766	-0.0102115156994	0.0122192474345	-123.312136412
5274.00000000	-0.00671082388985	-0.0102114999288	0.0122192425329	-123.312236085
5274.00000000	-0.00671082979560	-0.0102114768970	0.0122192265289	-123.312318538
5274.00000000	-0.00671083461695	-0.0102114698239	0.0122192232659	-123.312355646
5274.00000000	-0.00671083546226	-0.0102114961428	0.0122192457245	-123.312291182
5274.00000000	-0.00671082244348	-0.0102115503816	0.0122192839015	-123.312100492
5274.00000000	-0.00671080214248	-0.0102116118154	0.0122193240920	-123.311862740
5274.00000000	-0.00671079830899	-0.0102116590468	0.0122193614576	-123.311726091
5274.00000000	-0.00671081971545	-0.0102116773583	0.0122193885167	-123.311762818
5274.00000000	-0.00671084918428	-0.0102116635765	0.0122193931835	-123.311913782
5274.00000000	-0.00671087199156	-0.0102116312076	0.0122193786588	-123.312086507
5274.00000000	-0.00671088757877	-0.0102116031957	0.0122193638100	-123.312219720
5274.00000000	-0.00671090066341	-0.0102116016942	0.0122193697413	-123.312274859
5274.00000000	-0.00671090966060	-0.0102116357792	0.0122194031671	-123.312222340
5274.00000000	-0.00671090646064	-0.0102116940415	0.0122194500989	-123.312059767
5274.00000000	-0.00671089034797	-0.0102117598881	0.0122194962775	-123.311827066
5274.00000000	-0.00671086707139	-0.0102118211476	0.0122195346884	-123.311578109
5274.00000000	-0.00671084680516	-0.0102118624577	0.0122195580811	-123.311392319
5274.00000000	-0.00671083969331	-0.0102118770350	0.0122195663576	-123.311326914
5274.00000000	-0.00671084549080	-0.0102118809509	0.0122195728140	-123.311339548
5274.00000000	-0.00671085467839	-0.0102118940919	0.0122195888416	-123.311341710
5274.00000000	-0.00671086071130	-0.0102119188688	0.0122196128609	-123.311301548
5274.00000000	-0.00671086645970	-0.0102119401356	0.0122196337904	-123.311269310
5274.00000000	-0.00671087818819	-0.0102119450209	0.0122196443142	-123.311302687
5274.00000000	-0.00671089758886	-0.0102119324655	0.0122196444764	-123.311411038
5274.00000000	-0.00671091773800	-0.0102119053814	0.0122196329080	-123.311559735
5274.00000000	-0.00671092940019	-0.0102118743716	0.0122196133980	-123.311685285
5274.00000000	-0.00671092481178	-0.0102118558784	0.0122195954233	-123.311714927
5274.00000000	-0.00671090360647	-0.0102118592673	0.0122195866096	-123.311623108
5274.00000000	-0.00671088226699	-0.0102118878227	0.0122195987538	-123.311465959
5274.00000000	-0.00671087332413	-0.0102119295960	0.0122196287524	-123.311323348
5274.00000000	-0.00671086303584	-0.0102119552657	0.0122196445544	-123.311216933
5274.00000000	-0.00671083547673	-0.0102119467490	0.0122196223018	-123.311130875
5274.00000000	-0.00671079897145	-0.0102119100053	0.0122195715469	-123.311082446
5274.00000000	-0.00671077311051	-0.0102118645817	0.0122195193840	-123.311098079
5274.00000000	-0.00671076860571	-0.0102118316583	0.0122194893959	-123.311165206
5274.00000000	-0.00671077744261	-0.0102118211080	0.0122194854321	-123.311227002
5274.00000000	-0.00671078394720	-0.0102118194931	0.0122194876548	-123.311256648
5274.00000000	-0.00671078609217	-0.0102118045049	0.0122194763072	-123.311303649
5274.00000000	-0.00671078707823	-0.0102117781874	0.0122194548552	-123.311375283
5274.00000000	-0.00671078560703	-0.0102117638750	0.0122194420864	-123.311406374
5274.00000000	-0.00671078873899	-0.0102117743870	0.0122194525912	-123.311391577
5274.00000000	-0.00671081718091	-0.0102118069537	0.0122194954272	-123.311419164
5274.00000000	-0.00671087973700	-0.0102118553062	0.0122195701904	-123.311539777
5274.00000000	-0.00671095945172	-0.0102119040234	0.0122196546819	-123.311726684
5274.00000000	-0.00671103492159	-0.0102119284998	0.0122197165844	-123.311959378
5274.00000000	-0.00671109834780	-0.0102119259034	0.0122197492483	-123.312214592
5274.00000000	-0.00671114436288	-0.0102119185874	0.0122197684059	-123.312413735
5274.00000000	-0.00671115976394	-0.0102119107194	0.0122197702891	-123.312494343
5274.00000000	-0.00671114446069	-0.0102118884340	0.0122197432608	-123.312491766
5274.00000000	-0.00671111945099	-0.0102118527682	0.0122196997199	-123.312485612
5274.00000000	-0.00671110282700	-0.0102118180668	0.0122196615904	-123.312509834
5274.00000000	-0.00671109675346	-0.0102117932443	0.0122196375109	-123.312549956
5274.00000000	-0.00671109800629	-0.0102117815899	0.0122196284596	-123.312584877
5274.00000000	-0.00671110830989	-0.0102117940964	0.0122196445699	-123.312593044
5274.00000000	-0.00671111739217	-0.0102118359727	0.0122196845534	-123.312520795
5274.00000000	-0.00671109895688	-0.0102118826624	0.0122197134467	-123.312328328
5274.00000000	-0.00671104254234	-0.0102118965629	0.0122196940803	-123.312071479
5274.00000000	-0.00671096811575	-0.0102118690899	0.0122196302465	-123.311850590
5274.00000000	-0.00671090053043	-0.0102118191545	0.0122195513982	-123.311714349
5274.00000000	-0.00671084973862	-0.0102117653677	0.0122194785543	-123.311653829
5274.00000000	-0.00671081641011	-0.0102117176073	0.0122194203373	-123.311646220
5274.00000000	-0.00671079737967	-0.0102116804964	0.0122193788726	-123.311667214
