DevNumber	X [V]	Y [V]	R [V]	Theta [°]
4253.00000000	-0.000374215431512	-0.00521922084533	0.00523261917413	-94.1010597276
4253.00000000	-0.000374215566843	-0.00521921747271	0.00523261581983	-94.1010638467
4253.00000000	-0.000374215313181	-0.00521922642328	0.00523262472934	-94.1010540673
4253.00000000	-0.000374216039225	-0.00521924365331	0.00523264196717	-94.1010485045
4253.00000000	-0.000374215790712	-0.00521925824659	0.00523265650532	-94.1010343627
4253.00000000	-0.000374213835904	-0.00521925456474	0.00523265269309	-94.1010158962
4253.00000000	-0.000374216419012	-0.00521922874040	0.00523262711961	-94.1010643303
4253.00000000	-0.000374227658815	-0.00521919331140	0.00523259258517	-94.1012148325
4253.00000000	-0.000374244293992	-0.00521916094399	0.00523256149041	-94.1014218664
4253.00000000	-0.000374258630166	-0.00521913598391	0.00523253761963	-94.1015979918
4253.00000000	-0.000374263499783	-0.00521912530212	0.00523252731349	-94.1016595431
4253.00000000	-0.000374257973007	-0.00521913326134	0.00523253485703	-94.1015929467
4253.00000000	-0.000374248351121	-0.00521915869377	0.00523255953613	-94.1014679398
4253.00000000	-0.000374242441028	-0.00521919682095	0.00523259714296	-94.1013735316
4253.00000000	-0.000374246340826	-0.00521923323597	0.00523263374364	-94.1013876059
4253.00000000	-0.000374262903412	-0.00521925670513	0.00523265833730	-94.1015501165
4253.00000000	-0.000374285162843	-0.00521927233290	0.00523267551718	-94.1017809853
4253.00000000	-0.000374293135788	-0.00521928594247	0.00523268966219	-94.1018574030
4253.00000000	-0.000374275480685	-0.00521929586235	0.00523269829382	-94.1016568130
4253.00000000	-0.000374244353130	-0.00521929954233	0.00523269973804	-94.1013139708
4253.00000000	-0.000374216027658	-0.00521930088682	0.00523269905331	-94.1010035605
4253.00000000	-0.000374196627161	-0.00521930130504	0.00523269808307	-94.1007913499
4253.00000000	-0.000374186124180	-0.00521929838290	0.00523269441734	-94.1006789292
4253.00000000	-0.000374182228471	-0.00521929726507	0.00523269302379	-94.1006372573
4253.00000000	-0.000374178248609	-0.00521929759865	0.00523269307193	-94.1005935299
4253.00000000	-0.000374169681604	-0.00521929093742	0.00523268581515	-94.1005051804
4253.00000000	-0.000374153503645	-0.00521927231156	0.00523266608016	-94.1003430746
4253.00000000	-0.000374129482516	-0.00521924223191	0.00523263435996	-94.1001042743
4253.00000000	-0.000374107318300	-0.00521920775739	0.00523259838899	-94.0998891923
4253.00000000	-0.000374093701644	-0.00521918631540	0.00523257602835	-94.0997572601
4253.00000000	-0.000374086301251	-0.00521918935354	0.00523257852965	-94.0996740561
4253.00000000	-0.000374083354478	-0.00521921215479	0.00523260106189	-94.0996240229
4253.00000000	-0.000374086829550	-0.00521924296009	0.00523263203680	-94.0996378621
4253.00000000	-0.000374099344834	-0.00521926183093	0.00523265175409	-94.0997597774
4253.00000000	-0.000374113050221	-0.00521925869681	0.00523264960785	-94.0999119163
4253.00000000	-0.000374113117299	-0.00521924062513	0.00523263158722	-94.0999267965
4253.00000000	-0.000374096670799	-0.00521921833252	0.00523260817581	-94.0997646243
4253.00000000	-0.000374078500952	-0.00521919962611	0.00523258821828	-94.0995808214
4253.00000000	-0.000374067053627	-0.00521918814009	0.00523257594329	-94.0994647872
4253.00000000	-0.000374052787460	-0.00521918802461	0.00523257480826	-94.0993090653
4253.00000000	-0.000374026000793	-0.00521920750994	0.00523259232896	-94.0990012552
4253.00000000	-0.000373986748864	-0.00521924112461	0.00523262305208	-94.0985462470
4253.00000000	-0.000373948703422	-0.00521926896628	0.00523264810351	-94.0981089385
4253.00000000	-0.000373929378482	-0.00521927498614	0.00523265272696	-94.0978931674
4253.00000000	-0.000373934739423	-0.00521925741233	0.00523263558119	-94.0979654690
4253.00000000	-0.000373954030300	-0.00521922959575	0.00523260921433	-94.0981979255
4253.00000000	-0.000373976967761	-0.00521921166011	0.00523259296386	-94.0984624790
4253.00000000	-0.000373996581440	-0.00521921036796	0.00523259307686	-94.0986777066
4253.00000000	-0.000374006723109	-0.00521921708962	0.00523260050620	-94.0987832110
4253.00000000	-0.000374013680938	-0.00521921908689	0.00523260299569	-94.0988576395
4253.00000000	-0.000374027902718	-0.00521921126213	0.00523259620750	-94.0990190908
4253.00000000	-0.000374052481162	-0.00521919941933	0.00523258615193	-94.0992968007
4253.00000000	-0.000374080935179	-0.00521919407495	0.00523258285535	-94.0996117530
4253.00000000	-0.000374101466066	-0.00521920362311	0.00523259384688	-94.0998285122
4253.00000000	-0.000374106357530	-0.00521922231065	0.00523261283631	-94.0998673059
4253.00000000	-0.000374102622719	-0.00521923333785	0.00523262356827	-94.0998178828
4253.00000000	-0.000374105663275	-0.00521922848877	0.00523261894899	-94.0998548869
4253.00000000	-0.000374122700930	-0.00521921778229	0.00523260948804	-94.1000493492
4253.00000000	-0.000374148981219	-0.00521921558331	0.00523260917375	-94.1003380970
4253.00000000	-0.000374175431109	-0.00521922804690	0.00523262349675	-94.1006172164
4253.00000000	-0.000374191685978	-0.00521925367781	0.00523265022443	-94.1007746774
4253.00000000	-0.000374194026463	-0.00521928443221	0.00523268106746	-94.1007761579
4253.00000000	-0.000374188824442	-0.00521930717318	0.00523270337821	-94.1007015375
4253.00000000	-0.000374185042836	-0.00521931703035	0.00523271293973	-94.1006525185
4253.00000000	-0.000374181371420	-0.00521931970966	0.00523271534964	-94.1006103233
4253.00000000	-0.000374179812253	-0.00521931639963	0.00523271193659	-94.1005958865
4253.00000000	-0.000374190856549	-0.00521930602389	0.00523270237718	-94.1007246311
4253.00000000	-0.000374212443754	-0.00521929403792	0.00523269196565	-94.1009697818
4253.00000000	-0.000374234928843	-0.00521928873294	0.00523268828230	-94.1012195080
4253.00000000	-0.000374256494656	-0.00521929209629	0.00523269317944	-94.1014524060
4253.00000000	-0.000374274291272	-0.00521929910340	0.00523270144150	-94.1016412845
4253.00000000	-0.000374283645722	-0.00521929713447	0.00523270014671	-94.1017449913
4253.00000000	-0.000374286394786	-0.00521927579900	0.00523267906252	-94.1017917254
4253.00000000	-0.000374286957792	-0.00521923464592	0.00523263805513	-94.1018301061
4253.00000000	-0.000374282085572	-0.00521917716531	0.00523258037324	-94.1018219135
4253.00000000	-0.000374263395409	-0.00521911291474	0.00523251495038	-94.1016681051
4253.00000000	-0.000374233987992	-0.00521905716126	0.00523245723635	-94.1013905838
4253.00000000	-0.000374205494617	-0.00521901873222	0.00523241686790	-94.1011094725
4253.00000000	-0.000374185873460	-0.00521900156022	0.00523239833666	-94.1009086150
4253.00000000	-0.000374179249896	-0.00521900357839	0.00523239987600	-94.1008346910
4253.00000000	-0.000374188983059	-0.00521900977989	0.00523240675767	-94.1009361418
4253.00000000	-0.000374211792643	-0.00521900956832	0.00523240817789	-94.1011854368
4253.00000000	-0.000374235981814	-0.00521901576937	0.00523241609307	-94.1014447776
4253.00000000	-0.000374250100002	-0.00521904155559	0.00523244282304	-94.1015787820
4253.00000000	-0.000374251328822	-0.00521907759169	0.00523247885473	-94.1015639797
4253.00000000	-0.000374243619244	-0.00521911235300	0.00523251297560	-94.1014525516
4253.00000000	-0.000374231301899	-0.00521914360221	0.00523254326383	-94.1012935501
4253.00000000	-0.000374220015398	-0.00521916852634	0.00523256731694	-94.1011507623
4253.00000000	-0.000374212353258	-0.00521918211103	0.00523258031887	-94.1010564399
4253.00000000	-0.000374205557079	-0.00521918791101	0.00523258561797	-94.1009776717
4253.00000000	-0.000374196916245	-0.00521919132782	0.00523258840810	-94.1008806230
4253.00000000	-0.000374187326876	-0.00521919500520	0.00523259139031	-94.1007730107
4253.00000000	-0.000374175457275	-0.00521920200993	0.00523259752831	-94.1006378891
4253.00000000	-0.000374160804583	-0.00521921860924	0.00523261303736	-94.1004648593
4253.00000000	-0.000374145609866	-0.00521925546574	0.00523264871303	-94.1002700508
4253.00000000	-0.000374134530590	-0.00521931236229	0.00523270467179	-94.1001045029
4253.00000000	-0.000374133148631	-0.00521937144485	0.00523276350432	-94.1000431557
4253.00000000	-0.000374138596811	-0.00521941455662	0.00523280689530	-94.1000689066
4253.00000000	-0.000374137672658	-0.00521943436318	0.00523282658509	-94.1000433079
4253.00000000	-0.000374121136074	-0.00521943161242	0.00523282265906	-94.0998648606
5260.00000000	0.000737103373027	-0.00476544206983	0.00482211151918	-81.2073509312
5260.00000000	0.000737018759562	-0.00476543890526	0.00482209545859	-81.2083387393
5260.00000000	0.000736995001288	-0.00476543732334	0.00482209026404	-81.2086148440
5260.00000000	0.000737036711013	-0.00476544540544	0.00482210462616	-81.2081397527
5260.00000000	0.000737121999254	-0.00476546121336	0.00482213328495	-81.2071669877
5260.00000000	0.000737196227099	-0.00476547080708	0.00482215411309	-81.2063128187
5260.00000000	0.000737221082105	-0.00476545833349	0.00482214558596	-81.2059983102
5260.00000000	0.000737224812887	-0.00476542553632	0.00482211374471	-81.2058949256
5260.00000000	0.000737255139460	-0.00476538980908	0.00482208307406	-81.2054739219
5260.00000000	0.000737307542205	-0.00476536419953	0.00482206577785	-81.2048120693
5260.00000000	0.000737342283272	-0.00476535177860	0.00482205881512	-81.2043815631
5260.00000000	0.000737336238822	-0.00476535183056	0.00482205794222	-81.2044526332
5260.00000000	0.000737294872336	-0.00476536562541	0.00482206524973	-81.2049634330
5260.00000000	0.000737237407669	-0.00476539549006	0.00482208597724	-81.2056924534
5260.00000000	0.000737172478909	-0.00476542698472	0.00482210717533	-81.2065120735
5260.00000000	0.000737093254251	-0.00476543871431	0.00482210665636	-81.2074636540
5260.00000000	0.000737021229192	-0.00476543097324	0.00482208799723	-81.2082953350
5260.00000000	0.000737009018949	-0.00476541976066	0.00482207505015	-81.2084183493
5260.00000000	0.000737067007221	-0.00476541706549	0.00482208124996	-81.2077325357
5260.00000000	0.000737149772253	-0.00476542549480	0.00482210223172	-81.2067759943
5260.00000000	0.000737220746332	-0.00476544664345	0.00482213398201	-81.2059810177
5260.00000000	0.000737282864239	-0.00476547679906	0.00482217328020	-81.2053064037
5260.00000000	0.000737337118528	-0.00476550955376	0.00482221394521	-81.2047288567
5260.00000000	0.000737357680138	-0.00476554060542	0.00482224777572	-81.2045438384
5260.00000000	0.000737322300168	-0.00476555678643	0.00482225835673	-81.2049886603
5260.00000000	0.000737240387850	-0.00476554667933	0.00482223584474	-81.2059321028
5260.00000000	0.000737149431108	-0.00476551078500	0.00482218646733	-81.2069349163
5260.00000000	0.000737085218526	-0.00476546668683	0.00482213307185	-81.2076088154
5260.00000000	0.000737072522688	-0.00476543839120	0.00482210316813	-81.2077065029
5260.00000000	0.000737131283442	-0.00476544037766	0.00482211411334	-81.2070201269
5260.00000000	0.000737244124635	-0.00476546343513	0.00482215415047	-81.2057370097
5260.00000000	0.000737358124920	-0.00476548582376	0.00482219370627	-81.2044390886
5260.00000000	0.000737444899174	-0.00476549718715	0.00482221820535	-81.2034408393
5260.00000000	0.000737523283985	-0.00476549903000	0.00482223201426	-81.2025238064
5260.00000000	0.000737607353980	-0.00476549238897	0.00482223830995	-81.2015246063
5260.00000000	0.000737675829439	-0.00476547684159	0.00482223342001	-81.2006923275
5260.00000000	0.000737720794072	-0.00476545620235	0.00482221990234	-81.2001268494
5260.00000000	0.000737757296302	-0.00476544142584	0.00482221088417	-81.1996713891
5260.00000000	0.000737805543104	-0.00476544288877	0.00482221971145	-81.1991075468
5260.00000000	0.000737875886883	-0.00476545893254	0.00482224632948	-81.1983107599
5260.00000000	0.000737956286238	-0.00476547835317	0.00482227782432	-81.1974020537
5260.00000000	0.000738014010301	-0.00476549314991	0.00482230128064	-81.1967511920
5260.00000000	0.000738021668638	-0.00476550316101	0.00482231234586	-81.1966794759
5260.00000000	0.000737987120995	-0.00476550409557	0.00482230798225	-81.1970868141
5260.00000000	0.000737940608137	-0.00476549326401	0.00482229016033	-81.1976132494
5260.00000000	0.000737910121581	-0.00476548227275	0.00482227463334	-81.1979512245
5260.00000000	0.000737907426425	-0.00476548517679	0.00482227709078	-81.1979881497
5260.00000000	0.000737921962223	-0.00476550319059	0.00482229711672	-81.1978502285
5260.00000000	0.000737923985184	-0.00476552529598	0.00482231927132	-81.1978666664
5260.00000000	0.000737877013343	-0.00476553456751	0.00482232124614	-81.1984350401
5260.00000000	0.000737782125576	-0.00476552723116	0.00482229947802	-81.1995358281
5260.00000000	0.000737703979796	-0.00476551527759	0.00482227570995	-81.2004316557
5260.00000000	0.000737702508359	-0.00476550807480	0.00482226836684	-81.2004358409
5260.00000000	0.000737786054090	-0.00476551005129	0.00482228310145	-81.1994584718
5260.00000000	0.000737930545351	-0.00476551715792	0.00482231223296	-81.1977748444
5260.00000000	0.000738088790248	-0.00476552399685	0.00482234320915	-81.1959292647
5260.00000000	0.000738204187216	-0.00476553448821	0.00482237124041	-81.1945934379
5260.00000000	0.000738240219855	-0.00476555645123	0.00482239846052	-81.1942103188
5260.00000000	0.000738215886538	-0.00476559492374	0.00482243275457	-81.1945659923
5260.00000000	0.000738191777428	-0.00476564569640	0.00482247923831	-81.1949413982
5260.00000000	0.000738205548037	-0.00476569206427	0.00482252716763	-81.1948640461
5260.00000000	0.000738242302773	-0.00476571711810	0.00482255755252	-81.1944780813
5260.00000000	0.000738269872996	-0.00476572150389	0.00482256610717	-81.1941623631
5260.00000000	0.000738269350272	-0.00476571847834	0.00482256303726	-81.1941629975
5260.00000000	0.000738241454705	-0.00476571971338	0.00482255998738	-81.1944927583
5260.00000000	0.000738171786958	-0.00476572590540	0.00482255544213	-81.1953219723
5260.00000000	0.000738014079628	-0.00476573037732	0.00482253572418	-81.1971817206
5260.00000000	0.000737789443673	-0.00476572553579	0.00482249656772	-81.1998103663
5260.00000000	0.000737588639370	-0.00476571195605	0.00482245243097	-81.2021433624
5260.00000000	0.000737469756636	-0.00476569889353	0.00482242134055	-81.2035154666
5260.00000000	0.000737422301830	-0.00476569782570	0.00482241302846	-81.2040707121
5260.00000000	0.000737408110764	-0.00476570524066	0.00482241818621	-81.2042508066
5260.00000000	0.000737403062585	-0.00476570236117	0.00482241456865	-81.2043048480
5260.00000000	0.000737401134414	-0.00476566947952	0.00482238177885	-81.2042677490
5260.00000000	0.000737408439708	-0.00476560469149	0.00482231886985	-81.2040642654
5260.00000000	0.000737427330525	-0.00476553052317	0.00482224846260	-81.2037076984
5260.00000000	0.000737450844003	-0.00476547139032	0.00482219362109	-81.2033241621
5260.00000000	0.000737471347297	-0.00476543555722	0.00482216134509	-81.2030183015
5260.00000000	0.000737481096180	-0.00476541735946	0.00482214485235	-81.2028707621
5260.00000000	0.000737479020751	-0.00476541182850	0.00482213906904	-81.2028850812
5260.00000000	0.000737459316836	-0.00476541888483	0.00482214302898	-81.2031292677
5260.00000000	0.000737414463568	-0.00476543669656	0.00482215377191	-81.2036883011
5260.00000000	0.000737367436570	-0.00476546766022	0.00482217718019	-81.2042967512
5260.00000000	0.000737351617084	-0.00476551025505	0.00482221685516	-81.2045598900
5260.00000000	0.000737361150935	-0.00476554875857	0.00482225636369	-81.2045178974
5260.00000000	0.000737367736225	-0.00476557072992	0.00482227908361	-81.2044804915
5260.00000000	0.000737362319766	-0.00476557553827	0.00482228300721	-81.2045528259
5260.00000000	0.000737360710418	-0.00476556968359	0.00482227697529	-81.2045610859
5260.00000000	0.000737387461254	-0.00476555811048	0.00482226962875	-81.2042259579
5260.00000000	0.000737439047873	-0.00476554535752	0.00482226491433	-81.2035970692
5260.00000000	0.000737471933464	-0.00476553081770	0.00482225557464	-81.2031845155
5260.00000000	0.000737457649524	-0.00476550618137	0.00482222904366	-81.2033074693
5260.00000000	0.000737420238336	-0.00476547388189	0.00482219140297	-81.2036880589
5260.00000000	0.000737395784219	-0.00476545348747	0.00482216750889	-81.2039381428
5260.00000000	0.000737397551372	-0.00476546065869	0.00482217486600	-81.2039304225
5260.00000000	0.000737425471485	-0.00476549548559	0.00482221355284	-81.2036658651
5260.00000000	0.000737469570006	-0.00476554682707	0.00482227103425	-81.2032413563
5260.00000000	0.000737514507356	-0.00476559732468	0.00482232781025	-81.2028054751
5260.00000000	0.000737547143076	-0.00476563360017	0.00482236865029	-81.2024881992
5260.00000000	0.000737560434362	-0.00476564834654	0.00482238525599	-81.2023589369
5270.00000000	0.000714798625322	0.00135564007499	0.00153254594961	62.1983234249
5270.00000000	0.000714757594340	0.00135564444935	0.00153253068215	62.1997566290
5270.00000000	0.000714723278035	0.00135564885955	0.00153251857886	62.2009684193
5270.00000000	0.000714706991575	0.00135564708031	0.00153250940949	62.2014760227
5270.00000000	0.000714711907080	0.00135563666335	0.00153250248715	62.2011318254
5270.00000000	0.000714724702855	0.00135562324324	0.00153249658352	62.2004746427
5270.00000000	0.000714732346833	0.00135561409142	0.00153249205299	62.2000622617
5270.00000000	0.000714742259484	0.00135561365414	0.00153249628932	62.1997268053
5270.00000000	0.000714765990328	0.00135561911002	0.00153251218344	62.1990371218
5270.00000000	0.000714797217832	0.00135562741297	0.00153253409274	62.1981491784
5270.00000000	0.000714817303984	0.00135563582866	0.00153255090552	62.1976316709
5270.00000000	0.000714812080297	0.00135563949120	0.00153255170883	62.1978682848
5270.00000000	0.000714787794326	0.00135564137984	0.00153254205217	62.1987043648
5270.00000000	0.000714764784855	0.00135564956912	0.00153253856458	62.1996081024
5270.00000000	0.000714752275546	0.00135566237258	0.00153254405608	62.2002450448
5270.00000000	0.000714743503144	0.00135567153739	0.00153254807186	62.2006949559
5270.00000000	0.000714729949912	0.00135567077331	0.00153254107511	62.2011298561
5270.00000000	0.000714710717272	0.00135566204857	0.00153252438784	62.2016137894
5270.00000000	0.000714693182230	0.00135565228540	0.00153250757376	62.2020234840
5270.00000000	0.000714686527048	0.00135564679322	0.00153249961172	62.2021478280
5270.00000000	0.000714697167463	0.00135564660689	0.00153250440912	62.2017926742
5270.00000000	0.000714725390073	0.00135564859073	0.00153251932606	62.2008938832
5270.00000000	0.000714758202004	0.00135564983523	0.00153253572979	62.1998304442
5270.00000000	0.000714773634597	0.00135565161430	0.00153254450117	62.1993510948
5270.00000000	0.000714760034702	0.00135565905458	0.00153254473980	62.1999305880
5270.00000000	0.000714726245008	0.00135567377679	0.00153254200412	62.2013047503
5270.00000000	0.000714690443410	0.00135568937681	0.00153253910759	62.2027607594
5270.00000000	0.000714667388485	0.00135569635997	0.00153253453358	62.2036449833
5270.00000000	0.000714665955766	0.00135569349442	0.00153253133056	62.2036424075
5270.00000000	0.000714689156031	0.00135568864054	0.00153253785593	62.2027904988
5270.00000000	0.000714726627456	0.00135568845268	0.00153255516466	62.2015479834
5270.00000000	0.000714759642742	0.00135569109847	0.00153257290246	62.2005022696
5270.00000000	0.000714781490785	0.00135569139507	0.00153258335442	62.1997849198
5270.00000000	0.000714798667667	0.00135568941694	0.00153258961582	62.1991823907
5270.00000000	0.000714810685279	0.00135568767223	0.00153259367754	62.1987545509
5270.00000000	0.000714811702770	0.00135568476953	0.00153259158446	62.1986702898
5270.00000000	0.000714813037238	0.00135567794316	0.00153258616846	62.1985071304
5270.00000000	0.000714826429536	0.00135566904192	0.00153258454109	62.1979090428
5270.00000000	0.000714852872560	0.00135566796573	0.00153259592285	62.1970158267
5270.00000000	0.000714885058462	0.00135568050898	0.00153262203079	62.1961702093
5270.00000000	0.000714912270499	0.00135570173071	0.00153265349547	62.1956404263
5270.00000000	0.000714923573092	0.00135571958951	0.00153267456453	62.1955780960
5270.00000000	0.000714914251700	0.00135572632441	0.00153267617388	62.1960037637
5270.00000000	0.000714886568628	0.00135572302964	0.00153266034695	62.1968617153
5270.00000000	0.000714849491106	0.00135571626581	0.00153263707000	62.1979698544
5270.00000000	0.000714825285561	0.00135571396971	0.00153262374918	62.1987302630
5270.00000000	0.000714830730662	0.00135571638292	0.00153262842347	62.1985922772
5270.00000000	0.000714858858047	0.00135571931692	0.00153264413782	62.1977133066
5270.00000000	0.000714887604680	0.00135572315425	0.00153266094042	62.1968296285
5270.00000000	0.000714897459114	0.00135572439977	0.00153266663863	62.1965254859
5270.00000000	0.000714885845632	0.00135571579445	0.00153265360979	62.1967594637
5270.00000000	0.000714869023926	0.00135570090056	0.00153263258909	62.1970560174
5270.00000000	0.000714865350843	0.00135569062921	0.00153262179026	62.1969983772
5270.00000000	0.000714883238402	0.00135569261925	0.00153263189398	62.1964415686
5270.00000000	0.000714918484216	0.00135570589443	0.00153266007688	62.1955075613
5270.00000000	0.000714960016975	0.00135571852532	0.00153269062298	62.1943544682
5270.00000000	0.000714997804601	0.00135571609440	0.00153270610008	62.1930626011
5270.00000000	0.000715021198379	0.00135569959641	0.00153270242051	62.1920013736
5270.00000000	0.000715027710518	0.00135568253153	0.00153269036439	62.1914884475
5270.00000000	0.000715029098518	0.00135567358715	0.00153268310053	62.1912865656
5270.00000000	0.000715031829241	0.00135567203610	0.00153268300255	62.1911692232
5270.00000000	0.000715028450860	0.00135567882313	0.00153268742966	62.1913992947
5270.00000000	0.000715015175256	0.00135569944054	0.00153269947280	62.1921978113
5270.00000000	0.000714999340636	0.00135572771314	0.00153271709369	62.1932144241
5270.00000000	0.000714989919760	0.00135574835799	0.00153273095994	62.1938859323
5270.00000000	0.000714978118592	0.00135575113575	0.00153272791198	62.1943245778
5270.00000000	0.000714938163028	0.00135573916799	0.00153269868812	62.1954370534
5270.00000000	0.000714870950204	0.00135572465447	0.00153265449929	62.1974065120
5270.00000000	0.000714810932662	0.00135571440783	0.00153261744250	62.1992125385
5270.00000000	0.000714783925580	0.00135570791273	0.00153259910117	62.1999924013
5270.00000000	0.000714784329159	0.00135570330287	0.00153259521160	62.1998986784
5270.00000000	0.000714796769722	0.00135569658599	0.00153259507218	62.1993701564
5270.00000000	0.000714814516158	0.00135568419948	0.00153259239239	62.1985673126
5270.00000000	0.000714830213900	0.00135566615649	0.00153258375385	62.1977335821
5270.00000000	0.000714835573370	0.00135564728877	0.00153256956400	62.1972273423
5270.00000000	0.000714830953497	0.00135563488182	0.00153255643448	62.1971637708
5270.00000000	0.000714819312879	0.00135563296084	0.00153254930576	62.1975152284
5270.00000000	0.000714804777719	0.00135563605792	0.00153254526581	62.1980499153
5270.00000000	0.000714795997690	0.00135563320995	0.00153253865147	62.1982906140
5270.00000000	0.000714794746111	0.00135562099477	0.00153252726257	62.1981190020
5270.00000000	0.000714792891631	0.00135560804682	0.00153251494431	62.1979545482
5270.00000000	0.000714786619040	0.00135560261160	0.00153250721086	62.1980672110
5270.00000000	0.000714784926388	0.00135560783252	0.00153251103963	62.1982142305
5270.00000000	0.000714796022741	0.00135561972828	0.00153252673772	62.1980546983
5270.00000000	0.000714813804740	0.00135562993305	0.00153254405836	62.1976445858
5270.00000000	0.000714826115331	0.00135563629531	0.00153255542814	62.1973484167
5270.00000000	0.000714829229545	0.00135564002400	0.00153256017894	62.1973104499
5270.00000000	0.000714830170490	0.00135563939435	0.00153256006087	62.1972683535
5270.00000000	0.000714842487275	0.00135563062082	0.00153255804514	62.1967080482
5270.00000000	0.000714867796772	0.00135561415214	0.00153255528329	62.1955838864
5270.00000000	0.000714887689352	0.00135559688437	0.00153254928838	62.1946249180
5270.00000000	0.000714881954310	0.00135558505638	0.00153253615086	62.1946082983
5270.00000000	0.000714849966719	0.00135557969725	0.00153251648947	62.1955726642
5270.00000000	0.000714811642575	0.00135557777622	0.00153249691411	62.1968065675
5270.00000000	0.000714791712969	0.00135558174951	0.00153249113293	62.1975349521
5270.00000000	0.000714794927306	0.00135559562956	0.00153250490994	62.1976706941
5270.00000000	0.000714806948003	0.00135561607722	0.00153252860388	62.1976297258
5270.00000000	0.000714816470122	0.00135563789168	0.00153255234146	62.1976952210
5270.00000000	0.000714828429393	0.00135565690123	0.00153257473466	62.1976312083
5270.00000000	0.000714849261561	0.00135566751616	0.00153259384089	62.1971273994
5274.00000000	0.000165371713916	-4.14196336143E-5	0.000170479880960	-14.0612532256
5274.00000000	0.000165344439511	-4.14118986871E-5	0.000170451544522	-14.0609585650
5274.00000000	0.000165315717139	-4.14040126205E-5	0.000170421766786	-14.0607327848
5274.00000000	0.000165297851471	-4.13956769199E-5	0.000170402411276	-14.0594734106
5274.00000000	0.000165299029057	-4.13852873050E-5	0.000170401029964	-14.0559884581
5274.00000000	0.000165315982652	-4.13771710882E-5	0.000170415505185	-14.0519570291
5274.00000000	0.000165335837463	-4.13817694873E-5	0.000170435882359	-14.0518360121
5274.00000000	0.000165345787083	-4.14022851696E-5	0.000170450516348	-14.0577138173
5274.00000000	0.000165345694895	-4.14283683299E-5	0.000170456764380	-14.0662261306
5274.00000000	0.000165342538444	-4.14485202034E-5	0.000170458601561	-14.0730544826
5274.00000000	0.000165338764409	-4.14588046117E-5	0.000170457441891	-14.0767160850
5274.00000000	0.000165331979812	-4.14595027548E-5	0.000170451030848	-14.0774984001
5274.00000000	0.000165324370357	-4.14529620028E-5	0.000170442059049	-14.0759878864
5274.00000000	0.000165322967567	-4.14410075171E-5	0.000170437791317	-14.0722045241
5274.00000000	0.000165332562816	-4.14284040431E-5	0.000170444034770	-14.0673106726
5274.00000000	0.000165346492259	-4.14227218317E-5	0.000170456165586	-14.0643199311
5274.00000000	0.000165351600512	-4.14282964573E-5	0.000170462475458	-14.0657202579
5274.00000000	0.000165343486309	-4.14390117327E-5	0.000170457209170	-14.0698768543
5274.00000000	0.000165327864295	-4.14449097826E-5	0.000170443489929	-14.0730766992
5274.00000000	0.000165311572358	-4.14474513888E-5	0.000170428305108	-14.0752373254
5274.00000000	0.000165298004523	-4.14590376323E-5	0.000170417962964	-14.0801251196
5274.00000000	0.000165285431860	-4.14816557232E-5	0.000170411272358	-14.0885297008
5274.00000000	0.000165272464942	-4.15074932254E-5	0.000170404987198	-14.0980171026
5274.00000000	0.000165262498333	-4.15281296380E-5	0.000170400348904	-14.1055632285
5274.00000000	0.000165264927857	-4.15326988511E-5	0.000170403818776	-14.1068541524
5274.00000000	0.000165282813755	-4.15185516510E-5	0.000170417718134	-14.1007755443
5274.00000000	0.000165305514440	-4.14969058925E-5	0.000170434463366	-14.0918588193
5274.00000000	0.000165318734420	-4.14793140405E-5	0.000170443003504	-14.0850411257
5274.00000000	0.000165315102728	-4.14670279789E-5	0.000170436491396	-14.0813321954
5274.00000000	0.000165301492042	-4.14608774345E-5	0.000170421793292	-14.0804398327
5274.00000000	0.000165287526083	-4.14587578510E-5	0.000170407731284	-14.0808909802
5274.00000000	0.000165274196754	-4.14550553644E-5	0.000170393901674	-14.0807738539
5274.00000000	0.000165261735484	-4.14447790341E-5	0.000170379314838	-14.0784414348
5274.00000000	0.000165256677938	-4.14318740168E-5	0.000170371270429	-14.0746455719
5274.00000000	0.000165266176269	-4.14301681905E-5	0.000170380068831	-14.0733123893
5274.00000000	0.000165287065661	-4.14451508710E-5	0.000170403974735	-14.0764909697
5274.00000000	0.000165310674454	-4.14678186437E-5	0.000170432388563	-14.0819522105
5274.00000000	0.000165326944388	-4.14882091004E-5	0.000170453131491	-14.0872696007
5274.00000000	0.000165332102045	-4.15018479023E-5	0.000170461454136	-14.0912940719
5274.00000000	0.000165329597796	-4.15063012991E-5	0.000170460109571	-14.0929508597
5274.00000000	0.000165325415689	-4.14986547991E-5	0.000170454191568	-14.0908002517
5274.00000000	0.000165325338408	-4.14797716697E-5	0.000170449520320	-14.0846500923
5274.00000000	0.000165328136038	-4.14529030082E-5	0.000170445697316	-14.0756607867
5274.00000000	0.000165325971490	-4.14277704054E-5	0.000170437487102	-14.0676426269
5274.00000000	0.000165318038287	-4.14136760290E-5	0.000170426366345	-14.0636946115
5274.00000000	0.000165315232513	-4.14127730678E-5	0.000170423425250	-14.0636293586
5274.00000000	0.000165322455140	-4.14270128800E-5	0.000170433892080	-14.0676829353
5274.00000000	0.000165335397853	-4.14545349022E-5	0.000170453137980	-14.0755992068
5274.00000000	0.000165349704885	-4.14818798428E-5	0.000170473667353	-14.0833443827
5274.00000000	0.000165363044813	-4.15000927416E-5	0.000170491038730	-14.0881902219
5274.00000000	0.000165371790020	-4.15156109218E-5	0.000170503298750	-14.0925327588
5274.00000000	0.000165373756934	-4.15331628449E-5	0.000170509480963	-14.0980922423
5274.00000000	0.000165370852177	-4.15513652244E-5	0.000170511098471	-14.1042622012
5274.00000000	0.000165368736696	-4.15642937818E-5	0.000170512197786	-14.1086487370
5274.00000000	0.000165368578457	-4.15672278614E-5	0.000170512759561	-14.1096178692
5274.00000000	0.000165365191240	-4.15598183957E-5	0.000170507668387	-14.1074806473
5274.00000000	0.000165358923477	-4.15449304581E-5	0.000170497961338	-14.1031418412
5274.00000000	0.000165354291897	-4.15266421891E-5	0.000170489013899	-14.0975602788
5274.00000000	0.000165352321962	-4.15071111412E-5	0.000170482347043	-14.0913552276
5274.00000000	0.000165352231682	-4.14869400964E-5	0.000170477349582	-14.0847873203
5274.00000000	0.000165349789674	-4.14725836334E-5	0.000170471487758	-14.0803068883
5274.00000000	0.000165342670551	-4.14704789501E-5	0.000170464070493	-14.0802028610
5274.00000000	0.000165337515249	-4.14793376541E-5	0.000170461225506	-14.0835125661
5274.00000000	0.000165340227929	-4.14946645869E-5	0.000170467586833	-14.0882873866
5274.00000000	0.000165348410922	-4.15100052364E-5	0.000170479258354	-14.0926186521
5274.00000000	0.000165354791110	-4.15176701781E-5	0.000170487312960	-14.0945949963
5274.00000000	0.000165356699717	-4.15149019447E-5	0.000170488490007	-14.0935364864
5274.00000000	0.000165357407064	-4.15031322605E-5	0.000170486310472	-14.0896421935
5274.00000000	0.000165361157441	-4.14860143355E-5	0.000170485781740	-14.0837555473
5274.00000000	0.000165366783576	-4.14698979793E-5	0.000170487317853	-14.0780420176
5274.00000000	0.000165367156942	-4.14622128491E-5	0.000170485810816	-14.0755062991
5274.00000000	0.000165360018174	-4.14647197979E-5	0.000170479496123	-14.0769070491
5274.00000000	0.000165356069937	-4.14678763818E-5	0.000170476434256	-14.0782588446
5274.00000000	0.000165363072981	-4.14638303097E-5	0.000170482242858	-14.0763673776
5274.00000000	0.000165371809233	-4.14569152217E-5	0.000170489035157	-14.0733991539
5274.00000000	0.000165371817963	-4.14535573564E-5	0.000170488227142	-14.0723038378
5274.00000000	0.000165365157373	-4.14562638579E-5	0.000170482424567	-14.0737304230
5274.00000000	0.000165361333065	-4.14607199287E-5	0.000170479798715	-14.0754956358
5274.00000000	0.000165365721108	-4.14632690583E-5	0.000170484674966	-14.0759679642
5274.00000000	0.000165374033489	-4.14657015943E-5	0.000170493329375	-14.0760815042
5274.00000000	0.000165378974425	-4.14711159353E-5	0.000170499438822	-14.0774425212
5274.00000000	0.000165380100868	-4.14806116612E-5	0.000170502841346	-14.0804455632
5274.00000000	0.000165377185665	-4.14921393592E-5	0.000170502818648	-14.0844412719
5274.00000000	0.000165367254883	-4.14997134561E-5	0.000170495029853	-14.0877222070
5274.00000000	0.000165354439834	-4.14948514933E-5	0.000170481416797	-14.0871856649
5274.00000000	0.000165344319504	-4.14807052380E-5	0.000170468158022	-14.0834019049
5274.00000000	0.000165335326752	-4.14693618917E-5	0.000170456675574	-14.0804391950
5274.00000000	0.000165323979713	-4.14673296079E-5	0.000170445175036	-14.0807045304
5274.00000000	0.000165308922882	-4.14714286871E-5	0.000170431568032	-14.0832726373
5274.00000000	0.000165292640038	-4.14768295899E-5	0.000170417089060	-14.0863659975
5274.00000000	0.000165281450425	-4.14779254856E-5	0.000170406502684	-14.0876390710
5274.00000000	0.000165277571942	-4.14720672501E-5	0.000170401314987	-14.0860459643
5274.00000000	0.000165277698658	-4.14698711075E-5	0.000170400903411	-14.0853193651
5274.00000000	0.000165278819495	-4.14764041226E-5	0.000170403580575	-14.0873582389
5274.00000000	0.000165284607879	-4.14837472072E-5	0.000170410982287	-14.0892791876
5274.00000000	0.000165298965513	-4.14891976382E-5	0.000170426234835	-14.0898814198
5274.00000000	0.000165317741398	-4.14920511817E-5	0.000170445140536	-14.0892752751
5274.00000000	0.000165332318253	-4.14881259272E-5	0.000170458323504	-14.0868028308
5274.00000000	0.000165338095580	-4.14799023169E-5	0.000170461925797	-14.0836491907
5274.00000000	0.000165338942497	-4.14732110001E-5	0.000170461119135	-14.0813984241
