DevNumber	X [V]	Y [V]	R [V]	Theta [°]
4253.00000000	0.00868762783167	-0.0467546834534	0.0475549713718	-79.4737486339
4253.00000000	0.00868768810601	-0.0467545125435	0.0475548143494	-79.4736396169
4253.00000000	0.00868767431671	-0.0467543423068	0.0475546444585	-79.4736184805
4253.00000000	0.00868761945816	-0.0467541821745	0.0475544769991	-79.4736482173
4253.00000000	0.00868759334361	-0.0467540141698	0.0475543070510	-79.4736421722
4253.00000000	0.00868764183526	-0.0467538183512	0.0475541233866	-79.4735416280
4253.00000000	0.00868775600082	-0.0467536116988	0.0475539410692	-79.4733609022
4253.00000000	0.00868787380225	-0.0467534409401	0.0475537947060	-79.4731837691
4253.00000000	0.00868792164720	-0.0467533755195	0.0475537391276	-79.4731126921
4253.00000000	0.00868785673536	-0.0467534457776	0.0475537963441	-79.4732050512
4253.00000000	0.00868767961266	-0.0467536035103	0.0475539190630	-79.4734495878
4253.00000000	0.00868743943017	-0.0467537467176	0.0475540159817	-79.4737656254
4253.00000000	0.00868721228702	-0.0467537873828	0.0475540144673	-79.4740436456
4253.00000000	0.00868707375192	-0.0467537418233	0.0475539443669	-79.4741977241
4253.00000000	0.00868705901142	-0.0467537043130	0.0475539047950	-79.4742069294
4253.00000000	0.00868712995802	-0.0467536899167	0.0475539036014	-79.4741197185
4253.00000000	0.00868720934107	-0.0467536283550	0.0475538575774	-79.4740121325
4253.00000000	0.00868726173183	-0.0467534969717	0.0475537379759	-79.4739211527
4253.00000000	0.00868731250664	-0.0467533589935	0.0475536115953	-79.4738306351
4253.00000000	0.00868737162438	-0.0467532524345	0.0475535176295	-79.4737371498
4253.00000000	0.00868739680260	-0.0467531739693	0.0475534450845	-79.4736900525
4253.00000000	0.00868735909796	-0.0467531503922	0.0475534150161	-79.4737295276
4253.00000000	0.00868729650263	-0.0467532190407	0.0475534710740	-79.4738187881
4253.00000000	0.00868727981974	-0.0467533402120	0.0475535871586	-79.4738652217
4253.00000000	0.00868734760648	-0.0467534109902	0.0475536691292	-79.4738005012
4253.00000000	0.00868746708286	-0.0467533610761	0.0475536418819	-79.4736479840
4253.00000000	0.00868756807579	-0.0467532125831	0.0475535143382	-79.4734956630
4253.00000000	0.00868763458293	-0.0467530434352	0.0475533601872	-79.4733796463
4253.00000000	0.00868769288215	-0.0467529060924	0.0475532358069	-79.4732803530
4253.00000000	0.00868771152956	-0.0467528283012	0.0475531627317	-79.4732411395
4253.00000000	0.00868761681404	-0.0467527885447	0.0475531063403	-79.4733445882
4253.00000000	0.00868740245658	-0.0467527688040	0.0475530477707	-79.4735941714
4253.00000000	0.00868717676373	-0.0467528215501	0.0475530583982	-79.4738731384
4253.00000000	0.00868705210205	-0.0467529847138	0.0475531960427	-79.4740567270
4253.00000000	0.00868704632786	-0.0467531927306	0.0475533995042	-79.4741093531
4253.00000000	0.00868711927289	-0.0467533413192	0.0475535589181	-79.4740556480
4253.00000000	0.00868724079670	-0.0467533535358	0.0475535931293	-79.4739143808
4253.00000000	0.00868738451577	-0.0467532156948	0.0475534838633	-79.4737137918
4253.00000000	0.00868748209452	-0.0467530083817	0.0475532978654	-79.4735525676
4253.00000000	0.00868751698468	-0.0467528437208	0.0475531423498	-79.4734749917
4253.00000000	0.00868755285608	-0.0467527683772	0.0475530748276	-79.4734159137
4253.00000000	0.00868762717996	-0.0467527418551	0.0475530623303	-79.4733220313
4253.00000000	0.00868773263943	-0.0467527255630	0.0475530655793	-79.4731935174
4253.00000000	0.00868781754480	-0.0467527282842	0.0475530837665	-79.4730935374
4253.00000000	0.00868783337687	-0.0467527917172	0.0475531490244	-79.4730887461
4253.00000000	0.00868780569556	-0.0467529467934	0.0475532964333	-79.4731556738
4253.00000000	0.00868780092788	-0.0467531106157	0.0475534566273	-79.4731973830
4253.00000000	0.00868784795054	-0.0467531413010	0.0475534953870	-79.4731484349
4253.00000000	0.00868792231382	-0.0467530026544	0.0475533726599	-79.4730298249
4253.00000000	0.00868797479482	-0.0467527687599	0.0475531522904	-79.4729161689
4253.00000000	0.00868795031843	-0.0467525345306	0.0475529175317	-79.4728936022
4253.00000000	0.00868783641092	-0.0467523768073	0.0475527416522	-79.4729938178
4253.00000000	0.00868769204401	-0.0467522959504	0.0475526357807	-79.4731470374
4253.00000000	0.00868758465405	-0.0467522300207	0.0475525513409	-79.4732597400
4253.00000000	0.00868752020076	-0.0467521496959	0.0475524605927	-79.4733184108
4253.00000000	0.00868747057490	-0.0467521109938	0.0475524134757	-79.4733686792
4253.00000000	0.00868742570220	-0.0467521982437	0.0475524910594	-79.4734410421
4253.00000000	0.00868738200253	-0.0467524214807	0.0475527025559	-79.4735419488
4253.00000000	0.00868733219521	-0.0467526559869	0.0475529240163	-79.4736525704
4253.00000000	0.00868725025595	-0.0467527525414	0.0475530039767	-79.4737708893
4253.00000000	0.00868711085303	-0.0467526928511	0.0475529198241	-79.4739228884
4253.00000000	0.00868694583846	-0.0467526015082	0.0475527998732	-79.4740982609
4253.00000000	0.00868683664161	-0.0467525832243	0.0475527619490	-79.4742235925
4253.00000000	0.00868685059574	-0.0467526212029	0.0475528018377	-79.4742154216
4253.00000000	0.00868699568934	-0.0467526566378	0.0475528631819	-79.4740513415
4253.00000000	0.00868720814980	-0.0467526683864	0.0475529135457	-79.4738022448
4253.00000000	0.00868739399207	-0.0467526909457	0.0475529696763	-79.4735870604
4253.00000000	0.00868746972304	-0.0467527739022	0.0475530650720	-79.4735156095
4253.00000000	0.00868738195501	-0.0467529064666	0.0475531793711	-79.4736487595
4253.00000000	0.00868717286677	-0.0467530361066	0.0475532686322	-79.4739249810
4253.00000000	0.00868695701294	-0.0467531165148	0.0475533082550	-79.4741983799
4253.00000000	0.00868682886441	-0.0467531317538	0.0475532998277	-79.4743535389
4253.00000000	0.00868683456606	-0.0467531320629	0.0475533011732	-79.4743468527
4253.00000000	0.00868695948498	-0.0467531767523	0.0475533679304	-79.4742087101
4253.00000000	0.00868712714944	-0.0467532762108	0.0475534963442	-79.4740319867
4253.00000000	0.00868726018907	-0.0467533483084	0.0475535915325	-79.4738902581
4253.00000000	0.00868735914906	-0.0467533000286	0.0475535621436	-79.4737624040
4253.00000000	0.00868744243840	-0.0467531007235	0.0475533814085	-79.4736198701
4253.00000000	0.00868749945911	-0.0467527874694	0.0475530838433	-79.4734833705
4253.00000000	0.00868751633377	-0.0467524696709	0.0475527744761	-79.4733934262
4253.00000000	0.00868750245450	-0.0467522800667	0.0475525855273	-79.4733681313
4253.00000000	0.00868749584832	-0.0467523082434	0.0475526120229	-79.4733821595
4253.00000000	0.00868752258330	-0.0467525072214	0.0475528125364	-79.4733942887
4253.00000000	0.00868755682307	-0.0467527200170	0.0475530280060	-79.4734005692
4253.00000000	0.00868756305930	-0.0467528653881	0.0475531720699	-79.4734251811
4253.00000000	0.00868753380247	-0.0467529631169	0.0475532628089	-79.4734813508
4253.00000000	0.00868747167724	-0.0467530495867	0.0475533364739	-79.4735739778
4253.00000000	0.00868739934358	-0.0467531376806	0.0475534098708	-79.4736790548
4253.00000000	0.00868736104967	-0.0467532244552	0.0475534881893	-79.4737435179
4253.00000000	0.00868737290231	-0.0467533021114	0.0475535667039	-79.4737465705
4253.00000000	0.00868740498267	-0.0467534031400	0.0475536718929	-79.4737308060
4253.00000000	0.00868744009381	-0.0467535502871	0.0475538229781	-79.4737216027
4253.00000000	0.00868750016381	-0.0467536508494	0.0475539328221	-79.4736725797
4253.00000000	0.00868756529391	-0.0467536021337	0.0475538968247	-79.4735847048
4253.00000000	0.00868756833800	-0.0467534125191	0.0475537109573	-79.4735393617
4253.00000000	0.00868746484507	-0.0467531974222	0.0475534805733	-79.4736146122
4253.00000000	0.00868726179276	-0.0467530650393	0.0475533133233	-79.4738260078
4253.00000000	0.00868702799329	-0.0467530354616	0.0475532415323	-79.4740964563
4253.00000000	0.00868683141260	-0.0467530539588	0.0475532238073	-79.4743333975
4253.00000000	0.00868669536681	-0.0467530731672	0.0475532178403	-79.4744987855
5260.00000000	0.00622633360810	0.0286334239122	0.0293025629448	77.7320235068
5260.00000000	0.00622623614106	0.0286333518509	0.0293024718190	77.7321797947
5260.00000000	0.00622615928586	0.0286332541573	0.0293023600259	77.7322860514
5260.00000000	0.00622611556151	0.0286331554821	0.0293022543134	77.7323285985
5260.00000000	0.00622608647794	0.0286330662520	0.0293021609412	77.7323470959
5260.00000000	0.00622603370988	0.0286329695982	0.0293020552823	77.7324077631
5260.00000000	0.00622594524990	0.0286328567017	0.0293019261680	77.7325298793
5260.00000000	0.00622585764368	0.0286327377042	0.0293017912735	77.7326478306
5260.00000000	0.00622582455853	0.0286326371723	0.0293016860074	77.7326692798
5260.00000000	0.00622587527814	0.0286325806547	0.0293016415568	77.7325488871
5260.00000000	0.00622600194224	0.0286325736820	0.0293016616566	77.7323039695
5260.00000000	0.00622616015297	0.0286325823663	0.0293017037596	77.7320052807
5260.00000000	0.00622629063598	0.0286325630026	0.0293017125640	77.7317479187
5260.00000000	0.00622634846396	0.0286325075120	0.0293016706285	77.7316143694
5260.00000000	0.00622633034638	0.0286324471928	0.0293016078370	77.7316239244
5260.00000000	0.00622627058803	0.0286323895398	0.0293015388025	77.7317141515
5260.00000000	0.00622621542585	0.0286323105319	0.0293014498775	77.7317867241
5260.00000000	0.00622619118035	0.0286322114129	0.0293013478701	77.7317918671
5260.00000000	0.00622619484872	0.0286321384872	0.0293012773893	77.7317545572
5260.00000000	0.00622621370991	0.0286321124246	0.0293012559296	77.7317076891
5260.00000000	0.00622624631763	0.0286321337580	0.0293012837047	77.7316542481
5260.00000000	0.00622629512229	0.0286322039019	0.0293013626173	77.7315901401
5260.00000000	0.00622634414321	0.0286323023247	0.0293014692090	77.7315373692
5260.00000000	0.00622635998218	0.0286323834911	0.0293015518874	77.7315408303
5260.00000000	0.00622632300036	0.0286324034295	0.0293015635121	77.7316197769
5260.00000000	0.00622624812606	0.0286323432443	0.0293014887913	77.7317378346
5260.00000000	0.00622617620170	0.0286322247278	0.0293013576982	77.7318260198
5260.00000000	0.00622612590062	0.0286321072998	0.0293012322635	77.7318733414
5260.00000000	0.00622608200894	0.0286320442267	0.0293011613043	77.7319310009
5260.00000000	0.00622605780930	0.0286320468468	0.0293011587225	77.7319783292
5260.00000000	0.00622608566110	0.0286320594965	0.0293011770014	77.7319303670
5260.00000000	0.00622617261751	0.0286320414123	0.0293011778074	77.7317567007
5260.00000000	0.00622628227779	0.0286320470082	0.0293012065772	77.7315494922
5260.00000000	0.00622637045382	0.0286321232733	0.0293012998375	77.7314126991
5260.00000000	0.00622641746570	0.0286322176791	0.0293014020771	77.7313620984
5260.00000000	0.00622642509912	0.0286322672546	0.0293014521425	77.7313681121
5260.00000000	0.00622639787468	0.0286322742252	0.0293014531687	77.7314230271
5260.00000000	0.00622633912958	0.0286322795846	0.0293014459228	77.7315375003
5260.00000000	0.00622628168750	0.0286323060590	0.0293014595866	77.7316582571
5260.00000000	0.00622623949617	0.0286323435581	0.0293014872642	77.7317544544
5260.00000000	0.00622618563800	0.0286323857005	0.0293015170000	77.7318748730
5260.00000000	0.00622610426470	0.0286324215713	0.0293015347610	77.7320452596
5260.00000000	0.00622600229421	0.0286324287102	0.0293015200700	77.7322430642
5260.00000000	0.00622591806319	0.0286323946801	0.0293014689196	77.7323898688
5260.00000000	0.00622590428207	0.0286323528806	0.0293014251464	77.7323988342
5260.00000000	0.00622596662114	0.0286323671235	0.0293014523098	77.7322856380
5260.00000000	0.00622603956155	0.0286324443261	0.0293015432479	77.7321783444
5260.00000000	0.00622605661880	0.0286325215462	0.0293016223291	77.7321778362
5260.00000000	0.00622600372429	0.0286325440373	0.0293016330675	77.7322882478
5260.00000000	0.00622591567394	0.0286325013136	0.0293015726106	77.7324387376
5260.00000000	0.00622585566299	0.0286324207375	0.0293014811234	77.7325199255
5260.00000000	0.00622586808240	0.0286323517661	0.0293014163657	77.7324675394
5260.00000000	0.00622592923943	0.0286323100834	0.0293013886294	77.7323333658
5260.00000000	0.00622598207028	0.0286322733465	0.0293013639567	77.7322171559
5260.00000000	0.00622600599762	0.0286322288255	0.0293013255365	77.7321529390
5260.00000000	0.00622602292734	0.0286321995725	0.0293013005488	77.7321084363
5260.00000000	0.00622606242995	0.0286322363462	0.0293013448764	77.7320482359
5260.00000000	0.00622613148396	0.0286323555226	0.0293014760043	77.7319658083
5260.00000000	0.00622620024047	0.0286325049758	0.0293016366544	77.7318965296
5260.00000000	0.00622624367025	0.0286326127067	0.0293017511534	77.7318583087
5260.00000000	0.00622627410551	0.0286326421287	0.0293017863706	77.7318123801
5260.00000000	0.00622630749924	0.0286326207850	0.0293017726101	77.7317397060
5260.00000000	0.00622632848603	0.0286326221350	0.0293017783888	77.7317001672
5260.00000000	0.00622630074096	0.0286326799795	0.0293018290167	77.7317772141
5260.00000000	0.00622620189439	0.0286327571244	0.0293018833964	77.7319981342
5260.00000000	0.00622605806382	0.0286327924249	0.0293018873293	77.7322876194
5260.00000000	0.00622593812501	0.0286327702316	0.0293018401584	77.7325075675
5260.00000000	0.00622590640565	0.0286327128762	0.0293017773731	77.7325443449
5260.00000000	0.00622598328906	0.0286326367799	0.0293017193503	77.7323658263
5260.00000000	0.00622612197382	0.0286325594792	0.0293016732827	77.7320687212
5260.00000000	0.00622624260408	0.0286324899039	0.0293016309284	77.7318093222
5260.00000000	0.00622629508621	0.0286324393636	0.0293015926941	77.7316880438
5260.00000000	0.00622628278065	0.0286324431125	0.0293015937426	77.7317131141
5260.00000000	0.00622624372110	0.0286325050223	0.0293016459388	77.7318134694
5260.00000000	0.00622622009922	0.0286325885587	0.0293017225482	77.7318933130
5260.00000000	0.00622622119915	0.0286326412171	0.0293017742379	77.7319130904
5260.00000000	0.00622622206348	0.0286326439055	0.0293017770485	77.7319125558
5260.00000000	0.00622620789208	0.0286326089033	0.0293017398344	77.7319250904
5260.00000000	0.00622617501930	0.0286325428942	0.0293016683478	77.7319604751
5260.00000000	0.00622613584679	0.0286324733963	0.0293015921132	77.7320064474
5260.00000000	0.00622610938990	0.0286324392543	0.0293015531293	77.7320428138
5260.00000000	0.00622609277808	0.0286324683857	0.0293015780657	77.7320866582
5260.00000000	0.00622607187697	0.0286325402125	0.0293016438111	77.7321564375
5260.00000000	0.00622605482996	0.0286325837562	0.0293016827384	77.7322071012
5260.00000000	0.00622606368119	0.0286325678470	0.0293016690732	77.7321835790
5260.00000000	0.00622610677718	0.0286325333732	0.0293016445438	77.7320869111
5260.00000000	0.00622617540399	0.0286325227775	0.0293016487721	77.7319513817
5260.00000000	0.00622624139110	0.0286325291857	0.0293016690554	77.7318279612
5260.00000000	0.00622627223764	0.0286325455402	0.0293016915909	77.7317758172
5260.00000000	0.00622627364950	0.0286326087400	0.0293017536474	77.7317993786
5260.00000000	0.00622628433119	0.0286327584280	0.0293019021869	77.7318411631
5260.00000000	0.00622630991176	0.0286329717744	0.0293021160968	77.7318809290
5260.00000000	0.00622630564518	0.0286331479922	0.0293022873839	77.7319622965
5260.00000000	0.00622626016886	0.0286331979671	0.0293023265546	77.7320699507
5260.00000000	0.00622620832512	0.0286331143636	0.0293022338443	77.7321342726
5260.00000000	0.00622618795751	0.0286329549284	0.0293020737220	77.7321069472
5260.00000000	0.00622622065725	0.0286328010960	0.0293019303507	77.7319805533
5260.00000000	0.00622629629960	0.0286327243966	0.0293018714757	77.7318041552
5260.00000000	0.00622638435317	0.0286327332929	0.0293018988794	77.7316396069
5260.00000000	0.00622645683478	0.0286327681110	0.0293019483041	77.7315155829
5270.00000000	0.0119485574191	0.0487026225631	0.0501469188377	76.2154830914
5270.00000000	0.0119489662689	0.0487022278894	0.0501466329506	76.2149219621
5270.00000000	0.0119491705719	0.0487018297582	0.0501462949693	76.2145868625
5270.00000000	0.0119492534947	0.0487014516839	0.0501459475451	76.2143919107
5270.00000000	0.0119492345472	0.0487011227366	0.0501456235585	76.2143233749
5270.00000000	0.0119491096222	0.0487008529774	0.0501453318016	76.2143885544
5270.00000000	0.0119489199955	0.0487006504408	0.0501450899133	76.2145438361
5270.00000000	0.0119487426345	0.0487005081081	0.0501449094179	76.2147018994
5270.00000000	0.0119486662916	0.0487004462096	0.0501448311111	76.2147697639
5270.00000000	0.0119487519162	0.0487004926781	0.0501448966441	76.2146873985
5270.00000000	0.0119489894489	0.0487006280420	0.0501450847096	76.2144606661
5270.00000000	0.0119492966816	0.0487007769963	0.0501453025839	76.2141602909
5270.00000000	0.0119495617149	0.0487008586524	0.0501454450440	76.2138884220
5270.00000000	0.0119496918476	0.0487008449926	0.0501454627882	76.2137402976
5270.00000000	0.0119496532893	0.0487007652335	0.0501453761384	76.2137613681
5270.00000000	0.0119494973653	0.0487006441712	0.0501452214071	76.2139014309
5270.00000000	0.0119493386471	0.0487005147412	0.0501450578837	76.2140423170
5270.00000000	0.0119492549611	0.0487004536371	0.0501449785979	76.2141185450
5270.00000000	0.0119492496674	0.0487005275012	0.0501450490728	76.2141445308
5270.00000000	0.0119492920856	0.0487006765010	0.0501452038883	76.2141380288
5270.00000000	0.0119493736224	0.0487008206248	0.0501453632901	76.2140867901
5270.00000000	0.0119494948211	0.0487009521312	0.0501455198893	76.2139881045
5270.00000000	0.0119496130330	0.0487010805001	0.0501456727297	76.2138918796
5270.00000000	0.0119496521145	0.0487011877694	0.0501457862218	76.2138777189
5270.00000000	0.0119495666716	0.0487012271132	0.0501458040714	76.2139832445
5270.00000000	0.0119493878670	0.0487011551833	0.0501456916054	76.2141620743
5270.00000000	0.0119492000473	0.0487009722253	0.0501454691618	76.2143206791
5270.00000000	0.0119490518036	0.0487007271456	0.0501451958169	76.2144184547
5270.00000000	0.0119489389677	0.0487005093127	0.0501449573713	76.2144843582
5270.00000000	0.0119488891519	0.0487004194586	0.0501448582350	76.2145151740
5270.00000000	0.0119489442804	0.0487004464953	0.0501448976293	76.2144613596
5270.00000000	0.0119490965979	0.0487005062342	0.0501449919431	76.2143085995
5270.00000000	0.0119492786661	0.0487005821770	0.0501451090838	76.2141272381
5270.00000000	0.0119494263823	0.0487006719675	0.0501452314876	76.2139877677
5270.00000000	0.0119495101555	0.0487007339763	0.0501453116730	76.2139116898
5270.00000000	0.0119495133700	0.0487007395289	0.0501453178317	76.2139096347
5270.00000000	0.0119494213856	0.0487006884644	0.0501452463187	76.2139978042
5270.00000000	0.0119492652098	0.0487006159732	0.0501451386998	76.2141513722
5270.00000000	0.0119491548257	0.0487005651927	0.0501450630784	76.2142600377
5270.00000000	0.0119491388404	0.0487005436383	0.0501450383357	76.2142719076
5270.00000000	0.0119491581979	0.0487005758329	0.0501450742157	76.2142591926
5270.00000000	0.0119491435202	0.0487006696976	0.0501451618789	76.2143010369
5270.00000000	0.0119490604456	0.0487007897141	0.0501452586424	76.2144259003
5270.00000000	0.0119489471612	0.0487008949439	0.0501453338467	76.2145802605
5270.00000000	0.0119488856308	0.0487009748151	0.0501453967554	76.2146702857
5270.00000000	0.0119488930889	0.0487010527916	0.0501454742630	76.2146832397
5270.00000000	0.0119488901196	0.0487011187615	0.0501455376251	76.2147044957
5270.00000000	0.0119488038373	0.0487011211004	0.0501455193370	76.2148008780
5270.00000000	0.0119486214816	0.0487010148165	0.0501453726626	76.2149742980
5270.00000000	0.0119483965701	0.0487008047021	0.0501451150087	76.2151666744
5270.00000000	0.0119482526354	0.0487005557569	0.0501448389375	76.2152586213
5270.00000000	0.0119482818589	0.0487003591494	0.0501446549560	76.2151726645
5270.00000000	0.0119484340480	0.0487002858141	0.0501446199963	76.2149838142
5270.00000000	0.0119486071989	0.0487003757724	0.0501447486221	76.2148161612
5270.00000000	0.0119487725685	0.0487006188281	0.0501450240815	76.2146988271
5270.00000000	0.0119489486450	0.0487009605018	0.0501453978698	76.2145964630
5270.00000000	0.0119491351785	0.0487013321087	0.0501458032210	76.2144906464
5270.00000000	0.0119493184220	0.0487016728323	0.0501461777947	76.2143800740
5270.00000000	0.0119494737805	0.0487019039553	0.0501464392804	76.2142706056
5270.00000000	0.0119495847972	0.0487019543257	0.0501465146543	76.2141611295
5270.00000000	0.0119496616228	0.0487018368211	0.0501464188417	76.2140438869
5270.00000000	0.0119497028701	0.0487016544797	0.0501462515822	76.2139484703
5270.00000000	0.0119496696651	0.0487015139470	0.0501461071852	76.2139470534
5270.00000000	0.0119495174325	0.0487014685392	0.0501460268092	76.2141036171
5270.00000000	0.0119492536293	0.0487015171773	0.0501460111840	76.2144095929
5270.00000000	0.0119489576476	0.0487016173541	0.0501460379469	76.2147653081
5270.00000000	0.0119487405989	0.0487017359512	0.0501461014094	76.2150384485
5270.00000000	0.0119486913449	0.0487018486231	0.0501461990999	76.2151237790
5270.00000000	0.0119488314916	0.0487018970994	0.0501462795738	76.2149814609
5270.00000000	0.0119490802761	0.0487018385910	0.0501462820316	76.2146894650
5270.00000000	0.0119493090497	0.0487016822176	0.0501461846763	76.2143930293
5270.00000000	0.0119494385682	0.0487015162078	0.0501460543117	76.2142041086
5270.00000000	0.0119494673817	0.0487014919912	0.0501460376588	76.2141655419
5270.00000000	0.0119494507262	0.0487016680126	0.0501462046407	76.2142319488
5270.00000000	0.0119494603911	0.0487019156724	0.0501464474694	76.2142886533
5270.00000000	0.0119495050300	0.0487020267322	0.0501465659670	76.2142693571
5270.00000000	0.0119495213772	0.0487019302724	0.0501464761813	76.2142249548
5270.00000000	0.0119494693135	0.0487017012519	0.0501462413517	76.2142203732
5270.00000000	0.0119493476441	0.0487014304666	0.0501459493739	76.2142816594
5270.00000000	0.0119492084287	0.0487011921163	0.0501456847158	76.2143712476
5270.00000000	0.0119491303992	0.0487010530999	0.0501455311104	76.2144199855
5270.00000000	0.0119491494704	0.0487010857113	0.0501455673267	76.2144077017
5270.00000000	0.0119492395127	0.0487012584986	0.0501457565930	76.2143548284
5270.00000000	0.0119493451493	0.0487014084124	0.0501459273605	76.2142784232
5270.00000000	0.0119494209670	0.0487014227846	0.0501459593855	76.2141982039
5270.00000000	0.0119494582240	0.0487013253458	0.0501458736316	76.2141303314
5270.00000000	0.0119494779808	0.0487012098511	0.0501457661720	76.2140769620
5270.00000000	0.0119494852439	0.0487011641016	0.0501457234712	76.2140564461
5270.00000000	0.0119494723170	0.0487012243918	0.0501457789442	76.2140872060
5270.00000000	0.0119494596832	0.0487013710310	0.0501459183485	76.2141411509
5270.00000000	0.0119495034604	0.0487015864346	0.0501461379789	76.2141512207
5270.00000000	0.0119496042163	0.0487018322510	0.0501464007236	76.2141063440
5270.00000000	0.0119496676825	0.0487020123178	0.0501465907268	76.2140849448
5270.00000000	0.0119496489172	0.0487020435288	0.0501466165671	76.2141142655
5270.00000000	0.0119496024077	0.0487019174249	0.0501464830129	76.2141315410
5270.00000000	0.0119496001514	0.0487017263945	0.0501462969479	76.2140820332
5270.00000000	0.0119496779617	0.0487015910325	0.0501461840271	76.2139588352
5270.00000000	0.0119498114454	0.0487015889721	0.0501462138350	76.2138101528
5270.00000000	0.0119499435735	0.0487017054440	0.0501463584377	76.2136952483
5270.00000000	0.0119500430473	0.0487018745640	0.0501465463904	76.2136309144
5274.00000000	-0.0115191429028	-0.0101618007389	0.0153607567351	-138.582344587
5274.00000000	-0.0115194267625	-0.0101613651656	0.0153606814616	-138.584263407
5274.00000000	-0.0115196915546	-0.0101609084210	0.0153605779010	-138.586194422
5274.00000000	-0.0115199397425	-0.0101604443285	0.0153604570447	-138.588105050
5274.00000000	-0.0115201704404	-0.0101599998640	0.0153603360710	-138.589917645
5274.00000000	-0.0115203751693	-0.0101596011252	0.0153602258793	-138.591538274
5274.00000000	-0.0115205604687	-0.0101592587627	0.0153601384147	-138.592953265
5274.00000000	-0.0115207456511	-0.0101589648376	0.0153600829077	-138.594232464
5274.00000000	-0.0115209548574	-0.0101587105277	0.0153600716278	-138.595460103
5274.00000000	-0.0115212003855	-0.0101584907944	0.0153601104665	-138.596680606
5274.00000000	-0.0115214711603	-0.0101583036847	0.0153601898246	-138.597872106
5274.00000000	-0.0115217298892	-0.0101581495517	0.0153602819621	-138.598941611
5274.00000000	-0.0115219318023	-0.0101580244491	0.0153603506850	-138.599789724
5274.00000000	-0.0115220533843	-0.0101579325124	0.0153603810864	-138.600346876
5274.00000000	-0.0115221018942	-0.0101578962053	0.0153603934643	-138.600568125
5274.00000000	-0.0115221034511	-0.0101579174190	0.0153604086609	-138.600512610
5274.00000000	-0.0115220827952	-0.0101579520915	0.0153604160957	-138.600364643
5274.00000000	-0.0115220541324	-0.0101579598936	0.0153603997548	-138.600272109
5274.00000000	-0.0115220256454	-0.0101579504126	0.0153603721165	-138.600228367
5274.00000000	-0.0115220052530	-0.0101579432595	0.0153603520895	-138.600198078
5274.00000000	-0.0115219980134	-0.0101579383293	0.0153603433986	-138.600194014
5274.00000000	-0.0115219998524	-0.0101579284901	0.0153603382713	-138.600226081
5274.00000000	-0.0115220050843	-0.0101579206474	0.0153603370093	-138.600260931
5274.00000000	-0.0115220065377	-0.0101579300097	0.0153603442910	-138.600238320
5274.00000000	-0.0115219938582	-0.0101579572843	0.0153603528169	-138.600130729
5274.00000000	-0.0115219684146	-0.0101579880189	0.0153603540564	-138.599981970
5274.00000000	-0.0115219407191	-0.0101580052830	0.0153603446987	-138.599865347
5274.00000000	-0.0115219169015	-0.0101580058108	0.0153603271820	-138.599805117
5274.00000000	-0.0115218957508	-0.0101579992694	0.0153603069908	-138.599771246
5274.00000000	-0.0115218870542	-0.0101579909417	0.0153602949601	-138.599773094
5274.00000000	-0.0115218977869	-0.0101579661300	0.0153602866025	-138.599868992
5274.00000000	-0.0115219275518	-0.0101579194290	0.0153602780455	-138.600073085
5274.00000000	-0.0115219720202	-0.0101578839386	0.0153602879317	-138.600282081
5274.00000000	-0.0115220183047	-0.0101578941152	0.0153603293802	-138.600367780
5274.00000000	-0.0115220508941	-0.0101579405832	0.0153603845557	-138.600318151
5274.00000000	-0.0115220640456	-0.0101579838204	0.0153604230139	-138.600229615
5274.00000000	-0.0115220497783	-0.0101579992573	0.0153604225204	-138.600151229
5274.00000000	-0.0115220043691	-0.0101579911076	0.0153603830689	-138.600062019
5274.00000000	-0.0115219493110	-0.0101579676936	0.0153603262852	-138.599991716
5274.00000000	-0.0115219005826	-0.0101579418385	0.0153602726353	-138.599943856
5274.00000000	-0.0115218479271	-0.0101579315083	0.0153602263064	-138.599842871
5274.00000000	-0.0115217802336	-0.0101579320760	0.0153601759043	-138.599674296
5274.00000000	-0.0115217018613	-0.0101579336926	0.0153601181858	-138.599476442
5274.00000000	-0.0115216332494	-0.0101579363430	0.0153600684726	-138.599299772
5274.00000000	-0.0115216028382	-0.0101579459419	0.0153600520090	-138.599197894
5274.00000000	-0.0115216203285	-0.0101579698487	0.0153600809386	-138.599174149
5274.00000000	-0.0115216528299	-0.0101580020593	0.0153601266196	-138.599164199
5274.00000000	-0.0115216597887	-0.0101580289278	0.0153601496082	-138.599106188
5274.00000000	-0.0115216320594	-0.0101580463616	0.0153601403377	-138.598989004
5274.00000000	-0.0115215876251	-0.0101580460730	0.0153601068168	-138.598880199
5274.00000000	-0.0115215559044	-0.0101580152814	0.0153600626599	-138.598888103
5274.00000000	-0.0115215565839	-0.0101579552300	0.0153600234560	-138.599057803
5274.00000000	-0.0115215830874	-0.0101578876968	0.0153599986752	-138.599312143
5274.00000000	-0.0115216220575	-0.0101578420544	0.0153599977226	-138.599535986
5274.00000000	-0.0115216700045	-0.0101578356871	0.0153600294772	-138.599672079
5274.00000000	-0.0115217316281	-0.0101578739592	0.0153601010114	-138.599717007
5274.00000000	-0.0115218094093	-0.0101579500404	0.0153602096694	-138.599696002
5274.00000000	-0.0115218912239	-0.0101580319686	0.0153603252196	-138.599668587
5274.00000000	-0.0115219442592	-0.0101580736048	0.0153603925364	-138.599682916
5274.00000000	-0.0115219540732	-0.0101580584934	0.0153603899046	-138.599749406
5274.00000000	-0.0115219491028	-0.0101580125340	0.0153603557826	-138.599865739
5274.00000000	-0.0115219657028	-0.0101579823272	0.0153603482583	-138.599991206
5274.00000000	-0.0115220049395	-0.0101580026575	0.0153603911348	-138.600031109
5274.00000000	-0.0115220344169	-0.0101580793271	0.0153604639487	-138.599889303
5274.00000000	-0.0115220230222	-0.0101581894017	0.0153605281955	-138.599553211
5274.00000000	-0.0115219747980	-0.0101582924249	0.0153605601537	-138.599146001
5274.00000000	-0.0115219271574	-0.0101583528384	0.0153605643715	-138.598859450
5274.00000000	-0.0115219173148	-0.0101583550485	0.0153605584502	-138.598828987
5274.00000000	-0.0115219475919	-0.0101582957006	0.0153605419127	-138.599069725
5274.00000000	-0.0115219836591	-0.0101581877893	0.0153604976027	-138.599460623
5274.00000000	-0.0115219852240	-0.0101580620440	0.0153604156191	-138.599816314
5274.00000000	-0.0115219401602	-0.0101579552914	0.0153603112194	-138.600003844
5274.00000000	-0.0115218717172	-0.0101578974548	0.0153602216316	-138.599996838
5274.00000000	-0.0115218151547	-0.0101578887430	0.0153601734422	-138.599881686
5274.00000000	-0.0115217927548	-0.0101579072255	0.0153601688626	-138.599774715
5274.00000000	-0.0115217865995	-0.0101579280084	0.0153601779895	-138.599701380
5274.00000000	-0.0115217638056	-0.0101579470663	0.0153601734949	-138.599591828
5274.00000000	-0.0115217235370	-0.0101579768450	0.0153601629825	-138.599409172
5274.00000000	-0.0115216803553	-0.0101580242033	0.0153601619107	-138.599170141
5274.00000000	-0.0115216481574	-0.0101580755519	0.0153601717171	-138.598947041
5274.00000000	-0.0115216368792	-0.0101581123816	0.0153601876138	-138.598816171
5274.00000000	-0.0115216561684	-0.0101581452385	0.0153602238118	-138.598771822
5274.00000000	-0.0115216968137	-0.0101581873863	0.0153602821732	-138.598754159
5274.00000000	-0.0115217289666	-0.0101582180871	0.0153603265944	-138.598747576
5274.00000000	-0.0115217400152	-0.0101582198532	0.0153603360498	-138.598769890
5274.00000000	-0.0115217430181	-0.0101581976741	0.0153603236347	-138.598839353
5274.00000000	-0.0115217559905	-0.0101581576553	0.0153603068998	-138.598983324
5274.00000000	-0.0115217821187	-0.0101581052056	0.0153602918123	-138.599194530
5274.00000000	-0.0115218082957	-0.0101580531494	0.0153602770219	-138.599404756
5274.00000000	-0.0115218279792	-0.0101580183471	0.0153602687711	-138.599550688
5274.00000000	-0.0115218535030	-0.0101580163131	0.0153602865716	-138.599619341
5274.00000000	-0.0115218846157	-0.0101580485450	0.0153603312250	-138.599605905
5274.00000000	-0.0115218983326	-0.0101580967316	0.0153603733807	-138.599504917
5274.00000000	-0.0115218891614	-0.0101581303184	0.0153603887130	-138.599388319
5274.00000000	-0.0115218781507	-0.0101581265159	0.0153603779391	-138.599371797
5274.00000000	-0.0115218884434	-0.0101580848749	0.0153603581218	-138.599513697
5274.00000000	-0.0115219225848	-0.0101580205000	0.0153603411592	-138.599778036
5274.00000000	-0.0115219604463	-0.0101579632862	0.0153603317233	-138.600031516
5274.00000000	-0.0115219816709	-0.0101579340186	0.0153603282892	-138.600165763
5274.00000000	-0.0115219859109	-0.0101579351624	0.0153603322260	-138.600173022
