DevNumber	X [V]	Y [V]	R [V]	Theta [°]
4253.00000000	3.50729342503E-5	0.000635482804593	0.000636449923914	86.8409932751
4253.00000000	3.50506509258E-5	0.000635470950652	0.000636436860382	86.8429374942
4253.00000000	3.50325497883E-5	0.000635460595759	0.000636425524556	86.8445132799
4253.00000000	3.50248373094E-5	0.000635454772650	0.000636419285779	86.8451777114
4253.00000000	3.50291811547E-5	0.000635453432429	0.000636418186665	86.8447805939
4253.00000000	3.50386856498E-5	0.000635458726786	0.000636423996201	86.8439524580
4253.00000000	3.50433305942E-5	0.000635469376053	0.000636434885059	86.8435877083
4253.00000000	3.50430128622E-5	0.000635480958451	0.000636446432391	86.8436736816
4253.00000000	3.50411351036E-5	0.000635489530289	0.000636454887840	86.8438849555
4253.00000000	3.50416563863E-5	0.000635491674215	0.000636457057215	86.8438487253
4253.00000000	3.50487551822E-5	0.000635486948162	0.000636452729214	86.8431872108
4253.00000000	3.50590021545E-5	0.000635478734426	0.000636445092321	86.8422254099
4253.00000000	3.50651420761E-5	0.000635473638040	0.000636440341927	86.8416482269
4253.00000000	3.50670944866E-5	0.000635475579125	0.000636442387636	86.8414823557
4253.00000000	3.50656100623E-5	0.000635488847900	0.000636455554469	86.8416816006
4253.00000000	3.50630119670E-5	0.000635513729683	0.000636480255329	86.8420385301
4253.00000000	3.50689817597E-5	0.000635537551464	0.000636504369822	86.8416200973
4253.00000000	3.50857011784E-5	0.000635545872771	0.000636513599874	86.8401586540
4253.00000000	3.51027327720E-5	0.000635537317964	0.000636505997123	86.8385854199
4253.00000000	3.51138732573E-5	0.000635522539682	0.000636491855831	86.8375107354
4253.00000000	3.51225486007E-5	0.000635510403800	0.000636480217099	86.8366707035
4253.00000000	3.51302297071E-5	0.000635504191784	0.000636474438461	86.8359494411
4253.00000000	3.51324832478E-5	0.000635503439055	0.000636473811268	86.8357431451
4253.00000000	3.51296654972E-5	0.000635504625710	0.000636474840584	86.8360023101
4253.00000000	3.51282241468E-5	0.000635505956347	0.000636476089640	86.8361384746
4253.00000000	3.51309929287E-5	0.000635508079128	0.000636478362006	86.8359001555
4253.00000000	3.51301420090E-5	0.000635510980851	0.000636481212338	86.8359910560
4253.00000000	3.51160893455E-5	0.000635517420496	0.000636486866702	86.8372861270
4253.00000000	3.50928409530E-5	0.000635534810431	0.000636502947955	86.8394620437
4253.00000000	3.50749172646E-5	0.000635564917833	0.000636532021662	86.8412223589
4253.00000000	3.50660838404E-5	0.000635595485856	0.000636562056579	86.8421678404
4253.00000000	3.50589824045E-5	0.000635609339040	0.000636575497582	86.8428747297
4253.00000000	3.50488127333E-5	0.000635601165803	0.000636566776736	86.8437481714
4253.00000000	3.50363976030E-5	0.000635578091963	0.000636543054428	86.8447496206
4253.00000000	3.50280796016E-5	0.000635554947221	0.000636519486974	86.8453825523
4253.00000000	3.50319531455E-5	0.000635540639734	0.000636505414348	86.8449635248
4253.00000000	3.50459526372E-5	0.000635534095982	0.000636499651180	86.8436728228
4253.00000000	3.50638861904E-5	0.000635532535942	0.000636499081190	86.8420532137
4253.00000000	3.50825439571E-5	0.000635532076119	0.000636499650170	86.8403739680
4253.00000000	3.51000339452E-5	0.000635530848817	0.000636499388987	86.8387958754
4253.00000000	3.51105039633E-5	0.000635529318889	0.000636498438849	86.8378472336
4253.00000000	3.51073593515E-5	0.000635526122324	0.000636495073694	86.8381140005
4253.00000000	3.50930924523E-5	0.000635525302109	0.000636493467962	86.8393922486
4253.00000000	3.50764215380E-5	0.000635531854454	0.000636499091417	86.8409231526
4253.00000000	3.50628602671E-5	0.000635541023449	0.000636507499293	86.8421875112
4253.00000000	3.50534590812E-5	0.000635547046650	0.000636512995546	86.8430623416
4253.00000000	3.50466839396E-5	0.000635549677920	0.000636515249746	86.8436843227
4253.00000000	3.50389325166E-5	0.000635555101643	0.000636520238497	86.8444078825
4253.00000000	3.50298554583E-5	0.000635569143281	0.000636533759249	86.8452932649
4253.00000000	3.50253012759E-5	0.000635586962823	0.000636551301185	86.8457908321
4253.00000000	3.50311908558E-5	0.000635598304841	0.000636562950108	86.8453176977
4253.00000000	3.50486982420E-5	0.000635598655320	0.000636564263757	86.8437460196
4253.00000000	3.50666797475E-5	0.000635589977435	0.000636556589350	86.8420869725
4253.00000000	3.50743628921E-5	0.000635578993824	0.000636546045720	86.8413419973
4253.00000000	3.50732979623E-5	0.000635572980174	0.000636539982528	86.8414078814
4253.00000000	3.50668873895E-5	0.000635571661726	0.000636538312893	86.8419774912
4253.00000000	3.50567378169E-5	0.000635573310238	0.000636539399844	86.8428978552
4253.00000000	3.50447039433E-5	0.000635579142656	0.000636544560776	86.8440083005
4253.00000000	3.50343158057E-5	0.000635588757199	0.000636553588916	86.8449895562
4253.00000000	3.50279382694E-5	0.000635598465579	0.000636562931614	86.8456108092
4253.00000000	3.50241523044E-5	0.000635600201770	0.000636564456858	86.8459596584
4253.00000000	3.50225677339E-5	0.000635587253698	0.000636551441216	86.8460379452
4253.00000000	3.50237742509E-5	0.000635562874356	0.000636527165188	86.8458087698
4253.00000000	3.50284701179E-5	0.000635539530026	0.000636504114632	86.8452710812
4253.00000000	3.50368925328E-5	0.000635524796415	0.000636489866924	86.8444410686
4253.00000000	3.50494236717E-5	0.000635516932815	0.000636482705180	86.8432757671
4253.00000000	3.50635306408E-5	0.000635511789038	0.000636478346205	86.8419822861
4253.00000000	3.50728571143E-5	0.000635508039258	0.000636475115984	86.8411253917
4253.00000000	3.50750488292E-5	0.000635503074466	0.000636470279515	86.8409037625
4253.00000000	3.50764646064E-5	0.000635493350085	0.000636460647936	86.8407282615
4253.00000000	3.50866904803E-5	0.000635479627276	0.000636447509644	86.8397409985
4253.00000000	3.51048225482E-5	0.000635466504540	0.000636435406745	86.8380459934
4253.00000000	3.51219540843E-5	0.000635459152843	0.000636429011431	86.8364695342
4253.00000000	3.51331077039E-5	0.000635464688404	0.000636435154171	86.8354944491
4253.00000000	3.51396278237E-5	0.000635483477887	0.000636454274957	86.8350017562
4253.00000000	3.51405024930E-5	0.000635502701597	0.000636473517637	86.8350186833
4253.00000000	3.51358832979E-5	0.000635512997368	0.000636483542693	86.8354850364
4253.00000000	3.51269419394E-5	0.000635512636932	0.000636482689278	86.8362869135
4253.00000000	3.51200716143E-5	0.000635504039244	0.000636473725558	86.8368617273
4253.00000000	3.51206173933E-5	0.000635498231713	0.000636467956992	86.8367838225
4253.00000000	3.51209726127E-5	0.000635505136600	0.000636474870959	86.8367861934
4253.00000000	3.51097116367E-5	0.000635519480450	0.000636488571682	86.8378695954
4253.00000000	3.50887845019E-5	0.000635529522690	0.000636497444620	86.8398003960
4253.00000000	3.50697794379E-5	0.000635530930921	0.000636497803285	86.8415155662
4253.00000000	3.50616436283E-5	0.000635526693715	0.000636493124297	86.8422258065
4253.00000000	3.50660949290E-5	0.000635523637887	0.000636490318329	86.8418105634
4253.00000000	3.50803337471E-5	0.000635526238122	0.000636493699228	86.8405436581
4253.00000000	3.50986196797E-5	0.000635530174988	0.000636498638195	86.8389196449
4253.00000000	3.51129886791E-5	0.000635527615296	0.000636496874916	86.8376154473
4253.00000000	3.51209649182E-5	0.000635520466400	0.000636490176978	86.8368630320
4253.00000000	3.51232468373E-5	0.000635518728632	0.000636488567777	86.8366492981
4253.00000000	3.51167878884E-5	0.000635527176604	0.000636496646490	86.8372717946
4253.00000000	3.51002263064E-5	0.000635538883833	0.000636507422384	86.8388184717
4253.00000000	3.50786701160E-5	0.000635542551927	0.000636509896551	86.8407741192
4253.00000000	3.50625856879E-5	0.000635535524868	0.000636501993936	86.8421849246
4253.00000000	3.50599767260E-5	0.000635522199876	0.000636488545461	86.8423533471
4253.00000000	3.50687157685E-5	0.000635506834873	0.000636473685234	86.8414916575
4253.00000000	3.50755857468E-5	0.000635494723826	0.000636461971155	86.8408140738
4253.00000000	3.50684402811E-5	0.000635487929810	0.000636454793711	86.8414226483
4253.00000000	3.50483798624E-5	0.000635481097923	0.000636446867184	86.8431919447
5260.00000000	-0.00170667217367	-0.00133018818639	0.00216382312576	-142.066984181
5260.00000000	-0.00170666164318	-0.00133018288483	0.00216381156097	-142.066923490
5260.00000000	-0.00170665750926	-0.00133017592429	0.00216380402151	-142.067001569
5260.00000000	-0.00170665643761	-0.00133016636514	0.00216379729989	-142.067183768
5260.00000000	-0.00170665639225	-0.00133015506344	0.00216379031655	-142.067419067
5260.00000000	-0.00170665516694	-0.00133014528329	0.00216378333794	-142.067603383
5260.00000000	-0.00170665197523	-0.00133013642866	0.00216377537730	-142.067736361
5260.00000000	-0.00170664889181	-0.00133012802563	0.00216376777970	-142.067861671
5260.00000000	-0.00170664710011	-0.00133012615851	0.00216376521875	-142.067871502
5260.00000000	-0.00170664344056	-0.00133013470163	0.00216376758403	-142.067633505
5260.00000000	-0.00170663499116	-0.00133014981683	0.00216377021152	-142.067180280
5260.00000000	-0.00170662760575	-0.00133016591409	0.00216377428206	-142.066723864
5260.00000000	-0.00170662903566	-0.00133018128448	0.00216378485875	-142.066426129
5260.00000000	-0.00170663700332	-0.00133019646834	0.00216380047728	-142.066238715
5260.00000000	-0.00170664360739	-0.00133021058429	0.00216381436385	-142.066051410
5260.00000000	-0.00170664572026	-0.00133022087115	0.00216382235420	-142.065870968
5260.00000000	-0.00170664420250	-0.00133022337365	0.00216382269554	-142.065793998
5260.00000000	-0.00170664348370	-0.00133022197717	0.00216382127012	-142.065811462
5260.00000000	-0.00170665027648	-0.00133022164561	0.00216382642387	-142.065928960
5260.00000000	-0.00170666323200	-0.00133022079353	0.00216383611833	-142.066157644
5260.00000000	-0.00170667054708	-0.00133021650398	0.00216383925090	-142.066366303
5260.00000000	-0.00170667006564	-0.00133020902635	0.00216383427432	-142.066514632
5260.00000000	-0.00170667285848	-0.00133020231165	0.00216383234928	-142.066700327
5260.00000000	-0.00170668621220	-0.00133020445942	0.00216384420206	-142.066872838
5260.00000000	-0.00170670321242	-0.00133021935232	0.00216386676590	-142.066838530
5260.00000000	-0.00170671276413	-0.00133024248244	0.00216388851869	-142.066510954
5260.00000000	-0.00170671615336	-0.00133026382748	0.00216390431370	-142.066120355
5260.00000000	-0.00170672590902	-0.00133027233532	0.00216391723840	-142.066101476
5260.00000000	-0.00170674739740	-0.00133026519376	0.00216392979652	-142.066600387
5260.00000000	-0.00170677256433	-0.00133024929559	0.00216393987319	-142.067342037
5260.00000000	-0.00170679441956	-0.00133023645845	0.00216394921984	-142.067965852
5260.00000000	-0.00170681012044	-0.00133022988355	0.00216395756204	-142.068358713
5260.00000000	-0.00170681374307	-0.00133022404670	0.00216395683135	-142.068539571
5260.00000000	-0.00170680574127	-0.00133022016432	0.00216394813339	-142.068490412
5260.00000000	-0.00170679873801	-0.00133022609431	0.00216394625489	-142.068252584
5260.00000000	-0.00170679940741	-0.00133024188024	0.00216395648687	-142.067933809
5260.00000000	-0.00170680138130	-0.00133025733857	0.00216396754643	-142.067643110
5260.00000000	-0.00170679743591	-0.00133026203806	0.00216396732348	-142.067480751
5260.00000000	-0.00170678923734	-0.00133025482516	0.00216395642298	-142.067497939
5260.00000000	-0.00170678510478	-0.00133024034424	0.00216394426161	-142.067733091
5260.00000000	-0.00170679066709	-0.00133022659439	0.00216394019642	-142.068110775
5260.00000000	-0.00170680118620	-0.00133022143389	0.00216394532102	-142.068389759
5260.00000000	-0.00170681066349	-0.00133022667637	0.00216395601885	-142.068434530
5260.00000000	-0.00170681632261	-0.00133023640743	0.00216396646434	-142.068323416
5260.00000000	-0.00170681745453	-0.00133024305986	0.00216397144653	-142.068202913
5260.00000000	-0.00170681432846	-0.00133024631454	0.00216397098160	-142.068084063
5260.00000000	-0.00170680791545	-0.00133025253485	0.00216396974718	-142.067849780
5260.00000000	-0.00170680148986	-0.00133026416915	0.00216397183104	-142.067502231
5260.00000000	-0.00170679756981	-0.00133027356614	0.00216397451581	-142.067242185
5260.00000000	-0.00170679548123	-0.00133027086020	0.00216397120504	-142.067264700
5260.00000000	-0.00170679553247	-0.00133025415861	0.00216396097843	-142.067614321
5260.00000000	-0.00170680138685	-0.00133023310063	0.00216395265109	-142.068149378
5260.00000000	-0.00170681463866	-0.00133022102559	0.00216395568061	-142.068617240
5260.00000000	-0.00170682788201	-0.00133022340139	0.00216396758673	-142.068783173
5260.00000000	-0.00170683007164	-0.00133023230010	0.00216397478398	-142.068632973
5260.00000000	-0.00170682235314	-0.00133024300901	0.00216397527902	-142.068283705
5260.00000000	-0.00170681273400	-0.00133025773105	0.00216397674201	-142.067819693
5260.00000000	-0.00170680755058	-0.00133027302284	0.00216398205399	-142.067415982
5260.00000000	-0.00170680557879	-0.00133028209729	0.00216398607717	-142.067194384
5260.00000000	-0.00170679978492	-0.00133028408712	0.00216398273058	-142.067058526
5260.00000000	-0.00170678595804	-0.00133027994075	0.00216396927597	-142.066920063
5260.00000000	-0.00170676835579	-0.00133026942223	0.00216394892639	-142.066853219
5260.00000000	-0.00170675135390	-0.00133025600738	0.00216392726985	-142.066856632
5260.00000000	-0.00170673084283	-0.00133024419007	0.00216390382759	-142.066769563
5260.00000000	-0.00170670968823	-0.00133023909747	0.00216388401175	-142.066531578
5260.00000000	-0.00170670077046	-0.00133024370057	0.00216387980784	-142.066290289
5260.00000000	-0.00170671199501	-0.00133025421951	0.00216389512741	-142.066253319
5260.00000000	-0.00170673760597	-0.00133026623747	0.00216392271539	-142.066419215
5260.00000000	-0.00170676502762	-0.00133027691363	0.00216395090666	-142.066642601
5260.00000000	-0.00170678410855	-0.00133028109193	0.00216396852490	-142.066865919
5260.00000000	-0.00170678757704	-0.00133027359956	0.00216396665474	-142.067078840
5260.00000000	-0.00170677788113	-0.00133025601610	0.00216394819806	-142.067288228
5260.00000000	-0.00170676453254	-0.00133023283105	0.00216392341693	-142.067555149
5260.00000000	-0.00170675560179	-0.00133020781652	0.00216390099575	-142.067932192
5260.00000000	-0.00170675350201	-0.00133018582838	0.00216388582292	-142.068357223
5260.00000000	-0.00170675241459	-0.00133016558959	0.00216387252407	-142.068762204
5260.00000000	-0.00170674735268	-0.00133014390956	0.00216385520449	-142.069132598
5260.00000000	-0.00170673881626	-0.00133012618236	0.00216383757430	-142.069363889
5260.00000000	-0.00170672958828	-0.00133011861748	0.00216382564549	-142.069371683
5260.00000000	-0.00170672473627	-0.00133012484675	0.00216382564763	-142.069162607
5260.00000000	-0.00170673153132	-0.00133014210201	0.00216384161425	-142.068912829
5260.00000000	-0.00170675088995	-0.00133016015836	0.00216386798286	-142.068850818
5260.00000000	-0.00170677446810	-0.00133016884928	0.00216389192257	-142.069053081
5260.00000000	-0.00170678872791	-0.00133016825824	0.00216390280672	-142.069297521
5260.00000000	-0.00170678493685	-0.00133016432857	0.00216389740091	-142.069317887
5260.00000000	-0.00170676719394	-0.00133016056634	0.00216388109344	-142.069107670
5260.00000000	-0.00170674607591	-0.00133015629525	0.00216386181107	-142.068853142
5260.00000000	-0.00170672658518	-0.00133015039158	0.00216384280870	-142.068659193
5260.00000000	-0.00170671155388	-0.00133014857273	0.00216382983474	-142.068452516
5260.00000000	-0.00170670450576	-0.00133015543431	0.00216382849353	-142.068194488
5260.00000000	-0.00170670000790	-0.00133016634761	0.00216383165456	-142.067893351
5260.00000000	-0.00170668714538	-0.00133017213112	0.00216382506470	-142.067563195
5260.00000000	-0.00170666657238	-0.00133016873712	0.00216380675165	-142.067299200
5260.00000000	-0.00170664808321	-0.00133015831242	0.00216378576020	-142.067215958
5260.00000000	-0.00170663636498	-0.00133014936473	0.00216377101718	-142.067212085
5260.00000000	-0.00170662736255	-0.00133014425421	0.00216376077504	-142.067172278
5260.00000000	-0.00170661932687	-0.00133013505232	0.00216374878030	-142.067233658
5260.00000000	-0.00170661498833	-0.00133011931530	0.00216373568426	-142.067491713
5260.00000000	-0.00170661328304	-0.00133010236202	0.00216372391753	-142.067818037
5260.00000000	-0.00170661238474	-0.00133008419124	0.00216371203895	-142.068182930
5270.00000000	0.00242492882909	0.00794406698296	0.00830593041482	73.0251744438
5270.00000000	0.00242495132660	0.00794400588559	0.00830587854755	73.0249029655
5270.00000000	0.00242498136118	0.00794395305980	0.00830583679218	73.0245984156
5270.00000000	0.00242502456010	0.00794390308670	0.00830580160899	73.0242127535
5270.00000000	0.00242508520866	0.00794384011881	0.00830575909249	73.0236857870
5270.00000000	0.00242516279994	0.00794376525316	0.00830571014444	73.0230230665
5270.00000000	0.00242526270518	0.00794369810150	0.00830567509098	73.0222286547
5270.00000000	0.00242539891703	0.00794365191265	0.00830567069032	73.0212369234
5270.00000000	0.00242556178160	0.00794361459357	0.00830568255880	73.0200872139
5270.00000000	0.00242571916863	0.00794356183286	0.00830567806247	73.0189425362
5270.00000000	0.00242585623970	0.00794349999051	0.00830565895007	73.0179135955
5270.00000000	0.00242598445095	0.00794346219117	0.00830566024702	73.0169915490
5270.00000000	0.00242611941273	0.00794345957701	0.00830569716859	73.0160958655
5270.00000000	0.00242626251439	0.00794346824021	0.00830574725548	73.0151692129
5270.00000000	0.00242640275603	0.00794346324895	0.00830578345021	73.0142339234
5270.00000000	0.00242652944160	0.00794344030381	0.00830579851617	73.0133518928
5270.00000000	0.00242663472762	0.00794339924295	0.00830579000663	73.0125745339
5270.00000000	0.00242671173222	0.00794333799092	0.00830575392540	73.0119430591
5270.00000000	0.00242676202641	0.00794327144859	0.00830570498145	73.0114771335
5270.00000000	0.00242680051279	0.00794322356836	0.00830567043566	73.0111267185
5270.00000000	0.00242683179620	0.00794319943804	0.00830565649901	73.0108716928
5270.00000000	0.00242684314587	0.00794319471817	0.00830565530139	73.0107873014
5270.00000000	0.00242681501682	0.00794321124844	0.00830566289126	73.0110061979
5270.00000000	0.00242673316371	0.00794324953543	0.00830567559143	73.0116233838
5270.00000000	0.00242660946180	0.00794329769180	0.00830568550456	73.0125365519
5270.00000000	0.00242646902431	0.00794334437587	0.00830568912249	73.0135571624
5270.00000000	0.00242632698121	0.00794339317067	0.00830569429269	73.0145926185
5270.00000000	0.00242618796253	0.00794345260260	0.00830571052224	73.0156295545
5270.00000000	0.00242604966085	0.00794351934604	0.00830573395660	73.0166764884
5270.00000000	0.00242591319370	0.00794358144273	0.00830575348543	73.0177019507
5270.00000000	0.00242578516283	0.00794364258272	0.00830577456581	73.0186698219
5270.00000000	0.00242567882654	0.00794370470892	0.00830580292759	73.0194965440
5270.00000000	0.00242560868895	0.00794376658418	0.00830584162236	73.0200839323
5270.00000000	0.00242557067014	0.00794383434316	0.00830589532486	73.0204712635
5270.00000000	0.00242554584470	0.00794390875656	0.00830595924486	73.0207849517
5270.00000000	0.00242552388214	0.00794397926327	0.00830602026473	73.0210718777
5270.00000000	0.00242550725771	0.00794403690974	0.00830607054391	73.0212976770
5270.00000000	0.00242549605790	0.00794407667938	0.00830610530963	73.0214516758
5270.00000000	0.00242548692273	0.00794409645668	0.00830612155734	73.0215517815
5270.00000000	0.00242547027846	0.00794410142521	0.00830612144901	73.0216715980
5270.00000000	0.00242543710904	0.00794410554495	0.00830611570346	73.0218987274
5270.00000000	0.00242538594841	0.00794412495486	0.00830611932837	73.0222753502
5270.00000000	0.00242532132785	0.00794415426846	0.00830612849554	73.0227607211
5270.00000000	0.00242524038366	0.00794416866287	0.00830611862801	73.0233237358
5270.00000000	0.00242513207251	0.00794415117450	0.00830607027736	73.0240030917
5270.00000000	0.00242498956219	0.00794412070637	0.00830599952891	73.0248819462
5270.00000000	0.00242481555029	0.00794412475558	0.00830595259951	73.0260381650
5270.00000000	0.00242461382513	0.00794419419784	0.00830596012837	73.0275089221
5270.00000000	0.00242438793101	0.00794432017592	0.00830601468200	73.0292529698
5270.00000000	0.00242414454993	0.00794446318816	0.00830608043225	73.0311466623
5270.00000000	0.00242389966685	0.00794458580983	0.00830612625023	73.0330091890
5270.00000000	0.00242366091853	0.00794468164794	0.00830614824904	73.0347773102
5270.00000000	0.00242341067200	0.00794476473089	0.00830615470085	73.0365956149
5270.00000000	0.00242313315282	0.00794483449551	0.00830614046578	73.0385670591
5270.00000000	0.00242282782125	0.00794488042159	0.00830609532601	73.0406740515
5270.00000000	0.00242251536068	0.00794492302054	0.00830604493577	73.0428214114
5270.00000000	0.00242222880036	0.00794499452650	0.00830602976081	73.0448560509
5270.00000000	0.00242198833967	0.00794510465639	0.00830606498401	73.0466642069
5270.00000000	0.00242179735019	0.00794523244906	0.00830613153490	73.0481814447
5270.00000000	0.00242165825712	0.00794533491670	0.00830618899693	73.0493053003
5270.00000000	0.00242157268561	0.00794538603459	0.00830621294636	73.0499727266
5270.00000000	0.00242153088860	0.00794539261297	0.00830620705369	73.0502617449
5270.00000000	0.00242150163501	0.00794537174236	0.00830617856133	73.0504127992
5270.00000000	0.00242146183150	0.00794534797304	0.00830614422064	73.0506276377
5270.00000000	0.00242141926799	0.00794535469483	0.00830613824217	73.0509220048
5270.00000000	0.00242140074737	0.00794540213665	0.00830617822421	73.0511396116
5270.00000000	0.00242141048930	0.00794547610734	0.00830625182197	73.0512240765
5270.00000000	0.00242142084700	0.00794555919267	0.00830633431801	73.0513228048
5270.00000000	0.00242141142535	0.00794563326913	0.00830640243055	73.0515339241
5270.00000000	0.00242138635546	0.00794567948772	0.00830643933367	73.0517922746
5270.00000000	0.00242136278532	0.00794567456177	0.00830642775082	73.0519378899
5270.00000000	0.00242135101172	0.00794560630924	0.00830635903049	73.0518783364
5270.00000000	0.00242134965772	0.00794548956058	0.00830624695769	73.0516525145
5270.00000000	0.00242134989411	0.00794536328306	0.00830612623367	73.0513970313
5270.00000000	0.00242135360702	0.00794527706481	0.00830604484258	73.0511991567
5270.00000000	0.00242137048511	0.00794525888198	0.00830603236978	73.0510512229
5270.00000000	0.00242140208843	0.00794529453504	0.00830607568726	73.0509143858
5270.00000000	0.00242143352971	0.00794535719050	0.00830614478705	73.0508329192
5270.00000000	0.00242144015677	0.00794542195395	0.00830620866937	73.0509194252
5270.00000000	0.00242141892638	0.00794547127738	0.00830624966135	73.0511586936
5270.00000000	0.00242139563027	0.00794550264847	0.00830627287868	73.0513754909
5270.00000000	0.00242139433341	0.00794551760979	0.00830628681213	73.0514141326
5270.00000000	0.00242140977457	0.00794552199346	0.00830629550672	73.0513210623
5270.00000000	0.00242141927934	0.00794552941524	0.00830630537693	73.0512732712
5270.00000000	0.00242141234908	0.00794553547495	0.00830630915316	73.0513311840
5270.00000000	0.00242140118954	0.00794551769242	0.00830628888983	73.0513690600
5270.00000000	0.00242139822346	0.00794546828067	0.00830624075956	73.0512892720
5270.00000000	0.00242140577777	0.00794539608065	0.00830617389771	73.0510942412
5270.00000000	0.00242142371355	0.00794531883495	0.00830610523588	73.0508205597
5270.00000000	0.00242144839007	0.00794525679431	0.00830605308395	73.0505329723
5270.00000000	0.00242146845298	0.00794521631897	0.00830602021573	73.0503191923
5270.00000000	0.00242147493527	0.00794518796105	0.00830599497944	73.0502193907
5270.00000000	0.00242147526284	0.00794516413637	0.00830597228519	73.0501693168
5270.00000000	0.00242148198410	0.00794513796852	0.00830594921355	73.0500723417
5270.00000000	0.00242149330988	0.00794509878765	0.00830591503660	73.0499188127
5270.00000000	0.00242149427257	0.00794503919555	0.00830585831392	73.0497926146
5270.00000000	0.00242147400824	0.00794496841154	0.00830578469701	73.0497839752
5270.00000000	0.00242143144334	0.00794491154687	0.00830571789325	73.0499504839
5270.00000000	0.00242136758626	0.00794488646161	0.00830567528113	73.0503214088
5270.00000000	0.00242129225891	0.00794488409012	0.00830565105265	73.0508137058
5274.00000000	0.00337588366245	0.00607396410645	0.00694907407277	60.9348789984
5274.00000000	0.00337588114149	0.00607394393629	0.00694905521799	60.9348163748
5274.00000000	0.00337586649863	0.00607393036301	0.00694903624046	60.9348675349
5274.00000000	0.00337584833728	0.00607392448133	0.00694902227664	60.9349748614
5274.00000000	0.00337583501932	0.00607391410329	0.00694900673563	60.9350292726
5274.00000000	0.00337583979572	0.00607389346748	0.00694899101889	60.9349121924
5274.00000000	0.00337588073749	0.00607386719652	0.00694898794608	60.9345119011
5274.00000000	0.00337596080215	0.00607383612344	0.00694899968284	60.9338104232
5274.00000000	0.00337604814298	0.00607379501256	0.00694900618206	60.9330163013
5274.00000000	0.00337611380960	0.00607374127374	0.00694899111496	60.9323277938
5274.00000000	0.00337615660024	0.00607367773443	0.00694895636848	60.9317648826
5274.00000000	0.00337619498961	0.00607361392344	0.00694891924682	60.9312325959
5274.00000000	0.00337625263706	0.00607356256677	0.00694890236812	60.9306114106
5274.00000000	0.00337634486073	0.00607352341439	0.00694891295698	60.9297899382
5274.00000000	0.00337647490658	0.00607348370909	0.00694894144164	60.9286936875
5274.00000000	0.00337663489103	0.00607343127981	0.00694897335568	60.9273307190
5274.00000000	0.00337680624548	0.00607335566386	0.00694899053383	60.9257929268
5274.00000000	0.00337697223954	0.00607325412847	0.00694898245901	60.9241899137
5274.00000000	0.00337713204268	0.00607314832309	0.00694896764908	60.9226143985
5274.00000000	0.00337729123901	0.00607306654537	0.00694897354849	60.9211395351
5274.00000000	0.00337743520951	0.00607301605787	0.00694899939801	60.9198997824
5274.00000000	0.00337753888875	0.00607299148062	0.00694902831112	60.9190542021
5274.00000000	0.00337759463123	0.00607298757457	0.00694905199101	60.9186368855
5274.00000000	0.00337761343876	0.00607300738466	0.00694907844508	60.9185807549
5274.00000000	0.00337761165839	0.00607305000716	0.00694911482884	60.9187643941
5274.00000000	0.00337759790948	0.00607310612411	0.00694915718867	60.9190883500
5274.00000000	0.00337756869861	0.00607316997087	0.00694919878899	60.9195546902
5274.00000000	0.00337751659099	0.00607323792378	0.00694923284984	60.9202024635
5274.00000000	0.00337743541768	0.00607330487523	0.00694925190996	60.9210556535
5274.00000000	0.00337733107051	0.00607337430361	0.00694926187387	60.9220857471
5274.00000000	0.00337722128823	0.00607345695010	0.00694928075087	60.9232079648
5274.00000000	0.00337712309431	0.00607354908397	0.00694931355383	60.9242846861
5274.00000000	0.00337704601258	0.00607363988625	0.00694935545492	60.9252039316
5274.00000000	0.00337698265305	0.00607372990340	0.00694940333974	60.9260211407
5274.00000000	0.00337691209614	0.00607382285177	0.00694945029047	60.9269019450
5274.00000000	0.00337682018597	0.00607390888250	0.00694948082099	60.9279088927
5274.00000000	0.00337670840439	0.00607397042403	0.00694948029425	60.9289609197
5274.00000000	0.00337658952769	0.00607400030644	0.00694944865159	60.9299372516
5274.00000000	0.00337648426532	0.00607399969672	0.00694939697454	60.9306933397
5274.00000000	0.00337640977677	0.00607398551558	0.00694934838846	60.9311733112
5274.00000000	0.00337637173773	0.00607398517591	0.00694932961001	60.9314460695
5274.00000000	0.00337636561941	0.00607401458866	0.00694935234531	60.9316079802
5274.00000000	0.00337638110075	0.00607406293777	0.00694940212605	60.9316900914
5274.00000000	0.00337639991457	0.00607409777303	0.00694944171422	60.9316940548
5274.00000000	0.00337640287175	0.00607409297215	0.00694943895481	60.9316535140
5274.00000000	0.00337639144939	0.00607406027527	0.00694940482683	60.9316048517
5274.00000000	0.00337637921108	0.00607403100043	0.00694937329341	60.9315757766
5274.00000000	0.00337636561758	0.00607402660615	0.00694936284819	60.9316561323
5274.00000000	0.00337633786051	0.00607405402134	0.00694937332444	60.9319659742
5274.00000000	0.00337628013986	0.00607410398900	0.00694938895530	60.9325820779
5274.00000000	0.00337619201956	0.00607415945010	0.00694939461954	60.9334392525
5274.00000000	0.00337607976616	0.00607422092616	0.00694939381869	60.9344944309
5274.00000000	0.00337594079156	0.00607430432525	0.00694939920164	60.9358299821
5274.00000000	0.00337576754054	0.00607440272164	0.00694940104702	60.9374726119
5274.00000000	0.00337554786481	0.00607448806729	0.00694936894022	60.9393975474
5274.00000000	0.00337528444442	0.00607455565424	0.00694930007102	60.9415666524
5274.00000000	0.00337500483162	0.00607463367438	0.00694923246779	60.9438942803
5274.00000000	0.00337473883274	0.00607475539406	0.00694920968794	60.9462988047
5274.00000000	0.00337449956560	0.00607492201186	0.00694923915032	60.9486904308
5274.00000000	0.00337428267665	0.00607509755496	0.00694928729326	60.9509564726
5274.00000000	0.00337407775793	0.00607524815492	0.00694931945304	60.9530363554
5274.00000000	0.00337387922048	0.00607536182213	0.00694932243202	60.9549223885
5274.00000000	0.00337368267704	0.00607544083591	0.00694929609068	60.9566553430
5274.00000000	0.00337349052197	0.00607550619385	0.00694925994717	60.9583020216
5274.00000000	0.00337332102813	0.00607558366352	0.00694924539869	60.9598338414
5274.00000000	0.00337320095238	0.00607567805399	0.00694926963651	60.9610771590
5274.00000000	0.00337313818594	0.00607578034660	0.00694932860366	60.9619389814
5274.00000000	0.00337311600288	0.00607587768110	0.00694940293583	60.9624884072
5274.00000000	0.00337311416377	0.00607595671559	0.00694947114330	60.9628179438
5274.00000000	0.00337312072388	0.00607600039251	0.00694951251439	60.9629454399
5274.00000000	0.00337313262766	0.00607599375338	0.00694951248757	60.9628330662
5274.00000000	0.00337314424138	0.00607594315679	0.00694947388784	60.9625468760
5274.00000000	0.00337313777934	0.00607586839084	0.00694940538328	60.9622942565
5274.00000000	0.00337310115808	0.00607578954816	0.00694931867568	60.9622427177
5274.00000000	0.00337305069195	0.00607572956705	0.00694924173866	60.9623664616
5274.00000000	0.00337301542139	0.00607570529820	0.00694920340064	60.9625235886
5274.00000000	0.00337300822544	0.00607571099701	0.00694920489035	60.9625982674
5274.00000000	0.00337301966590	0.00607573554762	0.00694923190800	60.9626140479
5274.00000000	0.00337302890947	0.00607576873201	0.00694926540787	60.9626802159
5274.00000000	0.00337302912372	0.00607580644673	0.00694929848600	60.9628296009
5274.00000000	0.00337302818392	0.00607584836988	0.00694933468350	60.9630041446
5274.00000000	0.00337303288750	0.00607588084683	0.00694936536132	60.9631002051
5274.00000000	0.00337304203427	0.00607589422318	0.00694938149595	60.9630878003
5274.00000000	0.00337304804486	0.00607590061996	0.00694939000608	60.9630700719
5274.00000000	0.00337304613894	0.00607590435281	0.00694939234465	60.9630987485
5274.00000000	0.00337303861617	0.00607589014732	0.00694937627334	60.9630961288
5274.00000000	0.00337303207574	0.00607585000441	0.00694933800157	60.9629826317
5274.00000000	0.00337302628745	0.00607579252557	0.00694928493801	60.9627943357
5274.00000000	0.00337301313800	0.00607573082163	0.00694922460754	60.9626421916
5274.00000000	0.00337299645549	0.00607568063276	0.00694917262989	60.9625615962
5274.00000000	0.00337298187171	0.00607565357797	0.00694914189712	60.9625584528
5274.00000000	0.00337296535702	0.00607564452484	0.00694912596604	60.9626412711
5274.00000000	0.00337294313848	0.00607563721212	0.00694910878809	60.9627721720
5274.00000000	0.00337291896489	0.00607561872053	0.00694908088750	60.9628724296
5274.00000000	0.00337290064972	0.00607558446759	0.00694904205022	60.9628673793
5274.00000000	0.00337288255006	0.00607552960793	0.00694898530099	60.9627783068
5274.00000000	0.00337285112481	0.00607545788665	0.00694890734163	60.9627178138
5274.00000000	0.00337280207686	0.00607538866741	0.00694882301615	60.9627943746
5274.00000000	0.00337273621343	0.00607534032816	0.00694874878437	60.9630757263
5274.00000000	0.00337266187251	0.00607531362029	0.00694868935060	60.9635047713
