DevNumber	X [V]	Y [V]	R [V]	Theta [°]
4253.00000000	-0.0109318379324	-0.0241704358100	0.0265276280098	-114.336353617
4253.00000000	-0.0109319522379	-0.0241705382786	0.0265277684777	-114.336487358
4253.00000000	-0.0109320167645	-0.0241705607500	0.0265278155434	-114.336594340
4253.00000000	-0.0109320863477	-0.0241704965198	0.0265277856959	-114.336788443
4253.00000000	-0.0109322254018	-0.0241703971991	0.0265277525055	-114.337150493
4253.00000000	-0.0109324551948	-0.0241703163966	0.0265277735835	-114.337674625
4253.00000000	-0.0109327397727	-0.0241702534032	0.0265278334682	-114.338290716
4253.00000000	-0.0109330284003	-0.0241701637885	0.0265278707695	-114.338938469
4253.00000000	-0.0109332882116	-0.0241700118356	0.0265278394004	-114.339585005
4253.00000000	-0.0109334983878	-0.0241698137522	0.0265277455471	-114.340174933
4253.00000000	-0.0109336876108	-0.0241696000645	0.0265276288433	-114.340737522
4253.00000000	-0.0109339068444	-0.0241693822939	0.0265275207916	-114.341362809
4253.00000000	-0.0109341667609	-0.0241691676522	0.0265274323626	-114.342065373
4253.00000000	-0.0109344529453	-0.0241689845575	0.0265273835075	-114.342791547
4253.00000000	-0.0109347501986	-0.0241688738028	0.0265274051276	-114.343475100
4253.00000000	-0.0109350495510	-0.0241688462668	0.0265275034361	-114.344088691
4253.00000000	-0.0109353439495	-0.0241688687575	0.0265276452839	-114.344647987
4253.00000000	-0.0109356313933	-0.0241688912104	0.0265277842329	-114.345193626
4253.00000000	-0.0109359239964	-0.0241688819101	0.0265278963817	-114.345777684
4253.00000000	-0.0109362253573	-0.0241688318619	0.0265279750195	-114.346415252
4253.00000000	-0.0109365090864	-0.0241687486775	0.0265280162024	-114.347047626
4253.00000000	-0.0109367598314	-0.0241686409942	0.0265280214701	-114.347636909
4253.00000000	-0.0109369526063	-0.0241685102994	0.0265279818758	-114.348132613
4253.00000000	-0.0109370560394	-0.0241683737530	0.0265279001181	-114.348457730
4253.00000000	-0.0109370922060	-0.0241682411916	0.0265277942585	-114.348646938
4253.00000000	-0.0109371339014	-0.0241681240323	0.0265277047107	-114.348833311
4253.00000000	-0.0109372276398	-0.0241680238927	0.0265276521261	-114.349106937
4253.00000000	-0.0109373584456	-0.0241679302917	0.0265276207820	-114.349447680
4253.00000000	-0.0109374866246	-0.0241678389877	0.0265275904484	-114.349781209
4253.00000000	-0.0109375996206	-0.0241677542685	0.0265275598547	-114.350078999
4253.00000000	-0.0109377117208	-0.0241677162309	0.0265275714211	-114.350333455
4253.00000000	-0.0109378116412	-0.0241677750898	0.0265276662428	-114.350477653
4253.00000000	-0.0109378625010	-0.0241679282788	0.0265278267745	-114.350441309
4253.00000000	-0.0109378649912	-0.0241681123199	0.0265279954703	-114.350282315
4253.00000000	-0.0109378453817	-0.0241682595256	0.0265281214957	-114.350112640
4253.00000000	-0.0109378063455	-0.0241683402439	0.0265281789386	-114.349963949
4253.00000000	-0.0109377425719	-0.0241683429170	0.0265281550795	-114.349836082
4253.00000000	-0.0109376642983	-0.0241682576898	0.0265280451610	-114.349757959
4253.00000000	-0.0109376152456	-0.0241680770488	0.0265278603641	-114.349822301
4253.00000000	-0.0109376319908	-0.0241678375578	0.0265276490814	-114.350068522
4253.00000000	-0.0109377106448	-0.0241676221389	0.0265274852558	-114.350415130
4253.00000000	-0.0109378620711	-0.0241674999355	0.0265274363597	-114.350821924
4253.00000000	-0.0109381146278	-0.0241674955841	0.0265275365313	-114.351322759
4253.00000000	-0.0109384725118	-0.0241675831527	0.0265277638774	-114.351948978
4253.00000000	-0.0109388893541	-0.0241676992536	0.0265280415318	-114.352665785
4253.00000000	-0.0109392934849	-0.0241677620685	0.0265282654041	-114.353405023
4253.00000000	-0.0109396251396	-0.0241677113566	0.0265283559689	-114.354102756
4253.00000000	-0.0109398641113	-0.0241675641936	0.0265283204486	-114.354704028
4253.00000000	-0.0109400455592	-0.0241673735902	0.0265282216344	-114.355230810
4253.00000000	-0.0109402368582	-0.0241671697399	0.0265281148172	-114.355788779
4253.00000000	-0.0109404772515	-0.0241669476203	0.0265280116061	-114.356459622
4253.00000000	-0.0109407725251	-0.0241666984575	0.0265279063965	-114.357262542
4253.00000000	-0.0109411209761	-0.0241664361622	0.0265278111611	-114.358181797
4253.00000000	-0.0109415022602	-0.0241661852874	0.0265277398783	-114.359155487
4253.00000000	-0.0109418662482	-0.0241659596112	0.0265276844245	-114.360072702
4253.00000000	-0.0109421789091	-0.0241657764283	0.0265276465157	-114.360851074
4253.00000000	-0.0109424368143	-0.0241656346031	0.0265276237007	-114.361484869
4253.00000000	-0.0109426558248	-0.0241655083623	0.0265275990415	-114.362028253
4253.00000000	-0.0109428693896	-0.0241653859848	0.0265275756576	-114.362557481
4253.00000000	-0.0109431038534	-0.0241652704000	0.0265275670851	-114.363121777
4253.00000000	-0.0109433520863	-0.0241651624384	0.0265275711395	-114.363706372
4253.00000000	-0.0109435668129	-0.0241650379410	0.0265275463109	-114.364239777
4253.00000000	-0.0109436801635	-0.0241648583346	0.0265274294619	-114.364622829
4253.00000000	-0.0109436606057	-0.0241646232788	0.0265272072721	-114.364793794
4253.00000000	-0.0109435477014	-0.0241643814261	0.0265269403814	-114.364787155
4253.00000000	-0.0109434218771	-0.0241642176428	0.0265267392770	-114.364685530
4253.00000000	-0.0109433363890	-0.0241642189009	0.0265267051556	-114.364516206
4253.00000000	-0.0109432902216	-0.0241644062695	0.0265268567914	-114.364258414
4253.00000000	-0.0109432337403	-0.0241647028313	0.0265271036418	-114.363883038
4253.00000000	-0.0109431075099	-0.0241650202251	0.0265273406970	-114.363351874
4253.00000000	-0.0109428974656	-0.0241653220366	0.0265275289855	-114.362669697
4253.00000000	-0.0109426260363	-0.0241655795958	0.0265276516445	-114.361906178
4253.00000000	-0.0109423114788	-0.0241657643372	0.0265276901840	-114.361122684
4253.00000000	-0.0109419410391	-0.0241658919241	0.0265276536126	-114.360280158
4253.00000000	-0.0109415018889	-0.0241660042557	0.0265275748095	-114.359316027
4253.00000000	-0.0109410238576	-0.0241661178323	0.0265274811118	-114.358274279
4253.00000000	-0.0109405697620	-0.0241662398298	0.0265274049660	-114.357272119
4253.00000000	-0.0109401906216	-0.0241663891607	0.0265273846412	-114.356393091
4253.00000000	-0.0109398911197	-0.0241665969212	0.0265274503951	-114.355618717
4253.00000000	-0.0109396332793	-0.0241668723427	0.0265275949742	-114.354866057
4253.00000000	-0.0109393767604	-0.0241671722660	0.0265277624243	-114.354094182
4253.00000000	-0.0109391109203	-0.0241674393716	0.0265278961380	-114.353333205
4253.00000000	-0.0109388455639	-0.0241676323527	0.0265279625265	-114.352639203
4253.00000000	-0.0109385944871	-0.0241677220571	0.0265279407189	-114.352065279
4253.00000000	-0.0109383878254	-0.0241677224007	0.0265278558171	-114.351658330
4253.00000000	-0.0109382296131	-0.0241676804967	0.0265277524050	-114.351384337
4253.00000000	-0.0109380816363	-0.0241676194319	0.0265276357576	-114.351147546
4253.00000000	-0.0109379472400	-0.0241675713800	0.0265275365655	-114.350925887
4253.00000000	-0.0109378783257	-0.0241675805284	0.0265275164851	-114.350782136
4253.00000000	-0.0109378884473	-0.0241676489741	0.0265275830151	-114.350741098
4253.00000000	-0.0109379230643	-0.0241677552507	0.0265276941105	-114.350714569
4253.00000000	-0.0109379241698	-0.0241678759400	0.0265278045190	-114.350609265
4253.00000000	-0.0109378777927	-0.0241679799175	0.0265278801245	-114.350425413
4253.00000000	-0.0109378067524	-0.0241680456502	0.0265279107187	-114.350227090
4253.00000000	-0.0109377486133	-0.0241680940204	0.0265279308146	-114.350069615
4253.00000000	-0.0109377089523	-0.0241681467124	0.0265279624667	-114.349944651
4253.00000000	-0.0109376356239	-0.0241681944208	0.0265279756974	-114.349757878
4253.00000000	-0.0109374710388	-0.0241682394200	0.0265279488349	-114.349393952
4253.00000000	-0.0109371868046	-0.0241683110963	0.0265278969473	-114.348770834
4253.00000000	-0.0109368032936	-0.0241683994856	0.0265278193597	-114.347937480
5260.00000000	-0.0150798219310	-0.0297545646195	0.0333576849491	-116.876211241
5260.00000000	-0.0150798705673	-0.0297547541276	0.0333578759744	-116.876138608
5260.00000000	-0.0150798539264	-0.0297548598060	0.0333579627153	-116.876031057
5260.00000000	-0.0150798424017	-0.0297549094702	0.0333580018053	-116.875974838
5260.00000000	-0.0150798748969	-0.0297549368880	0.0333580409514	-116.876003335
5260.00000000	-0.0150799309119	-0.0297549522827	0.0333580800055	-116.876077200
5260.00000000	-0.0150799669721	-0.0297549408448	0.0333580861045	-116.876141328
5260.00000000	-0.0150799718305	-0.0297548736570	0.0333580283703	-116.876200941
5260.00000000	-0.0150799749192	-0.0297547652304	0.0333579330517	-116.876289863
5260.00000000	-0.0150799661061	-0.0297546608284	0.0333578359427	-116.876357426
5260.00000000	-0.0150799245719	-0.0297545619319	0.0333577289523	-116.876370582
5260.00000000	-0.0150798804424	-0.0297544551888	0.0333576137896	-116.876385856
5260.00000000	-0.0150798689175	-0.0297543655310	0.0333575286063	-116.876437816
5260.00000000	-0.0150798923358	-0.0297543391137	0.0333575156292	-116.876494208
5260.00000000	-0.0150799325813	-0.0297544093746	0.0333575964944	-116.876501311
5260.00000000	-0.0150799779446	-0.0297545659729	0.0333577566849	-116.876449216
5260.00000000	-0.0150800288226	-0.0297547638636	0.0333579562004	-116.876373508
5260.00000000	-0.0150800903947	-0.0297549552249	0.0333581547263	-116.876319255
5260.00000000	-0.0150801624097	-0.0297550960369	0.0333583128841	-116.876320251
5260.00000000	-0.0150802218635	-0.0297551563257	0.0333583935378	-116.876364526
5260.00000000	-0.0150802412535	-0.0297551328498	0.0333583813632	-116.876412460
5260.00000000	-0.0150802241326	-0.0297550367644	0.0333582879168	-116.876460837
5260.00000000	-0.0150801616288	-0.0297548884473	0.0333581273644	-116.876480241
5260.00000000	-0.0150800424174	-0.0297547361727	0.0333579376464	-116.876415838
5260.00000000	-0.0150799085271	-0.0297546130020	0.0333577672527	-116.876306346
5260.00000000	-0.0150798142512	-0.0297545055705	0.0333576288065	-116.876245325
5260.00000000	-0.0150797791069	-0.0297543837452	0.0333575042527	-116.876286075
5260.00000000	-0.0150797783551	-0.0297542247838	0.0333573621218	-116.876408354
5260.00000000	-0.0150797823344	-0.0297540499182	0.0333572079435	-116.876550232
5260.00000000	-0.0150798097640	-0.0297539255318	0.0333571093932	-116.876688843
5260.00000000	-0.0150798921845	-0.0297539087221	0.0333571316594	-116.876828173
5260.00000000	-0.0150800071167	-0.0297540100557	0.0333572740048	-116.876925575
5260.00000000	-0.0150800881787	-0.0297541861471	0.0333574677210	-116.876913035
5260.00000000	-0.0150801083143	-0.0297543585870	0.0333576306367	-116.876809986
5260.00000000	-0.0150800953860	-0.0297544914070	0.0333577432651	-116.876687045
5260.00000000	-0.0150800590195	-0.0297545827883	0.0333578083353	-116.876560373
5260.00000000	-0.0150799811642	-0.0297546274037	0.0333578129356	-116.876406449
5260.00000000	-0.0150798630329	-0.0297546104308	0.0333577443928	-116.876238641
5260.00000000	-0.0150797606144	-0.0297545276011	0.0333576242103	-116.876146042
5260.00000000	-0.0150797120926	-0.0297544125937	0.0333574996904	-116.876161002
5260.00000000	-0.0150796908080	-0.0297543199450	0.0333574074270	-116.876200332
5260.00000000	-0.0150796950312	-0.0297542895087	0.0333573821875	-116.876230435
5260.00000000	-0.0150797606288	-0.0297543385378	0.0333574555751	-116.876292867
5260.00000000	-0.0150799078451	-0.0297544523951	0.0333576236856	-116.876430009
5260.00000000	-0.0150800926049	-0.0297545726125	0.0333578144417	-116.876619730
5260.00000000	-0.0150802374614	-0.0297546326611	0.0333579334895	-116.876795034
5260.00000000	-0.0150802802248	-0.0297546210667	0.0333579424797	-116.876869553
5260.00000000	-0.0150801949779	-0.0297545876397	0.0333578741256	-116.876764905
5260.00000000	-0.0150800204947	-0.0297545711645	0.0333577805513	-116.876510375
5260.00000000	-0.0150798275210	-0.0297545600680	0.0333576834163	-116.876223339
5260.00000000	-0.0150796527150	-0.0297545263499	0.0333575743170	-116.875981701
5260.00000000	-0.0150795159594	-0.0297544638066	0.0333574567074	-116.875820740
5260.00000000	-0.0150794571490	-0.0297543979417	0.0333573713709	-116.875781779
5260.00000000	-0.0150794759735	-0.0297543288169	0.0333573182222	-116.875864293
5260.00000000	-0.0150794984283	-0.0297542392679	0.0333572484965	-116.875968229
5260.00000000	-0.0150794603693	-0.0297541426257	0.0333571450880	-116.875984959
5260.00000000	-0.0150793657738	-0.0297540622392	0.0333570306214	-116.875902446
5260.00000000	-0.0150792714064	-0.0297540175533	0.0333569481024	-116.875792561
5260.00000000	-0.0150792284400	-0.0297540110915	0.0333569229153	-116.875731748
5260.00000000	-0.0150792481094	-0.0297540295762	0.0333569482952	-116.875747531
5260.00000000	-0.0150793176228	-0.0297540471061	0.0333569953557	-116.875840423
5260.00000000	-0.0150793873936	-0.0297540126313	0.0333569961452	-116.875974090
5260.00000000	-0.0150793677262	-0.0297538628834	0.0333568536812	-116.876060234
5260.00000000	-0.0150792165404	-0.0297536080152	0.0333565579968	-116.876026500
5260.00000000	-0.0150790118101	-0.0297533444907	0.0333562303858	-116.875917448
5260.00000000	-0.0150788865335	-0.0297531835797	0.0333560302227	-116.875850451
5260.00000000	-0.0150789121017	-0.0297531907054	0.0333560481371	-116.875884093
5260.00000000	-0.0150790679239	-0.0297533649744	0.0333562740239	-116.875987518
5260.00000000	-0.0150792609244	-0.0297536161021	0.0333565852745	-116.876088223
5260.00000000	-0.0150794044490	-0.0297538482274	0.0333568572092	-116.876127878
5260.00000000	-0.0150794905978	-0.0297540426149	0.0333570695448	-116.876108929
5260.00000000	-0.0150795480996	-0.0297541933845	0.0333572300237	-116.876079959
5260.00000000	-0.0150795814139	-0.0297542708197	0.0333573141549	-116.876070873
5260.00000000	-0.0150795534734	-0.0297542750516	0.0333573052989	-116.876024779
5260.00000000	-0.0150794419021	-0.0297542188639	0.0333572047432	-116.875897468
5260.00000000	-0.0150792742213	-0.0297540920374	0.0333570158139	-116.875739038
5260.00000000	-0.0150791228533	-0.0297539349908	0.0333568073032	-116.875629066
5260.00000000	-0.0150790704734	-0.0297538418763	0.0333567005673	-116.875621114
5260.00000000	-0.0150791384064	-0.0297538817785	0.0333567668692	-116.875694213
5260.00000000	-0.0150792613035	-0.0297540488976	0.0333569714941	-116.875752744
5260.00000000	-0.0150793596896	-0.0297542567225	0.0333572013478	-116.875742112
5260.00000000	-0.0150794064277	-0.0297544181269	0.0333573664471	-116.875688395
5260.00000000	-0.0150794162307	-0.0297545146302	0.0333574569585	-116.875628482
5260.00000000	-0.0150794089115	-0.0297545426198	0.0333574786163	-116.875595536
5260.00000000	-0.0150794220567	-0.0297545128154	0.0333574579733	-116.875638818
5260.00000000	-0.0150794704555	-0.0297544696866	0.0333574413819	-116.875746458
5260.00000000	-0.0150795104906	-0.0297544460164	0.0333574383666	-116.875826175
5260.00000000	-0.0150795317619	-0.0297544775328	0.0333574760947	-116.875834294
5260.00000000	-0.0150795826794	-0.0297545873879	0.0333575971018	-116.875827006
5260.00000000	-0.0150796827099	-0.0297547369291	0.0333577757105	-116.875864148
5260.00000000	-0.0150797916150	-0.0297548594903	0.0333579342651	-116.875935836
5260.00000000	-0.0150798642866	-0.0297549071983	0.0333580096721	-116.876010132
5260.00000000	-0.0150799057614	-0.0297548854886	0.0333580090565	-116.876090531
5260.00000000	-0.0150799530795	-0.0297548427316	0.0333579923086	-116.876196225
5260.00000000	-0.0150800350271	-0.0297548411375	0.0333580279324	-116.876323013
5260.00000000	-0.0150801359606	-0.0297548870871	0.0333581145474	-116.876441972
5260.00000000	-0.0150801803697	-0.0297549130843	0.0333581578125	-116.876489823
5260.00000000	-0.0150801147867	-0.0297548623283	0.0333580828909	-116.876428756
5260.00000000	-0.0150799441756	-0.0297547412278	0.0333578977436	-116.876261398
5260.00000000	-0.0150797324449	-0.0297545844040	0.0333576621433	-116.876058778
5270.00000000	-0.00361385036183	-0.00515066346686	0.00629199877516	-125.054579580
5270.00000000	-0.00361376596853	-0.00515074988625	0.00629202104780	-125.053498501
5270.00000000	-0.00361366811661	-0.00515084370021	0.00629204164647	-125.052278430
5270.00000000	-0.00361359701168	-0.00515091345423	0.00629205791262	-125.051383579
5270.00000000	-0.00361357330544	-0.00515095153566	0.00629207547289	-125.051007707
5270.00000000	-0.00361360349622	-0.00515095719423	0.00629209744399	-125.051203173
5270.00000000	-0.00361367229029	-0.00515092389250	0.00629210969135	-125.051890154
5270.00000000	-0.00361373330678	-0.00515086851453	0.00629209940056	-125.052634611
5270.00000000	-0.00361375314874	-0.00515082866910	0.00629207817803	-125.052990907
5270.00000000	-0.00361373965275	-0.00515081770765	0.00629206145356	-125.052947630
5270.00000000	-0.00361371422468	-0.00515081094378	0.00629204131234	-125.052793452
5270.00000000	-0.00361369535271	-0.00515078060216	0.00629200563523	-125.052811456
5270.00000000	-0.00361370736704	-0.00515071305812	0.00629195724251	-125.053254271
5270.00000000	-0.00361376413639	-0.00515061352876	0.00629190837156	-125.054198007
5270.00000000	-0.00361385378056	-0.00515050965808	0.00629187483070	-125.055409527
5270.00000000	-0.00361395982268	-0.00515042891072	0.00629186963981	-125.056622347
5270.00000000	-0.00361405959877	-0.00515038798857	0.00629189345240	-125.057580149
5270.00000000	-0.00361412071848	-0.00515039522702	0.00629193448490	-125.057997882
5270.00000000	-0.00361412993480	-0.00515044136273	0.00629197754419	-125.057825262
5270.00000000	-0.00361411114642	-0.00515049288639	0.00629200892811	-125.057415714
5270.00000000	-0.00361410090284	-0.00515051492936	0.00629202108813	-125.057224062
5270.00000000	-0.00361412359969	-0.00515049486565	0.00629201770142	-125.057498189
5270.00000000	-0.00361417417511	-0.00515044138403	0.00629200297348	-125.058154919
5270.00000000	-0.00361422631931	-0.00515037889182	0.00629198177179	-125.058870478
5270.00000000	-0.00361426034914	-0.00515032697504	0.00629195882228	-125.059395700
5270.00000000	-0.00361426439062	-0.00515029133921	0.00629193197389	-125.059612230
5270.00000000	-0.00361422918158	-0.00515027638368	0.00629189950693	-125.059428013
5270.00000000	-0.00361414374317	-0.00515029137388	0.00629186269973	-125.058712739
5270.00000000	-0.00361400313733	-0.00515034030951	0.00629182199211	-125.057408665
5270.00000000	-0.00361383906623	-0.00515040881316	0.00629178382808	-125.055827303
5270.00000000	-0.00361371238080	-0.00515047700513	0.00629176688630	-125.054526248
5270.00000000	-0.00361366269646	-0.00515054110885	0.00629179082597	-125.053820589
5270.00000000	-0.00361368626379	-0.00515060207212	0.00629185426710	-125.053677424
5270.00000000	-0.00361374910442	-0.00515065396063	0.00629193283593	-125.053874486
5270.00000000	-0.00361381351324	-0.00515068974023	0.00629199911861	-125.054167485
5270.00000000	-0.00361385643296	-0.00515070656381	0.00629203754157	-125.054399433
5270.00000000	-0.00361385751419	-0.00515071483026	0.00629204492956	-125.054364259
5270.00000000	-0.00361380085260	-0.00515072664578	0.00629202205827	-125.053880089
5270.00000000	-0.00361369509286	-0.00515074835663	0.00629197908909	-125.052978162
5270.00000000	-0.00361356405157	-0.00515078660641	0.00629193514108	-125.051801261
5270.00000000	-0.00361344026558	-0.00515082961581	0.00629189925889	-125.050653539
5270.00000000	-0.00361336566634	-0.00515085413201	0.00629187648702	-125.049969201
5270.00000000	-0.00361337650279	-0.00515084876721	0.00629187831840	-125.050078041
5270.00000000	-0.00361346751230	-0.00515081635043	0.00629190404713	-125.050926032
5270.00000000	-0.00361359467529	-0.00515076060632	0.00629193144439	-125.052165527
5270.00000000	-0.00361371909997	-0.00515068515060	0.00629194113562	-125.053487692
5270.00000000	-0.00361381741034	-0.00515060745737	0.00629193399959	-125.054626889
5270.00000000	-0.00361386989200	-0.00515055208830	0.00629191881786	-125.055307702
5270.00000000	-0.00361387280053	-0.00515052704369	0.00629189998698	-125.055460376
5270.00000000	-0.00361384007572	-0.00515052196220	0.00629187703122	-125.055243010
5270.00000000	-0.00361379333105	-0.00515052531294	0.00629185292571	-125.054877029
5270.00000000	-0.00361375577039	-0.00515053095051	0.00629183596736	-125.054567547
5270.00000000	-0.00361373974564	-0.00515054086489	0.00629183487943	-125.054396235
5270.00000000	-0.00361373419461	-0.00515055902092	0.00629184655386	-125.054259894
5270.00000000	-0.00361372505215	-0.00515057949304	0.00629185806155	-125.054084667
5270.00000000	-0.00361372780681	-0.00515058476374	0.00629186395833	-125.054077635
5270.00000000	-0.00361376141000	-0.00515056786491	0.00629186942486	-125.054416515
5270.00000000	-0.00361380946756	-0.00515055050840	0.00629188281895	-125.054865538
5270.00000000	-0.00361383569335	-0.00515056251715	0.00629190771242	-125.054998227
5270.00000000	-0.00361381535008	-0.00515061563301	0.00629193950888	-125.054568770
5270.00000000	-0.00361376031343	-0.00515069317085	0.00629197137176	-125.053752970
5270.00000000	-0.00361370130096	-0.00515077020499	0.00629200054015	-125.052910174
5270.00000000	-0.00361365341488	-0.00515081673815	0.00629201113102	-125.052309843
5270.00000000	-0.00361361179587	-0.00515080982274	0.00629198156714	-125.052035759
5270.00000000	-0.00361356594600	-0.00515075678417	0.00629191181564	-125.051971350
5270.00000000	-0.00361351263705	-0.00515069371260	0.00629182956691	-125.051903807
5270.00000000	-0.00361345619615	-0.00515065888963	0.00629176864473	-125.051665173
5270.00000000	-0.00361339718268	-0.00515067340476	0.00629174663526	-125.051149320
5270.00000000	-0.00361333094202	-0.00515072747660	0.00629175285869	-125.050372708
5270.00000000	-0.00361325983374	-0.00515080155481	0.00629177266620	-125.049455183
5270.00000000	-0.00361319257515	-0.00515088681293	0.00629180383870	-125.048507897
5270.00000000	-0.00361313240120	-0.00515097252010	0.00629183944895	-125.047611089
5270.00000000	-0.00361308943886	-0.00515103681284	0.00629186741282	-125.046954589
5270.00000000	-0.00361307002372	-0.00515106521597	0.00629187951692	-125.046661318
5270.00000000	-0.00361306200871	-0.00515106229725	0.00629187252484	-125.046616828
5270.00000000	-0.00361304053345	-0.00515104311322	0.00629184448716	-125.046557043
5270.00000000	-0.00361298804943	-0.00515103264241	0.00629180577644	-125.046220514
5270.00000000	-0.00361291023426	-0.00515105044094	0.00629177566399	-125.045547301
5270.00000000	-0.00361282683016	-0.00515109684030	0.00629176575874	-125.044682857
5270.00000000	-0.00361274972346	-0.00515117262712	0.00629178353082	-125.043711695
5270.00000000	-0.00361267115365	-0.00515127814900	0.00629182480944	-125.042574153
5270.00000000	-0.00361259367365	-0.00515139379081	0.00629187500185	-125.041391838
5270.00000000	-0.00361253651674	-0.00515149017019	0.00629192109442	-125.040461776
5270.00000000	-0.00361249860202	-0.00515154535821	0.00629194451083	-125.039890553
5270.00000000	-0.00361245869856	-0.00515157072824	0.00629194237235	-125.039460401
5270.00000000	-0.00361241192149	-0.00515159042804	0.00629193164527	-125.039008645
5270.00000000	-0.00361236266363	-0.00515161371003	0.00629192242728	-125.038519663
5270.00000000	-0.00361230926592	-0.00515165015273	0.00629192160860	-125.037931009
5270.00000000	-0.00361225081674	-0.00515171144504	0.00629193823682	-125.037174777
5270.00000000	-0.00361218386265	-0.00515179131663	0.00629196519600	-125.036258007
5270.00000000	-0.00361210183197	-0.00515187734404	0.00629198854199	-125.035196652
5270.00000000	-0.00361199762395	-0.00515196589381	0.00629200122428	-125.033956760
5270.00000000	-0.00361186480765	-0.00515206023743	0.00629200223132	-125.032473275
5270.00000000	-0.00361171517528	-0.00515217121795	0.00629200721284	-125.030777439
5270.00000000	-0.00361157609690	-0.00515230633824	0.00629203802490	-125.029034129
5270.00000000	-0.00361146769326	-0.00515244274862	0.00629208750553	-125.027512826
5270.00000000	-0.00361140271535	-0.00515253317281	0.00629212425730	-125.026555702
5270.00000000	-0.00361138417959	-0.00515254869092	0.00629212632620	-125.026336382
5270.00000000	-0.00361138578591	-0.00515251029534	0.00629209580651	-125.026549031
5270.00000000	-0.00361137643882	-0.00515246653206	0.00629205460457	-125.026708059
5274.00000000	0.00209945063647	0.000822153547275	0.00225469053980	21.3855163988
5274.00000000	0.00209950178487	0.000822092479403	0.00225471589993	21.3835974712
5274.00000000	0.00209954349922	0.000822010752352	0.00225472494600	21.3812771421
5274.00000000	0.00209955514274	0.000821947557628	0.00225471274997	21.3796739200
5274.00000000	0.00209953972176	0.000821924061644	0.00225468982487	21.3792607886
5274.00000000	0.00209950978962	0.000821944327000	0.00225466934014	21.3800176183
5274.00000000	0.00209947124690	0.000821993689146	0.00225465144569	21.3815427607
5274.00000000	0.00209943259457	0.000822032380265	0.00225462956011	21.3828164323
5274.00000000	0.00209940703027	0.000822028491448	0.00225460433768	21.3829612737
5274.00000000	0.00209940456852	0.000821990528175	0.00225458820425	21.3820857336
5274.00000000	0.00209942631648	0.000821940258222	0.00225459012825	21.3806946579
5274.00000000	0.00209946362555	0.000821887430479	0.00225460561149	21.3790988990
5274.00000000	0.00209950044559	0.000821849765733	0.00225462616823	21.3778665112
5274.00000000	0.00209952099484	0.000821853053745	0.00225464650217	21.3777539659
5274.00000000	0.00209952030133	0.000821903066112	0.00225466408713	21.3789438674
5274.00000000	0.00209950378314	0.000821983652980	0.00225467808371	21.3810038399
5274.00000000	0.00209948628627	0.000822064018914	0.00225469109136	21.3830676266
5274.00000000	0.00209948583361	0.000822110099648	0.00225470747137	21.3841622005
5274.00000000	0.00209950976279	0.000822107688262	0.00225472887398	21.3838834268
5274.00000000	0.00209953860611	0.000822083127340	0.00225474677664	21.3830350286
5274.00000000	0.00209954083555	0.000822073962693	0.00225474551120	21.3827975191
5274.00000000	0.00209950357238	0.000822093588985	0.00225471796895	21.3836071645
5274.00000000	0.00209943443717	0.000822139480015	0.00225467032636	21.3853336414
5274.00000000	0.00209935198730	0.000822204556254	0.00225461728436	21.3876375533
5274.00000000	0.00209927909406	0.000822271644022	0.00225457387799	21.3899005963
5274.00000000	0.00209922996812	0.000822312936165	0.00225454319631	21.3913330217
5274.00000000	0.00209920843093	0.000822301304898	0.00225451890046	21.3912574256
5274.00000000	0.00209921736757	0.000822227133191	0.00225450016963	21.3894194465
5274.00000000	0.00209925627600	0.000822106464302	0.00225449239319	21.3862033573
5274.00000000	0.00209931508202	0.000821974547047	0.00225449905070	21.3825366881
5274.00000000	0.00209937679802	0.000821876396016	0.00225452073630	21.3796421604
5274.00000000	0.00209942708443	0.000821841144765	0.00225455471215	21.3783420858
5274.00000000	0.00209946588939	0.000821859398508	0.00225459750102	21.3784145735
5274.00000000	0.00209949989844	0.000821893151545	0.00225464147396	21.3788982576
5274.00000000	0.00209952716988	0.000821910829501	0.00225467331308	21.3790639484
5274.00000000	0.00209953676719	0.000821916828059	0.00225468443668	21.3791169887
5274.00000000	0.00209952462029	0.000821927065689	0.00225467685767	21.3794717693
5274.00000000	0.00209950194995	0.000821938911773	0.00225466006585	21.3799621028
5274.00000000	0.00209948803255	0.000821929878071	0.00225464381296	21.3798772655
5274.00000000	0.00209948800266	0.000821886715427	0.00225462805055	21.3788561533
5274.00000000	0.00209948941609	0.000821833709628	0.00225461004489	21.3775887260
5274.00000000	0.00209948581114	0.000821802700111	0.00225459538478	21.3768882968
5274.00000000	0.00209947415355	0.000821812032991	0.00225458793108	21.3772171410
5274.00000000	0.00209945529432	0.000821863382723	0.00225458908733	21.3786070068
5274.00000000	0.00209943665427	0.000821944785512	0.00225460140506	21.3807060159
5274.00000000	0.00209942489369	0.000822035105934	0.00225462338310	21.3829522821
5274.00000000	0.00209942036560	0.000822108121259	0.00225464578915	21.3847220013
5274.00000000	0.00209941866153	0.000822150836901	0.00225465977811	21.3857485548
5274.00000000	0.00209941423229	0.000822166221918	0.00225466126396	21.3861536450
5274.00000000	0.00209941001574	0.000822158596122	0.00225465455700	21.3860122731
5274.00000000	0.00209941447931	0.000822132965855	0.00225464936730	21.3853644347
5274.00000000	0.00209943792662	0.000822097572351	0.00225465829477	21.3843096659
5274.00000000	0.00209948598668	0.000822050965916	0.00225468605328	21.3827615345
5274.00000000	0.00209954870179	0.000821991082335	0.00225472261945	21.3807635018
5274.00000000	0.00209960311226	0.000821933146529	0.00225475216517	21.3788885507
5274.00000000	0.00209962287379	0.000821910005493	0.00225476213142	21.3781579219
5274.00000000	0.00209960818406	0.000821931372350	0.00225475624124	21.3787995880
5274.00000000	0.00209959190542	0.000821962981651	0.00225475260561	21.3796983380
5274.00000000	0.00209959748205	0.000821968045495	0.00225475964449	21.3797665014
5274.00000000	0.00209961839434	0.000821939803676	0.00225476882245	21.3789045148
5274.00000000	0.00209963767275	0.000821896696617	0.00225477106083	21.3777059203
5274.00000000	0.00209964708396	0.000821858718651	0.00225476598134	21.3767200888
5274.00000000	0.00209964181395	0.000821838790475	0.00225475381015	21.3762973424
5274.00000000	0.00209961775012	0.000821846958439	0.00225473437897	21.3767135068
5274.00000000	0.00209958179270	0.000821884627187	0.00225471462599	21.3779379293
5274.00000000	0.00209955200226	0.000821937244758	0.00225470606610	21.3794589797
5274.00000000	0.00209953964961	0.000821985363139	0.00225471210523	21.3807120310
5274.00000000	0.00209954674920	0.000822019357374	0.00225473110946	21.3814506490
5274.00000000	0.00209956961329	0.000822044455070	0.00225476154995	21.3818326944
5274.00000000	0.00209959687841	0.000822073114227	0.00225479738712	21.3822582263
5274.00000000	0.00209961364583	0.000822110029717	0.00225482645955	21.3829763551
5274.00000000	0.00209960874756	0.000822154293432	0.00225483803743	21.3840690601
5274.00000000	0.00209957334029	0.000822208868357	0.00225482496759	21.3856884067
5274.00000000	0.00209950177625	0.000822281081181	0.00225478466487	21.3880601491
5274.00000000	0.00209940406816	0.000822368720214	0.00225472564925	21.3910392809
5274.00000000	0.00209930395673	0.000822457477267	0.00225466480982	21.3940673008
5274.00000000	0.00209922759510	0.000822533123556	0.00225462130642	21.3965650795
5274.00000000	0.00209918518763	0.000822590676319	0.00225460281928	21.3983200172
5274.00000000	0.00209917175146	0.000822641074895	0.00225460869781	21.3996370731
5274.00000000	0.00209918300049	0.000822687785473	0.00225463621499	21.4006379624
5274.00000000	0.00209921366738	0.000822724028983	0.00225467799235	21.4012111197
5274.00000000	0.00209924416791	0.000822753282829	0.00225471706449	21.4016204282
5274.00000000	0.00209925529314	0.000822779843014	0.00225473711458	21.4021456569
5274.00000000	0.00209924386988	0.000822806257751	0.00225473611826	21.4028765295
5274.00000000	0.00209921855807	0.000822835441463	0.00225472320214	21.4038017096
5274.00000000	0.00209919015414	0.000822868788337	0.00225470892713	21.4048540724
5274.00000000	0.00209916151919	0.000822901867806	0.00225469434019	21.4059022648
5274.00000000	0.00209913566603	0.000822925733217	0.00225467898087	21.4067066756
5274.00000000	0.00209911878117	0.000822937002415	0.00225466737401	21.4071299011
5274.00000000	0.00209910563469	0.000822942071921	0.00225465698485	21.4073717777
5274.00000000	0.00209908184297	0.000822954702040	0.00225463944459	21.4078912743
5274.00000000	0.00209904180877	0.000822982248200	0.00225461222737	21.4089143466
5274.00000000	0.00209899141657	0.000823013202722	0.00225457661185	21.4101141720
5274.00000000	0.00209894439309	0.000823026101613	0.00225453754220	21.4108555933
5274.00000000	0.00209891194552	0.000823017171534	0.00225450407400	21.4109453376
5274.00000000	0.00209889170336	0.000823008392044	0.00225448202383	21.4109254107
5274.00000000	0.00209886757577	0.000823027774892	0.00225446663734	21.4116078630
5274.00000000	0.00209883000174	0.000823095318043	0.00225445631557	21.4135545703
5274.00000000	0.00209878776229	0.000823204869404	0.00225445699186	21.4165384926
5274.00000000	0.00209875363655	0.000823321281022	0.00225446773290	21.4196094153
