DevNumber	X [V]	Y [V]	R [V]	Theta [°]
4253.00000000	-0.000170922435232	0.00130941761988	0.00132052602478	97.4369508868
4253.00000000	-0.000170913257731	0.00130941552787	0.00132052276251	97.4365677853
4253.00000000	-0.000170919264123	0.00130941262393	0.00132052066040	97.4368425111
4253.00000000	-0.000170943984693	0.00130940518047	0.00132051647946	97.4379478896
4253.00000000	-0.000170977862636	0.00130939057563	0.00132050638357	97.4394874925
4253.00000000	-0.000171006243784	0.00130936981477	0.00132048947260	97.4408252148
4253.00000000	-0.000171021385850	0.00130935506732	0.00132047681037	97.4415595675
4253.00000000	-0.000171025789736	0.00130935845694	0.00132048074182	97.4417299945
4253.00000000	-0.000171024900767	0.00130938199791	0.00132050396937	97.4415594547
4253.00000000	-0.000171023518685	0.00130941555889	0.00132053706869	97.4413114003
4253.00000000	-0.000171027520510	0.00130943892296	0.00132056075428	97.4413522812
4253.00000000	-0.000171041413245	0.00130944016359	0.00132056378380	97.4419430024
4253.00000000	-0.000171064998320	0.00130943268411	0.00132055942231	97.4429997122
4253.00000000	-0.000171094627740	0.00130943438727	0.00132056494964	97.4442648493
4253.00000000	-0.000171122948682	0.00130944510812	0.00132057924971	97.4454229843
4253.00000000	-0.000171137593626	0.00130945414937	0.00132059011251	97.4460021892
4253.00000000	-0.000171135596685	0.00130945668772	0.00132059237067	97.4459020077
4253.00000000	-0.000171121721410	0.00130945576828	0.00132058966095	97.4453102538
4253.00000000	-0.000171102280031	0.00130945713033	0.00132058849245	97.4444662134
4253.00000000	-0.000171086920348	0.00130946139088	0.00132059072711	97.4437814779
4253.00000000	-0.000171078751183	0.00130946018718	0.00132058847524	97.4434367988
4253.00000000	-0.000171072550722	0.00130944858303	0.00132057616562	97.4432352697
4253.00000000	-0.000171068648207	0.00130943184067	0.00132055905879	97.4431614779
4253.00000000	-0.000171072839659	0.00130941452344	0.00132054243047	97.4434391378
4253.00000000	-0.000171087240616	0.00130939975207	0.00132052964928	97.4441417360
4253.00000000	-0.000171106082543	0.00130938915062	0.00132052157848	97.4450119685
4253.00000000	-0.000171120063892	0.00130938333024	0.00132051761888	97.4456462122
4253.00000000	-0.000171125269802	0.00130938209134	0.00132051706505	97.4458771522
4253.00000000	-0.000171123683483	0.00130938245223	0.00132051721733	97.4458068747
4253.00000000	-0.000171119718073	0.00130938640081	0.00132052061875	97.4456140696
4253.00000000	-0.000171115671522	0.00130940166163	0.00132053522654	97.4453541734
4253.00000000	-0.000171109495329	0.00130942761886	0.00132056016464	97.4449425272
4253.00000000	-0.000171103918698	0.00130945437932	0.00132058597695	97.4445521749
4253.00000000	-0.000171103405618	0.00130947197997	0.00132060336277	97.4444311619
4253.00000000	-0.000171104738021	0.00130947833740	0.00132060983924	97.4444527453
4253.00000000	-0.000171104449409	0.00130947667371	0.00132060815218	97.4444496812
4253.00000000	-0.000171098236061	0.00130947221922	0.00132060293021	97.4442074208
4253.00000000	-0.000171087511375	0.00130946666856	0.00132059603688	97.4437772393
4253.00000000	-0.000171086010933	0.00130945849846	0.00132058774125	97.4437586119
4253.00000000	-0.000171104618747	0.00130944739764	0.00132057914482	97.4446215393
4253.00000000	-0.000171132123847	0.00130943439378	0.00132056981467	97.4458779504
4253.00000000	-0.000171146026093	0.00130942429668	0.00132056160439	97.4465328185
4253.00000000	-0.000171143732938	0.00130942520616	0.00132056220900	97.4464290495
4253.00000000	-0.000171141731876	0.00130943828209	0.00132057491533	97.4462694368
4253.00000000	-0.000171152921609	0.00130945447566	0.00132059242252	97.4466597731
4253.00000000	-0.000171176641244	0.00130946268180	0.00132060363377	97.4476340521
4253.00000000	-0.000171205099151	0.00130945853832	0.00132060321428	97.4488816144
4253.00000000	-0.000171229631084	0.00130944414445	0.00132059212250	97.4500179463
4253.00000000	-0.000171245591230	0.00130942773146	0.00132057791759	97.4507968949
4253.00000000	-0.000171255359868	0.00130942073186	0.00132057224388	97.4512565302
4253.00000000	-0.000171264056562	0.00130942406104	0.00132057667278	97.4516119351
4253.00000000	-0.000171276781016	0.00130943252263	0.00132058671318	97.4521117323
4253.00000000	-0.000171289444154	0.00130944220859	0.00132059795975	97.4526019941
4253.00000000	-0.000171296365077	0.00130944942950	0.00132060601737	97.4528590934
4253.00000000	-0.000171304202646	0.00130945104353	0.00132060863440	97.4531871775
4253.00000000	-0.000171321973468	0.00130944751043	0.00132060743643	97.4539715508
4253.00000000	-0.000171346120292	0.00130944476186	0.00132060784387	97.4550257999
4253.00000000	-0.000171366542181	0.00130944325153	0.00132060899617	97.4559128339
4253.00000000	-0.000171380208610	0.00130943910783	0.00132060666098	97.4565240804
4253.00000000	-0.000171394297082	0.00130942990674	0.00132059936609	97.4571819624
4253.00000000	-0.000171412447168	0.00130941412943	0.00132058607800	97.4580516143
4253.00000000	-0.000171427290599	0.00130939274844	0.00132056680468	97.4588105927
4253.00000000	-0.000171433368084	0.00130937268574	0.00132054770071	97.4591850505
4253.00000000	-0.000171434477715	0.00130935990982	0.00132053517696	97.4593047505
4253.00000000	-0.000171436452405	0.00130935677113	0.00132053232120	97.4594073836
4253.00000000	-0.000171440245261	0.00130936503811	0.00132054101062	97.4595239895
4253.00000000	-0.000171439050049	0.00130938296069	0.00132055862635	97.4593716164
4253.00000000	-0.000171427989576	0.00130940462066	0.00132057866718	97.4587737958
4253.00000000	-0.000171409070196	0.00130942331098	0.00132059474355	97.4578546328
4253.00000000	-0.000171384372984	0.00130943747211	0.00132060557952	97.4567124377
4253.00000000	-0.000171355836311	0.00130945262177	0.00132061689800	97.4553995272
4253.00000000	-0.000171328485926	0.00130946910410	0.00132062969249	97.4541301707
4253.00000000	-0.000171310323548	0.00130948020781	0.00132063834626	97.4532863602
4253.00000000	-0.000171303575137	0.00130947946658	0.00132063673591	97.4530002259
4253.00000000	-0.000171299194202	0.00130946636232	0.00132062317410	97.4528855091
4253.00000000	-0.000171291681746	0.00130944802587	0.00132060401813	97.4526655179
4253.00000000	-0.000171282976615	0.00130943303266	0.00132058802248	97.4523753976
4253.00000000	-0.000171274183040	0.00130942983972	0.00132058371599	97.4520150639
4253.00000000	-0.000171264494161	0.00130943931516	0.00132059185483	97.4515449297
4253.00000000	-0.000171252311491	0.00130945166268	0.00132060251821	97.4509513600
4253.00000000	-0.000171240467155	0.00130945924035	0.00132060849601	97.4503991887
4253.00000000	-0.000171230529446	0.00130946132546	0.00132060927495	97.4499599423
4253.00000000	-0.000171218645108	0.00130945800440	0.00132060444105	97.4494673631
4253.00000000	-0.000171200457366	0.00130945269767	0.00132059682115	97.4487147759
4253.00000000	-0.000171176305771	0.00130944960567	0.00132059062447	97.4476931569
4253.00000000	-0.000171152405682	0.00130944799436	0.00132058592901	97.4466740222
4253.00000000	-0.000171132884815	0.00130945023444	0.00132058562038	97.4458216244
4253.00000000	-0.000171117750389	0.00130946076830	0.00132059410427	97.4451113080
4253.00000000	-0.000171105474877	0.00130948229629	0.00132061386023	97.4444621909
4253.00000000	-0.000171097208087	0.00130950723748	0.00132063752015	97.4439663610
4253.00000000	-0.000171090138331	0.00130952386476	0.00132065309139	97.4435687712
4253.00000000	-0.000171078366646	0.00130953265764	0.00132066028522	97.4430129503
4253.00000000	-0.000171065239693	0.00130953975287	0.00132066562028	97.4424083739
4253.00000000	-0.000171059912762	0.00130955151631	0.00132067659464	97.4421131148
4253.00000000	-0.000171063863150	0.00130956873843	0.00132069418335	97.4421862771
4253.00000000	-0.000171069477459	0.00130958246837	0.00132070852484	97.4423506380
4253.00000000	-0.000171066981837	0.00130958551272	0.00132071122029	97.4422261766
4253.00000000	-0.000171052867543	0.00130958372349	0.00132070761803	97.4416290735
4253.00000000	-0.000171035597952	0.00130958186815	0.00132070354173	97.4408966058
4253.00000000	-0.000171023507677	0.00130957164217	0.00132069183618	97.4404339608
5260.00000000	-0.000627466739958	0.000263553398229	0.000680569543450	157.216246212
5260.00000000	-0.000627459683849	0.000263543596983	0.000680559242364	157.216776939
5260.00000000	-0.000627454368390	0.000263535477331	0.000680551197357	157.217233901
5260.00000000	-0.000627455696809	0.000263533306683	0.000680551581579	157.217445699
5260.00000000	-0.000627460328270	0.000263526221554	0.000680553108140	157.218146650
5260.00000000	-0.000627463218463	0.000263507605683	0.000680548564598	157.219685883
5260.00000000	-0.000627466669626	0.000263483128762	0.000680542269543	157.221698386
5260.00000000	-0.000627476240589	0.000263459248103	0.000680541848761	157.223864106
5260.00000000	-0.000627490720450	0.000263440499015	0.000680547941567	157.225791460
5260.00000000	-0.000627503777101	0.000263429296877	0.000680555644109	157.227086552
5260.00000000	-0.000627512549902	0.000263426509990	0.000680562654316	157.227588774
5260.00000000	-0.000627521500117	0.000263432519902	0.000680573233128	157.227413911
5260.00000000	-0.000627533841177	0.000263444771571	0.000680589354523	157.226865044
5260.00000000	-0.000627545909295	0.000263455934164	0.000680604802744	157.226391845
5260.00000000	-0.000627553026928	0.000263458052281	0.000680612185402	157.226459374
5260.00000000	-0.000627550480262	0.000263446991721	0.000680605555902	157.227234916
5260.00000000	-0.000627539416080	0.000263424220418	0.000680586540152	157.228641959
5260.00000000	-0.000627523973760	0.000263395591705	0.000680561220886	157.230361122
5260.00000000	-0.000627506140989	0.000263371343650	0.000680535393374	157.231662447
5260.00000000	-0.000627486662513	0.000263360323114	0.000680513167707	157.231883332
5260.00000000	-0.000627465184412	0.000263365772253	0.000680495472169	157.230760427
5260.00000000	-0.000627444172113	0.000263385701545	0.000680483810900	157.228528456
5260.00000000	-0.000627430713587	0.000263411552277	0.000680481407700	157.226082896
5260.00000000	-0.000627431414833	0.000263429859633	0.000680489141181	157.224684482
5260.00000000	-0.000627445065117	0.000263425422048	0.000680500009346	157.225473898
5260.00000000	-0.000627459619950	0.000263402196197	0.000680504439096	157.227751343
5260.00000000	-0.000627461302450	0.000263382401069	0.000680498328628	157.229342945
5260.00000000	-0.000627451310641	0.000263374634330	0.000680486109508	157.229620306
5260.00000000	-0.000627435934532	0.000263373417217	0.000680471460709	157.229213712
5260.00000000	-0.000627416095959	0.000263373701055	0.000680453278246	157.228545133
5260.00000000	-0.000627397042204	0.000263376208091	0.000680436680048	157.227729487
5260.00000000	-0.000627390695671	0.000263388554699	0.000680435607358	157.226564033
5260.00000000	-0.000627403139263	0.000263411046328	0.000680455787311	157.225223412
5260.00000000	-0.000627424141642	0.000263433956863	0.000680484021226	157.224129331
5260.00000000	-0.000627437329001	0.000263451543770	0.000680502988780	157.223193877
5260.00000000	-0.000627442120388	0.000263462221868	0.000680511540526	157.222521118
5260.00000000	-0.000627449452334	0.000263469037788	0.000680520939507	157.222231002
5260.00000000	-0.000627458264912	0.000263477963144	0.000680532520361	157.221825410
5260.00000000	-0.000627457391131	0.000263486218119	0.000680534910804	157.221156126
5260.00000000	-0.000627445713397	0.000263488122352	0.000680524881162	157.220627639
5260.00000000	-0.000627431691763	0.000263483110283	0.000680510012588	157.220559626
5260.00000000	-0.000627421629413	0.000263478758486	0.000680499050130	157.220569425
5260.00000000	-0.000627418831748	0.000263479876848	0.000680496903693	157.220391403
5260.00000000	-0.000627420474912	0.000263481883346	0.000680499195584	157.220289207
5260.00000000	-0.000627420376131	0.000263482062274	0.000680499173786	157.220272096
5260.00000000	-0.000627418165271	0.000263484037699	0.000680497900242	157.220046671
5260.00000000	-0.000627416692588	0.000263490156668	0.000680498911681	157.219523650
5260.00000000	-0.000627417307028	0.000263499228194	0.000680502990748	157.218839472
5260.00000000	-0.000627419440472	0.000263510095553	0.000680509165802	157.218065421
5260.00000000	-0.000627420707067	0.000263517930450	0.000680513367485	157.217498519
5260.00000000	-0.000627422182782	0.000263523768933	0.000680516988943	157.217093415
5260.00000000	-0.000627425146051	0.000263530093529	0.000680522170170	157.216699081
5260.00000000	-0.000627428029218	0.000263534905450	0.000680526691791	157.216419561
5260.00000000	-0.000627429709266	0.000263536592278	0.000680528893978	157.216343399
5260.00000000	-0.000627429411124	0.000263535201331	0.000680528080452	157.216441649
5260.00000000	-0.000627427308314	0.000263535099298	0.000680526102203	157.216381009
5260.00000000	-0.000627420878508	0.000263539937131	0.000680522047586	157.215795836
5260.00000000	-0.000627408514868	0.000263547200393	0.000680513461560	157.214828902
5260.00000000	-0.000627399420345	0.000263551517068	0.000680506748533	157.214197272
5260.00000000	-0.000627398134887	0.000263553353369	0.000680506274572	157.214012813
5260.00000000	-0.000627397364505	0.000263556897023	0.000680506936744	157.213712616
5260.00000000	-0.000627393955146	0.000263564813654	0.000680506859591	157.212986916
5260.00000000	-0.000627391139892	0.000263577315982	0.000680509106416	157.211924630
5260.00000000	-0.000627391889314	0.000263588566850	0.000680514155144	157.211075744
5260.00000000	-0.000627396493138	0.000263589415099	0.000680518728143	157.211160039
5260.00000000	-0.000627403824337	0.000263575768841	0.000680520201546	157.212458367
5260.00000000	-0.000627411376770	0.000263551770969	0.000680517870215	157.214567431
5260.00000000	-0.000627415946389	0.000263528849084	0.000680513206399	157.216495734
5260.00000000	-0.000627416773275	0.000263520180393	0.000680510611865	157.217195609
5260.00000000	-0.000627416438406	0.000263530302292	0.000680514222782	157.216398970
5260.00000000	-0.000627416155115	0.000263547862681	0.000680520762080	157.215026613
5260.00000000	-0.000627412161618	0.000263558862457	0.000680521340243	157.214042556
5260.00000000	-0.000627397075268	0.000263560244965	0.000680507966728	157.213443302
5260.00000000	-0.000627370321190	0.000263555352910	0.000680481406034	157.212950605
5260.00000000	-0.000627344937002	0.000263549205469	0.000680455622128	157.212600001
5260.00000000	-0.000627333217725	0.000263547818487	0.000680444280372	157.212325472
5260.00000000	-0.000627333092832	0.000263553388754	0.000680446322707	157.211888974
5260.00000000	-0.000627331360842	0.000263558072971	0.000680446540240	157.211468849
5260.00000000	-0.000627319487149	0.000263555183721	0.000680434474305	157.211305885
5260.00000000	-0.000627302237008	0.000263544417782	0.000680414400714	157.211579052
5260.00000000	-0.000627284783997	0.000263527095277	0.000680391600609	157.212354649
5260.00000000	-0.000627268704784	0.000263510420631	0.000680370318122	157.213124806
5260.00000000	-0.000627259328363	0.000263502072705	0.000680358440338	157.213467124
5260.00000000	-0.000627262066056	0.000263502235214	0.000680361027305	157.213543799
5260.00000000	-0.000627277593115	0.000263508624955	0.000680377817282	157.213554118
5260.00000000	-0.000627301846342	0.000263518573047	0.000680404030532	157.213572773
5260.00000000	-0.000627323512560	0.000263525467330	0.000680426675948	157.213744135
5260.00000000	-0.000627337847442	0.000263526722527	0.000680440378225	157.214114176
5260.00000000	-0.000627350181040	0.000263529675886	0.000680452893096	157.214287110
5260.00000000	-0.000627367328934	0.000263539445025	0.000680472486216	157.214087925
5260.00000000	-0.000627390363107	0.000263551559664	0.000680498414635	157.213898624
5260.00000000	-0.000627409081384	0.000263560367836	0.000680519083418	157.213825264
5260.00000000	-0.000627411774649	0.000263564611386	0.000680523209996	157.213583688
5260.00000000	-0.000627402940606	0.000263566738814	0.000680515889374	157.213130486
5260.00000000	-0.000627396430846	0.000263565260247	0.000680509315033	157.213032980
5260.00000000	-0.000627397789951	0.000263558313849	0.000680507877717	157.213616509
5260.00000000	-0.000627403326201	0.000263554890411	0.000680511656027	157.214062779
5260.00000000	-0.000627410534284	0.000263563464290	0.000680521622168	157.213632284
5260.00000000	-0.000627418083398	0.000263577302064	0.000680533941504	157.212804330
5260.00000000	-0.000627422020793	0.000263583899404	0.000680540126812	157.212420633
5270.00000000	-0.00224618324353	-0.00525847098262	0.00571811649397	-113.130002932
5270.00000000	-0.00224614720643	-0.00525842765419	0.00571806249243	-113.129841406
5270.00000000	-0.00224612281838	-0.00525840711483	0.00571803402408	-113.129697522
5270.00000000	-0.00224610909277	-0.00525841022032	0.00571803148835	-113.129558820
5270.00000000	-0.00224609610975	-0.00525842803849	0.00571804277443	-113.129369052
5270.00000000	-0.00224607510192	-0.00525845759900	0.00571806170691	-113.129059121
5270.00000000	-0.00224604571094	-0.00525849715621	0.00571808653987	-113.128632597
5270.00000000	-0.00224601803581	-0.00525853936585	0.00571811448638	-113.128211449
5270.00000000	-0.00224600898488	-0.00525857881033	0.00571814720557	-113.127972804
5270.00000000	-0.00224602380058	-0.00525860763823	0.00571817953597	-113.127995867
5270.00000000	-0.00224605768639	-0.00525862225728	0.00571820629003	-113.128250575
5270.00000000	-0.00224609373333	-0.00525863047171	0.00571822800322	-113.128550401
5270.00000000	-0.00224611159331	-0.00525863875544	0.00571824263649	-113.128682369
5270.00000000	-0.00224610672995	-0.00525864396102	0.00571824551336	-113.128617068
5270.00000000	-0.00224608940254	-0.00525863791541	0.00571823314753	-113.128481199
5270.00000000	-0.00224607030546	-0.00525862187064	0.00571821089113	-113.128368376
5270.00000000	-0.00224605887018	-0.00525860583358	0.00571819165132	-113.128326123
5270.00000000	-0.00224606285253	-0.00525859476650	0.00571818303797	-113.128406376
5270.00000000	-0.00224608394044	-0.00525859098381	0.00571818784253	-113.128615580
5270.00000000	-0.00224611585361	-0.00525858808222	0.00571819770962	-113.128921065
5270.00000000	-0.00224615040604	-0.00525857311720	0.00571819751980	-113.129298350
5270.00000000	-0.00224618420943	-0.00525854792037	0.00571818762665	-113.129709004
5270.00000000	-0.00224621182165	-0.00525852008859	0.00571817287862	-113.130072983
5270.00000000	-0.00224623188055	-0.00525849107944	0.00571815408097	-113.130371997
5270.00000000	-0.00224625264312	-0.00525845515328	0.00571812919894	-113.130704724
5270.00000000	-0.00224628171236	-0.00525841161116	0.00571810057657	-113.131143975
5270.00000000	-0.00224632109329	-0.00525837235217	0.00571807994420	-113.131661387
5270.00000000	-0.00224636596445	-0.00525834798475	0.00571807516345	-113.132170773
5270.00000000	-0.00224641249429	-0.00525833741056	0.00571808371902	-113.132641147
5270.00000000	-0.00224645890970	-0.00525834157870	0.00571810578699	-113.133052431
5270.00000000	-0.00224650335261	-0.00525836772714	0.00571814729324	-113.133359008
5270.00000000	-0.00224654102768	-0.00525840677329	0.00571819800133	-113.133552448
5270.00000000	-0.00224656469131	-0.00525843905847	0.00571823698739	-113.133643396
5270.00000000	-0.00224657174634	-0.00525845846522	0.00571825760542	-113.133632006
5270.00000000	-0.00224656387491	-0.00525846871388	0.00571826393750	-113.133519134
5270.00000000	-0.00224654101535	-0.00525846542748	0.00571825193443	-113.133321440
5270.00000000	-0.00224650548495	-0.00525844739350	0.00571822139167	-113.133065047
5270.00000000	-0.00224647113382	-0.00525842751006	0.00571818961156	-113.132826798
5270.00000000	-0.00224645209505	-0.00525841804503	0.00571817342791	-113.132688628
5270.00000000	-0.00224644804909	-0.00525841772706	0.00571817154600	-113.132652599
5270.00000000	-0.00224644171834	-0.00525841875119	0.00571817000069	-113.132590234
5270.00000000	-0.00224641476904	-0.00525841985265	0.00571816042633	-113.132337578
5270.00000000	-0.00224636673150	-0.00525842029905	0.00571814196517	-113.131893184
5270.00000000	-0.00224631346907	-0.00525841300391	0.00571811433263	-113.131431115
5270.00000000	-0.00224626525926	-0.00525839613468	0.00571807988088	-113.131053286
5270.00000000	-0.00224621887452	-0.00525838203436	0.00571804869265	-113.130681371
5270.00000000	-0.00224616246498	-0.00525837950444	0.00571802420699	-113.130171532
5270.00000000	-0.00224609077151	-0.00525838252932	0.00571799882638	-113.129498987
5270.00000000	-0.00224601785470	-0.00525838841079	0.00571797559302	-113.128803919
5270.00000000	-0.00224595912917	-0.00525840237403	0.00571796536690	-113.128207810
5270.00000000	-0.00224591490483	-0.00525842565825	0.00571796940907	-113.127708641
5270.00000000	-0.00224587590421	-0.00525845588035	0.00571798188374	-113.127230304
5270.00000000	-0.00224584002378	-0.00525849074555	0.00571799985427	-113.126762448
5270.00000000	-0.00224580794803	-0.00525852494397	0.00571801870632	-113.126332279
5270.00000000	-0.00224578621695	-0.00525855140759	0.00571803450833	-113.126027879
5270.00000000	-0.00224578078177	-0.00525856739536	0.00571804707670	-113.125914875
5270.00000000	-0.00224578927370	-0.00525857224715	0.00571805487385	-113.125974034
5270.00000000	-0.00224580612631	-0.00525856463368	0.00571805449113	-113.126159293
5270.00000000	-0.00224583021526	-0.00525854841191	0.00571804903408	-113.126445112
5270.00000000	-0.00224586470774	-0.00525853282341	0.00571804824571	-113.126824307
5270.00000000	-0.00224590794767	-0.00525852076094	0.00571805413604	-113.127270232
5270.00000000	-0.00224595922764	-0.00525850728769	0.00571806188729	-113.127795797
5270.00000000	-0.00224602036773	-0.00525849064681	0.00571807059897	-113.128424686
5270.00000000	-0.00224608776052	-0.00525847235296	0.00571808024732	-113.129117695
5270.00000000	-0.00224615137757	-0.00525845048554	0.00571808512702	-113.129789977
5270.00000000	-0.00224620577843	-0.00525841875380	0.00571807731579	-113.130416160
5270.00000000	-0.00224624907029	-0.00525836888337	0.00571804846074	-113.131011380
5270.00000000	-0.00224628516262	-0.00525830310351	0.00571800214762	-113.131602889
5270.00000000	-0.00224632254358	-0.00525823717611	0.00571795620567	-113.132206863
5270.00000000	-0.00224636471782	-0.00525818808622	0.00571792763119	-113.132788733
5270.00000000	-0.00224641290838	-0.00525815986886	0.00571792061517	-113.133343877
5270.00000000	-0.00224646429197	-0.00525814181667	0.00571792420196	-113.133888427
5270.00000000	-0.00224651925973	-0.00525811955550	0.00571792532692	-113.134482572
5270.00000000	-0.00224658151984	-0.00525809041759	0.00571792299396	-113.135170988
5270.00000000	-0.00224665310564	-0.00525806166744	0.00571792468258	-113.135943808
5270.00000000	-0.00224673468971	-0.00525804156553	0.00571793825350	-113.136774706
5270.00000000	-0.00224682255919	-0.00525803920135	0.00571797060638	-113.137593676
5270.00000000	-0.00224691354880	-0.00525805161227	0.00571801777306	-113.138383209
5270.00000000	-0.00224700134724	-0.00525806573805	0.00571806526371	-113.139136573
5270.00000000	-0.00224707153559	-0.00525807311750	0.00571809963143	-113.139754231
5270.00000000	-0.00224711452046	-0.00525807654740	0.00571811967752	-113.140136784
5270.00000000	-0.00224713448427	-0.00525808325881	0.00571813369440	-113.140294301
5270.00000000	-0.00224713988049	-0.00525809207902	0.00571814392560	-113.140309290
5270.00000000	-0.00224713120625	-0.00525809154114	0.00571814002216	-113.140231484
5270.00000000	-0.00224711356920	-0.00525806994616	0.00571811323354	-113.140154013
5270.00000000	-0.00224709648472	-0.00525803667173	0.00571807592228	-113.140127623
5270.00000000	-0.00224707892846	-0.00525802132026	0.00571805490661	-113.140026310
5270.00000000	-0.00224705227183	-0.00525803918089	0.00571806085488	-113.139710366
5270.00000000	-0.00224701463703	-0.00525807651279	0.00571808039409	-113.139216599
5270.00000000	-0.00224697809931	-0.00525811575159	0.00571810211835	-113.138725437
5270.00000000	-0.00224695121512	-0.00525814154760	0.00571811527496	-113.138376155
5270.00000000	-0.00224692807796	-0.00525814234214	0.00571810691381	-113.138159840
5270.00000000	-0.00224690271641	-0.00525812662441	0.00571808249463	-113.137988043
5270.00000000	-0.00224687659148	-0.00525811583234	0.00571806230498	-113.137789817
5270.00000000	-0.00224685367812	-0.00525812913327	0.00571806553242	-113.137526320
5270.00000000	-0.00224683780749	-0.00525816794019	0.00571809498175	-113.137227292
5270.00000000	-0.00224682771417	-0.00525821237758	0.00571813187894	-113.136959332
5270.00000000	-0.00224682271794	-0.00525824290826	0.00571815799083	-113.136793093
5270.00000000	-0.00224682078227	-0.00525825381046	0.00571816725559	-113.136732334
5270.00000000	-0.00224680991713	-0.00525825050948	0.00571815995091	-113.136645219
5274.00000000	-0.000518889116618	-0.000557204692416	0.000761395419342	-132.960778394
5274.00000000	-0.000518885528049	-0.000557187943298	0.000761380716446	-132.961439734
5274.00000000	-0.000518881944458	-0.000557190504483	0.000761380148527	-132.961111033
5274.00000000	-0.000518878909048	-0.000557210139249	0.000761392449094	-132.959936925
5274.00000000	-0.000518874003774	-0.000557241845299	0.000761412310083	-132.958040861
5274.00000000	-0.000518866466679	-0.000557279011854	0.000761434374912	-132.955719963
5274.00000000	-0.000518862297545	-0.000557316183054	0.000761458739334	-132.953584442
5274.00000000	-0.000518867101264	-0.000557347752032	0.000761485118350	-132.952230429
5274.00000000	-0.000518880583501	-0.000557369351126	0.000761510113858	-132.951865560
5274.00000000	-0.000518897736081	-0.000557381451384	0.000761530657858	-132.952189797
5274.00000000	-0.000518912071441	-0.000557388727566	0.000761545751419	-132.952606189
5274.00000000	-0.000518916458809	-0.000557400086852	0.000761557055017	-132.952265454
5274.00000000	-0.000518914333844	-0.000557418634261	0.000761569182471	-132.951197637
5274.00000000	-0.000518915270257	-0.000557436139843	0.000761582633539	-132.950351837
5274.00000000	-0.000518919486479	-0.000557440801271	0.000761588918230	-132.950345059
5274.00000000	-0.000518921296831	-0.000557430344575	0.000761582498064	-132.950980766
5274.00000000	-0.000518922385222	-0.000557413814131	0.000761571140517	-132.951888086
5274.00000000	-0.000518927866347	-0.000557395330214	0.000761561346588	-132.953137464
5274.00000000	-0.000518939864440	-0.000557371633860	0.000761552178867	-132.955012953
5274.00000000	-0.000518960653565	-0.000557342317236	0.000761544889373	-132.957660695
5274.00000000	-0.000518983401761	-0.000557313715418	0.000761539459711	-132.960379705
5274.00000000	-0.000518994222890	-0.000557290615200	0.000761529929276	-132.962159965
5274.00000000	-0.000518987370755	-0.000557275788949	0.000761514409550	-132.962542925
5274.00000000	-0.000518969022679	-0.000557268291613	0.000761496418466	-132.961917105
5274.00000000	-0.000518950948461	-0.000557260100038	0.000761478106056	-132.961341936
5274.00000000	-0.000518939283692	-0.000557245177332	0.000761459235822	-132.961464845
5274.00000000	-0.000518934335984	-0.000557224946788	0.000761441059036	-132.962229835
5274.00000000	-0.000518935284173	-0.000557200696399	0.000761423958926	-132.963525678
5274.00000000	-0.000518937232138	-0.000557175218871	0.000761406642618	-132.964939568
5274.00000000	-0.000518937503267	-0.000557158414313	0.000761394530409	-132.965816361
5274.00000000	-0.000518941254945	-0.000557160699076	0.000761398759309	-132.965905768
5274.00000000	-0.000518947988134	-0.000557181442233	0.000761418527459	-132.965212675
5274.00000000	-0.000518949369829	-0.000557213114535	0.000761442646203	-132.963664458
5274.00000000	-0.000518942885404	-0.000557242988656	0.000761460088723	-132.961775407
5274.00000000	-0.000518934098447	-0.000557259073901	0.000761465871840	-132.960466715
5274.00000000	-0.000518924855926	-0.000557255692438	0.000761457098498	-132.960131164
5274.00000000	-0.000518910582423	-0.000557231880455	0.000761429945002	-132.960566235
5274.00000000	-0.000518893397865	-0.000557197081308	0.000761392767083	-132.961404488
5274.00000000	-0.000518881810421	-0.000557166224646	0.000761362288974	-132.962348865
5274.00000000	-0.000518878669998	-0.000557149329544	0.000761347784912	-132.963042433
5274.00000000	-0.000518875966745	-0.000557148224220	0.000761345133706	-132.962950251
5274.00000000	-0.000518868215242	-0.000557159957178	0.000761348437098	-132.961921595
5274.00000000	-0.000518859059409	-0.000557177633689	0.000761355133308	-132.960510785
5274.00000000	-0.000518852931529	-0.000557196056125	0.000761364439357	-132.959228508
5274.00000000	-0.000518849992435	-0.000557213350980	0.000761375093604	-132.958179706
5274.00000000	-0.000518851720985	-0.000557230961464	0.000761389159880	-132.957371814
5274.00000000	-0.000518860885378	-0.000557249776073	0.000761409174694	-132.956911720
5274.00000000	-0.000518872429318	-0.000557269305776	0.000761431334440	-132.956546028
5274.00000000	-0.000518875840090	-0.000557290973347	0.000761449516648	-132.955622840
5274.00000000	-0.000518866428564	-0.000557312788516	0.000761459069770	-132.953985991
5274.00000000	-0.000518846282869	-0.000557327472510	0.000761456089910	-132.952123640
5274.00000000	-0.000518823685375	-0.000557332298750	0.000761444224967	-132.950631646
5274.00000000	-0.000518808188210	-0.000557326456728	0.000761429389715	-132.950077639
5274.00000000	-0.000518801976830	-0.000557311369501	0.000761414114486	-132.950509076
5274.00000000	-0.000518801702471	-0.000557296211805	0.000761402833052	-132.951271145
5274.00000000	-0.000518802961437	-0.000557289261688	0.000761398603879	-132.951696848
5274.00000000	-0.000518802834627	-0.000557285898409	0.000761396055797	-132.951862314
5274.00000000	-0.000518804375904	-0.000557273400473	0.000761387958489	-132.952588041
5274.00000000	-0.000518816397951	-0.000557249253778	0.000761378477249	-132.954488363
5274.00000000	-0.000518842806780	-0.000557226354926	0.000761379713922	-132.957117098
5274.00000000	-0.000518874489202	-0.000557218528935	0.000761395576906	-132.959263275
5274.00000000	-0.000518899770757	-0.000557228450000	0.000761420066443	-132.960146771
5274.00000000	-0.000518916201719	-0.000557254976870	0.000761450677098	-132.959691298
5274.00000000	-0.000518923709412	-0.000557295143348	0.000761485188949	-132.958045119
5274.00000000	-0.000518921671032	-0.000557336174634	0.000761513829305	-132.955829089
5274.00000000	-0.000518915748315	-0.000557363245681	0.000761529606440	-132.954115033
5274.00000000	-0.000518914355964	-0.000557370476780	0.000761533950137	-132.953667641
5274.00000000	-0.000518918274985	-0.000557360504068	0.000761529321568	-132.954394725
5274.00000000	-0.000518921515558	-0.000557340515111	0.000761516900071	-132.955597990
5274.00000000	-0.000518920207887	-0.000557316756645	0.000761498620741	-132.956744111
5274.00000000	-0.000518918898347	-0.000557292120440	0.000761479698066	-132.957935190
5274.00000000	-0.000518921838919	-0.000557265399857	0.000761462146652	-132.959467250
5274.00000000	-0.000518927156067	-0.000557238507759	0.000761446089907	-132.961139045
5274.00000000	-0.000518935475520	-0.000557219635467	0.000761437948820	-132.962564959
5274.00000000	-0.000518947726361	-0.000557214787216	0.000761442750171	-132.963488182
5274.00000000	-0.000518963815556	-0.000557222088675	0.000761459058626	-132.963999673
5274.00000000	-0.000518990838468	-0.000557232701563	0.000761485242210	-132.964943344
5274.00000000	-0.000519035494775	-0.000557234948278	0.000761517322468	-132.967286807
5274.00000000	-0.000519087404523	-0.000557226369145	0.000761546426690	-132.970584553
5274.00000000	-0.000519124233309	-0.000557210420094	0.000761559860989	-132.973429856
5274.00000000	-0.000519126306385	-0.000557191982579	0.000761547784077	-132.974489548
5274.00000000	-0.000519092091065	-0.000557179659812	0.000761515444568	-132.973238035
5274.00000000	-0.000519046003109	-0.000557173620725	0.000761479610348	-132.971010499
5274.00000000	-0.000519012528948	-0.000557162845125	0.000761448909115	-132.969720181
5274.00000000	-0.000518996881570	-0.000557140477010	0.000761421876624	-132.970005897
5274.00000000	-0.000518992294334	-0.000557114163258	0.000761399495981	-132.971103000
5274.00000000	-0.000518988964964	-0.000557098278763	0.000761385603985	-132.971734458
5274.00000000	-0.000518985507142	-0.000557098052391	0.000761383081373	-132.971555678
5274.00000000	-0.000518983695529	-0.000557108048481	0.000761389160619	-132.970943187
5274.00000000	-0.000518979749168	-0.000557123528289	0.000761397797357	-132.969931891
5274.00000000	-0.000518970938888	-0.000557143285071	0.000761406248667	-132.968433432
5274.00000000	-0.000518961396232	-0.000557165279704	0.000761415838873	-132.966779905
5274.00000000	-0.000518957073053	-0.000557183067045	0.000761425908328	-132.965629598
5274.00000000	-0.000518957015460	-0.000557189023165	0.000761430227553	-132.965320963
5274.00000000	-0.000518959731716	-0.000557186609731	0.000761430312771	-132.965594304
5274.00000000	-0.000518964883576	-0.000557184785018	0.000761432488827	-132.965971563
5274.00000000	-0.000518969036383	-0.000557185491048	0.000761435835878	-132.966164018
5274.00000000	-0.000518971791485	-0.000557185395986	0.000761437644103	-132.966320596
5274.00000000	-0.000518973935399	-0.000557178354224	0.000761433952513	-132.966799790
5274.00000000	-0.000518971684641	-0.000557160150158	0.000761419097727	-132.967609499
