DevNumber	X [V]	Y [V]	R [V]	Theta [°]
4253.00000000	0.0266691803541	0.0714729440632	0.0762864792333	69.5376078848
4253.00000000	0.0266689841188	0.0714726150633	0.0762861023903	69.5376595861
4253.00000000	0.0266688617412	0.0714724083244	0.0762858659141	69.5376914175
4253.00000000	0.0266688393104	0.0714722821523	0.0762857398615	69.5376740729
4253.00000000	0.0266689414902	0.0714722031148	0.0762857015324	69.5375814187
4253.00000000	0.0266691775507	0.0714722225932	0.0762858023071	69.5374204229
4253.00000000	0.0266694847108	0.0714723772953	0.0762860546298	69.5372449025
4253.00000000	0.0266697693114	0.0714726507153	0.0762864102931	69.5371164297
4253.00000000	0.0266699883016	0.0714730083799	0.0762868219477	69.5370562460
4253.00000000	0.0266701491800	0.0714733784343	0.0762872248944	69.5370402071
4253.00000000	0.0266702647307	0.0714736508366	0.0762875205045	69.5370304233
4253.00000000	0.0266703362347	0.0714737552488	0.0762876433260	69.5370075243
4253.00000000	0.0266703459176	0.0714737017625	0.0762875965999	69.5369866671
4253.00000000	0.0266702945652	0.0714735479506	0.0762874345409	69.5369824153
4253.00000000	0.0266702185781	0.0714733642948	0.0762872359089	69.5369876618
4253.00000000	0.0266701403947	0.0714731994020	0.0762870540880	69.5369993805
4253.00000000	0.0266700495268	0.0714730823973	0.0762869126989	69.5370325989
4253.00000000	0.0266699377281	0.0714729941151	0.0762867909025	69.5370880873
4253.00000000	0.0266698098735	0.0714728666487	0.0762866267813	69.5371445853
4253.00000000	0.0266696523657	0.0714726568905	0.0762863751944	69.5372003422
4253.00000000	0.0266694513339	0.0714723510471	0.0762860183694	69.5372614969
4253.00000000	0.0266692412902	0.0714719552828	0.0762855741470	69.5373053830
4253.00000000	0.0266690821709	0.0714715402894	0.0762851297120	69.5373083859
4253.00000000	0.0266690063158	0.0714712359717	0.0762848180780	69.5372818579
4253.00000000	0.0266690189253	0.0714711507479	0.0762847426401	69.5372506071
4253.00000000	0.0266691020567	0.0714713222686	0.0762849324004	69.5372371460
4253.00000000	0.0266691923114	0.0714716932460	0.0762853115219	69.5372710446
4253.00000000	0.0266691969912	0.0714720780543	0.0762856736849	69.5373687914
4253.00000000	0.0266690751104	0.0714722703729	0.0762858112593	69.5375050531
4253.00000000	0.0266688799228	0.0714722167047	0.0762856927413	69.5376283105
4253.00000000	0.0266687254494	0.0714720339267	0.0762854674936	69.5376890186
4253.00000000	0.0266686808745	0.0714718609124	0.0762852898131	69.5376749571
4253.00000000	0.0266687048290	0.0714717581446	0.0762852019040	69.5376311171
4253.00000000	0.0266687294460	0.0714717328905	0.0762851868493	69.5376071636
4253.00000000	0.0266687571751	0.0714717624501	0.0762852242377	69.5375954126
4253.00000000	0.0266688149294	0.0714718135030	0.0762852922597	69.5375681769
4253.00000000	0.0266688943212	0.0714718694898	0.0762853724686	69.5375270109
4253.00000000	0.0266689908343	0.0714719273339	0.0762854604033	69.5374742847
4253.00000000	0.0266691212836	0.0714719555962	0.0762855324867	69.5373899112
4253.00000000	0.0266693026009	0.0714719414484	0.0762855826197	69.5372586075
4253.00000000	0.0266695259366	0.0714719236522	0.0762856440245	69.5370967787
4253.00000000	0.0266697503725	0.0714719513557	0.0762857484431	69.5369461230
4253.00000000	0.0266699288851	0.0714720620503	0.0762859145613	69.5368495743
4253.00000000	0.0266700347785	0.0714722740821	0.0762861502342	69.5368307347
4253.00000000	0.0266700791274	0.0714725732686	0.0762864460458	69.5368780867
4253.00000000	0.0266701077058	0.0714728672448	0.0762867314625	69.5369351674
4253.00000000	0.0266701531777	0.0714730615858	0.0762869294372	69.5369541990
4253.00000000	0.0266702052301	0.0714731703665	0.0762870495514	69.5369461344
4253.00000000	0.0266702562145	0.0714732880117	0.0762871775973	69.5369411489
4253.00000000	0.0266703473527	0.0714735067544	0.0762874143990	69.5369344541
4253.00000000	0.0266704967027	0.0714738371959	0.0762877762022	69.5369161268
4253.00000000	0.0266706235049	0.0714741439928	0.0762881079700	69.5369074573
4253.00000000	0.0266706407186	0.0714742465743	0.0762882100963	69.5369222795
4253.00000000	0.0266705460565	0.0714741174458	0.0762880560219	69.5369549837
4253.00000000	0.0266703967645	0.0714738662455	0.0762877684800	69.5369940764
4253.00000000	0.0266702586167	0.0714736129736	0.0762874828932	69.5370247838
4253.00000000	0.0266701573110	0.0714734224110	0.0762872689388	69.5370460327
4253.00000000	0.0266700712086	0.0714733011193	0.0762871251992	69.5370747720
4253.00000000	0.0266700094992	0.0714732918133	0.0762870949067	69.5371157511
4253.00000000	0.0266700208654	0.0714734588982	0.0762872554221	69.5371516244
4253.00000000	0.0266701189572	0.0714737910627	0.0762876009196	69.5371698168
4253.00000000	0.0266702835199	0.0714741861252	0.0762880285844	69.5371577513
4253.00000000	0.0266704772915	0.0714744789753	0.0762883706980	69.5370982957
4253.00000000	0.0266706258603	0.0714745564324	0.0762884952073	69.5370140929
4253.00000000	0.0266706958117	0.0714744699745	0.0762884386602	69.5369421707
4253.00000000	0.0266707490107	0.0714743899049	0.0762883822418	69.5368837136
4253.00000000	0.0266708313534	0.0714744081223	0.0762884280970	69.5368305566
4253.00000000	0.0266709082631	0.0714744914589	0.0762885330629	69.5367983208
4253.00000000	0.0266709586035	0.0714746248067	0.0762886755953	69.5367979118
4253.00000000	0.0266710098238	0.0714748011029	0.0762888586736	69.5368081604
4253.00000000	0.0266710677024	0.0714749302814	0.0762889999352	69.5368013525
4253.00000000	0.0266710882808	0.0714749334675	0.0762890101146	69.5367877092
4253.00000000	0.0266710299427	0.0714748344250	0.0762888969266	69.5368027531
4253.00000000	0.0266708763681	0.0714746982435	0.0762887156482	69.5368750585
4253.00000000	0.0266706659111	0.0714745941549	0.0762885445512	69.5369958159
4253.00000000	0.0266705011694	0.0714746163660	0.0762885077669	69.5371175680
4253.00000000	0.0266704458340	0.0714748122794	0.0762886719728	69.5372079444
4253.00000000	0.0266704399290	0.0714750396942	0.0762888829731	69.5372718098
4253.00000000	0.0266703846862	0.0714751140923	0.0762889333640	69.5373302152
4253.00000000	0.0266702647642	0.0714750142146	0.0762887978642	69.5373883741
4253.00000000	0.0266701638111	0.0714748574602	0.0762886157081	69.5374182522
4253.00000000	0.0266701688549	0.0714747741556	0.0762885394233	69.5373928306
4253.00000000	0.0266702636275	0.0714747734257	0.0762885718716	69.5373259522
4253.00000000	0.0266703462195	0.0714747604075	0.0762885885489	69.5372644183
4253.00000000	0.0266703337972	0.0714746673328	0.0762884970044	69.5372487214
4253.00000000	0.0266702375806	0.0714745036492	0.0762883100121	69.5372734470
4253.00000000	0.0266701272338	0.0714743033729	0.0762880837963	69.5372985077
4253.00000000	0.0266700645386	0.0714741131254	0.0762878836353	69.5372926714
4253.00000000	0.0266700904540	0.0714739975858	0.0762877844463	69.5372440992
4253.00000000	0.0266701764549	0.0714739328783	0.0762877538877	69.5371665942
4253.00000000	0.0266702136033	0.0714737773676	0.0762876211769	69.5370996225
4253.00000000	0.0266701306592	0.0714734940672	0.0762873267558	69.5370836012
4253.00000000	0.0266699607078	0.0714731846992	0.0762869774942	69.5371219590
4253.00000000	0.0266697751249	0.0714729052942	0.0762866508402	69.5371791839
4253.00000000	0.0266696258198	0.0714726663569	0.0762863747830	69.5372215073
4253.00000000	0.0266695124879	0.0714725039682	0.0762861830204	69.5372586172
4253.00000000	0.0266694038400	0.0714724358865	0.0762860812516	69.5373171934
4253.00000000	0.0266693130634	0.0714724730730	0.0762860843565	69.5373908345
4253.00000000	0.0266692962965	0.0714726289832	0.0762862245672	69.5374435700
4253.00000000	0.0266693801206	0.0714728410274	0.0762864525361	69.5374402614
5260.00000000	-0.0159919468023	-0.0358458253314	0.0392513127961	-114.043148774
5260.00000000	-0.0159918153078	-0.0358455927311	0.0392510468024	-114.043111815
5260.00000000	-0.0159917916842	-0.0358454946398	0.0392509475968	-114.043138661
5260.00000000	-0.0159918490942	-0.0358454919648	0.0392509685441	-114.043216784
5260.00000000	-0.0159919364178	-0.0358455052670	0.0392510162701	-114.043325282
5260.00000000	-0.0159920241940	-0.0358454872712	0.0392510355981	-114.043452997
5260.00000000	-0.0159921088470	-0.0358454469476	0.0392510332635	-114.043589828
5260.00000000	-0.0159921978955	-0.0358454321061	0.0392510559909	-114.043717363
5260.00000000	-0.0159923022521	-0.0358454955044	0.0392511564069	-114.043818772
5260.00000000	-0.0159924259686	-0.0358456463801	0.0392513445982	-114.043893962
5260.00000000	-0.0159925476236	-0.0358458319340	0.0392515636190	-114.043945779
5260.00000000	-0.0159926318057	-0.0358459865544	0.0392517391224	-114.043966039
5260.00000000	-0.0159926538804	-0.0358460760787	0.0392518298730	-114.043942222
5260.00000000	-0.0159926126763	-0.0358460882267	0.0392518241789	-114.043880070
5260.00000000	-0.0159925280659	-0.0358460185244	0.0392517260511	-114.043808735
5260.00000000	-0.0159924277239	-0.0358458813180	0.0392515598666	-114.043756575
5260.00000000	-0.0159923432991	-0.0358457375471	0.0392513941726	-114.043729538
5260.00000000	-0.0159922996074	-0.0358456510170	0.0392512973488	-114.043722757
5260.00000000	-0.0159922892393	-0.0358456236704	0.0392512681507	-114.043725199
5260.00000000	-0.0159922676561	-0.0358456123188	0.0392512489902	-114.043703179
5260.00000000	-0.0159921880714	-0.0358455636753	0.0392511721419	-114.043626017
5260.00000000	-0.0159920514516	-0.0358454554593	0.0392510176520	-114.043508253
5260.00000000	-0.0159919072139	-0.0358453254477	0.0392508401539	-114.043393296
5260.00000000	-0.0159918068264	-0.0358452446075	0.0392507254270	-114.043307549
5260.00000000	-0.0159917757380	-0.0358452569375	0.0392507240210	-114.043258772
5260.00000000	-0.0159918172123	-0.0358453524631	0.0392508281563	-114.043257249
5260.00000000	-0.0159918997400	-0.0358454720398	0.0392509709822	-114.043296149
5260.00000000	-0.0159919610448	-0.0358455464137	0.0392510638806	-114.043333640
5260.00000000	-0.0159919598710	-0.0358455468436	0.0392510637949	-114.043331820
5260.00000000	-0.0159919063187	-0.0358454902274	0.0392509902722	-114.043294102
5260.00000000	-0.0159918456410	-0.0358454125376	0.0392508946012	-114.043259418
5260.00000000	-0.0159918081381	-0.0358453312551	0.0392508050912	-114.043257765
5260.00000000	-0.0159917866426	-0.0358452459705	0.0392507184484	-114.043279832
5260.00000000	-0.0159917700449	-0.0358451691644	0.0392506415437	-114.043303385
5260.00000000	-0.0159917595853	-0.0358451153146	0.0392505881046	-114.043321468
5260.00000000	-0.0159917507396	-0.0358450851458	0.0392505569493	-114.043327618
5260.00000000	-0.0159917385931	-0.0358450965528	0.0392505624177	-114.043304642
5260.00000000	-0.0159917481380	-0.0358451851342	0.0392506472025	-114.043264683
5260.00000000	-0.0159918156769	-0.0358453448995	0.0392508206234	-114.043259700
5260.00000000	-0.0159919425209	-0.0358455268191	0.0392510384389	-114.043320600
5260.00000000	-0.0159920989092	-0.0358456824258	0.0392512442617	-114.043436533
5260.00000000	-0.0159922447314	-0.0358457906628	0.0392514025201	-114.043566551
5260.00000000	-0.0159923499542	-0.0358458661837	0.0392515143595	-114.043661905
5260.00000000	-0.0159924189790	-0.0358459383615	0.0392516083978	-114.043710992
5260.00000000	-0.0159924699798	-0.0358460144985	0.0392516987082	-114.043733698
5260.00000000	-0.0159924987508	-0.0358460553396	0.0392517477280	-114.043747761
5260.00000000	-0.0159924959785	-0.0358460336879	0.0392517268254	-114.043756943
5260.00000000	-0.0159924686358	-0.0358459797248	0.0392516664041	-114.043752587
5260.00000000	-0.0159924314851	-0.0358459453865	0.0392516199087	-114.043723486
5260.00000000	-0.0159924216988	-0.0358459941641	0.0392516604668	-114.043681430
5260.00000000	-0.0159924701163	-0.0358461587334	0.0392518304842	-114.043648099
5260.00000000	-0.0159925454792	-0.0358463603232	0.0392520452884	-114.043628670
5260.00000000	-0.0159925926385	-0.0358464675549	0.0392521624304	-114.043627762
5260.00000000	-0.0159925898234	-0.0358464289083	0.0392521259901	-114.043646993
5260.00000000	-0.0159925466085	-0.0358462975915	0.0392519884598	-114.043667484
5260.00000000	-0.0159924852490	-0.0358461457500	0.0392518247929	-114.043675993
5260.00000000	-0.0159924289940	-0.0358460081547	0.0392516762158	-114.043682835
5260.00000000	-0.0159923911944	-0.0358459066151	0.0392515680855	-114.043692834
5260.00000000	-0.0159923865767	-0.0358458837961	0.0392515453650	-114.043700250
5260.00000000	-0.0159924238154	-0.0358459623770	0.0392516323001	-114.043703157
5260.00000000	-0.0159924874065	-0.0358461166841	0.0392517991279	-114.043696155
5260.00000000	-0.0159925669325	-0.0358463091989	0.0392520073407	-114.043687673
5260.00000000	-0.0159926573291	-0.0358464990799	0.0392522175772	-114.043695248
5260.00000000	-0.0159927311245	-0.0358466535242	0.0392523886878	-114.043701768
5260.00000000	-0.0159927697980	-0.0358467735849	0.0392525140884	-114.043681919
5260.00000000	-0.0159927945391	-0.0358468670985	0.0392526095687	-114.043659285
5260.00000000	-0.0159928312161	-0.0358469198109	0.0392526726509	-114.043676827
5260.00000000	-0.0159928790765	-0.0358469293129	0.0392527008283	-114.043734975
5260.00000000	-0.0159929353891	-0.0358469375991	0.0392527313393	-114.043805113
5260.00000000	-0.0159930003123	-0.0358469854646	0.0392528015037	-114.043863190
5260.00000000	-0.0159930526808	-0.0358470490164	0.0392528808782	-114.043895202
5260.00000000	-0.0159930631360	-0.0358470732926	0.0392529073078	-114.043894701
5260.00000000	-0.0159930265860	-0.0358470351326	0.0392528575670	-114.043868674
5260.00000000	-0.0159929520813	-0.0358469387066	0.0392527391516	-114.043826705
5260.00000000	-0.0159928620263	-0.0358467998751	0.0392525756745	-114.043789226
5260.00000000	-0.0159928067451	-0.0358466765475	0.0392524405240	-114.043788880
5260.00000000	-0.0159928173248	-0.0358466428096	0.0392524140239	-114.043823048
5260.00000000	-0.0159928474839	-0.0358466779047	0.0392524583619	-114.043842379
5260.00000000	-0.0159928303897	-0.0358466814615	0.0392524546453	-114.043817477
5260.00000000	-0.0159927544919	-0.0358465965220	0.0392523461522	-114.043766818
5260.00000000	-0.0159926654632	-0.0358464745135	0.0392521984564	-114.043720702
5260.00000000	-0.0159926179019	-0.0358464077718	0.0392521181275	-114.043696994
5260.00000000	-0.0159926188106	-0.0358464015926	0.0392521128547	-114.043701880
5260.00000000	-0.0159926359583	-0.0358463962745	0.0392521149846	-114.043727901
5260.00000000	-0.0159926398572	-0.0358463679734	0.0392520907276	-114.043749930
5260.00000000	-0.0159926250478	-0.0358463411366	0.0392520601855	-114.043746149
5260.00000000	-0.0159926067470	-0.0358463407267	0.0392520523548	-114.043721997
5260.00000000	-0.0159926156883	-0.0358463862041	0.0392520975293	-114.043706870
5260.00000000	-0.0159926828611	-0.0358464935123	0.0392522228953	-114.043732595
5260.00000000	-0.0159927953891	-0.0358466363229	0.0392523991626	-114.043797665
5260.00000000	-0.0159928857265	-0.0358467314378	0.0392525228315	-114.043861520
5260.00000000	-0.0159928907060	-0.0358467090394	0.0392525044053	-114.043881478
5260.00000000	-0.0159928041430	-0.0358465684751	0.0392523407684	-114.043849685
5260.00000000	-0.0159926580004	-0.0358463548367	0.0392520861229	-114.043781928
5260.00000000	-0.0159924927613	-0.0358461264983	0.0392518102723	-114.043697457
5260.00000000	-0.0159923439984	-0.0358459398381	0.0392515791968	-114.043610161
5260.00000000	-0.0159922391013	-0.0358458354694	0.0392514411452	-114.043532398
5260.00000000	-0.0159921984786	-0.0358458246492	0.0392514147128	-114.043484681
5260.00000000	-0.0159922223698	-0.0358458775915	0.0392514727957	-114.043485043
5260.00000000	-0.0159922783552	-0.0358459265990	0.0392515403612	-114.043530528
5270.00000000	-0.0420391929387	0.0429831524840	0.0601235822319	134.363900447
5270.00000000	-0.0420388873728	0.0429829020240	0.0601231895190	134.363859157
5270.00000000	-0.0420386681270	0.0429827819946	0.0601229504090	134.363789765
5270.00000000	-0.0420385514764	0.0429828435813	0.0601229128749	134.363669254
5270.00000000	-0.0420384930539	0.0429830658579	0.0601230309348	134.363481341
5270.00000000	-0.0420384816688	0.0429833830934	0.0601232497723	134.363262203
5270.00000000	-0.0420385383943	0.0429837145087	0.0601235263711	134.363080021
5270.00000000	-0.0420386532525	0.0429840017707	0.0601238120507	134.362966866
5270.00000000	-0.0420387911639	0.0429842374306	0.0601240769577	134.362903802
5270.00000000	-0.0420389257014	0.0429844374572	0.0601243140305	134.362862182
5270.00000000	-0.0420390149001	0.0429845637616	0.0601244666966	134.362838795
5270.00000000	-0.0420389928443	0.0429845354137	0.0601244310085	134.362842657
5270.00000000	-0.0420388502145	0.0429843479150	0.0601241972340	134.362870416
5270.00000000	-0.0420386609877	0.0429841117746	0.0601238961038	134.362898839
5270.00000000	-0.0420385141912	0.0429839432073	0.0601236729505	134.362911146
5270.00000000	-0.0420384345369	0.0429838665480	0.0601235624505	134.362907957
5270.00000000	-0.0420384011234	0.0429838248019	0.0601235092423	134.362913008
5270.00000000	-0.0420383945007	0.0429837579380	0.0601234568090	134.362953048
5270.00000000	-0.0420383866940	0.0429836508837	0.0601233748149	134.363019062
5270.00000000	-0.0420383522400	0.0429835093818	0.0601232495615	134.363089874
5270.00000000	-0.0420382972975	0.0429833352962	0.0601230866877	134.363168438
5270.00000000	-0.0420382298047	0.0429831533398	0.0601229094118	134.363243697
5270.00000000	-0.0420381546100	0.0429830113371	0.0601227553146	134.363287087
5270.00000000	-0.0420380838080	0.0429829450172	0.0601226583960	134.363283040
5270.00000000	-0.0420380155848	0.0429829520938	0.0601226157532	134.363231844
5270.00000000	-0.0420379915410	0.0429830093883	0.0601226399027	134.363177286
5270.00000000	-0.0420380932956	0.0429830838857	0.0601227643098	134.363196972
5270.00000000	-0.0420383340430	0.0429831392505	0.0601229722231	134.363324104
5270.00000000	-0.0420386141283	0.0429831639711	0.0601231857339	134.363498454
5270.00000000	-0.0420388057144	0.0429831631311	0.0601233190921	134.363629540
5270.00000000	-0.0420388546872	0.0429831617530	0.0601233523491	134.363663823
5270.00000000	-0.0420387871931	0.0429831810881	0.0601233189795	134.363604957
5270.00000000	-0.0420386619446	0.0429831950535	0.0601232413888	134.363510320
5270.00000000	-0.0420385279336	0.0429831716786	0.0601231309762	134.363434594
5270.00000000	-0.0420384089726	0.0429831276590	0.0601230163274	134.363382877
5270.00000000	-0.0420383246540	0.0429830980917	0.0601229362330	134.363345132
5270.00000000	-0.0420382989605	0.0429830920899	0.0601229139771	134.363331626
5270.00000000	-0.0420383389026	0.0429831163531	0.0601229592511	134.363342671
5270.00000000	-0.0420384032733	0.0429832047786	0.0601230674767	134.363327607
5270.00000000	-0.0420384535483	0.0429833787127	0.0601232269784	134.363245963
5270.00000000	-0.0420385122061	0.0429836138338	0.0601234360854	134.363129260
5270.00000000	-0.0420386175214	0.0429838432740	0.0601236737543	134.363048132
5270.00000000	-0.0420387956361	0.0429839970051	0.0601239081985	134.363067047
5270.00000000	-0.0420390403119	0.0429840420434	0.0601241114757	134.363203733
5270.00000000	-0.0420392740319	0.0429839959553	0.0601242419446	134.363393673
5270.00000000	-0.0420393755490	0.0429839065391	0.0601242490008	134.363522415
5270.00000000	-0.0420393241091	0.0429838418386	0.0601241667781	134.363530480
5270.00000000	-0.0420392160911	0.0429838519439	0.0601240984755	134.363450156
5270.00000000	-0.0420391310278	0.0429839256770	0.0601240917119	134.363343074
5270.00000000	-0.0420391141794	0.0429840415538	0.0601241627741	134.363254385
5270.00000000	-0.0420392096645	0.0429841885719	0.0601243346442	134.363221478
5270.00000000	-0.0420393860316	0.0429843027509	0.0601245395898	134.363265556
5270.00000000	-0.0420395596428	0.0429843019647	0.0601246604178	134.363384358
5270.00000000	-0.0420396902950	0.0429841832339	0.0601246668879	134.363552481
5270.00000000	-0.0420397607680	0.0429840077187	0.0601245906846	134.363717440
5270.00000000	-0.0420397329822	0.0429838341643	0.0601244471799	134.363814152
5270.00000000	-0.0420395914355	0.0429837011693	0.0601242531286	134.363806336
5270.00000000	-0.0420394066271	0.0429836327680	0.0601240750074	134.363726006
5270.00000000	-0.0420393020669	0.0429836556427	0.0601240182513	134.363639529
5270.00000000	-0.0420393405661	0.0429837907590	0.0601241417672	134.363575728
5270.00000000	-0.0420395170289	0.0429840257292	0.0601244331360	134.363539385
5270.00000000	-0.0420397882353	0.0429843354666	0.0601248442025	134.363517771
5270.00000000	-0.0420400479890	0.0429846717628	0.0601252662487	134.363470659
5270.00000000	-0.0420402013345	0.0429849405607	0.0601255656377	134.363396029
5270.00000000	-0.0420402586172	0.0429850894457	0.0601257121310	134.363335853
5270.00000000	-0.0420402904488	0.0429851536894	0.0601257803169	134.363314733
5270.00000000	-0.0420403422975	0.0429852085209	0.0601258557700	134.363313522
5270.00000000	-0.0420404259357	0.0429852998215	0.0601259795230	134.363309669
5270.00000000	-0.0420405442513	0.0429854000696	0.0601261339194	134.363323479
5270.00000000	-0.0420406780170	0.0429854411352	0.0601262568078	134.363387248
5270.00000000	-0.0420407787414	0.0429853905176	0.0601262910475	134.363489594
5270.00000000	-0.0420408087900	0.0429852729112	0.0601262279789	134.363588425
5270.00000000	-0.0420407641718	0.0429851137769	0.0601260830136	134.363664059
5270.00000000	-0.0420406647577	0.0429849175371	0.0601258732073	134.363727086
5270.00000000	-0.0420405454829	0.0429847386757	0.0601256619383	134.363765003
5270.00000000	-0.0420404654810	0.0429846835667	0.0601255666018	134.363747220
5270.00000000	-0.0420404828684	0.0429847894657	0.0601256544682	134.363688504
5270.00000000	-0.0420405733700	0.0429849364337	0.0601258228175	134.363652235
5270.00000000	-0.0420406327005	0.0429849656838	0.0601258852134	134.363673166
5270.00000000	-0.0420405758206	0.0429848386243	0.0601257546056	134.363719075
5270.00000000	-0.0420404319600	0.0429846524778	0.0601255209376	134.363745098
5270.00000000	-0.0420403112574	0.0429845273071	0.0601253470545	134.363746268
5270.00000000	-0.0420402368847	0.0429844898775	0.0601252682934	134.363720540
5270.00000000	-0.0420401344946	0.0429844892478	0.0601251962510	134.363651204
5270.00000000	-0.0420399659665	0.0429844627381	0.0601250594623	134.363554054
5270.00000000	-0.0420397701566	0.0429843841335	0.0601248663546	134.363473028
5270.00000000	-0.0420396104969	0.0429842788641	0.0601246794603	134.363434396
5270.00000000	-0.0420395311639	0.0429841962306	0.0601245649138	134.363435408
5270.00000000	-0.0420395358978	0.0429841700131	0.0601245494804	134.363456102
5270.00000000	-0.0420395934691	0.0429841943386	0.0601246071254	134.363479116
5270.00000000	-0.0420396439878	0.0429842192512	0.0601246602589	134.363496934
5270.00000000	-0.0420396381446	0.0429841833112	0.0601246304792	134.363516900
5270.00000000	-0.0420395637705	0.0429840732189	0.0601244997692	134.363539586
5270.00000000	-0.0420394307264	0.0429839157663	0.0601242941781	134.363553858
5270.00000000	-0.0420392736812	0.0429837618486	0.0601240743321	134.363549423
5270.00000000	-0.0420391444238	0.0429836604000	0.0601239114269	134.363528959
5270.00000000	-0.0420390809972	0.0429836376765	0.0601238508331	134.363500888
5270.00000000	-0.0420391190363	0.0429837298736	0.0601239433437	134.363465371
5270.00000000	-0.0420392681793	0.0429839533438	0.0601242073886	134.363418079
5270.00000000	-0.0420394414832	0.0429842374859	0.0601245317026	134.363346821
5274.00000000	0.0151061698186	0.143448656855	0.144241857726	83.9885008800
5274.00000000	0.0151057955096	0.143448027339	0.144241192470	83.9886225581
5274.00000000	0.0151054575693	0.143447586254	0.144240718421	83.9887377087
5274.00000000	0.0151052947093	0.143447346009	0.144240462442	83.9887920510
5274.00000000	0.0151054638178	0.143447347853	0.144240481985	83.9887253231
5274.00000000	0.0151060179672	0.143447642511	0.144240833056	83.9885186700
5274.00000000	0.0151068318072	0.143448199763	0.144241472478	83.9882203549
5274.00000000	0.0151076650962	0.143448894416	0.144242250585	83.9879200758
5274.00000000	0.0151083075322	0.143449582460	0.144243002134	83.9876949181
5274.00000000	0.0151087067483	0.143450104225	0.144243562844	83.9875589237
5274.00000000	0.0151088875026	0.143450318070	0.144243794445	83.9874964175
5274.00000000	0.0151088897787	0.143450256457	0.144243733409	83.9874929549
5274.00000000	0.0151087857937	0.143450105205	0.144243572098	83.9875277391
5274.00000000	0.0151086325633	0.143450009201	0.144243460572	83.9875842754
5274.00000000	0.0151084443779	0.143449913069	0.144243345258	83.9876546149
5274.00000000	0.0151082557895	0.143449649142	0.144243063029	83.9877181325
5274.00000000	0.0151080875785	0.143449195209	0.144242593974	83.9877656954
5274.00000000	0.0151078923057	0.143448675142	0.144242056315	83.9878211975
5274.00000000	0.0151076536780	0.143448199868	0.144241558661	83.9878956904
5274.00000000	0.0151073901088	0.143447839433	0.144241172603	83.9879848143
5274.00000000	0.0151070964796	0.143447564524	0.144240868453	83.9880893717
5274.00000000	0.0151068102308	0.143447198989	0.144240474948	83.9881872438
5274.00000000	0.0151066051951	0.143446691004	0.144239948283	83.9882471077
5274.00000000	0.0151065350563	0.143446251893	0.144239504241	83.9882565473
5274.00000000	0.0151066161826	0.143446128557	0.144239390080	83.9882193679
5274.00000000	0.0151067521581	0.143446467218	0.144239741119	83.9881797412
5274.00000000	0.0151067491805	0.143447177250	0.144240446935	83.9882104567
5274.00000000	0.0151065139396	0.143447878917	0.144241120105	83.9883325767
5274.00000000	0.0151061540011	0.143448199058	0.144241400790	83.9884880840
5274.00000000	0.0151058519816	0.143448069709	0.144241240522	83.9886020121
5274.00000000	0.0151057490161	0.143447748569	0.144240910365	83.9886293281
5274.00000000	0.0151058592069	0.143447526428	0.144240700986	83.9885765574
5274.00000000	0.0151060452029	0.143447449017	0.144240643478	83.9884998614
5274.00000000	0.0151061936935	0.143447434014	0.144240644109	83.9884405777
5274.00000000	0.0151063302630	0.143447441917	0.144240666272	83.9883869562
5274.00000000	0.0151064877478	0.143447472462	0.144240713142	83.9883260143
5274.00000000	0.0151066335782	0.143447584487	0.144240839825	83.9882730661
5274.00000000	0.0151067861787	0.143447902014	0.144241171587	83.9882259928
5274.00000000	0.0151070399843	0.143448432302	0.144241725541	83.9881477916
5274.00000000	0.0151073887580	0.143448989578	0.144242316281	83.9880331980
5274.00000000	0.0151077194599	0.143449376974	0.144242736183	83.9879186767
5274.00000000	0.0151079387528	0.143449537566	0.144242918860	83.9878387301
5274.00000000	0.0151079790355	0.143449555893	0.144242941305	83.9878235796
5274.00000000	0.0151078479697	0.143449561763	0.144242933415	83.9878755990
5274.00000000	0.0151076897982	0.143449657643	0.144243012201	83.9879420709
5274.00000000	0.0151076572211	0.143449839175	0.144243189323	83.9879624922
5274.00000000	0.0151077588310	0.143450013720	0.144243373551	83.9879296148
5274.00000000	0.0151078973618	0.143450136894	0.144243510557	83.9878800154
5274.00000000	0.0151079894603	0.143450230279	0.144243613074	83.9878475188
5274.00000000	0.0151080306535	0.143450434568	0.144243820554	83.9878397455
5274.00000000	0.0151080211353	0.143450908281	0.144244290664	83.9878632138
5274.00000000	0.0151078817304	0.143451437009	0.144244801884	83.9879402796
5274.00000000	0.0151075379357	0.143451579623	0.144244907705	83.9880820210
5274.00000000	0.0151070348445	0.143451168176	0.144244445830	83.9882636392
5274.00000000	0.0151065110649	0.143450375279	0.144243602438	83.9884375628
5274.00000000	0.0151061115658	0.143449468820	0.144242659125	83.9885576694
5274.00000000	0.0151059177916	0.143448663542	0.144241837982	83.9886007179
5274.00000000	0.0151059029346	0.143448078171	0.144241254273	83.9885822357
5274.00000000	0.0151059812514	0.143447783980	0.144240969902	83.9885390593
5274.00000000	0.0151061154915	0.143447791301	0.144240991242	83.9884863339
5274.00000000	0.0151062710925	0.143448141037	0.144241355350	83.9884394149
5274.00000000	0.0151064220549	0.143448924179	0.144242149996	83.9884123585
5274.00000000	0.0151066099423	0.143449983720	0.144243223387	83.9883822142
5274.00000000	0.0151068433609	0.143450914019	0.144244173017	83.9883287076
5274.00000000	0.0151070667523	0.143451478016	0.144244757308	83.9882639244
5274.00000000	0.0151072612960	0.143451782322	0.144245080316	83.9881997338
5274.00000000	0.0151074558318	0.143452049257	0.144245366157	83.9881339918
5274.00000000	0.0151076498022	0.143452356398	0.144245691924	83.9880701462
5274.00000000	0.0151077937611	0.143452691527	0.144246040288	83.9880272210
5274.00000000	0.0151078157218	0.143453063060	0.144246412078	83.9880340025
5274.00000000	0.0151076965432	0.143453436801	0.144246771280	83.9880966290
5274.00000000	0.0151074967947	0.143453705943	0.144247018021	83.9881867306
5274.00000000	0.0151072902956	0.143453784093	0.144247074115	83.9882715533
5274.00000000	0.0151070939263	0.143453687886	0.144246957871	83.9883451212
5274.00000000	0.0151069194638	0.143453592958	0.144246845194	83.9884100888
5274.00000000	0.0151068354619	0.143453747501	0.144246990089	83.9884497002
5274.00000000	0.0151068643735	0.143454185417	0.144247428625	83.9884564963
5274.00000000	0.0151068842288	0.143454561430	0.144247804650	83.9884642948
5274.00000000	0.0151067870317	0.143454512374	0.144247745684	83.9885006489
5274.00000000	0.0151066289076	0.143454045838	0.144247265153	83.9885437040
5274.00000000	0.0151065438542	0.143453494749	0.144246708187	83.9885543776
5274.00000000	0.0151065851776	0.143453183722	0.144246403198	83.9885251156
5274.00000000	0.0151067056336	0.143453133159	0.144246365529	83.9884754294
5274.00000000	0.0151068247503	0.143453142717	0.144246387509	83.9884287730
5274.00000000	0.0151068697971	0.143453052626	0.144246302631	83.9884072308
5274.00000000	0.0151068243244	0.143452882761	0.144246128938	83.9884181273
5274.00000000	0.0151067594001	0.143452753992	0.144245994078	83.9884384172
5274.00000000	0.0151067782816	0.143452732317	0.144245974499	83.9884300569
5274.00000000	0.0151069205815	0.143452784018	0.144246040819	83.9883759957
5274.00000000	0.0151071316027	0.143452833157	0.144246111789	83.9882946814
5274.00000000	0.0151072864467	0.143452765450	0.144246060671	83.9882306977
5274.00000000	0.0151072546353	0.143452527991	0.144245821186	83.9882333855
5274.00000000	0.0151070558450	0.143452198269	0.144245472457	83.9882981960
5274.00000000	0.0151068275212	0.143451875525	0.144245127576	83.9883749637
5274.00000000	0.0151066645918	0.143451659917	0.144244896090	83.9884303560
5274.00000000	0.0151065389505	0.143451590067	0.144244813466	83.9884770820
5274.00000000	0.0151064159526	0.143451614919	0.144244825300	83.9885267034
5274.00000000	0.0151063607981	0.143451713861	0.144244917922	83.9885526069
5274.00000000	0.0151064395931	0.143451864178	0.144245075664	83.9885277337
5274.00000000	0.0151066056228	0.143451975150	0.144245203414	83.9884667639
