DevNumber	X [V]	Y [V]	R [V]	Theta [°]
4253.00000000	0.00953551868476	0.000721253324095	0.00956275707863	4.32553625555
4253.00000000	0.00953550594664	0.000721235979956	0.00956274306866	4.32543838944
4253.00000000	0.00953550020793	0.000721216660168	0.00956273588919	4.32532555660
4253.00000000	0.00953550262940	0.000721189555646	0.00956273625959	4.32516252634
4253.00000000	0.00953551435828	0.000721150935962	0.00956274504258	4.32492649324
4253.00000000	0.00953553605090	0.000721117420522	0.00956276414601	4.32471645407
4253.00000000	0.00953556902411	0.000721109244655	0.00956279640881	4.32465270982
4253.00000000	0.00953561786405	0.000721127655408	0.00956284649802	4.32474063759
4253.00000000	0.00953567360884	0.000721157933887	0.00956290436739	4.32489634724
4253.00000000	0.00953571923417	0.000721188406825	0.00956295216087	4.32505778918
4253.00000000	0.00953574611459	0.000721211309526	0.00956298069196	4.32518247230
4253.00000000	0.00953575877720	0.000721222679334	0.00956299417600	4.32524467777
4253.00000000	0.00953576544983	0.000721229143516	0.00956300131714	4.32528028189
4253.00000000	0.00953576815027	0.000721234783757	0.00956300443527	4.32531275835
4253.00000000	0.00953577033528	0.000721223819507	0.00956300578714	4.32524626692
4253.00000000	0.00953576886461	0.000721180642329	0.00956300106442	4.32498897640
4253.00000000	0.00953575650572	0.000721119933476	0.00956298416264	4.32463186459
4253.00000000	0.00953573784808	0.000721070613035	0.00956296183911	4.32434563564
4253.00000000	0.00953573412648	0.000721051349291	0.00956295667560	4.32423222815
4253.00000000	0.00953575816792	0.000721058666173	0.00956298120029	4.32426508098
4253.00000000	0.00953579603677	0.000721075014348	0.00956302019402	4.32434564292
4253.00000000	0.00953583136617	0.000721087586986	0.00956305637086	4.32440479522
4253.00000000	0.00953586862605	0.000721096507042	0.00956309419726	4.32444125338
4253.00000000	0.00953591928232	0.000721107468695	0.00956314553587	4.32448385612
4253.00000000	0.00953597962772	0.000721126353967	0.00956320713353	4.32456941850
4253.00000000	0.00953603927875	0.000721153538515	0.00956326866464	4.32470487482
4253.00000000	0.00953609068038	0.000721180146137	0.00956332192638	4.32484060986
4253.00000000	0.00953612486278	0.000721195091481	0.00956335713850	4.32491445148
4253.00000000	0.00953614053280	0.000721199395710	0.00956337308849	4.32493308556
4253.00000000	0.00953614114297	0.000721201145418	0.00956337382888	4.32494326283
4253.00000000	0.00953612442599	0.000721198040623	0.00956335692536	4.32493226734
4253.00000000	0.00953609434046	0.000721184758313	0.00956332592385	4.32486651000
4253.00000000	0.00953605660356	0.000721163449485	0.00956328668750	4.32475625740
4253.00000000	0.00953602373846	0.000721142917874	0.00956325236771	4.32464844612
4253.00000000	0.00953601307729	0.000721131242189	0.00956324085646	4.32458350990
4253.00000000	0.00953602409290	0.000721121797400	0.00956325112851	4.32452210834
4253.00000000	0.00953604655814	0.000721111594143	0.00956327276042	4.32445100314
4253.00000000	0.00953606944856	0.000721113378878	0.00956329572025	4.32445132438
4253.00000000	0.00953608122547	0.000721136065628	0.00956330917433	4.32458153810
4253.00000000	0.00953607962295	0.000721174226107	0.00956331045400	4.32481023851
4253.00000000	0.00953606888366	0.000721208247695	0.00956330231094	4.32501834071
4253.00000000	0.00953605050588	0.000721219442102	0.00956328482972	4.32509352141
4253.00000000	0.00953601631123	0.000721199786734	0.00956324925015	4.32499154688
4253.00000000	0.00953595672001	0.000721150014300	0.00956318607521	4.32472111999
4253.00000000	0.00953587092196	0.000721085683349	0.00956309567049	4.32437555232
4253.00000000	0.00953577001141	0.000721037382089	0.00956299140525	4.32413257198
4253.00000000	0.00953567269824	0.000721026366572	0.00956289353853	4.32411072186
4253.00000000	0.00953559624383	0.000721042950026	0.00956281855214	4.32424433737
4253.00000000	0.00953555144803	0.000721060447292	0.00956277520319	4.32436911180
4253.00000000	0.00953553589515	0.000721063665431	0.00956275993724	4.32439536504
4253.00000000	0.00953553794471	0.000721059148359	0.00956276164036	4.32436745186
4253.00000000	0.00953555814775	0.000721055478755	0.00956278150919	4.32433640056
4253.00000000	0.00953560706451	0.000721054346666	0.00956283020133	4.32430753767
4253.00000000	0.00953568731947	0.000721062850737	0.00956291086905	4.32432208789
4253.00000000	0.00953578138437	0.000721090188522	0.00956300672751	4.32444291808
4253.00000000	0.00953586031950	0.000721132144666	0.00956308860166	4.32465791553
4253.00000000	0.00953590880936	0.000721178670040	0.00956314046192	4.32491396266
4253.00000000	0.00953593146708	0.000721216033519	0.00956316587286	4.32512694381
4253.00000000	0.00953594290808	0.000721235025159	0.00956317871357	4.32523523470
4253.00000000	0.00953596288573	0.000721243314388	0.00956319925948	4.32527572944
4253.00000000	0.00953600186526	0.000721256852760	0.00956323914905	4.32533899725
4253.00000000	0.00953604884112	0.000721278660251	0.00956328763585	4.32544805232
4253.00000000	0.00953608276720	0.000721295562861	0.00956332274013	4.32553370076
4253.00000000	0.00953608976929	0.000721297223879	0.00956332984755	4.32554045983
4253.00000000	0.00953607225789	0.000721293271506	0.00956331208793	4.32552476078
4253.00000000	0.00953604864895	0.000721302452439	0.00956328923870	4.32559027741
4253.00000000	0.00953604205907	0.000721338487410	0.00956328538557	4.32580853386
4253.00000000	0.00953605896241	0.000721400266129	0.00956330690078	4.32616997004
4253.00000000	0.00953607978071	0.000721471275050	0.00956333301652	4.32658477746
4253.00000000	0.00953608776924	0.000721526731780	0.00956334516617	4.32691247151
4253.00000000	0.00953608532763	0.000721548758364	0.00956334439339	4.32704516441
4253.00000000	0.00953607762319	0.000721541433543	0.00956333615826	4.32700488774
4253.00000000	0.00953606521191	0.000721518894253	0.00956332208182	4.32687584549
4253.00000000	0.00953605235416	0.000721493609508	0.00956330735310	4.32673060295
4253.00000000	0.00953604451465	0.000721468433057	0.00956329763656	4.32658373874
4253.00000000	0.00953603630838	0.000721434024151	0.00956328685787	4.32638188393
4253.00000000	0.00953602140298	0.000721381240735	0.00956326801322	4.32607328397
4253.00000000	0.00953599568652	0.000721315638356	0.00956323742168	4.32569298547
4253.00000000	0.00953595579035	0.000721256483718	0.00956319317754	4.32535761196
4253.00000000	0.00953590933178	0.000721222489290	0.00956314428747	4.32517551383
4253.00000000	0.00953586853412	0.000721220291931	0.00956310344028	4.32518082054
4253.00000000	0.00953583756399	0.000721243239431	0.00956307428902	4.32533190948
4253.00000000	0.00953581248419	0.000721275190919	0.00956305169047	4.32553413016
4253.00000000	0.00953579003350	0.000721298135803	0.00956303103434	4.32568135539
4253.00000000	0.00953577308240	0.000721294848847	0.00956301388361	4.32566937833
4253.00000000	0.00953575692896	0.000721256784962	0.00956299490526	4.32544927160
4253.00000000	0.00953573500313	0.000721201904377	0.00956296890284	4.32513130333
4253.00000000	0.00953571483544	0.000721159910391	0.00956294562565	4.32488952836
4253.00000000	0.00953570366797	0.000721144162760	0.00956293330244	4.32480049173
4253.00000000	0.00953569662732	0.000721152760627	0.00956292693020	4.32485503981
4253.00000000	0.00953569699983	0.000721179471781	0.00956292931601	4.32501445425
4253.00000000	0.00953571994649	0.000721218457510	0.00956295513748	4.32523700118
4253.00000000	0.00953577559795	0.000721266186368	0.00956301423015	4.32549700253
4253.00000000	0.00953584122208	0.000721310492055	0.00956308300909	4.32573204294
4253.00000000	0.00953587814579	0.000721332072314	0.00956312145536	4.32584428298
4253.00000000	0.00953587222513	0.000721331394344	0.00956311550042	4.32584290826
4253.00000000	0.00953584081156	0.000721327640936	0.00956308389323	4.32583468071
4253.00000000	0.00953580727705	0.000721326951956	0.00956305040228	4.32584571943
4253.00000000	0.00953577907466	0.000721323663856	0.00956302203222	4.32583882054
4253.00000000	0.00953576086803	0.000721315732878	0.00956300327924	4.32579966622
5260.00000000	-0.00106418112805	-0.0194417155752	0.0194708188318	-93.1330723702
5260.00000000	-0.00106420607440	-0.0194417752471	0.0194708797780	-93.1331360715
5260.00000000	-0.00106426415926	-0.0194418286999	0.0194709363256	-93.1332981414
5260.00000000	-0.00106433939632	-0.0194418599757	0.0194709716672	-93.1335141745
5260.00000000	-0.00106440419476	-0.0194418617441	0.0194709769752	-93.1337042824
5260.00000000	-0.00106444280205	-0.0194418597570	0.0194709771016	-93.1338180390
5260.00000000	-0.00106446301094	-0.0194419075880	0.0194710259658	-93.1338697226
5260.00000000	-0.00106447803207	-0.0194420263656	0.0194711453870	-93.1338947500
5260.00000000	-0.00106448288841	-0.0194421640537	0.0194712831347	-93.1338868690
5260.00000000	-0.00106446332203	-0.0194422449761	0.0194713628664	-93.1338163619
5260.00000000	-0.00106442578048	-0.0194422443113	0.0194713601502	-93.1337061655
5260.00000000	-0.00106438809808	-0.0194421950299	0.0194713088826	-93.1336033754
5260.00000000	-0.00106435669858	-0.0194421405254	0.0194712527432	-93.1335198852
5260.00000000	-0.00106433429313	-0.0194421135865	0.0194712246198	-93.1334583870
5260.00000000	-0.00106433162527	-0.0194421242644	0.0194712351360	-93.1334488308
5260.00000000	-0.00106434690860	-0.0194421472104	0.0194712588831	-93.1334900452
5260.00000000	-0.00106436283455	-0.0194421503275	0.0194712628661	-93.1335363372
5260.00000000	-0.00106436694871	-0.0194421411147	0.0194712538920	-93.1335499072
5260.00000000	-0.00106437001660	-0.0194421531927	0.0194712661196	-93.1335569785
5260.00000000	-0.00106439665732	-0.0194422134802	0.0194713277733	-93.1336255561
5260.00000000	-0.00106445195774	-0.0194423079297	0.0194714251046	-93.1337728449
5260.00000000	-0.00106450540777	-0.0194423951451	0.0194715151116	-93.1339158591
5260.00000000	-0.00106452875718	-0.0194424657520	0.0194715868894	-93.1339731044
5260.00000000	-0.00106452911918	-0.0194425429057	0.0194716639476	-93.1339617563
5260.00000000	-0.00106452671759	-0.0194426270644	0.0194717478491	-93.1339411616
5260.00000000	-0.00106453427073	-0.0194426955275	0.0194718166228	-93.1339523400
5260.00000000	-0.00106455000949	-0.0194427230604	0.0194718449749	-93.1339941528
5260.00000000	-0.00106455832637	-0.0194426946721	0.0194718170838	-93.1340231554
5260.00000000	-0.00106455185350	-0.0194426274446	0.0194717496029	-93.1340149525
5260.00000000	-0.00106453613606	-0.0194425448499	0.0194716662725	-93.1339820599
5260.00000000	-0.00106451680584	-0.0194424552564	0.0194715757561	-93.1339396782
5260.00000000	-0.00106449623697	-0.0194423842887	0.0194715037701	-93.1338906604
5260.00000000	-0.00106447978189	-0.0194423578228	0.0194714764442	-93.1338465705
5260.00000000	-0.00106447312943	-0.0194423768057	0.0194714950350	-93.1338239709
5260.00000000	-0.00106447940525	-0.0194424242182	0.0194715427196	-93.1338347832
5260.00000000	-0.00106448921377	-0.0194424719752	0.0194715909415	-93.1338559195
5260.00000000	-0.00106448991958	-0.0194425150468	0.0194716339872	-93.1338510646
5260.00000000	-0.00106448388116	-0.0194425557466	0.0194716742960	-93.1338267759
5260.00000000	-0.00106448468754	-0.0194425869777	0.0194717055246	-93.1338241212
5260.00000000	-0.00106450113441	-0.0194426216851	0.0194717410792	-93.1338668608
5260.00000000	-0.00106452469293	-0.0194426574115	0.0194717780401	-93.1339303311
5260.00000000	-0.00106454508264	-0.0194426638050	0.0194717855388	-93.1339892096
5260.00000000	-0.00106456149035	-0.0194426276471	0.0194717503320	-93.1340432340
5260.00000000	-0.00106457508310	-0.0194425522368	0.0194716757776	-93.1340953026
5260.00000000	-0.00106458088246	-0.0194424335022	0.0194715575376	-93.1341314437
5260.00000000	-0.00106456958449	-0.0194422780561	0.0194714017063	-93.1341232566
5260.00000000	-0.00106453865730	-0.0194421171451	0.0194712393452	-93.1340582745
5260.00000000	-0.00106450202299	-0.0194419953634	0.0194711157428	-93.1339702276
5260.00000000	-0.00106448305453	-0.0194419591641	0.0194710785605	-93.1339203178
5260.00000000	-0.00106449308710	-0.0194420110374	0.0194711309047	-93.1339414506
5260.00000000	-0.00106452300299	-0.0194421102543	0.0194712316089	-93.1340133878
5260.00000000	-0.00106455572116	-0.0194422280740	0.0194713510411	-93.1340905650
5260.00000000	-0.00106457860612	-0.0194423485491	0.0194714725872	-93.1341384227
5260.00000000	-0.00106458360389	-0.0194424425550	0.0194715667257	-93.1341379832
5260.00000000	-0.00106456753952	-0.0194424887673	0.0194716119906	-93.1340833494
5260.00000000	-0.00106454245363	-0.0194424963144	0.0194716181550	-93.1340084297
5260.00000000	-0.00106453073259	-0.0194424774782	0.0194715987061	-93.1339770220
5260.00000000	-0.00106453918406	-0.0194424375681	0.0194715593177	-93.1340082740
5260.00000000	-0.00106455782318	-0.0194423927037	0.0194715155395	-93.1340702558
5260.00000000	-0.00106457236651	-0.0194423712695	0.0194714949324	-93.1341164345
5260.00000000	-0.00106457557023	-0.0194423771598	0.0194715009891	-93.1341248999
5260.00000000	-0.00106457352006	-0.0194423833172	0.0194715070252	-93.1341178856
5260.00000000	-0.00106457221716	-0.0194423649247	0.0194714885890	-93.1341170165
5260.00000000	-0.00106457107288	-0.0194423384668	0.0194714621081	-93.1341179109
5260.00000000	-0.00106457313669	-0.0194423467555	0.0194714704972	-93.1341226412
5260.00000000	-0.00106458621525	-0.0194423991290	0.0194715235075	-93.1341526421
5260.00000000	-0.00106461186805	-0.0194424604901	0.0194715861793	-93.1342181416
5260.00000000	-0.00106464037469	-0.0194425085823	0.0194716357582	-93.1342941604
5260.00000000	-0.00106465728477	-0.0194425604953	0.0194716885181	-93.1343354921
5260.00000000	-0.00106466250908	-0.0194426321165	0.0194717603179	-93.1343393186
5260.00000000	-0.00106466749858	-0.0194427221984	0.0194718505378	-93.1343394852
5260.00000000	-0.00106468139905	-0.0194428202103	0.0194719491631	-93.1343645571
5260.00000000	-0.00106470261622	-0.0194429073025	0.0194720372851	-93.1344128824
5260.00000000	-0.00106471938038	-0.0194429888840	0.0194721196612	-93.1344490108
5260.00000000	-0.00106473386974	-0.0194430943175	0.0194722257293	-93.1344746178
5260.00000000	-0.00106476105015	-0.0194432240765	0.0194723567804	-93.1345335973
5260.00000000	-0.00106480621689	-0.0194433393688	0.0194724743700	-93.1346477474
5260.00000000	-0.00106485012963	-0.0194433923874	0.0194725297106	-93.1347682319
5260.00000000	-0.00106486786594	-0.0194433559254	0.0194724942730	-93.1348262079
5260.00000000	-0.00106485547216	-0.0194432477081	0.0194723855399	-93.1348072079
5260.00000000	-0.00106482335221	-0.0194431311565	0.0194722674063	-93.1347315927
5260.00000000	-0.00106477975782	-0.0194430469084	0.0194721809003	-93.1346170666
5260.00000000	-0.00106473560568	-0.0194429808634	0.0194721125399	-93.1344979720
5260.00000000	-0.00106469954437	-0.0194429170144	0.0194720468145	-93.1344022946
5260.00000000	-0.00106467106684	-0.0194428477517	0.0194719760984	-93.1343297692
5260.00000000	-0.00106465688734	-0.0194427641365	0.0194718918330	-93.1343015612
5260.00000000	-0.00106465741906	-0.0194426735069	0.0194718013680	-93.1343177045
5260.00000000	-0.00106465815818	-0.0194426003349	0.0194717283459	-93.1343316485
5260.00000000	-0.00106464880649	-0.0194425592465	0.0194716868076	-93.1343107828
5260.00000000	-0.00106463165583	-0.0194425432597	0.0194716699070	-93.1342629642
5260.00000000	-0.00106461302663	-0.0194425510861	0.0194716767032	-93.1342069703
5260.00000000	-0.00106459659990	-0.0194425868047	0.0194717114702	-93.1341529602
5260.00000000	-0.00106458598712	-0.0194426613493	0.0194717853231	-93.1341097862
5260.00000000	-0.00106458488689	-0.0194427655073	0.0194718892652	-93.1340897972
5260.00000000	-0.00106459513832	-0.0194428571566	0.0194719813378	-93.1341051727
5260.00000000	-0.00106461452045	-0.0194429155085	0.0194720406621	-93.1341527313
5260.00000000	-0.00106462918644	-0.0194429492591	0.0194720751641	-93.1341903912
5260.00000000	-0.00106463266677	-0.0194429656776	0.0194720917483	-93.1341979752
5260.00000000	-0.00106463462646	-0.0194429704258	0.0194720965966	-93.1342029690
5260.00000000	-0.00106464439607	-0.0194429714139	0.0194720981174	-93.1342315137
5270.00000000	-0.00864444860154	-0.00908860861724	0.0125430976326	-133.565212175
5270.00000000	-0.00864449676584	-0.00908865604451	0.0125431651918	-133.565222286
5270.00000000	-0.00864455615866	-0.00908870741034	0.0125432433434	-133.565257162
5270.00000000	-0.00864460573916	-0.00908874796937	0.0125433069019	-133.565293581
5270.00000000	-0.00864463686943	-0.00908878622405	0.0125433560753	-133.565276188
5270.00000000	-0.00864466167454	-0.00908883693334	0.0125434099139	-133.565198653
5270.00000000	-0.00864469560411	-0.00908890227337	0.0125434806423	-133.565105261
5270.00000000	-0.00864473588486	-0.00908897530632	0.0125435613220	-133.565008673
5270.00000000	-0.00864476172712	-0.00908903803048	0.0125436245814	-133.564896750
5270.00000000	-0.00864476412292	-0.00908907567425	0.0125436535090	-133.564786179
5270.00000000	-0.00864475931793	-0.00908908648740	0.0125436580327	-133.564736236
5270.00000000	-0.00864476315262	-0.00908907851008	0.0125436548951	-133.564774040
5270.00000000	-0.00864477186233	-0.00908906057006	0.0125436478984	-133.564859341
5270.00000000	-0.00864478360276	-0.00908904870770	0.0125436473942	-133.564935541
5270.00000000	-0.00864480765038	-0.00908905806960	0.0125436707508	-133.564985662
5270.00000000	-0.00864483759927	-0.00908907974385	0.0125437070959	-133.565016555
5270.00000000	-0.00864485513657	-0.00908909431918	0.0125437297434	-133.565028716
5270.00000000	-0.00864485774639	-0.00908909757623	0.0125437339021	-133.565027101
5270.00000000	-0.00864486653635	-0.00908910210541	0.0125437432417	-133.565041935
5270.00000000	-0.00864491291248	-0.00908913299920	0.0125437975885	-133.565098174
5270.00000000	-0.00864500603744	-0.00908919732327	0.0125439083769	-133.565203900
5270.00000000	-0.00864511356929	-0.00908927633188	0.0125440397346	-133.565311080
5270.00000000	-0.00864519121684	-0.00908936157548	0.0125441550144	-133.565299727
5270.00000000	-0.00864523171349	-0.00908946150916	0.0125442553349	-133.565119179
5270.00000000	-0.00864524556607	-0.00908956761955	0.0125443417686	-133.564831011
5270.00000000	-0.00864524221473	-0.00908966790064	0.0125444121223	-133.564504258
5270.00000000	-0.00864523047296	-0.00908975754851	0.0125444689892	-133.564183211
5270.00000000	-0.00864521203984	-0.00908982458913	0.0125445048637	-133.563911182
5270.00000000	-0.00864518260163	-0.00908986359988	0.0125445128435	-133.563690961
5270.00000000	-0.00864514507135	-0.00908988159439	0.0125445000181	-133.563510111
5270.00000000	-0.00864510559248	-0.00908988194998	0.0125444730686	-133.563378332
5270.00000000	-0.00864506696621	-0.00908987361005	0.0125444404059	-133.563276746
5270.00000000	-0.00864502496695	-0.00908986494508	0.0125444051831	-133.563165018
5270.00000000	-0.00864497399654	-0.00908985608526	0.0125443636368	-133.563024212
5270.00000000	-0.00864492435619	-0.00908985260802	0.0125443269074	-133.562870865
5270.00000000	-0.00864489498311	-0.00908986553323	0.0125443160308	-133.562732965
5270.00000000	-0.00864490437034	-0.00908990504100	0.0125443511282	-133.562639677
5270.00000000	-0.00864495805389	-0.00908996990248	0.0125444351240	-133.562613191
5270.00000000	-0.00864504199953	-0.00909004168246	0.0125445449883	-133.562665085
5270.00000000	-0.00864513178617	-0.00909010341766	0.0125446515991	-133.562767926
5270.00000000	-0.00864520003233	-0.00909015055014	0.0125447327841	-133.562845439
5270.00000000	-0.00864521618263	-0.00909017160972	0.0125447591742	-133.562832603
5270.00000000	-0.00864516970308	-0.00909016340745	0.0125447211993	-133.562704593
5270.00000000	-0.00864507548647	-0.00909014165222	0.0125446405060	-133.562461251
5270.00000000	-0.00864494509201	-0.00909011708644	0.0125445328446	-133.562107015
5270.00000000	-0.00864477844616	-0.00909009310965	0.0125444006284	-133.561630938
5270.00000000	-0.00864458379527	-0.00909008163805	0.0125442581758	-133.561022799
5270.00000000	-0.00864440067305	-0.00909011056551	0.0125441529443	-133.560325646
5270.00000000	-0.00864426813996	-0.00909019627840	0.0125441237261	-133.559617192
5270.00000000	-0.00864419613927	-0.00909031819923	0.0125441624614	-133.558995129
5270.00000000	-0.00864416619678	-0.00909043687309	0.0125442278272	-133.558522499
5270.00000000	-0.00864415213133	-0.00909053938544	0.0125442924228	-133.558153294
5270.00000000	-0.00864413986175	-0.00909065035171	0.0125443643827	-133.557763429
5270.00000000	-0.00864412737156	-0.00909078855393	0.0125444559287	-133.557287117
5270.00000000	-0.00864410680160	-0.00909094635740	0.0125445561129	-133.556722379
5270.00000000	-0.00864406139103	-0.00909110341122	0.0125446386383	-133.556077788
5270.00000000	-0.00864398398212	-0.00909122287108	0.0125446718719	-133.555445606
5270.00000000	-0.00864389196282	-0.00909127566321	0.0125446467248	-133.554974877
5270.00000000	-0.00864380766697	-0.00909126918845	0.0125445839485	-133.554716232
5270.00000000	-0.00864374168258	-0.00909122858486	0.0125445090561	-133.554625604
5270.00000000	-0.00864369523090	-0.00909118396211	0.0125444447098	-133.554612280
5270.00000000	-0.00864366466951	-0.00909115892958	0.0125444055101	-133.554589900
5270.00000000	-0.00864363498271	-0.00909116067151	0.0125443863170	-133.554486152
5270.00000000	-0.00864360139146	-0.00909119024441	0.0125443846033	-133.554281890
5270.00000000	-0.00864357136879	-0.00909124591838	0.0125444042647	-133.554007297
5270.00000000	-0.00864354277735	-0.00909132831140	0.0125444442766	-133.553653354
5270.00000000	-0.00864349690697	-0.00909143389687	0.0125444891917	-133.553169229
5270.00000000	-0.00864343310031	-0.00909155910133	0.0125445359680	-133.552563994
5270.00000000	-0.00864337644559	-0.00909170084156	0.0125445996577	-133.551930401
5270.00000000	-0.00864333313730	-0.00909184879810	0.0125446770500	-133.551321431
5270.00000000	-0.00864327850695	-0.00909199602342	0.0125447461130	-133.550677291
5270.00000000	-0.00864317865598	-0.00909213733412	0.0125447797343	-133.549902078
5270.00000000	-0.00864302635719	-0.00909226855438	0.0125447699093	-133.548985003
5270.00000000	-0.00864285075663	-0.00909240601304	0.0125447485550	-133.547971159
5270.00000000	-0.00864269341600	-0.00909257619876	0.0125447635057	-133.546914780
5270.00000000	-0.00864258134258	-0.00909277725660	0.0125448320236	-133.545911118
5270.00000000	-0.00864250936794	-0.00909297794163	0.0125449279002	-133.545041387
5270.00000000	-0.00864244573112	-0.00909314540025	0.0125450054398	-133.544303815
5270.00000000	-0.00864235114967	-0.00909326046297	0.0125450236844	-133.543628667
5270.00000000	-0.00864221162876	-0.00909333103437	0.0125449787221	-133.542944730
5270.00000000	-0.00864205387504	-0.00909338322197	0.0125449078753	-133.542258267
5270.00000000	-0.00864192619103	-0.00909343696331	0.0125448588711	-133.541666460
5270.00000000	-0.00864185750021	-0.00909348851238	0.0125448489181	-133.541276856
5270.00000000	-0.00864183416542	-0.00909352093331	0.0125448563446	-133.541097595
5270.00000000	-0.00864182197043	-0.00909352392305	0.0125448501110	-133.541047814
5270.00000000	-0.00864179565143	-0.00909349900525	0.0125448139181	-133.541039077
5270.00000000	-0.00864174407676	-0.00909346255987	0.0125447519711	-133.540982994
5270.00000000	-0.00864167480893	-0.00909345057755	0.0125446955686	-133.540791364
5270.00000000	-0.00864159325453	-0.00909348532026	0.0125446645729	-133.540412043
5270.00000000	-0.00864148295679	-0.00909356088824	0.0125446433716	-133.539809108
5270.00000000	-0.00864133810941	-0.00909367209804	0.0125446242091	-133.538979644
5270.00000000	-0.00864117698323	-0.00909382496122	0.0125446240311	-133.537965230
5270.00000000	-0.00864102501790	-0.00909401884903	0.0125446599072	-133.536852081
5270.00000000	-0.00864088994264	-0.00909423159588	0.0125447210938	-133.535735531
5270.00000000	-0.00864075589042	-0.00909443080831	0.0125447731779	-133.534664958
5270.00000000	-0.00864061510101	-0.00909461423271	0.0125448091801	-133.533621753
5270.00000000	-0.00864046987060	-0.00909480769183	0.0125448494027	-133.532532282
5270.00000000	-0.00864032125744	-0.00909502168197	0.0125449021848	-133.531367033
5270.00000000	-0.00864016723008	-0.00909524426772	0.0125449574751	-133.530156826
5270.00000000	-0.00864000308912	-0.00909545699838	0.0125449986604	-133.528944140
5274.00000000	0.00193109954729	0.00726540430934	0.00751766221905	75.1152833275
5274.00000000	0.00193110117775	0.00726540852184	0.00751766670902	75.1152795651
5274.00000000	0.00193110909536	0.00726542407268	0.00751768377188	75.1152516910
5274.00000000	0.00193112195340	0.00726544601028	0.00751770827628	75.1151999311
5274.00000000	0.00193113507029	0.00726547541503	0.00751774006375	75.1151608840
5274.00000000	0.00193114416462	0.00726552113310	0.00751778658383	75.1151834033
5274.00000000	0.00193114978400	0.00726558863067	0.00751785325997	75.1152741556
5274.00000000	0.00193115981075	0.00726566612594	0.00751793073048	75.1153520163
5274.00000000	0.00193117417862	0.00726572935503	0.00751799552865	75.1153699729
5274.00000000	0.00193117531719	0.00726575898844	0.00751802446017	75.1154195991
5274.00000000	0.00193114952086	0.00726575170183	0.00751801079173	75.1155953350
5274.00000000	0.00193110946692	0.00726571904430	0.00751796894141	75.1158264186
5274.00000000	0.00193107237413	0.00726567585021	0.00751791766877	75.1160150679
5274.00000000	0.00193104441193	0.00726564167539	0.00751787745817	75.1161541239
5274.00000000	0.00193102711310	0.00726562799835	0.00751785979664	75.1162547655
5274.00000000	0.00193101842241	0.00726562992593	0.00751785942728	75.1163225510
5274.00000000	0.00193101357403	0.00726564090355	0.00751786879125	75.1163797517
5274.00000000	0.00193101218685	0.00726566063054	0.00751788750008	75.1164285861
5274.00000000	0.00193102342090	0.00726569131486	0.00751792004047	75.1164059076
5274.00000000	0.00193106077074	0.00726573596260	0.00751797278384	75.1162182080
5274.00000000	0.00193112544757	0.00726578626992	0.00751803801629	75.1158403158
5274.00000000	0.00193119654203	0.00726582801347	0.00751809662117	75.1153983974
5274.00000000	0.00193124543333	0.00726586213615	0.00751814215782	75.1151050988
5274.00000000	0.00193126087546	0.00726590181501	0.00751818447196	75.1150690416
5274.00000000	0.00193125318719	0.00726595375297	0.00751823269215	75.1152273435
5274.00000000	0.00193123150928	0.00726600440293	0.00751827607407	75.1154861576
5274.00000000	0.00193120094134	0.00726603129196	0.00751829420890	75.1157639320
5274.00000000	0.00193116615928	0.00726602495937	0.00751827915449	75.1160077110
5274.00000000	0.00193112891056	0.00726599708544	0.00751824264804	75.1162274915
5274.00000000	0.00193109182319	0.00726597100745	0.00751820791883	75.1164496012
5274.00000000	0.00193105933550	0.00726596014768	0.00751818907882	75.1166676240
5274.00000000	0.00193103603813	0.00726597402642	0.00751819650801	75.1168663825
5274.00000000	0.00193102216368	0.00726601621124	0.00751823371402	75.1170511444
5274.00000000	0.00193100845977	0.00726606696063	0.00751827924116	75.1172514125
5274.00000000	0.00193098179253	0.00726609234685	0.00751829692657	75.1174975116
5274.00000000	0.00193093704618	0.00726608203009	0.00751827546345	75.1178068851
5274.00000000	0.00193088371711	0.00726606311795	0.00751824348921	75.1181626512
5274.00000000	0.00193083416313	0.00726606043968	0.00751822817415	75.1185223886
5274.00000000	0.00193079993174	0.00726607409837	0.00751823258349	75.1188012459
5274.00000000	0.00193079072237	0.00726609053673	0.00751824610541	75.1189012482
5274.00000000	0.00193079951083	0.00726610137296	0.00751825883521	75.1188577268
5274.00000000	0.00193080896036	0.00726610425995	0.00751826405215	75.1187937787
5274.00000000	0.00193080865180	0.00726610047595	0.00751826031583	75.1187886454
5274.00000000	0.00193079638812	0.00726608927538	0.00751824634141	75.1188570497
5274.00000000	0.00193076922621	0.00726606322598	0.00751821419014	75.1190061230
5274.00000000	0.00193072049147	0.00726601354476	0.00751815365957	75.1192678392
5274.00000000	0.00193065503794	0.00726594284022	0.00751806851744	75.1196115567
5274.00000000	0.00193058470854	0.00726587228437	0.00751798226718	75.1199914866
5274.00000000	0.00193052097242	0.00726583037692	0.00751792539808	75.1203789277
5274.00000000	0.00193047007139	0.00726583499340	0.00751791678910	75.1207628826
5274.00000000	0.00193043054461	0.00726588141657	0.00751795150604	75.1211448727
5274.00000000	0.00193039930342	0.00726594889250	0.00751800869772	75.1215070285
5274.00000000	0.00193037519188	0.00726602774669	0.00751807871714	75.1218389300
5274.00000000	0.00193034924544	0.00726611924443	0.00751816048536	75.1222090807
5274.00000000	0.00193030395429	0.00726621088497	0.00751823742515	75.1227219849
5274.00000000	0.00193023312079	0.00726628271913	0.00751828866531	75.1233842553
5274.00000000	0.00193014786558	0.00726633202619	0.00751831443197	75.1241086649
5274.00000000	0.00193006064759	0.00726636751248	0.00751832633834	75.1248204878
5274.00000000	0.00192998088330	0.00726639488180	0.00751833231429	75.1254615294
5274.00000000	0.00192991828395	0.00726641524774	0.00751833592860	75.1259624425
5274.00000000	0.00192987284527	0.00726642414625	0.00751833286522	75.1263145265
5274.00000000	0.00192983448440	0.00726641759836	0.00751831668999	75.1265842639
5274.00000000	0.00192979567909	0.00726639655899	0.00751828639489	75.1268289290
5274.00000000	0.00192975930332	0.00726637293642	0.00751825422687	75.1270506482
5274.00000000	0.00192973270064	0.00726636548118	0.00751824019316	75.1272320091
5274.00000000	0.00192971826260	0.00726638201468	0.00751825246691	75.1273706945
5274.00000000	0.00192971745471	0.00726640900278	0.00751827834352	75.1274294353
5274.00000000	0.00192972824325	0.00726642792105	0.00751829939711	75.1273869768
5274.00000000	0.00192973679092	0.00726644120145	0.00751831442655	75.1273499959
5274.00000000	0.00192973171924	0.00726645850350	0.00751832984720	75.1274211949
5274.00000000	0.00192971327352	0.00726647529635	0.00751834134304	75.1275899041
5274.00000000	0.00192968182955	0.00726648460775	0.00751834227194	75.1278397180
5274.00000000	0.00192963536679	0.00726649384850	0.00751833927799	75.1282000147
5274.00000000	0.00192957391990	0.00726652220584	0.00751835091494	75.1287080676
5274.00000000	0.00192949812537	0.00726658593793	0.00751839306029	75.1293909821
5274.00000000	0.00192941364875	0.00726667591693	0.00751845834660	75.1301891666
5274.00000000	0.00192933158520	0.00726675981042	0.00751851837186	75.1309576637
5274.00000000	0.00192924824771	0.00726680709380	0.00751854268723	75.1316639431
5274.00000000	0.00192914878424	0.00726680771485	0.00751851776591	75.1323977526
5274.00000000	0.00192902420296	0.00726677697619	0.00751845609133	75.1332552575
5274.00000000	0.00192887714964	0.00726674721720	0.00751838959998	75.1342802137
5274.00000000	0.00192872227620	0.00726673813647	0.00751834109114	75.1354032155
5274.00000000	0.00192857911753	0.00726674594635	0.00751831191567	75.1364729617
5274.00000000	0.00192845400521	0.00726676349934	0.00751829678887	75.1374288341
5274.00000000	0.00192834035650	0.00726678926866	0.00751829254590	75.1383163304
5274.00000000	0.00192823771598	0.00726681708114	0.00751829310283	75.1391267353
5274.00000000	0.00192815457836	0.00726683445931	0.00751828857767	75.1397730890
5274.00000000	0.00192809452365	0.00726683927944	0.00751827783507	75.1402248715
5274.00000000	0.00192805031914	0.00726683730489	0.00751826459024	75.1405466232
5274.00000000	0.00192800586918	0.00726682631870	0.00751824257242	75.1408525724
5274.00000000	0.00192794775457	0.00726680724187	0.00751820923058	75.1412433668
5274.00000000	0.00192787946001	0.00726679517533	0.00751818005455	75.1417228515
5274.00000000	0.00192781738488	0.00726680043524	0.00751816922097	75.1421903855
5274.00000000	0.00192777717180	0.00726681792056	0.00751817581030	75.1425207711
5274.00000000	0.00192775636941	0.00726683886606	0.00751819072151	75.1427149350
5274.00000000	0.00192774151994	0.00726686305898	0.00751821029805	75.1428715938
5274.00000000	0.00192771739217	0.00726689636099	0.00751823630019	75.1431143966
5274.00000000	0.00192767319649	0.00726693905109	0.00751826623130	75.1435233646
5274.00000000	0.00192760641937	0.00726698508734	0.00751829360744	75.1441052047
5274.00000000	0.00192751762858	0.00726703460736	0.00751831870787	75.1448560023
