DevNumber	X [V]	Y [V]	R [V]	Theta [°]
4253.00000000	-0.00641675647432	0.103342943450	0.103541966007	93.5530405718
4253.00000000	-0.00641664480638	0.103342477049	0.103541493582	93.5529948922
4253.00000000	-0.00641653147367	0.103341929397	0.103540939959	93.5529510792
4253.00000000	-0.00641651169491	0.103341490765	0.103540500944	93.5529551972
4253.00000000	-0.00641662355604	0.103341375445	0.103540392778	93.5530209330
4253.00000000	-0.00641680795497	0.103341617107	0.103540645404	93.5531144894
4253.00000000	-0.00641694547464	0.103342108429	0.103541144304	93.5531735920
4253.00000000	-0.00641694985276	0.103342595983	0.103541631192	93.5531592897
4253.00000000	-0.00641684266915	0.103342756368	0.103541784626	93.5530945924
4253.00000000	-0.00641671453586	0.103342532340	0.103541553088	93.5530315075
4253.00000000	-0.00641662095104	0.103342229668	0.103541245199	93.5529902004
4253.00000000	-0.00641656438928	0.103342213255	0.103541225312	93.5529595242
4253.00000000	-0.00641652981336	0.103342568883	0.103541578113	93.5529282328
4253.00000000	-0.00641652568238	0.103343041318	0.103542049384	93.5529097506
4253.00000000	-0.00641659538579	0.103343366860	0.103542378620	93.5529370839
4253.00000000	-0.00641672498035	0.103343556040	0.103542575468	93.5530021705
4253.00000000	-0.00641682663140	0.103343683738	0.103542709220	93.5530539323
4253.00000000	-0.00641683053009	0.103343709850	0.103542735523	93.5530551901
4253.00000000	-0.00641674312046	0.103343556519	0.103542577070	93.5530121727
4253.00000000	-0.00641662697338	0.103343234423	0.103542248395	93.5529590710
4253.00000000	-0.00641656263969	0.103342813487	0.103541824281	93.5529379746
4253.00000000	-0.00641660140248	0.103342501221	0.103541515018	93.5529700915
4253.00000000	-0.00641671886433	0.103342549578	0.103541570561	93.5530333070
4253.00000000	-0.00641682984238	0.103342960993	0.103541988063	93.5530804909
4253.00000000	-0.00641686284116	0.103343470102	0.103542498239	93.5530812569
4253.00000000	-0.00641680286808	0.103343852288	0.103542875973	93.5530350280
4253.00000000	-0.00641669763619	0.103344082397	0.103543099118	93.5529690187
4253.00000000	-0.00641662217462	0.103344256445	0.103543268156	93.5529213737
4253.00000000	-0.00641666947830	0.103344405792	0.103543420147	93.5529423776
4253.00000000	-0.00641690330792	0.103344408446	0.103543437286	93.5530714276
4253.00000000	-0.00641726472763	0.103344115554	0.103543167357	93.5532810794
4253.00000000	-0.00641760989149	0.103343540336	0.103542614638	93.5534914374
4253.00000000	-0.00641784784929	0.103342873083	0.103541963416	93.5536457452
4253.00000000	-0.00641794915649	0.103342318361	0.103541416040	93.5537207232
4253.00000000	-0.00641788598075	0.103342001629	0.103541096001	93.5536966952
4253.00000000	-0.00641771580791	0.103342031730	0.103541115497	93.5536016765
4253.00000000	-0.00641756726744	0.103342493996	0.103541567667	93.5535037831
4253.00000000	-0.00641749985515	0.103343163671	0.103542231876	93.5534435837
4253.00000000	-0.00641749804779	0.103343637638	0.103542704820	93.5534263301
4253.00000000	-0.00641755379491	0.103343704636	0.103542775145	93.5534548208
4253.00000000	-0.00641763571232	0.103343436370	0.103542512471	93.5535092638
4253.00000000	-0.00641765921918	0.103343051148	0.103542129447	93.5535354586
4253.00000000	-0.00641757322135	0.103342692795	0.103541766453	93.5535002531
4253.00000000	-0.00641741118498	0.103342338171	0.103541402468	93.5534229237
4253.00000000	-0.00641728938465	0.103341941722	0.103540999232	93.5533692504
4253.00000000	-0.00641730395913	0.103341498277	0.103540557543	93.5533925086
4253.00000000	-0.00641741265322	0.103341063509	0.103540130348	93.5534674520
4253.00000000	-0.00641751997843	0.103340789312	0.103539863330	93.5535361327
4253.00000000	-0.00641756757658	0.103340819386	0.103539896296	93.5535613899
4253.00000000	-0.00641753398432	0.103341106735	0.103540181011	93.5535329811
4253.00000000	-0.00641743249687	0.103341384469	0.103540451920	93.5534674036
4253.00000000	-0.00641732688903	0.103341417257	0.103540478099	93.5534079516
4253.00000000	-0.00641728478470	0.103341152056	0.103540210799	93.5533937929
4253.00000000	-0.00641732638937	0.103340707260	0.103539769437	93.5534320266
4253.00000000	-0.00641742747956	0.103340363048	0.103539432152	93.5534996651
4253.00000000	-0.00641753970255	0.103340355381	0.103539431455	93.5535619097
4253.00000000	-0.00641762627004	0.103340711087	0.103539791843	93.5535975212
4253.00000000	-0.00641763008573	0.103341286561	0.103540366448	93.5535798904
4253.00000000	-0.00641752494246	0.103341851262	0.103540923546	93.5535024514
4253.00000000	-0.00641737588050	0.103342240586	0.103541302882	93.5534067720
4253.00000000	-0.00641725548870	0.103342493452	0.103541547800	93.5533316076
4253.00000000	-0.00641717762212	0.103342715215	0.103541764311	93.5532809967
4253.00000000	-0.00641713117451	0.103342842136	0.103541888110	93.5532509911
4253.00000000	-0.00641713046856	0.103342730135	0.103541776280	93.5532544423
4253.00000000	-0.00641718811275	0.103342323017	0.103541373517	93.5533002412
4253.00000000	-0.00641728144671	0.103341707805	0.103540765273	93.5533728889
4253.00000000	-0.00641736496280	0.103341024998	0.103540088955	93.5534424333
4253.00000000	-0.00641741526718	0.103340419751	0.103539487989	93.5534909753
4253.00000000	-0.00641744820690	0.103340050707	0.103539121696	93.5535218258
4253.00000000	-0.00641748135685	0.103339988855	0.103539062017	93.5535422563
4253.00000000	-0.00641752616782	0.103340227363	0.103539302844	93.5535588253
4253.00000000	-0.00641757263900	0.103340670253	0.103539747764	93.5535693010
4253.00000000	-0.00641755931141	0.103341121845	0.103540197661	93.5535464511
4253.00000000	-0.00641746015461	0.103341371715	0.103540440905	93.5534831164
4253.00000000	-0.00641734737507	0.103341324126	0.103540386417	93.5534224602
4253.00000000	-0.00641729660885	0.103341106606	0.103540166169	93.5534018822
4253.00000000	-0.00641731524234	0.103340921360	0.103539982434	93.5534185270
4253.00000000	-0.00641738678628	0.103340850767	0.103539916411	93.5534604622
4253.00000000	-0.00641751018475	0.103340879517	0.103539952754	93.5535276297
4253.00000000	-0.00641762472175	0.103340952205	0.103540032402	93.5535883959
4253.00000000	-0.00641763253391	0.103341101765	0.103540182158	93.5535875809
4253.00000000	-0.00641751070555	0.103341431456	0.103540503664	93.5535089868
4253.00000000	-0.00641729551951	0.103341888999	0.103540946990	93.5533744469
4253.00000000	-0.00641702058141	0.103342210302	0.103541250636	93.5532115796
4253.00000000	-0.00641671343633	0.103342250350	0.103541271572	93.5530405706
4253.00000000	-0.00641645554444	0.103342113586	0.103541119089	93.5529028273
4253.00000000	-0.00641634480978	0.103342027543	0.103541026349	93.5528446191
4253.00000000	-0.00641639627199	0.103342125952	0.103541127758	93.5528696671
4253.00000000	-0.00641654590455	0.103342296381	0.103541307132	93.5529464646
4253.00000000	-0.00641669106485	0.103342377967	0.103541397557	93.5530238385
4253.00000000	-0.00641678110686	0.103342459395	0.103541484409	93.5530707760
4253.00000000	-0.00641681984423	0.103342706400	0.103541733340	93.5530836998
4253.00000000	-0.00641679886869	0.103343040854	0.103542065851	93.5530606456
4253.00000000	-0.00641675162064	0.103343265055	0.103542286693	93.5530268623
4253.00000000	-0.00641677252807	0.103343279353	0.103542302259	93.5530379190
4253.00000000	-0.00641690968804	0.103343152447	0.103542184097	93.5531180235
4253.00000000	-0.00641713248352	0.103343023584	0.103542069289	93.5532454913
4253.00000000	-0.00641735945356	0.103342922314	0.103541982282	93.5533743186
4253.00000000	-0.00641749289412	0.103342858186	0.103541926547	93.5534502164
4253.00000000	-0.00641753012791	0.103342872325	0.103541942967	93.5534702955
5260.00000000	-0.0131911624652	0.0889187248629	0.0898918594669	98.4383294698
5260.00000000	-0.0131910514389	0.0889184403866	0.0898915617778	98.4382860771
5260.00000000	-0.0131909702686	0.0889181887034	0.0898913009079	98.4382584409
5260.00000000	-0.0131909768743	0.0889181500969	0.0898912636887	98.4382662166
5260.00000000	-0.0131910864580	0.0889184601904	0.0898915865060	98.4383063039
5260.00000000	-0.0131912531664	0.0889190841785	0.0898922282027	98.4383530477
5260.00000000	-0.0131913898942	0.0889198081029	0.0898929643542	98.4383715413
5260.00000000	-0.0131914339850	0.0889203381307	0.0898934951143	98.4383497649
5260.00000000	-0.0131913978313	0.0889204496447	0.0898936001157	98.4383165409
5260.00000000	-0.0131913438482	0.0889201903967	0.0898933357525	98.4383067538
5260.00000000	-0.0131913090635	0.0889198444902	0.0898929884861	98.4383171760
5260.00000000	-0.0131912689102	0.0889197020899	0.0898928417351	98.4383051791
5260.00000000	-0.0131912011546	0.0889197893968	0.0898929181541	98.4382542947
5260.00000000	-0.0131911453315	0.0889199216689	0.0898930408027	98.4382067280
5260.00000000	-0.0131911319187	0.0889200107354	0.0898931269368	98.4381899411
5260.00000000	-0.0131911441438	0.0889201601563	0.0898932765342	98.4381836734
5260.00000000	-0.0131911659200	0.0889204105245	0.0898935273876	98.4381739859
5260.00000000	-0.0131911966240	0.0889206271287	0.0898937461525	98.4381730850
5260.00000000	-0.0131912280101	0.0889206674646	0.0898937906575	98.4381891005
5260.00000000	-0.0131912312396	0.0889204889615	0.0898936145606	98.4382078320
5260.00000000	-0.0131911988186	0.0889201874350	0.0898933115407	98.4382155932
5260.00000000	-0.0131911680751	0.0889200365968	0.0898931578239	98.4382103181
5260.00000000	-0.0131911905367	0.0889202301647	0.0898933525925	98.4382063751
5260.00000000	-0.0131912704888	0.0889206764198	0.0898938057491	98.4382150446
5260.00000000	-0.0131913556420	0.0889211712240	0.0898943076926	98.4382224524
5260.00000000	-0.0131913926666	0.0889215372609	0.0898946752000	98.4382115601
5260.00000000	-0.0131913762900	0.0889216394385	0.0898947738684	98.4381916787
5260.00000000	-0.0131913517490	0.0889214784700	0.0898946110413	98.4381912615
5260.00000000	-0.0131913647271	0.0889211429978	0.0898942811051	98.4382308202
5260.00000000	-0.0131914024197	0.0889206596279	0.0898938084990	98.4382997939
5260.00000000	-0.0131914352561	0.0889199647769	0.0898931259888	98.4383854868
5260.00000000	-0.0131914396040	0.0889190252726	0.0898921972935	98.4384761031
5260.00000000	-0.0131914141038	0.0889179857506	0.0898911652834	98.4385572575
5260.00000000	-0.0131913725075	0.0889170898481	0.0898902729760	98.4386148314
5260.00000000	-0.0131913266059	0.0889165280332	0.0898897105074	98.4386384417
5260.00000000	-0.0131913118673	0.0889164663920	0.0898896473707	98.4386349148
5260.00000000	-0.0131913760532	0.0889169992827	0.0898901839114	98.4386255383
5260.00000000	-0.0131914852828	0.0889179282858	0.0898911188862	98.4386075102
5260.00000000	-0.0131915745011	0.0889187836780	0.0898919781104	98.4385837510
5260.00000000	-0.0131916487160	0.0889191519002	0.0898923532371	98.4385961004
5260.00000000	-0.0131917222945	0.0889189648962	0.0898921790553	98.4386599819
5260.00000000	-0.0131917622618	0.0889184729892	0.0898916983392	98.4387311922
5260.00000000	-0.0131917278792	0.0889180388892	0.0898912638933	98.4387501192
5260.00000000	-0.0131916148524	0.0889178247492	0.0898910354848	98.4386988872
5260.00000000	-0.0131914488889	0.0889177090591	0.0898908966921	98.4386050700
5260.00000000	-0.0131912662051	0.0889175028639	0.0898906659205	98.4385091760
5260.00000000	-0.0131911183807	0.0889172159720	0.0898903604417	98.4384428082
5260.00000000	-0.0131910720541	0.0889170867491	0.0898902258195	98.4384256864
5260.00000000	-0.0131911218247	0.0889172868161	0.0898904310243	98.4384383532
5260.00000000	-0.0131911655792	0.0889176758267	0.0898908222444	98.4384295538
5260.00000000	-0.0131911071597	0.0889179298339	0.0898910649288	98.4383689623
5260.00000000	-0.0131909859137	0.0889178990741	0.0898910167099	98.4382953949
5260.00000000	-0.0131909257844	0.0889176772146	0.0898907884285	98.4382782351
5260.00000000	-0.0131909795242	0.0889174021284	0.0898905242062	98.4383378477
5260.00000000	-0.0131911120037	0.0889172299920	0.0898903733741	98.4384374762
5260.00000000	-0.0131912367292	0.0889172735303	0.0898904347443	98.4385120426
5260.00000000	-0.0131912816782	0.0889174965214	0.0898906619174	98.4385195249
5260.00000000	-0.0131912267142	0.0889177441254	0.0898908987749	98.4384617106
5260.00000000	-0.0131911133931	0.0889179152879	0.0898910514551	98.4383742530
5260.00000000	-0.0131910059250	0.0889180497466	0.0898911686878	98.4382939189
5260.00000000	-0.0131909242374	0.0889182348475	0.0898913397978	98.4382251027
5260.00000000	-0.0131908708447	0.0889184542468	0.0898915489870	98.4381709183
5260.00000000	-0.0131908480101	0.0889185972470	0.0898916870884	98.4381431464
5260.00000000	-0.0131908677103	0.0889186310993	0.0898917234651	98.4381524008
5260.00000000	-0.0131909243603	0.0889185244628	0.0898916262959	98.4381980918
5260.00000000	-0.0131909852740	0.0889181944673	0.0898913088114	98.4382673624
5260.00000000	-0.0131910326421	0.0889176322079	0.0898907595898	98.4383498178
5260.00000000	-0.0131910747570	0.0889169519494	0.0898900928758	98.4384399992
5260.00000000	-0.0131911317779	0.0889164042245	0.0898895594482	98.4385271833
5260.00000000	-0.0131912195646	0.0889162073811	0.0898893776185	98.4386009453
5260.00000000	-0.0131913420610	0.0889163990050	0.0898895851442	98.4386602553
5260.00000000	-0.0131914665686	0.0889168690707	0.0898900683923	98.4386947878
5260.00000000	-0.0131915165246	0.0889173594618	0.0898905608052	98.4386804143
5260.00000000	-0.0131914430494	0.0889176435639	0.0898908310490	98.4386075145
5260.00000000	-0.0131912783208	0.0889176782036	0.0898908411400	98.4385004142
5260.00000000	-0.0131911129929	0.0889175752983	0.0898907150874	98.4384058015
5260.00000000	-0.0131910234735	0.0889175217583	0.0898906489904	98.4383543679
5260.00000000	-0.0131910443956	0.0889176598308	0.0898907886384	98.4383546446
5260.00000000	-0.0131911625560	0.0889179671574	0.0898911099775	98.4384003982
5260.00000000	-0.0131913158156	0.0889182988239	0.0898914605437	98.4384660043
5260.00000000	-0.0131914250732	0.0889186073674	0.0898917817802	98.4385060302
5260.00000000	-0.0131914432246	0.0889189556996	0.0898921290050	98.4384848933
5260.00000000	-0.0131913807437	0.0889193478223	0.0898925077138	98.4384088234
5260.00000000	-0.0131912714273	0.0889196960871	0.0898928361667	98.4383073275
5260.00000000	-0.0131911350990	0.0889199929354	0.0898931097962	98.4381936111
5260.00000000	-0.0131910194362	0.0889202858576	0.0898933825750	98.4380932915
5260.00000000	-0.0131909901459	0.0889205787259	0.0898936679748	98.4380474333
5260.00000000	-0.0131910480020	0.0889208001473	0.0898938954893	98.4380632009
5260.00000000	-0.0131911177234	0.0889208132421	0.0898939186733	98.4381059335
5260.00000000	-0.0131911409868	0.0889206009465	0.0898937120894	98.4381404561
5260.00000000	-0.0131911408384	0.0889203204731	0.0898934346304	98.4381665950
5260.00000000	-0.0131911534104	0.0889201302443	0.0898932483058	98.4381923135
5260.00000000	-0.0131911622570	0.0889200705081	0.0898931905144	98.4382034782
5260.00000000	-0.0131911357023	0.0889200716591	0.0898931877562	98.4381866284
5260.00000000	-0.0131910737424	0.0889200339389	0.0898931413522	98.4381510921
5260.00000000	-0.0131910011954	0.0889199233105	0.0898930212758	98.4381156999
5260.00000000	-0.0131909727008	0.0889198125191	0.0898929075024	98.4381080969
5260.00000000	-0.0131910254077	0.0889197640500	0.0898928672922	98.4381458608
5260.00000000	-0.0131911028666	0.0889197475072	0.0898928622950	98.4381962442
5260.00000000	-0.0131911662965	0.0889197019775	0.0898928265661	98.4382404938
5270.00000000	-0.0128168220001	-0.0331660417755	0.0355563953915	-111.128731709
5270.00000000	-0.0128166011225	-0.0331660285798	0.0355563034649	-111.128407377
5270.00000000	-0.0128162591303	-0.0331659947484	0.0355561486349	-111.127912983
5270.00000000	-0.0128158157551	-0.0331660519783	0.0355560422052	-111.127213305
5270.00000000	-0.0128153120859	-0.0331662991859	0.0355560912580	-111.126312655
5270.00000000	-0.0128147784006	-0.0331667396785	0.0355563097967	-111.125254636
5270.00000000	-0.0128142150358	-0.0331672902738	0.0355566203553	-111.124088078
5270.00000000	-0.0128135973849	-0.0331678216744	0.0355568934606	-111.122851088
5270.00000000	-0.0128128865095	-0.0331682095089	0.0355569990682	-111.121557353
5270.00000000	-0.0128120738302	-0.0331684269573	0.0355569090706	-111.120209529
5270.00000000	-0.0128112291624	-0.0331685713564	0.0355567394242	-111.118856028
5270.00000000	-0.0128104534719	-0.0331687763612	0.0355566511845	-111.117571013
5270.00000000	-0.0128097881201	-0.0331690721141	0.0355566873681	-111.116399170
5270.00000000	-0.0128092251950	-0.0331693726406	0.0355567649185	-111.115378526
5270.00000000	-0.0128087780241	-0.0331696061224	0.0355568216351	-111.114570807
5270.00000000	-0.0128085210365	-0.0331697733063	0.0355568850201	-111.114087457
5270.00000000	-0.0128085322974	-0.0331698903038	0.0355569982195	-111.114036472
5270.00000000	-0.0128088060206	-0.0331699233645	0.0355571276635	-111.114428741
5270.00000000	-0.0128092715303	-0.0331698381835	0.0355572158958	-111.115177933
5270.00000000	-0.0128098569895	-0.0331696479476	0.0355572493461	-111.116168411
5270.00000000	-0.0128105156046	-0.0331693758161	0.0355572327675	-111.117316395
5270.00000000	-0.0128112392679	-0.0331690687586	0.0355572070598	-111.118582434
5270.00000000	-0.0128120325175	-0.0331687945435	0.0355572370791	-111.119934004
5270.00000000	-0.0128128821321	-0.0331685819734	0.0355573449327	-111.121334501
5270.00000000	-0.0128137554901	-0.0331684141557	0.0355575031093	-111.122744691
5270.00000000	-0.0128146093478	-0.0331682544315	0.0355576618294	-111.124120858
5270.00000000	-0.0128153648244	-0.0331680749058	0.0355577666416	-111.125360640
5270.00000000	-0.0128159263452	-0.0331678831764	0.0355577901801	-111.126315980
5270.00000000	-0.0128162437057	-0.0331676847837	0.0355577195083	-111.126908207
5270.00000000	-0.0128163318965	-0.0331674554975	0.0355575374212	-111.127173929
5270.00000000	-0.0128162613847	-0.0331671763710	0.0355572516416	-111.127230062
5270.00000000	-0.0128161349303	-0.0331668488861	0.0355569005902	-111.127230198
5270.00000000	-0.0128160495121	-0.0331664957535	0.0355565404063	-111.127306911
5270.00000000	-0.0128160899775	-0.0331661583429	0.0355562402616	-111.127563710
5270.00000000	-0.0128163169329	-0.0331658696856	0.0355560528142	-111.128072507
5270.00000000	-0.0128167596938	-0.0331656638856	0.0355560204470	-111.128857558
5270.00000000	-0.0128174237053	-0.0331655634076	0.0355561660839	-111.129913987
5270.00000000	-0.0128182879120	-0.0331654778870	0.0355563978556	-111.131262622
5270.00000000	-0.0128193165874	-0.0331652428439	0.0355565494763	-111.132945307
5270.00000000	-0.0128204661575	-0.0331647757401	0.0355565282668	-111.134944512
5270.00000000	-0.0128217048425	-0.0331641274592	0.0355563702478	-111.137182936
5270.00000000	-0.0128230484206	-0.0331634191450	0.0355561941184	-111.139613918
5270.00000000	-0.0128245427491	-0.0331627372786	0.0355560970937	-111.142256124
5270.00000000	-0.0128261810677	-0.0331620987273	0.0355560924847	-111.145089573
5270.00000000	-0.0128278359908	-0.0331614894679	0.0355561212724	-111.147930947
5270.00000000	-0.0128293107216	-0.0331608788952	0.0355560839055	-111.150502276
5270.00000000	-0.0128304694545	-0.0331602674012	0.0355559317209	-111.152599249
5270.00000000	-0.0128313129515	-0.0331597334475	0.0355557381356	-111.154177397
5270.00000000	-0.0128319274047	-0.0331593754826	0.0355556260431	-111.155308998
5270.00000000	-0.0128323845325	-0.0331592195011	0.0355556455533	-111.156086700
5270.00000000	-0.0128327042414	-0.0331592100042	0.0355557520839	-111.156572690
5270.00000000	-0.0128328878269	-0.0331592714653	0.0355558756619	-111.156812839
5270.00000000	-0.0128329389420	-0.0331593344377	0.0355559528383	-111.156853031
5270.00000000	-0.0128328645325	-0.0331593582949	0.0355559482315	-111.156727332
5270.00000000	-0.0128327166460	-0.0331593846968	0.0355559194788	-111.156489731
5270.00000000	-0.0128325824738	-0.0331594761124	0.0355559563082	-111.156234929
5270.00000000	-0.0128325153533	-0.0331596265973	0.0355560724260	-111.156046541
5270.00000000	-0.0128325211759	-0.0331597876045	0.0355562246830	-111.155961653
5270.00000000	-0.0128325661513	-0.0331599186051	0.0355563630863	-111.155953056
5270.00000000	-0.0128326068079	-0.0331600035454	0.0355564569751	-111.155964756
5270.00000000	-0.0128326455625	-0.0331600637316	0.0355565270916	-111.155987994
5270.00000000	-0.0128327030324	-0.0331601188243	0.0355565992125	-111.156042320
5270.00000000	-0.0128327763591	-0.0331601510033	0.0355566556870	-111.156133800
5270.00000000	-0.0128328464120	-0.0331601478546	0.0355566780335	-111.156240905
5270.00000000	-0.0128328874598	-0.0331600842372	0.0355566335186	-111.156339590
5270.00000000	-0.0128328771271	-0.0331599274345	0.0355564835554	-111.156415255
5270.00000000	-0.0128328163248	-0.0331596877538	0.0355562380849	-111.156463275
5270.00000000	-0.0128327223166	-0.0331594230393	0.0355559572837	-111.156475954
5270.00000000	-0.0128326253366	-0.0331592146665	0.0355557279539	-111.156451398
5270.00000000	-0.0128325618609	-0.0331591261068	0.0355556224539	-111.156407511
5270.00000000	-0.0128325401227	-0.0331591840119	0.0355556686105	-111.156341165
5270.00000000	-0.0128325443256	-0.0331593535322	0.0355558282219	-111.156248890
5270.00000000	-0.0128325713949	-0.0331595201704	0.0355559933983	-111.156192656
5270.00000000	-0.0128326145494	-0.0331595715864	0.0355560569238	-111.156227607
5270.00000000	-0.0128326474528	-0.0331595007014	0.0355560026917	-111.156318280
5270.00000000	-0.0128326510486	-0.0331593948097	0.0355559052350	-111.156385269
5270.00000000	-0.0128326386556	-0.0331593496322	0.0355558586297	-111.156392919
5270.00000000	-0.0128326466542	-0.0331594050183	0.0355559131695	-111.156372728
5270.00000000	-0.0128326852434	-0.0331595234306	0.0355560375281	-111.156361853
5270.00000000	-0.0128327399126	-0.0331596487605	0.0355561741416	-111.156371121
5270.00000000	-0.0128328090931	-0.0331597676222	0.0355563099601	-111.156405957
5270.00000000	-0.0128329043273	-0.0331599003980	0.0355564681581	-111.156471855
5270.00000000	-0.0128330314407	-0.0331600478007	0.0355566515030	-111.156577152
5270.00000000	-0.0128331678761	-0.0331601543208	0.0355568000854	-111.156720235
5270.00000000	-0.0128332851807	-0.0331601674447	0.0355568546625	-111.156888884
5270.00000000	-0.0128333630357	-0.0331601103728	0.0355568295373	-111.157039075
5270.00000000	-0.0128333820245	-0.0331600683603	0.0355567972102	-111.157092044
5270.00000000	-0.0128333457528	-0.0331600940480	0.0355568080750	-111.157022597
5270.00000000	-0.0128332742980	-0.0331601471221	0.0355568317819	-111.156884349
5270.00000000	-0.0128332007522	-0.0331601726660	0.0355568290597	-111.156758971
5270.00000000	-0.0128331601558	-0.0331601743435	0.0355568159721	-111.156696988
5270.00000000	-0.0128331548543	-0.0331601481292	0.0355567896114	-111.156704267
5270.00000000	-0.0128331740527	-0.0331600862238	0.0355567388077	-111.156769121
5270.00000000	-0.0128332081768	-0.0331600143250	0.0355566840713	-111.156862217
5270.00000000	-0.0128332262477	-0.0331599585600	0.0355566385873	-111.156921806
5270.00000000	-0.0128332012044	-0.0331599196413	0.0355565932531	-111.156906806
5270.00000000	-0.0128331362199	-0.0331598837311	0.0355565363091	-111.156830033
5270.00000000	-0.0128330520655	-0.0331598425039	0.0355564674876	-111.156727545
5270.00000000	-0.0128329956257	-0.0331598119244	0.0355564185991	-111.156660512
5270.00000000	-0.0128329984355	-0.0331598254785	0.0355564322537	-111.156656852
5274.00000000	0.0140111665973	0.0490055048617	0.0509691308163	74.0442344215
5274.00000000	0.0140108382603	0.0490054961322	0.0509690321658	74.0445865976
5274.00000000	0.0140105309959	0.0490054316490	0.0509688857039	74.0448987709
5274.00000000	0.0140102188867	0.0490054066832	0.0509687759068	74.0452283934
5274.00000000	0.0140099119707	0.0490055384134	0.0509688181991	74.0456008224
5274.00000000	0.0140096322884	0.0490058549000	0.0509690456193	74.0460009028
5274.00000000	0.0140093713794	0.0490062929796	0.0509693951116	74.0464182580
5274.00000000	0.0140090573631	0.0490067209865	0.0509697203254	74.0468898949
5274.00000000	0.0140085788476	0.0490069920089	0.0509698493924	74.0474908190
5274.00000000	0.0140078955142	0.0490071059600	0.0509697711522	74.0482645870
5274.00000000	0.0140070832343	0.0490072515224	0.0509696878793	74.0491874924
5274.00000000	0.0140062251922	0.0490075838874	0.0509697716555	74.0502175662
5274.00000000	0.0140053075060	0.0490080183040	0.0509699371828	74.0513436239
5274.00000000	0.0140042684424	0.0490083580914	0.0509699783934	74.0525716377
5274.00000000	0.0140031239508	0.0490085807263	0.0509698780182	74.0538774215
5274.00000000	0.0140020008110	0.0490088384084	0.0509698172338	74.0551709548
5274.00000000	0.0140010096308	0.0490092157380	0.0509699077686	74.0563588051
5274.00000000	0.0140001434051	0.0490096315338	0.0509700696335	74.0574234684
5274.00000000	0.0139993459775	0.0490099622256	0.0509701685808	74.0583874877
5274.00000000	0.0139985921939	0.0490101712629	0.0509701625525	74.0592667714
5274.00000000	0.0139979104932	0.0490103149009	0.0509701134476	74.0600479527
5274.00000000	0.0139973786451	0.0490104902196	0.0509701359670	74.0606769414
5274.00000000	0.0139970707320	0.0490107192917	0.0509702716744	74.0610804742
5274.00000000	0.0139970264633	0.0490109256200	0.0509704579138	74.0611920151
5274.00000000	0.0139972486565	0.0490110158874	0.0509706057279	74.0609797157
5274.00000000	0.0139977312555	0.0490109620522	0.0509706864931	74.0604414672
5274.00000000	0.0139984160965	0.0490107924983	0.0509707115363	74.0596488995
5274.00000000	0.0139991842115	0.0490105137929	0.0509706545066	74.0587326260
5274.00000000	0.0139999283129	0.0490101179434	0.0509704782555	74.0578061372
5274.00000000	0.0140005889561	0.0490096421103	0.0509702021861	74.0569451525
5274.00000000	0.0140011375497	0.0490091239002	0.0509698546020	74.0561921836
5274.00000000	0.0140015915397	0.0490085666910	0.0509694435398	74.0555294158
5274.00000000	0.0140020013393	0.0490079873172	0.0509689990326	74.0549075570
5274.00000000	0.0140024155447	0.0490074640627	0.0509686097019	74.0542982566
5274.00000000	0.0140028620958	0.0490070941703	0.0509683767241	74.0537013496
5274.00000000	0.0140033701948	0.0490069591820	0.0509683865261	74.0531104624
5274.00000000	0.0140039528509	0.0490070792034	0.0509686620140	74.0525177517
5274.00000000	0.0140045674810	0.0490073069374	0.0509690498596	74.0519237574
5274.00000000	0.0140051290573	0.0490073959652	0.0509692897655	74.0513442717
5274.00000000	0.0140055780881	0.0490072138211	0.0509692380175	74.0508026733
5274.00000000	0.0140059514616	0.0490068289960	0.0509689706055	74.0502802393
5274.00000000	0.0140063882757	0.0490063938029	0.0509686722026	74.0496736702
5274.00000000	0.0140070447844	0.0490059967522	0.0509684708547	74.0488414182
5274.00000000	0.0140079963060	0.0490056061454	0.0509683567931	74.0476922840
5274.00000000	0.0140092316435	0.0490051417041	0.0509682497707	74.0462135690
5274.00000000	0.0140107026093	0.0490045562992	0.0509680912502	74.0444427909
5274.00000000	0.0140123813958	0.0490038907081	0.0509679128169	74.0424225997
5274.00000000	0.0140142580079	0.0490032760495	0.0509678378107	74.0402043223
5274.00000000	0.0140162936810	0.0490028320458	0.0509679706978	74.0378668804
5274.00000000	0.0140183950640	0.0490025517351	0.0509682791226	74.0355090436
5274.00000000	0.0140204282591	0.0490022978038	0.0509685942382	74.0332330882
5274.00000000	0.0140222723126	0.0490019586188	0.0509687754345	74.0311352104
5274.00000000	0.0140238487487	0.0490015095894	0.0509687774600	74.0292925979
5274.00000000	0.0140251256204	0.0490009641248	0.0509686043936	74.0277439058
5274.00000000	0.0140261395956	0.0490004113559	0.0509683519942	74.0264770659
5274.00000000	0.0140269818230	0.0489999914247	0.0509681800605	74.0254369250
5274.00000000	0.0140277251881	0.0489997820628	0.0509681833711	74.0245687704
5274.00000000	0.0140283829936	0.0489997539686	0.0509683374105	74.0238491681
5274.00000000	0.0140289025626	0.0489997794528	0.0509685049175	74.0232955433
5274.00000000	0.0140292382129	0.0489997476418	0.0509685667230	74.0229229571
5274.00000000	0.0140294293391	0.0489996834670	0.0509685576355	74.0226965468
5274.00000000	0.0140295486958	0.0489996519446	0.0509685601847	74.0225578022
5274.00000000	0.0140296316458	0.0489996545946	0.0509685855651	74.0224689771
5274.00000000	0.0140296811677	0.0489996870882	0.0509686304350	74.0224255126
5274.00000000	0.0140297013063	0.0489997436636	0.0509686903682	74.0224212548
5274.00000000	0.0140296863534	0.0489997503613	0.0509686926912	74.0224394871
5274.00000000	0.0140296183769	0.0489996126192	0.0509685415589	74.0224703284
5274.00000000	0.0140294968852	0.0489993491782	0.0509682548528	74.0225201097
5274.00000000	0.0140293533052	0.0489991083390	0.0509679837955	74.0226007567
5274.00000000	0.0140292263651	0.0489990279240	0.0509678715457	74.0227130615
5274.00000000	0.0140291253829	0.0489991384950	0.0509679500497	74.0228564097
5274.00000000	0.0140290382193	0.0489993559290	0.0509681350926	74.0230178894
5274.00000000	0.0140289810468	0.0489995645500	0.0509683199184	74.0231442290
5274.00000000	0.0140289802090	0.0489996990251	0.0509684489685	74.0231867436
5274.00000000	0.0140290075388	0.0489997445262	0.0509685002346	74.0231712865
5274.00000000	0.0140290117614	0.0489997534498	0.0509685099757	74.0231694843
5274.00000000	0.0140289889681	0.0489998256614	0.0509685731242	74.0232164609
5274.00000000	0.0140289697857	0.0490000178351	0.0509687525950	74.0232966532
5274.00000000	0.0140289593536	0.0490003065216	0.0509690272593	74.0233972505
5274.00000000	0.0140289490975	0.0490006460419	0.0509693508424	74.0235133848
5274.00000000	0.0140289513413	0.0490010141586	0.0509697053582	74.0236248570
5274.00000000	0.0140289876588	0.0490013924204	0.0509700790059	74.0237026432
5274.00000000	0.0140290532599	0.0490017331884	0.0509704246680	74.0237371819
5274.00000000	0.0140290961031	0.0490019330977	0.0509706286481	74.0237527331
5274.00000000	0.0140290728371	0.0490019305170	0.0509706197634	74.0237770776
5274.00000000	0.0140289807653	0.0490017964838	0.0509704655654	74.0238351087
5274.00000000	0.0140288207470	0.0490016721217	0.0509703019638	74.0239695609
5274.00000000	0.0140286117941	0.0490016599266	0.0509702327289	74.0241916004
5274.00000000	0.0140283803408	0.0490017501332	0.0509702557489	74.0244696380
5274.00000000	0.0140281623665	0.0490018611773	0.0509703025126	74.0247395552
5274.00000000	0.0140279843470	0.0490019451573	0.0509703342547	74.0249579203
5274.00000000	0.0140278354371	0.0490020071334	0.0509703528549	74.0251380194
5274.00000000	0.0140276861454	0.0490020515719	0.0509703544901	74.0253131055
5274.00000000	0.0140275013240	0.0490020566670	0.0509703085236	74.0255144167
5274.00000000	0.0140272472570	0.0490020060177	0.0509701899091	74.0257733167
5274.00000000	0.0140269509984	0.0490019564338	0.0509700607087	74.0260781441
5274.00000000	0.0140266740327	0.0490020034740	0.0509700297124	74.0263920136
5274.00000000	0.0140264331896	0.0490021648240	0.0509701185545	74.0267022065
5274.00000000	0.0140262298381	0.0490023747000	0.0509702643676	74.0269868918
5274.00000000	0.0140260450885	0.0490025727535	0.0509704039349	74.0272478153
