DevNumber	X [V]	Y [V]	R [V]	Theta [°]
4253.00000000	-0.000346390232777	0.00205264950323	0.00208167148621	99.5785756946
4253.00000000	-0.000346372186489	0.00205265559875	0.00208167449392	99.5780579981
4253.00000000	-0.000346347553990	0.00205266645635	0.00208168110170	99.5773397445
4253.00000000	-0.000346322085753	0.00205266899852	0.00208167937122	99.5766368900
4253.00000000	-0.000346300440780	0.00205265308811	0.00208166008162	99.5761222897
4253.00000000	-0.000346280310084	0.00205262985864	0.00208163382700	99.5756822903
4253.00000000	-0.000346254148860	0.00205261820448	0.00208161798344	99.5750256064
4253.00000000	-0.000346222004667	0.00205262109321	0.00208161548534	99.5741399482
4253.00000000	-0.000346193634135	0.00205262623653	0.00208161583853	99.5733463895
4253.00000000	-0.000346174875488	0.00205262613249	0.00208161261627	99.5728377300
4253.00000000	-0.000346161393957	0.00205262263879	0.00208160692926	99.5724878131
4253.00000000	-0.000346145149745	0.00205261666270	0.00208159833510	99.5720742727
4253.00000000	-0.000346125750715	0.00205260754893	0.00208158612247	99.5715894620
4253.00000000	-0.000346109670828	0.00205259984364	0.00208157585073	99.5711882879
4253.00000000	-0.000346101849567	0.00205259816601	0.00208157289601	99.5709836806
4253.00000000	-0.000346102484138	0.00205260213375	0.00208157691402	99.5709827455
4253.00000000	-0.000346107788240	0.00205260781989	0.00208158340293	99.5711006861
4253.00000000	-0.000346113172497	0.00205261406829	0.00208159045960	99.5712182282
4253.00000000	-0.000346120012262	0.00205262088014	0.00208159831391	99.5713726959
4253.00000000	-0.000346130176677	0.00205262166889	0.00208160078180	99.5716449654
4253.00000000	-0.000346138152145	0.00205261630180	0.00208159681562	99.5718859979
4253.00000000	-0.000346137491280	0.00205261381442	0.00208159425297	99.5718794455
4253.00000000	-0.000346125450871	0.00205261794705	0.00208159632597	99.5715337332
4253.00000000	-0.000346105151404	0.00205262912984	0.00208160397783	99.5709315910
4253.00000000	-0.000346085127769	0.00205264466243	0.00208161596503	99.5703170342
4253.00000000	-0.000346071425032	0.00205265901013	0.00208162783491	99.5698794648
4253.00000000	-0.000346065898596	0.00205266466718	0.00208163249447	99.5697035832
4253.00000000	-0.000346063971743	0.00205265471774	0.00208162236316	99.5696968130
4253.00000000	-0.000346057744161	0.00205263233855	0.00208159926008	99.5696301906
4253.00000000	-0.000346043725288	0.00205261388337	0.00208157873116	99.5693341386
4253.00000000	-0.000346024081130	0.00205261224453	0.00208157384955	99.5688084517
4253.00000000	-0.000346002125413	0.00205262395970	0.00208158175211	99.5681589230
4253.00000000	-0.000345975240414	0.00205263607987	0.00208158923502	99.5673737550
4253.00000000	-0.000345941403360	0.00205263783160	0.00208158533870	99.5664473283
4253.00000000	-0.000345904032502	0.00205262928642	0.00208157070194	99.5654720800
4253.00000000	-0.000345868452068	0.00205261789881	0.00208155356036	99.5645584153
4253.00000000	-0.000345834281221	0.00205261132690	0.00208154140227	99.5636609730
4253.00000000	-0.000345797472938	0.00205261807962	0.00208154194603	99.5626310012
4253.00000000	-0.000345757279709	0.00205264154084	0.00208155840457	99.5614327579
4253.00000000	-0.000345713540291	0.00205267662836	0.00208158573990	99.5600851306
4253.00000000	-0.000345666100829	0.00205270881159	0.00208160959799	99.5586503846
4253.00000000	-0.000345613878442	0.00205272529830	0.00208161718460	99.5571575834
4253.00000000	-0.000345559166846	0.00205272589932	0.00208160869414	99.5556698147
4253.00000000	-0.000345510944276	0.00205272064422	0.00208159550725	99.5543849206
4253.00000000	-0.000345474386950	0.00205272031879	0.00208158911872	99.5533941244
4253.00000000	-0.000345444845996	0.00205272978006	0.00208159354620	99.5525490664
4253.00000000	-0.000345411316326	0.00205274399912	0.00208160200407	99.5515740145
4253.00000000	-0.000345365741455	0.00205275494208	0.00208160523338	99.5502869856
4253.00000000	-0.000345312915661	0.00205275867174	0.00208160014751	99.5488360822
4253.00000000	-0.000345264326351	0.00205275783211	0.00208159125967	99.5475210262
4253.00000000	-0.000345226756565	0.00205276254237	0.00208158967350	99.5464797370
4253.00000000	-0.000345195631546	0.00205278154237	0.00208160324864	99.5455481568
4253.00000000	-0.000345162577327	0.00205281451319	0.00208163028186	99.5445004608
4253.00000000	-0.000345124733978	0.00205285187630	0.00208166085327	99.5433027565
4253.00000000	-0.000345091504013	0.00205288363022	0.00208168665878	99.5422559008
4253.00000000	-0.000345073283102	0.00205290558360	0.00208170528795	99.5416611701
4253.00000000	-0.000345069967005	0.00205291501622	0.00208171404039	99.5415281272
4253.00000000	-0.000345075812173	0.00205291054583	0.00208171060077	99.5417071760
4253.00000000	-0.000345083208842	0.00205289964820	0.00208170108003	99.5419576619
4253.00000000	-0.000345087131452	0.00205289045682	0.00208169266608	99.5421060692
4253.00000000	-0.000345087300871	0.00205288248339	0.00208168483105	99.5421470480
4253.00000000	-0.000345085184837	0.00205287023451	0.00208167240087	99.5421455005
4253.00000000	-0.000345080023594	0.00205285448593	0.00208165601459	99.5420772643
4253.00000000	-0.000345073145393	0.00205284332525	0.00208164386812	99.5419414894
4253.00000000	-0.000345066196104	0.00205283803858	0.00208163750262	99.5417769825
4253.00000000	-0.000345060669552	0.00205283663444	0.00208163520180	99.5416333785
4253.00000000	-0.000345059684885	0.00205283701072	0.00208163540965	99.5416049342
4253.00000000	-0.000345064201748	0.00205283328720	0.00208163248638	99.5417445272
4253.00000000	-0.000345076682611	0.00205282465079	0.00208162603841	99.5421227092
4253.00000000	-0.000345093094641	0.00205281451638	0.00208161876495	99.5426144356
4253.00000000	-0.000345104106032	0.00205280452846	0.00208161074077	99.5429589029
4253.00000000	-0.000345101594599	0.00205279686067	0.00208160276272	99.5429257229
4253.00000000	-0.000345082012266	0.00205279215871	0.00208159487942	99.5424156355
4253.00000000	-0.000345055088788	0.00205278836958	0.00208158667958	99.5417021094
4253.00000000	-0.000345038965921	0.00205278883674	0.00208158446772	99.5412623343
4253.00000000	-0.000345045871914	0.00205279533057	0.00208159201645	99.5414201641
4253.00000000	-0.000345068158421	0.00205279915440	0.00208159948172	99.5420076650
4253.00000000	-0.000345085867265	0.00205279364864	0.00208159698782	99.5425134772
4253.00000000	-0.000345087146882	0.00205278247589	0.00208158618181	99.5425991936
4253.00000000	-0.000345073340159	0.00205277386848	0.00208157540464	99.5422636964
4253.00000000	-0.000345051562785	0.00205277196937	0.00208156992177	99.5416812278
4253.00000000	-0.000345025152848	0.00205277376547	0.00208156731534	99.5409561481
4253.00000000	-0.000344999740261	0.00205277989465	0.00208156914771	99.5402383715
4253.00000000	-0.000344983871153	0.00205279398683	0.00208158041491	99.5397433245
4253.00000000	-0.000344981687284	0.00205281750888	0.00208160324974	99.5395767438
4253.00000000	-0.000344992244817	0.00205284895705	0.00208163601272	99.5397198615
4253.00000000	-0.000345007549470	0.00205288109100	0.00208167023877	99.5399886990
4253.00000000	-0.000345016559033	0.00205290413415	0.00208169445645	99.5401281305
4253.00000000	-0.000345017737358	0.00205291198449	0.00208170239351	99.5401243027
4253.00000000	-0.000345018809234	0.00205290715345	0.00208169780694	99.5401754343
4253.00000000	-0.000345024209946	0.00205289489850	0.00208168661660	99.5403779304
4253.00000000	-0.000345034896995	0.00205288003359	0.00208167372863	99.5407358232
4253.00000000	-0.000345054656481	0.00205286987071	0.00208166698154	99.5413185242
4253.00000000	-0.000345082737868	0.00205286518236	0.00208166701298	99.5421021336
4253.00000000	-0.000345110497544	0.00205286039789	0.00208166689668	99.5428774494
4253.00000000	-0.000345126969901	0.00205285128195	0.00208166063785	99.5433661587
4253.00000000	-0.000345130802973	0.00205284053664	0.00208165067676	99.5435192354
4253.00000000	-0.000345130395425	0.00205283462825	0.00208164478257	99.5435351357
4253.00000000	-0.000345127958876	0.00205283720877	0.00208164692340	99.5434572237
4253.00000000	-0.000345118409884	0.00205284269305	0.00208165074862	99.5431730058
5260.00000000	-0.000447353204556	-0.000610092286976	0.000756529899114	-126.250918085
5260.00000000	-0.000447343393899	-0.000610095688925	0.000756526841367	-126.250166540
5260.00000000	-0.000447324990889	-0.000610084928045	0.000756507281460	-126.249524444
5260.00000000	-0.000447309477910	-0.000610067714410	0.000756484226665	-126.249347823
5260.00000000	-0.000447301567185	-0.000610061202811	0.000756474297766	-126.249156252
5260.00000000	-0.000447300987036	-0.000610074458072	0.000756484644520	-126.248527185
5260.00000000	-0.000447308443929	-0.000610103056523	0.000756512117278	-126.247701937
5260.00000000	-0.000447324665964	-0.000610135440183	0.000756547825420	-126.247242603
5260.00000000	-0.000447344736381	-0.000610160585931	0.000756579971842	-126.247342438
5260.00000000	-0.000447362461032	-0.000610170853759	0.000756598732696	-126.247965177
5260.00000000	-0.000447374317615	-0.000610165676915	0.000756601568427	-126.248921081
5260.00000000	-0.000447378869187	-0.000610153200045	0.000756594197784	-126.249757741
5260.00000000	-0.000447375352006	-0.000610144158595	0.000756584826606	-126.249947810
5260.00000000	-0.000447368280285	-0.000610139776321	0.000756577110977	-126.249712162
5260.00000000	-0.000447361356449	-0.000610132632301	0.000756567255597	-126.249609212
5260.00000000	-0.000447356940791	-0.000610117213248	0.000756552209946	-126.250030010
5260.00000000	-0.000447359128609	-0.000610094752328	0.000756535390295	-126.251169489
5260.00000000	-0.000447371329089	-0.000610075925863	0.000756527422774	-126.252757766
5260.00000000	-0.000447392782243	-0.000610073773052	0.000756538373230	-126.254164394
5260.00000000	-0.000447413435390	-0.000610087534055	0.000756561683788	-126.254809395
5260.00000000	-0.000447422728235	-0.000610102983800	0.000756579637964	-126.254684976
5260.00000000	-0.000447417912537	-0.000610105877375	0.000756579123468	-126.254261300
5260.00000000	-0.000447402087572	-0.000610091627803	0.000756558274212	-126.253933039
5260.00000000	-0.000447378993091	-0.000610070420713	0.000756527515487	-126.253472391
5260.00000000	-0.000447353677082	-0.000610056203140	0.000756501079569	-126.252562979
5260.00000000	-0.000447334838259	-0.000610054031947	0.000756488188549	-126.251509595
5260.00000000	-0.000447325273461	-0.000610060493362	0.000756487743349	-126.250636007
5260.00000000	-0.000447319720020	-0.000610071018362	0.000756492947333	-126.249825441
5260.00000000	-0.000447317467564	-0.000610081662593	0.000756500199484	-126.249211169
5260.00000000	-0.000447322233045	-0.000610086934608	0.000756507268938	-126.249266139
5260.00000000	-0.000447329524549	-0.000610085080542	0.000756510085216	-126.249794522
5260.00000000	-0.000447329504844	-0.000610079270681	0.000756505388229	-126.250053508
5260.00000000	-0.000447323360570	-0.000610073223355	0.000756496878227	-126.249949052
5260.00000000	-0.000447320772086	-0.000610064032576	0.000756487935781	-126.250202560
5260.00000000	-0.000447323192711	-0.000610051957600	0.000756479629408	-126.250891202
5260.00000000	-0.000447329225632	-0.000610043984898	0.000756476767399	-126.251616764
5260.00000000	-0.000447335957821	-0.000610040874958	0.000756478240453	-126.252167246
5260.00000000	-0.000447336562019	-0.000610040426992	0.000756478236490	-126.252224213
5260.00000000	-0.000447331795753	-0.000610042761143	0.000756477300330	-126.251828553
5260.00000000	-0.000447327454831	-0.000610047832376	0.000756478822990	-126.251336286
5260.00000000	-0.000447321943858	-0.000610053286370	0.000756479962502	-126.250755412
5260.00000000	-0.000447313653368	-0.000610054745828	0.000756476237166	-126.250183666
5260.00000000	-0.000447306386372	-0.000610051247599	0.000756469118990	-126.249896465
5260.00000000	-0.000447303536529	-0.000610048273601	0.000756465035487	-126.249855588
5260.00000000	-0.000447307145024	-0.000610050773618	0.000756469185349	-126.249964032
5260.00000000	-0.000447316573588	-0.000610061798225	0.000756483651284	-126.250046185
5260.00000000	-0.000447325771832	-0.000610085210209	0.000756507970785	-126.249559507
5260.00000000	-0.000447329689448	-0.000610111497026	0.000756531486367	-126.248621597
5260.00000000	-0.000447328331153	-0.000610122148172	0.000756539272967	-126.248061670
5260.00000000	-0.000447324143581	-0.000610110369956	0.000756527298224	-126.248333342
5260.00000000	-0.000447320661088	-0.000610088921090	0.000756507941447	-126.249081165
5260.00000000	-0.000447320028316	-0.000610073315764	0.000756494982363	-126.249741383
5260.00000000	-0.000447322598576	-0.000610066175887	0.000756490744265	-126.250218132
5260.00000000	-0.000447326165401	-0.000610066429205	0.000756493057665	-126.250424644
5260.00000000	-0.000447327235478	-0.000610070453355	0.000756496935656	-126.250309780
5260.00000000	-0.000447326750085	-0.000610069943922	0.000756496237808	-126.250302948
5260.00000000	-0.000447322774967	-0.000610059934052	0.000756485814897	-126.250508450
5260.00000000	-0.000447315137514	-0.000610045694318	0.000756469815263	-126.250679704
5260.00000000	-0.000447309876807	-0.000610038284244	0.000756460728744	-126.250690254
5260.00000000	-0.000447308595914	-0.000610044518325	0.000756464998739	-126.250332808
5260.00000000	-0.000447307927603	-0.000610060111303	0.000756477178440	-126.249593636
5260.00000000	-0.000447308799986	-0.000610069780218	0.000756485491784	-126.249213898
5260.00000000	-0.000447316765311	-0.000610066254900	0.000756487358716	-126.249858301
5260.00000000	-0.000447331526025	-0.000610059974382	0.000756491022100	-126.251041148
5260.00000000	-0.000447346598353	-0.000610061986183	0.000756501557199	-126.251871629
5260.00000000	-0.000447359725405	-0.000610072465149	0.000756517770213	-126.252204065
5260.00000000	-0.000447371683829	-0.000610083733725	0.000756533928947	-126.252429752
5260.00000000	-0.000447378063933	-0.000610087717437	0.000756540914331	-126.252640996
5260.00000000	-0.000447373537617	-0.000610082482828	0.000756534016428	-126.252598992
5260.00000000	-0.000447363237906	-0.000610070146205	0.000756517977262	-126.252522448
5260.00000000	-0.000447358484248	-0.000610056052407	0.000756503800723	-126.252863333
5260.00000000	-0.000447363874658	-0.000610044915044	0.000756498007083	-126.253691377
5260.00000000	-0.000447373086440	-0.000610040507646	0.000756499900489	-126.254451393
5260.00000000	-0.000447376149882	-0.000610044525015	0.000756504951725	-126.254458558
5260.00000000	-0.000447367655927	-0.000610049901709	0.000756504264459	-126.253698975
5260.00000000	-0.000447349955353	-0.000610042972764	0.000756488209540	-126.252928227
5260.00000000	-0.000447328017187	-0.000610021750518	0.000756458122480	-126.252538802
5260.00000000	-0.000447307940326	-0.000609997829119	0.000756426959467	-126.252383938
5260.00000000	-0.000447294802098	-0.000609984160310	0.000756408167468	-126.252193663
5260.00000000	-0.000447291909279	-0.000609986631244	0.000756408449452	-126.251906279
5260.00000000	-0.000447300066845	-0.000610002760967	0.000756426280735	-126.251682100
5260.00000000	-0.000447316126242	-0.000610022437670	0.000756451645022	-126.251781721
5260.00000000	-0.000447333243145	-0.000610038107225	0.000756474403195	-126.252125399
5260.00000000	-0.000447341842415	-0.000610046636687	0.000756486366637	-126.252268609
5260.00000000	-0.000447341167559	-0.000610047923849	0.000756487005563	-126.252169742
5260.00000000	-0.000447341502772	-0.000610044971549	0.000756484822990	-126.252322443
5260.00000000	-0.000447349719897	-0.000610044085283	0.000756488967454	-126.252864019
5260.00000000	-0.000447363146327	-0.000610046481711	0.000756498839747	-126.253576725
5260.00000000	-0.000447377001640	-0.000610051228052	0.000756510860757	-126.254210358
5260.00000000	-0.000447387488173	-0.000610059120983	0.000756523427045	-126.254497299
5260.00000000	-0.000447390904493	-0.000610067752093	0.000756532407479	-126.254319376
5260.00000000	-0.000447385953247	-0.000610069092612	0.000756530560469	-126.253956952
5260.00000000	-0.000447375778757	-0.000610060540397	0.000756517647096	-126.253718590
5260.00000000	-0.000447364277619	-0.000610045394699	0.000756498632175	-126.253694505
5260.00000000	-0.000447354519199	-0.000610027345268	0.000756478306247	-126.253906918
5260.00000000	-0.000447352694133	-0.000610013387175	0.000756465971132	-126.254420640
5260.00000000	-0.000447359234797	-0.000610007220817	0.000756464866605	-126.255096329
5260.00000000	-0.000447366876312	-0.000610004409998	0.000756467119072	-126.255688954
5260.00000000	-0.000447371034228	-0.000610001321461	0.000756467087487	-126.256081249
5260.00000000	-0.000447370969241	-0.000609998419237	0.000756464708754	-126.256207280
5270.00000000	-0.00154866974707	-0.00246231573013	0.00290884457136	-122.167777915
5270.00000000	-0.00154875073528	-0.00246229277792	0.00290886826175	-122.169368948
5270.00000000	-0.00154881507768	-0.00246226425715	0.00290887837781	-122.170740826
5270.00000000	-0.00154885708637	-0.00246222943024	0.00290887126582	-122.171806474
5270.00000000	-0.00154888710726	-0.00246219148850	0.00290885513512	-122.172704929
5270.00000000	-0.00154891976317	-0.00246215143142	0.00290883861773	-122.173669514
5270.00000000	-0.00154896283660	-0.00246210952395	0.00290882608231	-122.174827202
5270.00000000	-0.00154901650555	-0.00246206894919	0.00290882031845	-122.176147570
5270.00000000	-0.00154908275852	-0.00246202778733	0.00290882076078	-122.177683900
5270.00000000	-0.00154916374294	-0.00246197726852	0.00290882113117	-122.179563981
5270.00000000	-0.00154926267120	-0.00246191889444	0.00290882441326	-122.181825612
5270.00000000	-0.00154937813130	-0.00246186437930	0.00290883977143	-122.184322346
5270.00000000	-0.00154949852036	-0.00246181142401	0.00290885908080	-122.186884852
5270.00000000	-0.00154961070347	-0.00246174845590	0.00290886555077	-122.189415600
5270.00000000	-0.00154970835661	-0.00246167859977	0.00290885845635	-122.191776419
5270.00000000	-0.00154979329871	-0.00246161477687	0.00290884970022	-122.193862059
5270.00000000	-0.00154986978253	-0.00246156460864	0.00290884799626	-122.195663422
5270.00000000	-0.00154993431102	-0.00246152779987	0.00290885122996	-122.197125304
5270.00000000	-0.00154998427286	-0.00246149960535	0.00290885399311	-122.198253978
5270.00000000	-0.00155002091596	-0.00246147651430	0.00290885397886	-122.199107092
5270.00000000	-0.00155004024161	-0.00246145043352	0.00290884220735	-122.199702946
5270.00000000	-0.00155004144717	-0.00246141696197	0.00290881452633	-122.200074362
5270.00000000	-0.00155002714833	-0.00246138489807	0.00290877977458	-122.200172585
5270.00000000	-0.00154999894467	-0.00246136934908	0.00290875158806	-122.199865695
5270.00000000	-0.00154996934279	-0.00246138020261	0.00290874499834	-122.199258364
5270.00000000	-0.00154995936846	-0.00246141508605	0.00290876920186	-122.198725968
5270.00000000	-0.00154997048372	-0.00246145635334	0.00290881004533	-122.198478101
5270.00000000	-0.00154998783465	-0.00246148582613	0.00290884423093	-122.198457966
5270.00000000	-0.00154999955541	-0.00246149641743	0.00290885943882	-122.198542163
5270.00000000	-0.00155000064845	-0.00246148740302	0.00290885239320	-122.198654994
5270.00000000	-0.00154999534530	-0.00246146559273	0.00290883111140	-122.198795517
5270.00000000	-0.00154999377532	-0.00246144196445	0.00290881028049	-122.199017349
5270.00000000	-0.00155000266815	-0.00246142182651	0.00290879797842	-122.199376942
5270.00000000	-0.00155002470621	-0.00246140478659	0.00290879530275	-122.199923124
5270.00000000	-0.00155005664738	-0.00246139165207	0.00290880120926	-122.200593376
5270.00000000	-0.00155009125232	-0.00246138112447	0.00290881074159	-122.201280660
5270.00000000	-0.00155012530127	-0.00246136694218	0.00290881688556	-122.201997036
5270.00000000	-0.00155016287828	-0.00246134552931	0.00290881879185	-122.202848111
5270.00000000	-0.00155020580554	-0.00246132275698	0.00290882239980	-122.203802627
5270.00000000	-0.00155024640587	-0.00246130401476	0.00290882817849	-122.204676053
5270.00000000	-0.00155027970333	-0.00246128620782	0.00290883085713	-122.205417943
5270.00000000	-0.00155030991188	-0.00246126875239	0.00290883218739	-122.206104660
5270.00000000	-0.00155033802622	-0.00246125264080	0.00290883353897	-122.206742365
5270.00000000	-0.00155036282959	-0.00246123667720	0.00290883325142	-122.207323335
5270.00000000	-0.00155038871686	-0.00246121617912	0.00290882970518	-122.207969975
5270.00000000	-0.00155042142763	-0.00246118604539	0.00290882164342	-122.208831499
5270.00000000	-0.00155046290326	-0.00246115040573	0.00290881359561	-122.209896910
5270.00000000	-0.00155050903819	-0.00246111381101	0.00290880722432	-122.211050005
5270.00000000	-0.00155054777033	-0.00246108118556	0.00290880026644	-122.212038056
5270.00000000	-0.00155056494819	-0.00246106023667	0.00290879169881	-122.212544295
5270.00000000	-0.00155055566248	-0.00246105809672	0.00290878493840	-122.212412013
5270.00000000	-0.00155052141334	-0.00246107419000	0.00290878029798	-122.211672251
5270.00000000	-0.00155046851664	-0.00246109970169	0.00290877368709	-122.210522817
5270.00000000	-0.00155041108524	-0.00246112535406	0.00290876477936	-122.209296325
5270.00000000	-0.00155037084752	-0.00246114274025	0.00290875804300	-122.208443170
5270.00000000	-0.00155036031213	-0.00246114496592	0.00290875431081	-122.208244215
5270.00000000	-0.00155037170979	-0.00246113634504	0.00290875309152	-122.208524684
5270.00000000	-0.00155038787267	-0.00246112946826	0.00290875588787	-122.208866261
5270.00000000	-0.00155039443387	-0.00246113468872	0.00290876380213	-122.208920803
5270.00000000	-0.00155038311154	-0.00246116108047	0.00290878009767	-122.208455016
5270.00000000	-0.00155035531202	-0.00246120885932	0.00290880570728	-122.207490087
5270.00000000	-0.00155031738505	-0.00246126542995	0.00290883335911	-122.206264090
5270.00000000	-0.00155028264553	-0.00246131501143	0.00290885679719	-122.205164609
5270.00000000	-0.00155026112583	-0.00246134916099	0.00290887422392	-122.204447467
5270.00000000	-0.00155024611104	-0.00246137646439	0.00290888932485	-122.203910613
5270.00000000	-0.00155023112951	-0.00246141151234	0.00290891099692	-122.203293025
5270.00000000	-0.00155021535266	-0.00246146097833	0.00290894444558	-122.202510852
5270.00000000	-0.00155018839229	-0.00246151832967	0.00290897860750	-122.201459542
5270.00000000	-0.00155014405264	-0.00246156337284	0.00290899309426	-122.200247785
5270.00000000	-0.00155009089240	-0.00246157212565	0.00290897217320	-122.199269909
5270.00000000	-0.00155004057437	-0.00246154207743	0.00290891993378	-122.198746621
5270.00000000	-0.00154999960466	-0.00246149759688	0.00290886046311	-122.198530605
5270.00000000	-0.00154996507432	-0.00246146205525	0.00290881198792	-122.198328091
5270.00000000	-0.00154992858980	-0.00246144045067	0.00290877426517	-122.197946717
5270.00000000	-0.00154988846172	-0.00246143076241	0.00290874468490	-122.197379529
5270.00000000	-0.00154984924057	-0.00246142920000	0.00290872246443	-122.196742161
5270.00000000	-0.00154981722069	-0.00246143481853	0.00290871015803	-122.196149454
5270.00000000	-0.00154979833343	-0.00246144971704	0.00290871270217	-122.195678256
5270.00000000	-0.00154979514802	-0.00246147220294	0.00290873003331	-122.195389162
5270.00000000	-0.00154980048214	-0.00246149193039	0.00290874956946	-122.195271035
5270.00000000	-0.00154980355417	-0.00246150090144	0.00290875879789	-122.195228090
5270.00000000	-0.00154979489774	-0.00246149876792	0.00290875238023	-122.195106188
5270.00000000	-0.00154977174040	-0.00246148895853	0.00290873174087	-122.194823127
5270.00000000	-0.00154974775227	-0.00246147519381	0.00290870731174	-122.194567724
5270.00000000	-0.00154973647297	-0.00246146247152	0.00290869053602	-122.194513226
5270.00000000	-0.00154973786498	-0.00246144891279	0.00290867980369	-122.194678731
5270.00000000	-0.00154974807434	-0.00246144008502	0.00290867777281	-122.194941565
5270.00000000	-0.00154976135578	-0.00246144971274	0.00290869299656	-122.195061913
5270.00000000	-0.00154976967288	-0.00246148302019	0.00290872561402	-122.194850986
5270.00000000	-0.00154977041784	-0.00246153230902	0.00290876772128	-122.194346123
5270.00000000	-0.00154976712411	-0.00246158140233	0.00290880751156	-122.193776006
5270.00000000	-0.00154976455557	-0.00246161598516	0.00290883540891	-122.193370268
5270.00000000	-0.00154976851469	-0.00246163194246	0.00290885102218	-122.193268803
5270.00000000	-0.00154977834934	-0.00246163128660	0.00290885570685	-122.193439616
5270.00000000	-0.00154978213903	-0.00246161908363	0.00290884739911	-122.193630846
5270.00000000	-0.00154977415663	-0.00246160046290	0.00290882738839	-122.193693201
5270.00000000	-0.00154976253913	-0.00246157640664	0.00290880084114	-122.193752006
5270.00000000	-0.00154975589048	-0.00246154828494	0.00290877350084	-122.193936304
5270.00000000	-0.00154975962128	-0.00246152641640	0.00290875698235	-122.194227996
5270.00000000	-0.00154977546258	-0.00246152697559	0.00290876589569	-122.194486187
5274.00000000	-0.000357337563164	4.48787463278E-5	0.000360144743013	172.841587699
5274.00000000	-0.000357332997068	4.49057965338E-5	0.000360143584360	172.837227263
5274.00000000	-0.000357330217905	4.49482538633E-5	0.000360146123336	172.830470294
5274.00000000	-0.000357337122046	4.49818423186E-5	0.000360157166985	172.825305717
5274.00000000	-0.000357346518980	4.49916929573E-5	0.000360167720739	172.823937642
5274.00000000	-0.000357348310412	4.49876425585E-5	0.000360168992193	172.824612533
5274.00000000	-0.000357344052832	4.49893979689E-5	0.000360164987227	172.824250865
5274.00000000	-0.000357343505009	4.50048999075E-5	0.000360166380425	172.821793224
5274.00000000	-0.000357355645148	4.50235559550E-5	0.000360180756996	172.819090086
5274.00000000	-0.000357377138454	4.50325982824E-5	0.000360203212087	172.818090412
5274.00000000	-0.000357390567377	4.50324094521E-5	0.000360216512047	172.818387253
5274.00000000	-0.000357387228108	4.50284292450E-5	0.000360212701407	172.818948981
5274.00000000	-0.000357372666997	4.50220050209E-5	0.000360197451479	172.819673315
5274.00000000	-0.000357353262853	4.50139488804E-5	0.000360177192595	172.820558988
5274.00000000	-0.000357331980404	4.50083752218E-5	0.000360155380440	172.821015588
5274.00000000	-0.000357309118765	4.50070922625E-5	0.000360132537695	172.820763563
5274.00000000	-0.000357288873624	4.50110459396E-5	0.000360112945438	172.819736891
5274.00000000	-0.000357274170543	4.50217125799E-5	0.000360099691115	172.817760615
5274.00000000	-0.000357268266266	4.50407275912E-5	0.000360096211064	172.814641375
5274.00000000	-0.000357275586280	4.50702496773E-5	0.000360107167324	172.810126753
5274.00000000	-0.000357292894912	4.51069232799E-5	0.000360128931471	172.804682592
5274.00000000	-0.000357309332159	4.51411024016E-5	0.000360149521691	172.799615427
5274.00000000	-0.000357312965851	4.51658542658E-5	0.000360156229929	172.795781263
5274.00000000	-0.000357297367276	4.51815667666E-5	0.000360142725371	172.792990057
5274.00000000	-0.000357270398403	4.51900910985E-5	0.000360117039181	172.791106219
5274.00000000	-0.000357247730433	4.51941992360E-5	0.000360095065981	172.790005125
5274.00000000	-0.000357235371701	4.51936949166E-5	0.000360082741678	172.789837928
5274.00000000	-0.000357229410645	4.51876103083E-5	0.000360076064124	172.790679414
5274.00000000	-0.000357226979449	4.51779550797E-5	0.000360072440589	172.792155087
5274.00000000	-0.000357225308471	4.51724541029E-5	0.000360070092651	172.792990146
5274.00000000	-0.000357225264462	4.51719412111E-5	0.000360069984646	172.793070236
5274.00000000	-0.000357229258907	4.51713629927E-5	0.000360073874995	172.793241255
5274.00000000	-0.000357236161082	4.51704374825E-5	0.000360080606541	172.793525136
5274.00000000	-0.000357244170829	4.51757232281E-5	0.000360089216112	172.792850613
5274.00000000	-0.000357250366951	4.51880396772E-5	0.000360096908646	172.791030086
5274.00000000	-0.000357250065651	4.52030004689E-5	0.000360098487444	172.788662454
5274.00000000	-0.000357243256076	4.52202045710E-5	0.000360093891802	172.785810693
5274.00000000	-0.000357242268913	4.52393675419E-5	0.000360095319428	172.782766031
5274.00000000	-0.000357256726273	4.52525001065E-5	0.000360111312281	172.780982104
5274.00000000	-0.000357276667619	4.52537834023E-5	0.000360131256818	172.781178232
5274.00000000	-0.000357290325137	4.52457059429E-5	0.000360143791204	172.782726131
5274.00000000	-0.000357296917348	4.52288894950E-5	0.000360148218920	172.785512011
5274.00000000	-0.000357303293837	4.52017335897E-5	0.000360151135645	172.789925386
5274.00000000	-0.000357315283211	4.51745647413E-5	0.000360159621440	172.794452733
5274.00000000	-0.000357330245746	4.51627420387E-5	0.000360172983153	172.796617167
5274.00000000	-0.000357341289289	4.51662598890E-5	0.000360184380649	172.796282267
5274.00000000	-0.000357343132787	4.51733858147E-5	0.000360187103234	172.795194451
5274.00000000	-0.000357333958142	4.51796000024E-5	0.000360178780466	172.794030687
5274.00000000	-0.000357316185265	4.51821284733E-5	0.000360161465160	172.793276970
5274.00000000	-0.000357293280269	4.51840781535E-5	0.000360138985732	172.792512096
5274.00000000	-0.000357270822217	4.51939308301E-5	0.000360117941502	172.790508597
5274.00000000	-0.000357248540991	4.52076249723E-5	0.000360097555387	172.787902009
5274.00000000	-0.000357224815973	4.52153202444E-5	0.000360074984319	172.786213266
5274.00000000	-0.000357202436794	4.52163882154E-5	0.000360052916410	172.785597473
5274.00000000	-0.000357184429829	4.52190415436E-5	0.000360035385248	172.784818695
5274.00000000	-0.000357176718277	4.52305794262E-5	0.000360029184087	172.782842937
5274.00000000	-0.000357184889237	4.52527432160E-5	0.000360040075364	172.779507155
5274.00000000	-0.000357205136803	4.52785874909E-5	0.000360063411420	172.775832207
5274.00000000	-0.000357230023655	4.52991701531E-5	0.000360090689434	172.773081158
5274.00000000	-0.000357251921971	4.53076346661E-5	0.000360113478658	172.772183413
5274.00000000	-0.000357261979795	4.53004835000E-5	0.000360122556934	172.773513458
5274.00000000	-0.000357257251852	4.52806589849E-5	0.000360115373289	172.776547937
5274.00000000	-0.000357245379303	4.52526397301E-5	0.000360100072808	172.780733190
5274.00000000	-0.000357233891559	4.52223507484E-5	0.000360084870948	172.785284782
5274.00000000	-0.000357229763821	4.51988687907E-5	0.000360077827559	172.788909173
5274.00000000	-0.000357240864393	4.51864977387E-5	0.000360087287710	172.791083754
5274.00000000	-0.000357266123160	4.51790885944E-5	0.000360111417208	172.792757584
5274.00000000	-0.000357287962659	4.51685570587E-5	0.000360131763120	172.794855795
5274.00000000	-0.000357292580543	4.51560741956E-5	0.000360134779142	172.796918225
5274.00000000	-0.000357282850872	4.51528554908E-5	0.000360124722681	172.797232181
5274.00000000	-0.000357268879659	4.51593136176E-5	0.000360111671540	172.795934056
5274.00000000	-0.000357259179050	4.51608895407E-5	0.000360102245147	172.795491735
5274.00000000	-0.000357252701337	4.51480215943E-5	0.000360094204989	172.797393772
5274.00000000	-0.000357245703077	4.51303040024E-5	0.000360085040937	172.800051088
5274.00000000	-0.000357241050805	4.51268455169E-5	0.000360079991900	172.800504281
5274.00000000	-0.000357240082677	4.51379601095E-5	0.000360080424509	172.798730372
5274.00000000	-0.000357238802401	4.51487541767E-5	0.000360080507588	172.797000838
5274.00000000	-0.000357231038597	4.51521130428E-5	0.000360073226232	172.796315684
5274.00000000	-0.000357219541509	4.51499086238E-5	0.000360061543468	172.796434285
5274.00000000	-0.000357213774439	4.51483081598E-5	0.000360055621229	172.796571880
5274.00000000	-0.000357221743373	4.51497438624E-5	0.000360063707293	172.796504231
5274.00000000	-0.000357239892237	4.51525316066E-5	0.000360082062474	172.796426265
5274.00000000	-0.000357256798729	4.51556604565E-5	0.000360099227866	172.796269674
5274.00000000	-0.000357265311723	4.51603272534E-5	0.000360108258887	172.795702863
5274.00000000	-0.000357264216613	4.51657062001E-5	0.000360107847024	172.794831939
5274.00000000	-0.000357260348948	4.51688658680E-5	0.000360104406213	172.794255996
5274.00000000	-0.000357261649304	4.51653364216E-5	0.000360105253610	172.794839077
5274.00000000	-0.000357269689544	4.51566621356E-5	0.000360112142536	172.796368750
5274.00000000	-0.000357276819281	4.51441550728E-5	0.000360117647905	172.798485199
5274.00000000	-0.000357274840439	4.51245192873E-5	0.000360113223656	172.801545235
5274.00000000	-0.000357267592213	4.50994846126E-5	0.000360102896348	172.805352581
5274.00000000	-0.000357265717954	4.50761513188E-5	0.000360098115301	172.808998598
5274.00000000	-0.000357271607915	4.50627371768E-5	0.000360102280060	172.811233441
5274.00000000	-0.000357279814842	4.50579403380E-5	0.000360109822251	172.812154053
5274.00000000	-0.000357287582785	4.50545233930E-5	0.000360117101635	172.812848067
5274.00000000	-0.000357298942306	4.50470540174E-5	0.000360127437511	172.814253208
5274.00000000	-0.000357313310430	4.50402175271E-5	0.000360140837736	172.815618232
5274.00000000	-0.000357324083546	4.50409812199E-5	0.000360151621781	172.815712033
5274.00000000	-0.000357328635026	4.50462806030E-5	0.000360156800305	172.814966149
5274.00000000	-0.000357329811608	4.50467982688E-5	0.000360158032394	172.814907854
