DevNumber	X [V]	Y [V]	R [V]	Theta [°]
4253.00000000	0.000752130143520	-0.00196007884385	0.00209943059588	-69.0069716777
4253.00000000	0.000752146567622	-0.00196008991499	0.00209944681619	-69.0066614443
4253.00000000	0.000752146047466	-0.00196010490870	0.00209946062831	-69.0068212933
4253.00000000	0.000752122486618	-0.00196011992545	0.00209946620764	-69.0075684239
4253.00000000	0.000752084978940	-0.00196013026536	0.00209946242470	-69.0086251856
4253.00000000	0.000752049612254	-0.00196013398028	0.00209945322405	-69.0095626343
4253.00000000	0.000752026377950	-0.00196013107556	0.00209944218937	-69.0101262463
4253.00000000	0.000752016793518	-0.00196011912088	0.00209942759479	-69.0102535934
4253.00000000	0.000752015983967	-0.00196009920190	0.00209940870757	-69.0100794972
4253.00000000	0.000752017531634	-0.00196007725613	0.00209938877245	-69.0098255205
4253.00000000	0.000752019757553	-0.00196005831769	0.00209937188809	-69.0095836569
4253.00000000	0.000752025217991	-0.00196004295836	0.00209935950402	-69.0092943620
4253.00000000	0.000752034055496	-0.00196003162389	0.00209935208750	-69.0089583624
4253.00000000	0.000752043226409	-0.00196002659645	0.00209935067894	-69.0086755274
4253.00000000	0.000752053342807	-0.00196003156314	0.00209935893999	-69.0084663116
4253.00000000	0.000752067797969	-0.00196004785931	0.00209937933293	-69.0082573100
4253.00000000	0.000752087077825	-0.00196007157024	0.00209940837692	-69.0079978713
4253.00000000	0.000752105190596	-0.00196009281039	0.00209943469607	-69.0077440205
4253.00000000	0.000752114237718	-0.00196010104566	0.00209944562582	-69.0075940178
4253.00000000	0.000752108659364	-0.00196009537888	0.00209943833675	-69.0076807491
4253.00000000	0.000752089660935	-0.00196008438610	0.00209942126757	-69.0080573513
4253.00000000	0.000752067411477	-0.00196007679835	0.00209940621292	-69.0085500862
4253.00000000	0.000752051677972	-0.00196007481882	0.00209939872861	-69.0089316272
4253.00000000	0.000752040538053	-0.00196007318810	0.00209939321557	-69.0091995344
4253.00000000	0.000752028687471	-0.00196006814956	0.00209938426633	-69.0094522354
4253.00000000	0.000752019527555	-0.00196006467188	0.00209937773823	-69.0096516376
4253.00000000	0.000752019620155	-0.00196006880645	0.00209938163160	-69.0096896984
4253.00000000	0.000752028082800	-0.00196007780459	0.00209939306405	-69.0095620325
4253.00000000	0.000752036926034	-0.00196007983700	0.00209939812935	-69.0093565719
4253.00000000	0.000752041325808	-0.00196006878470	0.00209938938658	-69.0091364128
4253.00000000	0.000752043621417	-0.00196005123145	0.00209937382056	-69.0089063105
4253.00000000	0.000752046829914	-0.00196003888448	0.00209936344234	-69.0087038440
4253.00000000	0.000752051087598	-0.00196003824718	0.00209936437256	-69.0085891245
4253.00000000	0.000752057603641	-0.00196005019378	0.00209937786054	-69.0085398901
4253.00000000	0.000752067634216	-0.00196007141410	0.00209940126579	-69.0084917711
4253.00000000	0.000752078493099	-0.00196009442756	0.00209942664190	-69.0084400785
4253.00000000	0.000752082798757	-0.00196011276363	0.00209944530349	-69.0085096330
4253.00000000	0.000752077533566	-0.00196012268800	0.00209945268309	-69.0087408125
4253.00000000	0.000752071326568	-0.00196012643015	0.00209945395339	-69.0089355488
4253.00000000	0.000752072823143	-0.00196013001426	0.00209945783575	-69.0089324554
4253.00000000	0.000752080274897	-0.00196013443167	0.00209946462940	-69.0087857732
4253.00000000	0.000752087603240	-0.00196013356262	0.00209946644323	-69.0085905547
4253.00000000	0.000752093903406	-0.00196012181537	0.00209945773252	-69.0083151844
4253.00000000	0.000752102530042	-0.00196009990834	0.00209944036981	-69.0078812055
4253.00000000	0.000752112600087	-0.00196007346093	0.00209941928529	-69.0073660504
4253.00000000	0.000752116075930	-0.00196004886644	0.00209939756847	-69.0070370219
4253.00000000	0.000752105579857	-0.00196003173770	0.00209937781641	-69.0071369907
4253.00000000	0.000752080328209	-0.00196002525034	0.00209936271331	-69.0077169854
4253.00000000	0.000752046068099	-0.00196002888193	0.00209935383071	-69.0086254633
4253.00000000	0.000752013565871	-0.00196003705390	0.00209934981742	-69.0095335448
4253.00000000	0.000751995205043	-0.00196004181668	0.00209934768715	-69.0100479613
4253.00000000	0.000751994536112	-0.00196003932378	0.00209934512006	-69.0100406354
4253.00000000	0.000752007160919	-0.00196003402148	0.00209934469190	-69.0096671039
4253.00000000	0.000752025924751	-0.00196003323922	0.00209935068303	-69.0091813340
4253.00000000	0.000752045513100	-0.00196003920118	0.00209936326631	-69.0087404937
4253.00000000	0.000752063361026	-0.00196004706430	0.00209937700122	-69.0083625928
4253.00000000	0.000752078641763	-0.00196005096609	0.00209938611814	-69.0080113802
4253.00000000	0.000752088379319	-0.00196004720486	0.00209938609493	-69.0077264908
4253.00000000	0.000752088850651	-0.00196003775312	0.00209937743937	-69.0076220707
4253.00000000	0.000752081349313	-0.00196002760937	0.00209936528157	-69.0077140316
4253.00000000	0.000752072856193	-0.00196001856103	0.00209935379119	-69.0078419749
4253.00000000	0.000752068230626	-0.00196001165678	0.00209934568812	-69.0078923341
4253.00000000	0.000752066038581	-0.00196000886804	0.00209934229919	-69.0079209233
4253.00000000	0.000752063072498	-0.00196001006462	0.00209934235380	-69.0080082009
4253.00000000	0.000752061107827	-0.00196001021889	0.00209934179400	-69.0080597706
4253.00000000	0.000752063687807	-0.00196000866066	0.00209934126343	-69.0079787955
4253.00000000	0.000752070821467	-0.00196001067455	0.00209934569923	-69.0078167140
4253.00000000	0.000752077456480	-0.00196001857889	0.00209935545588	-69.0077249310
4253.00000000	0.000752078168608	-0.00196002783504	0.00209936435281	-69.0077972842
4253.00000000	0.000752072994502	-0.00196003384037	0.00209936810600	-69.0079878378
4253.00000000	0.000752067997454	-0.00196003743063	0.00209936966784	-69.0081502672
4253.00000000	0.000752070258305	-0.00196004158682	0.00209937435811	-69.0081332941
4253.00000000	0.000752080611409	-0.00196004673152	0.00209938287023	-69.0079197919
4253.00000000	0.000752093395135	-0.00196004997146	0.00209939047478	-69.0076257356
4253.00000000	0.000752102657393	-0.00196004726410	0.00209939126529	-69.0073632613
4253.00000000	0.000752105469036	-0.00196004061581	0.00209938606554	-69.0072266183
4253.00000000	0.000752100651190	-0.00196003817554	0.00209938206125	-69.0073255191
4253.00000000	0.000752089622381	-0.00196004455981	0.00209938407075	-69.0076689564
4253.00000000	0.000752078586823	-0.00196005660127	0.00209939135965	-69.0080678747
4253.00000000	0.000752072307513	-0.00196006680001	0.00209939863204	-69.0083275839
4253.00000000	0.000752065621984	-0.00196007051121	0.00209939970199	-69.0085342161
4253.00000000	0.000752052772400	-0.00196006930142	0.00209939396942	-69.0088498002
4253.00000000	0.000752034072264	-0.00196006796979	0.00209938602740	-69.0093132701
4253.00000000	0.000752013911292	-0.00196006459407	0.00209937565378	-69.0097939835
4253.00000000	0.000752002443685	-0.00196005375768	0.00209936142870	-69.0099802501
4253.00000000	0.000752003688080	-0.00196003526890	0.00209934461254	-69.0097677910
4253.00000000	0.000752010385108	-0.00196001460400	0.00209932771792	-69.0093951135
4253.00000000	0.000752011950033	-0.00195999869340	0.00209931342375	-69.0091996850
4253.00000000	0.000752004781990	-0.00195999119984	0.00209930385975	-69.0093090750
4253.00000000	0.000751995296023	-0.00195999002681	0.00209929936656	-69.0095393245
4253.00000000	0.000751993598662	-0.00195999068907	0.00209929937686	-69.0095890508
4253.00000000	0.000752002622865	-0.00195999006521	0.00209930202699	-69.0093530001
4253.00000000	0.000752015468619	-0.00195998712139	0.00209930388011	-69.0089968892
4253.00000000	0.000752021124049	-0.00195998197344	0.00209930109971	-69.0088024493
4253.00000000	0.000752011019720	-0.00195997598736	0.00209929189128	-69.0090013982
4253.00000000	0.000751985928043	-0.00195997264346	0.00209927978104	-69.0096080863
4253.00000000	0.000751958219215	-0.00195997197135	0.00209926922807	-69.0103075927
4253.00000000	0.000751943430107	-0.00195997236085	0.00209926429431	-69.0106882599
4253.00000000	0.000751946105496	-0.00195997155955	0.00209926450449	-69.0106122512
4253.00000000	0.000751957957665	-0.00195996400825	0.00209926169968	-69.0102364067
5260.00000000	-0.00122520237535	0.00491404096818	0.00506447623131	103.999938032
5260.00000000	-0.00122520396626	0.00491407587408	0.00506451048525	103.999859962
5260.00000000	-0.00122520298919	0.00491410625805	0.00506453973033	103.999766080
5260.00000000	-0.00122519879380	0.00491412288255	0.00506455484609	103.999674528
5260.00000000	-0.00122519602166	0.00491412502706	0.00506455625629	103.999638229
5260.00000000	-0.00122519703302	0.00491411812329	0.00506454980224	103.999668225
5260.00000000	-0.00122519811598	0.00491410813111	0.00506454036884	103.999707460
5260.00000000	-0.00122519727086	0.00491410142955	0.00506453366189	103.999716524
5260.00000000	-0.00122519448528	0.00491410192330	0.00506453346710	103.999684595
5260.00000000	-0.00122518887110	0.00491410659679	0.00506453664361	103.999610177
5260.00000000	-0.00122518167524	0.00491410766767	0.00506453594190	103.999528256
5260.00000000	-0.00122517641186	0.00491409979032	0.00506452702525	103.999492038
5260.00000000	-0.00122517782897	0.00491408657932	0.00506451454946	103.999543750
5260.00000000	-0.00122518780626	0.00491407819301	0.00506450882590	103.999676225
5260.00000000	-0.00122520087268	0.00491408231646	0.00506451598786	103.999808371
5260.00000000	-0.00122520700064	0.00491409919000	0.00506453384267	103.999829458
5260.00000000	-0.00122519953159	0.00491411955151	0.00506455179248	103.999691743
5260.00000000	-0.00122517888738	0.00491413142787	0.00506455832195	103.999432627
5260.00000000	-0.00122515352793	0.00491413172412	0.00506455247470	103.999153444
5260.00000000	-0.00122513100418	0.00491412557225	0.00506454105692	103.998923034
5260.00000000	-0.00122511180275	0.00491411835110	0.00506452940537	103.998732019
5260.00000000	-0.00122509265252	0.00491411143220	0.00506451805953	103.998540738
5260.00000000	-0.00122507008748	0.00491410026202	0.00506450176271	103.998323605
5260.00000000	-0.00122504262701	0.00491408043935	0.00506447588625	103.998076410
5260.00000000	-0.00122501310930	0.00491405404205	0.00506444313288	103.997824621
5260.00000000	-0.00122498841960	0.00491402555395	0.00506440951869	103.997631550
5260.00000000	-0.00122497554741	0.00491399998482	0.00506438159528	103.997560216
5260.00000000	-0.00122497646266	0.00491398120971	0.00506436359906	103.997621641
5260.00000000	-0.00122498604062	0.00491396498205	0.00506435017001	103.997771192
5260.00000000	-0.00122499954363	0.00491394489006	0.00506433394085	103.997974406
5260.00000000	-0.00122501707124	0.00491392620865	0.00506432005395	103.998217942
5260.00000000	-0.00122503408599	0.00491392005392	0.00506431819776	103.998421568
5260.00000000	-0.00122504341276	0.00491392689337	0.00506432709020	103.998505236
5260.00000000	-0.00122504747004	0.00491393700512	0.00506433788310	103.998522102
5260.00000000	-0.00122505595849	0.00491393986884	0.00506434271510	103.998607447
5260.00000000	-0.00122507229147	0.00491393397744	0.00506434094962	103.998802867
5260.00000000	-0.00122509306752	0.00491392530768	0.00506433756316	103.999054665
5260.00000000	-0.00122511364051	0.00491391829362	0.00506433573419	103.999299703
5260.00000000	-0.00122512970387	0.00491391706956	0.00506433843239	103.999479389
5260.00000000	-0.00122514001087	0.00491392629425	0.00506434987649	103.999567287
5260.00000000	-0.00122514417734	0.00491394474201	0.00506436878424	103.999562535
5260.00000000	-0.00122514137751	0.00491396478483	0.00506438755443	103.999476945
5260.00000000	-0.00122513284695	0.00491397833775	0.00506439864115	103.999346209
5260.00000000	-0.00122512159238	0.00491398194404	0.00506439941775	103.999212793
5260.00000000	-0.00122511016357	0.00491397811573	0.00506439293843	103.999097811
5260.00000000	-0.00122509958586	0.00491396876240	0.00506438130408	103.999007293
5260.00000000	-0.00122509091573	0.00491394998474	0.00506436098677	103.998963507
5260.00000000	-0.00122508431038	0.00491391717791	0.00506432755644	103.998980783
5260.00000000	-0.00122507649938	0.00491386958872	0.00506427949113	103.999025280
5260.00000000	-0.00122506283978	0.00491381111292	0.00506421944774	103.999035368
5260.00000000	-0.00122504409802	0.00491375197679	0.00506415753423	103.998991473
5260.00000000	-0.00122502454182	0.00491370390730	0.00506410616167	103.998908346
5260.00000000	-0.00122500644080	0.00491366992855	0.00506406881339	103.998802628
5260.00000000	-0.00122499131752	0.00491364791323	0.00506404379357	103.998696856
5260.00000000	-0.00122498210050	0.00491364078093	0.00506403464350	103.998615190
5260.00000000	-0.00122498053920	0.00491365313692	0.00506404625486	103.998564233
5260.00000000	-0.00122498630488	0.00491368098058	0.00506407466632	103.998551325
5260.00000000	-0.00122499525028	0.00491370967068	0.00506410466824	103.998571008
5260.00000000	-0.00122499994358	0.00491372939209	0.00506412493927	103.998568557
5260.00000000	-0.00122499717992	0.00491374373557	0.00506413818824	103.998498961
5260.00000000	-0.00122499316965	0.00491375941161	0.00506415242868	103.998412034
5260.00000000	-0.00122499561056	0.00491377891106	0.00506417193948	103.998385465
5260.00000000	-0.00122500560624	0.00491379860878	0.00506419347014	103.998441288
5260.00000000	-0.00122501818508	0.00491381205657	0.00506420956132	103.998542573
5260.00000000	-0.00122502647650	0.00491381762391	0.00506421696900	103.998618359
5260.00000000	-0.00122502450620	0.00491382114000	0.00506421990406	103.998587106
5260.00000000	-0.00122501175036	0.00491382861214	0.00506422406870	103.998426625
5260.00000000	-0.00122499202408	0.00491383813159	0.00506422853380	103.998184021
5260.00000000	-0.00122497172807	0.00491383935380	0.00506422481033	103.997957870
5260.00000000	-0.00122495961747	0.00491382492352	0.00506420787917	103.997864412
5260.00000000	-0.00122496174215	0.00491379932223	0.00506418355205	103.997957799
5260.00000000	-0.00122497420849	0.00491377502390	0.00506416299076	103.998161152
5260.00000000	-0.00122498741999	0.00491376234829	0.00506415388734	103.998340877
5260.00000000	-0.00122499660999	0.00491376118874	0.00506415498523	103.998444939
5260.00000000	-0.00122500329101	0.00491376106535	0.00506415648162	103.998518620
5260.00000000	-0.00122500704029	0.00491375266268	0.00506414923543	103.998582777
5260.00000000	-0.00122500238426	0.00491373520734	0.00506413117220	103.998579435
5260.00000000	-0.00122498620881	0.00491371425001	0.00506410692448	103.998459217
5260.00000000	-0.00122496630326	0.00491369474701	0.00506408318562	103.998294068
5260.00000000	-0.00122495579109	0.00491367771178	0.00506406411347	103.998225285
5260.00000000	-0.00122495568582	0.00491366281076	0.00506404962951	103.998264911
5260.00000000	-0.00122495749003	0.00491364957017	0.00506403721854	103.998320955
5260.00000000	-0.00122495590046	0.00491363851051	0.00506402610282	103.998333773
5260.00000000	-0.00122494660490	0.00491362616971	0.00506401187998	103.998265499
5260.00000000	-0.00122492645501	0.00491360606815	0.00506398750128	103.998099301
5260.00000000	-0.00122489791165	0.00491357947898	0.00506395479741	103.997858710
5260.00000000	-0.00122486708224	0.00491355664199	0.00506392518144	103.997582750
5260.00000000	-0.00122483718964	0.00491354429849	0.00506390597408	103.997288353
5260.00000000	-0.00122481065690	0.00491354064375	0.00506389601029	103.997007063
5260.00000000	-0.00122479337855	0.00491354191691	0.00506389306655	103.996813886
5260.00000000	-0.00122479232050	0.00491354561890	0.00506389640271	103.996792139
5260.00000000	-0.00122480581718	0.00491354897919	0.00506390292766	103.996931118
5260.00000000	-0.00122482368208	0.00491354914680	0.00506390741130	103.997126791
5260.00000000	-0.00122483693477	0.00491354550677	0.00506390708484	103.997282248
5260.00000000	-0.00122484184925	0.00491353685458	0.00506389987826	103.997359881
5260.00000000	-0.00122483953553	0.00491352323398	0.00506388610246	103.997371756
5260.00000000	-0.00122483346971	0.00491350721188	0.00506386908892	103.997349010
5260.00000000	-0.00122482837401	0.00491348793697	0.00506384915381	103.997345816
5260.00000000	-0.00122482972014	0.00491346524517	0.00506382746140	103.997422697
5260.00000000	-0.00122484101638	0.00491344732739	0.00506381280799	103.997595753
5270.00000000	0.0291407006910	-0.144590519167	0.147497792085	-78.6052785030
5270.00000000	0.0291404050286	-0.144591745848	0.147498936174	-78.6054852301
5270.00000000	0.0291401944465	-0.144592743870	0.147499872923	-78.6056420087
5270.00000000	0.0291400257909	-0.144593278208	0.147500363410	-78.6057472368
5270.00000000	0.0291398916825	-0.144593397801	0.147500454151	-78.6058074815
5270.00000000	0.0291398544369	-0.144593292451	0.147500343520	-78.6058135796
5270.00000000	0.0291399614239	-0.144593094577	0.147500170682	-78.6057576551
5270.00000000	0.0291401728373	-0.144592883967	0.147500005990	-78.6056609886
5270.00000000	0.0291403472386	-0.144592722957	0.147499882608	-78.6055822221
5270.00000000	0.0291403488180	-0.144592558345	0.147499721552	-78.6055689879
5270.00000000	0.0291401706268	-0.144592273967	0.147499407576	-78.6056150178
5270.00000000	0.0291399059904	-0.144591869304	0.147498958606	-78.6056847345
5270.00000000	0.0291396676033	-0.144591557884	0.147498606229	-78.6057516118
5270.00000000	0.0291395368875	-0.144591624860	0.147498646061	-78.6058065274
5270.00000000	0.0291395131959	-0.144592172254	0.147499177985	-78.6058575565
5270.00000000	0.0291395140572	-0.144592998926	0.147499988535	-78.6059206675
5270.00000000	0.0291394665511	-0.144593743556	0.147500709105	-78.6059958999
5270.00000000	0.0291393780880	-0.144594086306	0.147501027624	-78.6060558878
5270.00000000	0.0291392751268	-0.144593825031	0.147500751157	-78.6060750444
5270.00000000	0.0291391709850	-0.144592983750	0.147499905883	-78.6060501416
5270.00000000	0.0291390855747	-0.144591915343	0.147498841658	-78.6060006761
5270.00000000	0.0291390363974	-0.144591130074	0.147498062151	-78.6059591409
5270.00000000	0.0291389882352	-0.144590814101	0.147497742890	-78.6059532329
5270.00000000	0.0291388545475	-0.144590681833	0.147497586819	-78.6059939903
5270.00000000	0.0291386193938	-0.144590515757	0.147497377560	-78.6060707914
5270.00000000	0.0291383596154	-0.144590355913	0.147497169546	-78.6061574479
5270.00000000	0.0291381650928	-0.144590311103	0.147497087191	-78.6062280831
5270.00000000	0.0291380815632	-0.144590346598	0.147497105485	-78.6062626149
5270.00000000	0.0291380883576	-0.144590186102	0.147496949495	-78.6062477113
5270.00000000	0.0291381542146	-0.144589746218	0.147496531290	-78.6061888765
5270.00000000	0.0291382666496	-0.144589362050	0.147496176905	-78.6061165801
5270.00000000	0.0291383766796	-0.144589314027	0.147496151564	-78.6060709953
5270.00000000	0.0291384017092	-0.144589500184	0.147496338997	-78.6060757498
5270.00000000	0.0291383278181	-0.144589753806	0.147496573023	-78.6061233506
5270.00000000	0.0291382077697	-0.144590084268	0.147496873257	-78.6061944246
5270.00000000	0.0291380451360	-0.144590492288	0.147497241108	-78.6062876664
5270.00000000	0.0291378296883	-0.144590838328	0.147497537767	-78.6063962629
5270.00000000	0.0291376153698	-0.144591038379	0.147497691538	-78.6064932262
5270.00000000	0.0291375119838	-0.144591232453	0.147497861364	-78.6065474880
5270.00000000	0.0291375954914	-0.144591574050	0.147498212726	-78.6065419016
5270.00000000	0.0291378129859	-0.144591958911	0.147498632968	-78.6064886137
5270.00000000	0.0291380042783	-0.144592212963	0.147498919803	-78.6064352659
5270.00000000	0.0291380923444	-0.144592306495	0.147499028888	-78.6064089082
5270.00000000	0.0291381529445	-0.144592257252	0.147498992587	-78.6063820533
5270.00000000	0.0291382431726	-0.144592023084	0.147498780859	-78.6063297255
5270.00000000	0.0291382806908	-0.144591497192	0.147498272741	-78.6062750828
5270.00000000	0.0291381769790	-0.144590673240	0.147497444540	-78.6062513470
5270.00000000	0.0291379659143	-0.144589710302	0.147496458883	-78.6062578250
5270.00000000	0.0291377438867	-0.144588773970	0.147495497141	-78.6062705196
5270.00000000	0.0291375642957	-0.144587923953	0.147494628397	-78.6062736781
5270.00000000	0.0291373984683	-0.144587163901	0.147493850565	-78.6062784993
5270.00000000	0.0291371357044	-0.144586442762	0.147493091729	-78.6063232211
5270.00000000	0.0291367151190	-0.144585724226	0.147492304267	-78.6064282432
5270.00000000	0.0291362344569	-0.144585043382	0.147491541887	-78.6065590370
5270.00000000	0.0291358341332	-0.144584460650	0.147490891556	-78.6066667670
5270.00000000	0.0291355302514	-0.144584042192	0.147490421315	-78.6067503777
5270.00000000	0.0291352781744	-0.144583818100	0.147490151843	-78.6068291762
5270.00000000	0.0291351057141	-0.144583779738	0.147490080169	-78.6068919081
5270.00000000	0.0291350572601	-0.144583935631	0.147490223419	-78.6069223233
5270.00000000	0.0291350871848	-0.144584184915	0.147490473702	-78.6069300570
5270.00000000	0.0291351216238	-0.144584375907	0.147490667734	-78.6069315985
5270.00000000	0.0291351553626	-0.144584561094	0.147490855936	-78.6069329610
5270.00000000	0.0291352054616	-0.144584871267	0.147491169893	-78.6069376846
5270.00000000	0.0291352293317	-0.144585251840	0.147491547683	-78.6069577988
5270.00000000	0.0291351919273	-0.144585480386	0.147491764337	-78.6069895809
5270.00000000	0.0291350856493	-0.144585403742	0.147491668208	-78.6070241714
5270.00000000	0.0291348859352	-0.144585098675	0.147491329702	-78.6070768155
5270.00000000	0.0291345890702	-0.144584818129	0.147490996043	-78.6071683379
5270.00000000	0.0291342194420	-0.144584741858	0.147490848261	-78.6073032454
5270.00000000	0.0291338313899	-0.144584845968	0.147490873667	-78.6074590107
5270.00000000	0.0291335206015	-0.144584985753	0.147490949308	-78.6075880901
5270.00000000	0.0291333607920	-0.144585065090	0.147490995515	-78.6076550358
5270.00000000	0.0291333820386	-0.144585165529	0.147491098173	-78.6076546518
5270.00000000	0.0291335403589	-0.144585356767	0.147491316914	-78.6076090353
5270.00000000	0.0291336954992	-0.144585509957	0.147491497731	-78.6075617103
5270.00000000	0.0291336873204	-0.144585450274	0.147491437608	-78.6075602453
5270.00000000	0.0291334522509	-0.144585137412	0.147491084478	-78.6076257563
5270.00000000	0.0291330473546	-0.144584662164	0.147490538616	-78.6077434804
5270.00000000	0.0291326506927	-0.144584184936	0.147489992440	-78.6078579175
5270.00000000	0.0291324441979	-0.144583886293	0.147489658893	-78.6079136392
5270.00000000	0.0291324272455	-0.144583837195	0.147489607414	-78.6079163276
5270.00000000	0.0291324810630	-0.144583991304	0.147489769118	-78.6079076579
5270.00000000	0.0291325099235	-0.144584191896	0.147489971457	-78.6079120591
5270.00000000	0.0291324457911	-0.144584171416	0.147489938714	-78.6079349105
5270.00000000	0.0291322681693	-0.144583770902	0.147489511007	-78.6079718202
5270.00000000	0.0291320073712	-0.144583058301	0.147488760932	-78.6080164586
5270.00000000	0.0291317246978	-0.144582255104	0.147487917724	-78.6080624763
5270.00000000	0.0291314434715	-0.144581620642	0.147487240215	-78.6081208910
5270.00000000	0.0291311214016	-0.144581292546	0.147486854968	-78.6082183685
5270.00000000	0.0291307388764	-0.144581238171	0.147486726109	-78.6083598723
5270.00000000	0.0291303709706	-0.144581409436	0.147486821334	-78.6085131223
5270.00000000	0.0291301002053	-0.144581820006	0.147487170338	-78.6086477398
5270.00000000	0.0291299083210	-0.144582426138	0.147487726631	-78.6087673216
5270.00000000	0.0291296936995	-0.144582961543	0.147488209100	-78.6088901347
5270.00000000	0.0291293618456	-0.144583044535	0.147488224915	-78.6090228806
5270.00000000	0.0291289099657	-0.144582564660	0.147487665245	-78.6091581496
5270.00000000	0.0291284037601	-0.144581692561	0.147486710348	-78.6092840154
5270.00000000	0.0291279278567	-0.144580613683	0.147485558731	-78.6093824778
5270.00000000	0.0291275358200	-0.144579505366	0.147484394818	-78.6094467436
5270.00000000	0.0291272580545	-0.144578566832	0.147483419912	-78.6094805181
5274.00000000	-0.00418797907245	0.00399830275783	0.00579012898427	136.327306876
5274.00000000	-0.00418799049047	0.00399833333486	0.00579015835750	136.327166048
5274.00000000	-0.00418799840761	0.00399834890333	0.00579017483457	136.327108720
5274.00000000	-0.00418800155428	0.00399834580788	0.00579017497301	136.327152376
5274.00000000	-0.00418800423339	0.00399833646133	0.00579017045664	136.327237578
5274.00000000	-0.00418800983386	0.00399832940076	0.00579016963184	136.327326381
5274.00000000	-0.00418801728699	0.00399832331018	0.00579017081690	136.327420902
5274.00000000	-0.00418802389734	0.00399831471615	0.00579016966366	136.327527581
5274.00000000	-0.00418802938826	0.00399830551041	0.00579016727837	136.327630989
5274.00000000	-0.00418803658873	0.00399830462974	0.00579017187834	136.327686493
5274.00000000	-0.00418804538364	0.00399831778458	0.00579018732356	136.327652436
5274.00000000	-0.00418804769082	0.00399834351670	0.00579020676126	136.327484030
5274.00000000	-0.00418804088760	0.00399837968793	0.00579022681810	136.327178658
5274.00000000	-0.00418803432229	0.00399842188017	0.00579025120496	136.326831820
5274.00000000	-0.00418803726305	0.00399846479805	0.00579028296872	136.326544748
5274.00000000	-0.00418804808931	0.00399850442705	0.00579031816496	136.326335099
5274.00000000	-0.00418805551217	0.00399853341882	0.00579034355409	136.326178328
5274.00000000	-0.00418804862871	0.00399854159058	0.00579034421844	136.326072808
5274.00000000	-0.00418803091236	0.00399852431634	0.00579031947575	136.326075381
5274.00000000	-0.00418801538402	0.00399848518674	0.00579028122334	136.326249324
5274.00000000	-0.00418800786125	0.00399843389535	0.00579024036301	136.326565015
5274.00000000	-0.00418800288135	0.00399838526755	0.00579020318140	136.326879023
5274.00000000	-0.00418799244411	0.00399835071282	0.00579017177074	136.327055019
5274.00000000	-0.00418797265775	0.00399833418012	0.00579014604289	136.327038144
5274.00000000	-0.00418794693278	0.00399833305739	0.00579012666093	136.326870396
5274.00000000	-0.00418792261200	0.00399834032855	0.00579011409102	136.326652165
5274.00000000	-0.00418790778742	0.00399835187588	0.00579011134256	136.326468217
5274.00000000	-0.00418790688634	0.00399836602810	0.00579012046363	136.326360769
5274.00000000	-0.00418791217987	0.00399837372485	0.00579012960735	136.326341854
5274.00000000	-0.00418790847551	0.00399836395783	0.00579012018343	136.326386446
5274.00000000	-0.00418789424042	0.00399833693864	0.00579009122932	136.326482556
5274.00000000	-0.00418788192124	0.00399830186287	0.00579005809754	136.326649423
5274.00000000	-0.00418787706798	0.00399826738156	0.00579003077634	136.326863055
5274.00000000	-0.00418787372346	0.00399824097600	0.00579001012312	136.327029196
5274.00000000	-0.00418786296239	0.00399822628500	0.00578999219497	136.327060812
5274.00000000	-0.00418784145734	0.00399822516109	0.00578997586442	136.326921904
5274.00000000	-0.00418781289726	0.00399823633444	0.00578996292289	136.326646768
5274.00000000	-0.00418778614993	0.00399825348980	0.00578995542351	136.326341203
5274.00000000	-0.00418777232925	0.00399827021332	0.00578995697569	136.326127062
5274.00000000	-0.00418777592956	0.00399828461634	0.00578996952578	136.326048577
5274.00000000	-0.00418779290373	0.00399829734144	0.00578999059024	136.326073492
5274.00000000	-0.00418781787055	0.00399831089775	0.00579001800964	136.326147075
5274.00000000	-0.00418784418030	0.00399832724503	0.00579004832768	136.326209858
5274.00000000	-0.00418786561465	0.00399834122377	0.00579007348382	136.326256277
5274.00000000	-0.00418787895219	0.00399834144874	0.00579008328601	136.326345807
5274.00000000	-0.00418788145369	0.00399832406667	0.00579007309213	136.326487309
5274.00000000	-0.00418787347458	0.00399829790109	0.00579004925238	136.326620060
5274.00000000	-0.00418785869615	0.00399827291052	0.00579002130617	136.326697941
5274.00000000	-0.00418784055785	0.00399824855058	0.00578999136529	136.326748349
5274.00000000	-0.00418782004521	0.00399822281970	0.00578995876039	136.326792345
5274.00000000	-0.00418779743482	0.00399820032598	0.00578992687361	136.326798836
5274.00000000	-0.00418777014295	0.00399818488507	0.00578989647104	136.326722856
5274.00000000	-0.00418773464879	0.00399817439349	0.00578986355362	136.326555400
5274.00000000	-0.00418769596372	0.00399816746040	0.00578983078561	136.326340665
5274.00000000	-0.00418766754108	0.00399816812269	0.00578981068532	136.326141694
5274.00000000	-0.00418765624655	0.00399817757842	0.00578980904589	136.325996831
5274.00000000	-0.00418765689288	0.00399819014909	0.00578981819411	136.325911272
5274.00000000	-0.00418765826376	0.00399819751240	0.00578982427040	136.325867938
5274.00000000	-0.00418765231291	0.00399819434359	0.00578981777805	136.325849952
5274.00000000	-0.00418763573104	0.00399818052438	0.00578979624179	136.325835548
5274.00000000	-0.00418761264251	0.00399816265867	0.00578976720507	136.325805641
5274.00000000	-0.00418759455117	0.00399815423986	0.00578974830633	136.325742267
5274.00000000	-0.00418758794517	0.00399816146343	0.00578974851666	136.325645420
5274.00000000	-0.00418758804868	0.00399817726302	0.00578975950209	136.325533040
5274.00000000	-0.00418758617016	0.00399818772337	0.00578976536691	136.325445332
5274.00000000	-0.00418757970801	0.00399818335807	0.00578975767849	136.325432416
5274.00000000	-0.00418756988830	0.00399816847393	0.00578974029774	136.325471844
5274.00000000	-0.00418755921035	0.00399815793694	0.00578972529822	136.325474292
5274.00000000	-0.00418755307847	0.00399816489889	0.00578972567085	136.325382556
5274.00000000	-0.00418755708026	0.00399818923825	0.00578974537310	136.325235693
5274.00000000	-0.00418757356249	0.00399821791119	0.00578977709472	136.325143103
5274.00000000	-0.00418759893654	0.00399823857361	0.00578980971577	136.325168614
5274.00000000	-0.00418762490567	0.00399824801170	0.00578983501610	136.325278529
5274.00000000	-0.00418764191611	0.00399825059737	0.00578984910485	136.325376267
5274.00000000	-0.00418764348227	0.00399825169034	0.00578985099237	136.325379147
5274.00000000	-0.00418763171511	0.00399825442224	0.00578984436806	136.325279180
5274.00000000	-0.00418761018465	0.00399825790477	0.00578983120062	136.325107120
5274.00000000	-0.00418758166572	0.00399825824391	0.00578981080797	136.324909799
5274.00000000	-0.00418755644775	0.00399825286479	0.00578978885400	136.324775964
5274.00000000	-0.00418755055662	0.00399824522703	0.00578977931874	136.324790372
5274.00000000	-0.00418756582268	0.00399824124159	0.00578978760796	136.324923224
5274.00000000	-0.00418758548259	0.00399824023680	0.00578980113347	136.325064768
5274.00000000	-0.00418759489692	0.00399823835875	0.00578980664566	136.325142546
5274.00000000	-0.00418758953826	0.00399823511306	0.00578980052854	136.325129157
5274.00000000	-0.00418756908837	0.00399822976469	0.00578978204435	136.325027687
5274.00000000	-0.00418753791403	0.00399821956454	0.00578975245306	136.324887652
5274.00000000	-0.00418750588895	0.00399820440855	0.00578971882413	136.324777274
5274.00000000	-0.00418748247757	0.00399819045066	0.00578969225259	136.324717185
5274.00000000	-0.00418746767882	0.00399818558770	0.00578967819096	136.324650857
5274.00000000	-0.00418745436085	0.00399819022835	0.00578967176326	136.324526626
5274.00000000	-0.00418744053373	0.00399819960650	0.00578966823894	136.324365006
5274.00000000	-0.00418742789165	0.00399821177741	0.00578966750037	136.324191495
5274.00000000	-0.00418741426650	0.00399822457502	0.00578966648362	136.324006780
5274.00000000	-0.00418739511697	0.00399822830415	0.00578965520889	136.323849219
5274.00000000	-0.00418737025611	0.00399821538863	0.00578962830893	136.323771758
5274.00000000	-0.00418734384910	0.00399819152193	0.00578959272805	136.323762114
5274.00000000	-0.00418731975465	0.00399816533908	0.00578955722023	136.323784852
5274.00000000	-0.00418730155020	0.00399814157521	0.00578952764289	136.323830531
5274.00000000	-0.00418728838390	0.00399812721315	0.00578950820212	136.323843347
5274.00000000	-0.00418727374662	0.00399812821065	0.00578949830451	136.323736171
