DevNumber	X [V]	Y [V]	R [V]	Theta [°]
4253.00000000	7.30717246718E-5	-0.00175234536453	0.00175386822582	-87.6121845770
4253.00000000	7.30694242974E-5	-0.00175235543921	0.00175387819591	-87.6122733727
4253.00000000	7.30628760548E-5	-0.00175236381604	0.00175388629267	-87.6124985051
4253.00000000	7.30536339310E-5	-0.00175236925608	0.00175389134301	-87.6128075661
4253.00000000	7.30498627691E-5	-0.00175237077917	0.00175389270770	-87.6129327271
4253.00000000	7.30509180990E-5	-0.00175237087702	0.00175389284942	-87.6128984149
4253.00000000	7.30531451545E-5	-0.00175237872170	0.00175390078005	-87.6128363991
4253.00000000	7.30533042386E-5	-0.00175238962455	0.00175391168007	-87.6128460418
4253.00000000	7.30450117486E-5	-0.00175239053854	0.00175391224789	-87.6131179446
4253.00000000	7.30292131210E-5	-0.00175237930263	0.00175390036383	-87.6136183141
4253.00000000	7.30179881298E-5	-0.00175236273141	0.00175388333963	-87.6139621528
4253.00000000	7.30200696817E-5	-0.00175234923168	0.00175386993826	-87.6138758509
4253.00000000	7.30333465043E-5	-0.00175234501030	0.00175386627336	-87.6134367547
4253.00000000	7.30491514520E-5	-0.00175234973292	0.00175387165009	-87.6129273082
4253.00000000	7.30653509437E-5	-0.00175236160868	0.00175388419033	-87.6124147219
4253.00000000	7.30804363800E-5	-0.00175237434653	0.00175389754563	-87.6119396784
4253.00000000	7.30979347832E-5	-0.00175237683811	0.00175390076424	-87.6113719350
4253.00000000	7.31195586846E-5	-0.00175236219332	0.00175388703354	-87.6106462026
4253.00000000	7.31394662942E-5	-0.00175233645701	0.00175386214968	-87.6099613679
4253.00000000	7.31477219368E-5	-0.00175231011063	0.00175383617052	-87.6096560072
4253.00000000	7.31423443036E-5	-0.00175228748294	0.00175381333825	-87.6098007064
4253.00000000	7.31266021816E-5	-0.00175227178449	0.00175379699700	-87.6102931584
4253.00000000	7.31058630988E-5	-0.00175226760316	0.00175379195468	-87.6109644120
4253.00000000	7.30893177806E-5	-0.00175227422855	0.00175379788471	-87.6115134928
4253.00000000	7.30827875766E-5	-0.00175228411735	0.00175380749279	-87.6117401086
4253.00000000	7.30816954962E-5	-0.00175229232144	0.00175381564424	-87.6117869237
4253.00000000	7.30830572274E-5	-0.00175230423925	0.00175382760845	-87.6117586999
4253.00000000	7.30866902977E-5	-0.00175232363881	0.00175384714255	-87.6116665246
4253.00000000	7.30955585667E-5	-0.00175234619798	0.00175387005171	-87.6114077770
4253.00000000	7.31080585595E-5	-0.00175236112963	0.00175388549138	-87.6110201124
4253.00000000	7.31171697914E-5	-0.00175236017979	0.00175388492218	-87.6107214327
4253.00000000	7.31212420109E-5	-0.00175234894073	0.00175387386266	-87.6105732101
4253.00000000	7.31247517165E-5	-0.00175233803172	0.00175386310946	-87.6104437957
4253.00000000	7.31218471223E-5	-0.00175233434401	0.00175385930386	-87.6105335787
4253.00000000	7.31073752708E-5	-0.00175233723431	0.00175386158834	-87.6110098759
4253.00000000	7.30885924343E-5	-0.00175234179634	0.00175386536358	-87.6116291580
4253.00000000	7.30773532014E-5	-0.00175234391659	0.00175386701365	-87.6119988917
4253.00000000	7.30806237775E-5	-0.00175234636940	0.00175386960061	-87.6118954793
4253.00000000	7.30932553658E-5	-0.00175235540967	0.00175387915940	-87.6114954943
4253.00000000	7.31026944038E-5	-0.00175237203471	0.00175389616340	-87.6112100443
4253.00000000	7.31022429479E-5	-0.00175238807388	0.00175391216981	-87.6112466180
4253.00000000	7.30987735167E-5	-0.00175239648802	0.00175392043203	-87.6113713127
4253.00000000	7.31005837620E-5	-0.00175239567412	0.00175391969429	-87.6113111202
4253.00000000	7.31139096964E-5	-0.00175239109079	0.00175391567040	-87.6108699352
4253.00000000	7.31362415607E-5	-0.00175239012164	0.00175391563316	-87.6101397267
4253.00000000	7.31601698458E-5	-0.00175239379363	0.00175392029990	-87.6093637368
4253.00000000	7.31732473826E-5	-0.00175239755660	0.00175392460514	-87.6089420299
4253.00000000	7.31684195381E-5	-0.00175239776935	0.00175392461629	-87.6090998946
4253.00000000	7.31497169350E-5	-0.00175238962871	0.00175391570262	-87.6096992333
4253.00000000	7.31285894768E-5	-0.00175236837258	0.00175389358395	-87.6103598590
4253.00000000	7.31138225058E-5	-0.00175233966133	0.00175386428201	-87.6108027437
4253.00000000	7.31049881001E-5	-0.00175231969075	0.00175384396053	-87.6110639039
4253.00000000	7.30936359047E-5	-0.00175232152758	0.00175384532260	-87.6114369439
4253.00000000	7.30829696608E-5	-0.00175233940311	0.00175386273812	-87.6118094270
4253.00000000	7.30829595072E-5	-0.00175235543990	0.00175387876055	-87.6118315888
4253.00000000	7.30937025153E-5	-0.00175235430200	0.00175387807132	-87.6114793915
4253.00000000	7.31085804350E-5	-0.00175233468376	0.00175385909024	-87.6109670662
4253.00000000	7.31240874853E-5	-0.00175230228630	0.00175382736743	-87.6104167883
4253.00000000	7.31383027024E-5	-0.00175226504801	0.00175379075428	-87.6099020621
4253.00000000	7.31448723985E-5	-0.00175223130547	0.00175375731509	-87.6096416424
4253.00000000	7.31374504248E-5	-0.00175220220479	0.00175372793018	-87.6098442604
4253.00000000	7.31236075947E-5	-0.00175217722164	0.00175370239152	-87.6102620904
4253.00000000	7.31198519784E-5	-0.00175216597685	0.00175369099991	-87.6103693667
4253.00000000	7.31313292490E-5	-0.00175217404417	0.00175369953879	-87.6100057041
4253.00000000	7.31463456971E-5	-0.00175219657487	0.00175372267616	-87.6095462255
4253.00000000	7.31529046028E-5	-0.00175222558396	0.00175375193358	-87.6093716593
4253.00000000	7.31519566491E-5	-0.00175225372164	0.00175378000723	-87.6094409460
4253.00000000	7.31483808425E-5	-0.00175226863773	0.00175379476119	-87.6095779904
4253.00000000	7.31438632143E-5	-0.00175225890889	0.00175378485240	-87.6097121953
4253.00000000	7.31364110955E-5	-0.00175222965258	0.00175375531076	-87.6099155833
4253.00000000	7.31276966336E-5	-0.00175219797700	0.00175372329933	-87.6101568883
4253.00000000	7.31210873485E-5	-0.00175218053735	0.00175370559926	-87.6103488754
4253.00000000	7.31194266403E-5	-0.00175218236972	0.00175370736079	-87.6104055817
4253.00000000	7.31240517781E-5	-0.00175219686284	0.00175372203416	-87.6102743478
4253.00000000	7.31319176866E-5	-0.00175221203484	0.00175373752096	-87.6100382549
4253.00000000	7.31394499358E-5	-0.00175222675862	0.00175375254604	-87.6098124467
4253.00000000	7.31434863450E-5	-0.00175224488317	0.00175377082317	-87.6097053863
4253.00000000	7.31458743951E-5	-0.00175226318532	0.00175378920899	-87.6096523746
4253.00000000	7.31500030049E-5	-0.00175227052609	0.00175379671557	-87.6095276143
4253.00000000	7.31543413390E-5	-0.00175226179209	0.00175378817013	-87.6093741042
4253.00000000	7.31533121207E-5	-0.00175224042310	0.00175376677680	-87.6093785792
4253.00000000	7.31468159316E-5	-0.00175222550879	0.00175375160451	-87.6095703031
4253.00000000	7.31363430717E-5	-0.00175223423606	0.00175375988741	-87.6099240484
4253.00000000	7.31238623427E-5	-0.00175226114953	0.00175378625704	-87.6103681034
4253.00000000	7.31108623827E-5	-0.00175228802484	0.00175381256701	-87.6108290413
4253.00000000	7.30974262820E-5	-0.00175230406158	0.00175382802976	-87.6112894434
4253.00000000	7.30859463426E-5	-0.00175230701075	0.00175383049793	-87.6116681705
4253.00000000	7.30786793285E-5	-0.00175230009370	0.00175382328407	-87.6118959541
4253.00000000	7.30707058679E-5	-0.00175229201781	0.00175381488297	-87.6121452212
4253.00000000	7.30619268335E-5	-0.00175229019008	0.00175381269109	-87.6124292891
4253.00000000	7.30562254096E-5	-0.00175229232879	0.00175381459043	-87.6126182992
4253.00000000	7.30566167631E-5	-0.00175229350808	0.00175381578500	-87.6126071299
4253.00000000	7.30616950977E-5	-0.00175229316782	0.00175381565658	-87.6124409057
4253.00000000	7.30709311318E-5	-0.00175228741225	0.00175381029080	-87.6121315996
4253.00000000	7.30799971035E-5	-0.00175227383299	0.00175379710108	-87.6118171921
4253.00000000	7.30832484825E-5	-0.00175225510067	0.00175377852052	-87.6116855611
4253.00000000	7.30770443013E-5	-0.00175223512322	0.00175375830189	-87.6118608794
4253.00000000	7.30659523613E-5	-0.00175221941645	0.00175374214660	-87.6122015625
4253.00000000	7.30591344679E-5	-0.00175221455821	0.00175373700855	-87.6124175015
4253.00000000	7.30596535958E-5	-0.00175221783307	0.00175374030218	-87.6124050131
5260.00000000	0.000401071504149	-0.0199183247095	0.0199223622491	-88.8464592354
5260.00000000	0.000401048621019	-0.0199183880952	0.0199224251613	-88.8465287026
5260.00000000	0.000401034462010	-0.0199184221815	0.0199224589557	-88.8465713882
5260.00000000	0.000401024551974	-0.0199184115716	0.0199224481484	-88.8465992689
5260.00000000	0.000401015766261	-0.0199183934722	0.0199224298759	-88.8466234832
5260.00000000	0.000401017349608	-0.0199184304239	0.0199224668519	-88.8466210696
5260.00000000	0.000401036856697	-0.0199185463549	0.0199225831521	-88.8465716913
5260.00000000	0.000401071731033	-0.0199187011384	0.0199227386063	-88.8464803771
5260.00000000	0.000401121062540	-0.0199188200070	0.0199228584439	-88.8463454162
5260.00000000	0.000401185690725	-0.0199188316645	0.0199228714004	-88.8461602660
5260.00000000	0.000401251641832	-0.0199187307184	0.0199227718029	-88.8459647901
5260.00000000	0.000401293033747	-0.0199185927551	0.0199226347013	-88.8458377836
5260.00000000	0.000401283934517	-0.0199184975624	0.0199225393447	-88.8458584326
5260.00000000	0.000401229322665	-0.0199184696735	0.0199225103615	-88.8460138452
5260.00000000	0.000401162155053	-0.0199185024349	0.0199225417637	-88.8462088727
5260.00000000	0.000401102807212	-0.0199185691137	0.0199226072340	-88.8463833790
5260.00000000	0.000401051041866	-0.0199186489631	0.0199226860251	-88.8465368444
5260.00000000	0.000401000822310	-0.0199187286534	0.0199227646883	-88.8466858548
5260.00000000	0.000400960093036	-0.0199187643525	0.0199227995605	-88.8468050305
5260.00000000	0.000400943220451	-0.0199187302534	0.0199227651287	-88.8468515708
5260.00000000	0.000400943779453	-0.0199186466215	0.0199226815250	-88.8468451231
5260.00000000	0.000400944073895	-0.0199185559180	0.0199225908458	-88.8468390267
5260.00000000	0.000400933749833	-0.0199185015370	0.0199225362681	-88.8468655645
5260.00000000	0.000400912736993	-0.0199185011226	0.0199225354308	-88.8469259597
5260.00000000	0.000400884017706	-0.0199185325982	0.0199225663222	-88.8470103591
5260.00000000	0.000400856716533	-0.0199185532736	0.0199225864441	-88.8470900556
5260.00000000	0.000400842966767	-0.0199185449295	0.0199225778250	-88.8471291081
5260.00000000	0.000400846906120	-0.0199185325452	0.0199225655225	-88.8471170645
5260.00000000	0.000400855008582	-0.0199185430956	0.0199225762337	-88.8470943776
5260.00000000	0.000400862357165	-0.0199185609065	0.0199225941889	-88.8470742786
5260.00000000	0.000400881986554	-0.0199185609183	0.0199225945957	-88.8470178382
5260.00000000	0.000400918252963	-0.0199185580571	0.0199225924649	-88.8469133944
5260.00000000	0.000400950949635	-0.0199185794570	0.0199226145184	-88.8468206191
5260.00000000	0.000400962582268	-0.0199186222552	0.0199226575420	-88.8467896486
5260.00000000	0.000400950405809	-0.0199186564851	0.0199226915200	-88.8468266410
5260.00000000	0.000400920711722	-0.0199186580804	0.0199226925173	-88.8469121135
5260.00000000	0.000400877143619	-0.0199186142474	0.0199226478165	-88.8470348493
5260.00000000	0.000400839334020	-0.0199185238706	0.0199225566973	-88.8471383349
5260.00000000	0.000400828755790	-0.0199183971904	0.0199224298299	-88.8471614210
5260.00000000	0.000400843869225	-0.0199182684263	0.0199223013960	-88.8471105134
5260.00000000	0.000400878870113	-0.0199181902502	0.0199222239399	-88.8470053485
5260.00000000	0.000400921403595	-0.0199181688676	0.0199222034175	-88.8468818106
5260.00000000	0.000400955634069	-0.0199181618192	0.0199221970595	-88.8467829765
5260.00000000	0.000400978457082	-0.0199181458937	0.0199221815966	-88.8467164295
5260.00000000	0.000400998401345	-0.0199181436485	0.0199221797532	-88.8466589519
5260.00000000	0.000401017123196	-0.0199181897815	0.0199222262537	-88.8466077898
5260.00000000	0.000401021234633	-0.0199182882748	0.0199223248098	-88.8466016697
5260.00000000	0.000401003468329	-0.0199184043188	0.0199224404727	-88.8466594720
5260.00000000	0.000400978413913	-0.0199184941348	0.0199225297662	-88.8467367114
5260.00000000	0.000400963987864	-0.0199185547971	0.0199225901259	-88.8467817025
5260.00000000	0.000400961001695	-0.0199186133537	0.0199226486105	-88.8467936780
5260.00000000	0.000400953012380	-0.0199186739272	0.0199227090110	-88.8468201558
5260.00000000	0.000400925555897	-0.0199187119253	0.0199227464488	-88.8469013012
5260.00000000	0.000400888393762	-0.0199187201761	0.0199227539501	-88.8470086315
5260.00000000	0.000400864428591	-0.0199186948604	0.0199227281574	-88.8470760740
5260.00000000	0.000400865306720	-0.0199186279237	0.0199226612519	-88.8470696757
5260.00000000	0.000400885433695	-0.0199185420480	0.0199225757985	-88.8470068345
5260.00000000	0.000400918619981	-0.0199184637845	0.0199224982187	-88.8469068831
5260.00000000	0.000400948448888	-0.0199183901175	0.0199224251669	-88.8468168507
5260.00000000	0.000400956606034	-0.0199183249772	0.0199223602040	-88.8467896256
5260.00000000	0.000400945823302	-0.0199182807314	0.0199223157501	-88.8468180690
5260.00000000	0.000400929927878	-0.0199182684953	0.0199223031966	-88.8468630662
5260.00000000	0.000400918051649	-0.0199183013538	0.0199223358095	-88.8468991165
5260.00000000	0.000400908487962	-0.0199183702429	0.0199224044922	-88.8469306026
5260.00000000	0.000400891328258	-0.0199184454369	0.0199224793256	-88.8469842946
5260.00000000	0.000400871948607	-0.0199184995275	0.0199225330154	-88.8470431481
5260.00000000	0.000400856178554	-0.0199185197769	0.0199225529433	-88.8470896642
5260.00000000	0.000400841982755	-0.0199184992334	0.0199225321183	-88.8471292933
5260.00000000	0.000400829778069	-0.0199184400381	0.0199224726895	-88.8471609608
5260.00000000	0.000400824163480	-0.0199183699869	0.0199224025395	-88.8471730515
5260.00000000	0.000400825490535	-0.0199183059054	0.0199223384976	-88.8471655278
5260.00000000	0.000400827110200	-0.0199182604037	0.0199222930378	-88.8471582378
5260.00000000	0.000400826343329	-0.0199182336858	0.0199222663098	-88.8471588969
5260.00000000	0.000400820689587	-0.0199182048533	0.0199222373694	-88.8471734852
5260.00000000	0.000400818319467	-0.0199181718145	0.0199222042896	-88.8471783886
5260.00000000	0.000400835552457	-0.0199181659476	0.0199221987707	-88.8471284974
5260.00000000	0.000400872099253	-0.0199182115011	0.0199222450502	-88.8470260472
5260.00000000	0.000400923801943	-0.0199183052104	0.0199223397810	-88.8468828055
5260.00000000	0.000400967630414	-0.0199184166649	0.0199224520950	-88.8467632335
5260.00000000	0.000400974269938	-0.0199185071200	0.0199225426654	-88.8467493784
5260.00000000	0.000400947591015	-0.0199185825915	0.0199226175847	-88.8468304577
5260.00000000	0.000400910478721	-0.0199186964007	0.0199227306240	-88.8469437544
5260.00000000	0.000400877907951	-0.0199188755123	0.0199229090439	-88.8470477704
5260.00000000	0.000400857019833	-0.0199190625686	0.0199230956421	-88.8471186535
5260.00000000	0.000400844447184	-0.0199191827007	0.0199232154968	-88.8471617541
5260.00000000	0.000400833584198	-0.0199192173889	0.0199232499595	-88.8471949949
5260.00000000	0.000400815780395	-0.0199191836800	0.0199232158992	-88.8472442349
5260.00000000	0.000400790372779	-0.0199191040975	0.0199231358217	-88.8473126840
5260.00000000	0.000400769698022	-0.0199190056817	0.0199230370099	-88.8473664359
5260.00000000	0.000400768304000	-0.0199188991632	0.0199229304849	-88.8473642820
5260.00000000	0.000400791503953	-0.0199187926960	0.0199228245060	-88.8472914158
5260.00000000	0.000400818779909	-0.0199187090897	0.0199227414654	-88.8472081518
5260.00000000	0.000400829725452	-0.0199186619765	0.0199226945818	-88.8471739538
5260.00000000	0.000400821541260	-0.0199186444610	0.0199226769053	-88.8471964726
5260.00000000	0.000400806087439	-0.0199186291312	0.0199226612677	-88.8472400204
5260.00000000	0.000400799883554	-0.0199185842992	0.0199226163200	-88.8472552648
5260.00000000	0.000400800930576	-0.0199184990529	0.0199225311120	-88.8472473221
5260.00000000	0.000400797448711	-0.0199184109404	0.0199224429473	-88.8472522357
5260.00000000	0.000400778239017	-0.0199183672762	0.0199223989054	-88.8473049443
5260.00000000	0.000400745684664	-0.0199183851710	0.0199224161417	-88.8473995852
5270.00000000	-0.000249897541754	0.000285604956719	0.000379498317094	131.185153060
5270.00000000	-0.000249896875503	0.000285588741842	0.000379485675425	131.186689459
5270.00000000	-0.000249895775610	0.000285570676792	0.000379471356114	131.188360653
5270.00000000	-0.000249892288183	0.000285558903989	0.000379460199943	131.189134999
5270.00000000	-0.000249886338307	0.000285560919852	0.000379457798733	131.188258471
5270.00000000	-0.000249879751887	0.000285575100989	0.000379464133625	131.186099992
5270.00000000	-0.000249880991037	0.000285595737985	0.000379480480706	131.184188970
5270.00000000	-0.000249892788247	0.000285614224519	0.000379502161872	131.183691578
5270.00000000	-0.000249911111750	0.000285620976105	0.000379519308820	131.185102320
5270.00000000	-0.000249928661927	0.000285608552229	0.000379521516069	131.188331394
5270.00000000	-0.000249935234422	0.000285584296126	0.000379507590964	131.191489717
5270.00000000	-0.000249928838613	0.000285566450159	0.000379489949573	131.192537529
5270.00000000	-0.000249913386216	0.000285560489312	0.000379475287293	131.191374602
5270.00000000	-0.000249900370459	0.000285559598908	0.000379466045496	131.189984260
5270.00000000	-0.000249900851712	0.000285558889428	0.000379465828525	131.190109490
5270.00000000	-0.000249904854709	0.000285559807133	0.000379469155343	131.190473073
5270.00000000	-0.000249894986480	0.000285558829121	0.000379461920562	131.189449044
5270.00000000	-0.000249873779298	0.000285546710118	0.000379438834649	131.188244327
5270.00000000	-0.000249856886402	0.000285526454779	0.000379412466929	131.188338875
5270.00000000	-0.000249847753157	0.000285512065798	0.000379395623952	131.188731894
5270.00000000	-0.000249841770790	0.000285514512263	0.000379393525438	131.187808698
5270.00000000	-0.000249842043041	0.000285536720995	0.000379410418291	131.185631062
5270.00000000	-0.000249851574232	0.000285569594609	0.000379441434890	131.183445436
5270.00000000	-0.000249861990628	0.000285595173499	0.000379467544708	131.182085991
5270.00000000	-0.000249866129153	0.000285609117714	0.000379480764492	131.181169984
5270.00000000	-0.000249863022847	0.000285617382424	0.000379484939529	131.179995376
5270.00000000	-0.000249857287752	0.000285618762619	0.000379482202222	131.179206447
5270.00000000	-0.000249856358807	0.000285604662972	0.000379470978532	131.180502572
5270.00000000	-0.000249859851532	0.000285575116916	0.000379451041386	131.183837008
5270.00000000	-0.000249862086615	0.000285545525111	0.000379430242915	131.187033425
5270.00000000	-0.000249861422572	0.000285529383614	0.000379417658256	131.188563117
5270.00000000	-0.000249863358747	0.000285528191771	0.000379418036394	131.188901671
5270.00000000	-0.000249871677648	0.000285538917821	0.000379431586562	131.188780377
5270.00000000	-0.000249880422315	0.000285555836996	0.000379450077742	131.188091644
5270.00000000	-0.000249885210979	0.000285570211257	0.000379464048657	131.187206501
5270.00000000	-0.000249888898659	0.000285577747819	0.000379472148810	131.186876172
5270.00000000	-0.000249896577504	0.000285582912986	0.000379481092596	131.187235136
5270.00000000	-0.000249905144922	0.000285590598791	0.000379492518472	131.187444430
5270.00000000	-0.000249908681560	0.000285596411510	0.000379499221853	131.187268347
5270.00000000	-0.000249906624014	0.000285596776489	0.000379498141586	131.186998282
5270.00000000	-0.000249901070428	0.000285594125592	0.000379492489482	131.186630832
5270.00000000	-0.000249893972999	0.000285591893384	0.000379486135857	131.186046324
5270.00000000	-0.000249889950285	0.000285593368018	0.000379484596669	131.185442625
5270.00000000	-0.000249893826385	0.000285599553975	0.000379491804517	131.185268038
5270.00000000	-0.000249900817407	0.000285605805350	0.000379501112766	131.185440880
5270.00000000	-0.000249903880008	0.000285606123320	0.000379503368787	131.185757246
5270.00000000	-0.000249898239869	0.000285599588654	0.000379494736892	131.185766070
5270.00000000	-0.000249887781768	0.000285592538599	0.000379482544501	131.185278684
5270.00000000	-0.000249875421055	0.000285593309059	0.000379474984982	131.183797529
5270.00000000	-0.000249858983545	0.000285600561018	0.000379469619485	131.181208649
5270.00000000	-0.000249840441234	0.000285604018371	0.000379460012894	131.178757734
5270.00000000	-0.000249823216538	0.000285600208483	0.000379445804571	131.177178915
5270.00000000	-0.000249811379930	0.000285593167263	0.000379432711729	131.176533634
5270.00000000	-0.000249811433170	0.000285587812131	0.000379428716073	131.177072088
5270.00000000	-0.000249821777580	0.000285586676515	0.000379434672053	131.178360701
5270.00000000	-0.000249831572309	0.000285587295644	0.000379441587014	131.179412342
5270.00000000	-0.000249829100232	0.000285589415502	0.000379441554880	131.178920630
5270.00000000	-0.000249813041851	0.000285593663165	0.000379434179165	131.176673223
5270.00000000	-0.000249797879857	0.000285599990213	0.000379428959347	131.174320893
5270.00000000	-0.000249798495033	0.000285607344383	0.000379434899932	131.173659714
5270.00000000	-0.000249813220237	0.000285613829534	0.000379449475723	131.174688679
5270.00000000	-0.000249827346969	0.000285619268400	0.000379462870087	131.175753557
5270.00000000	-0.000249831570656	0.000285625645759	0.000379470451040	131.175599620
5270.00000000	-0.000249823880158	0.000285632461692	0.000379470518314	131.174048059
5270.00000000	-0.000249810016553	0.000285640154541	0.000379467182055	131.171707729
5270.00000000	-0.000249796558435	0.000285644695727	0.000379461740895	131.169726710
5270.00000000	-0.000249786610235	0.000285643560297	0.000379454337426	131.168708822
5270.00000000	-0.000249780425421	0.000285638526517	0.000379446476798	131.168506161
5270.00000000	-0.000249779835071	0.000285635585993	0.000379443874630	131.168731342
5270.00000000	-0.000249786971723	0.000285639461479	0.000379451489912	131.169157324
5270.00000000	-0.000249796592561	0.000285646997067	0.000379463495726	131.169501843
5270.00000000	-0.000249801562184	0.000285655628807	0.000379473264853	131.169208743
5270.00000000	-0.000249801143881	0.000285672214815	0.000379485475086	131.167512722
5270.00000000	-0.000249802011866	0.000285696933296	0.000379504654552	131.165154816
5270.00000000	-0.000249811093207	0.000285722125836	0.000379529597636	131.163683515
5270.00000000	-0.000249827559940	0.000285747784677	0.000379559753074	131.163005391
5270.00000000	-0.000249841200383	0.000285776784243	0.000379590563398	131.161674311
5270.00000000	-0.000249842751595	0.000285801237162	0.000379609994188	131.159421370
5270.00000000	-0.000249830462749	0.000285800799408	0.000379601576735	131.158068385
5270.00000000	-0.000249807364720	0.000285769308589	0.000379562665709	131.158571794
5270.00000000	-0.000249779848735	0.000285728372304	0.000379513735685	131.159511665
5270.00000000	-0.000249758615726	0.000285701034709	0.000379479179091	131.159814622
5270.00000000	-0.000249749232418	0.000285692150408	0.000379466314576	131.159630841
5270.00000000	-0.000249750825196	0.000285691652816	0.000379466988255	131.159861352
5270.00000000	-0.000249763046859	0.000285690513184	0.000379474174220	131.161363897
5270.00000000	-0.000249784796094	0.000285689752133	0.000379487916584	131.163911717
5270.00000000	-0.000249807557786	0.000285692632017	0.000379505067049	131.166212591
5270.00000000	-0.000249818959910	0.000285695082846	0.000379514417503	131.167264907
5270.00000000	-0.000249814702893	0.000285691024613	0.000379508560280	131.167184397
5270.00000000	-0.000249796046727	0.000285680129238	0.000379488077812	131.166146813
5270.00000000	-0.000249764712322	0.000285668642927	0.000379458805502	131.163726712
5270.00000000	-0.000249732994821	0.000285661489056	0.000379432543454	131.160832093
5270.00000000	-0.000249714706521	0.000285660182597	0.000379419523185	131.158882756
5270.00000000	-0.000249714244040	0.000285664321670	0.000379422335072	131.158418811
5270.00000000	-0.000249729312624	0.000285671788824	0.000379437874379	131.159389838
5270.00000000	-0.000249754355792	0.000285685785375	0.000379464894559	131.160845788
5270.00000000	-0.000249780914089	0.000285706538841	0.000379497999177	131.161802292
5270.00000000	-0.000249804307083	0.000285720198735	0.000379523680160	131.163103743
5270.00000000	-0.000249823920154	0.000285716759086	0.000379534000457	131.165674572
5270.00000000	-0.000249834989508	0.000285700895339	0.000379529344821	131.168508984
5274.00000000	-2.98141998403E-5	-0.000290607223933	0.000292132581398	-95.8576389575
5274.00000000	-2.98155552535E-5	-0.000290615142332	0.000292140596781	-95.8577449051
5274.00000000	-2.98136265653E-5	-0.000290624656978	0.000292149864919	-95.8571781891
5274.00000000	-2.98073568468E-5	-0.000290623868877	0.000292148441179	-95.8559707721
5274.00000000	-2.97991783229E-5	-0.000290606666028	0.000292130493733	-95.8547193264
5274.00000000	-2.97941949347E-5	-0.000290579364243	0.000292102826031	-95.8542932043
5274.00000000	-2.97951280893E-5	-0.000290554401944	0.000292078089125	-95.8549747667
5274.00000000	-2.98003856112E-5	-0.000290538701421	0.000292063006911	-95.8563149865
5274.00000000	-2.98062792181E-5	-0.000290533168315	0.000292058104103	-95.8575759124
5274.00000000	-2.98074107690E-5	-0.000290537660054	0.000292062687871	-95.8577068079
5274.00000000	-2.98001544271E-5	-0.000290547687983	0.000292071922985	-95.8560899964
5274.00000000	-2.97893249517E-5	-0.000290556243585	0.000292079329236	-95.8538054790
5274.00000000	-2.97813573108E-5	-0.000290559899024	0.000292082153108	-95.8521775374
5274.00000000	-2.97782612915E-5	-0.000290560332144	0.000292082268310	-95.8515647148
5274.00000000	-2.97803245296E-5	-0.000290558062956	0.000292080221305	-95.8520127221
5274.00000000	-2.97811923564E-5	-0.000290551573222	0.000292073853879	-95.8523118783
5274.00000000	-2.97718517300E-5	-0.000290543477248	0.000292064847811	-95.8506509755
5274.00000000	-2.97538689687E-5	-0.000290539715127	0.000292059272725	-95.8472167526
5274.00000000	-2.97406357640E-5	-0.000290546161950	0.000292064338185	-95.8445053895
5274.00000000	-2.97400103436E-5	-0.000290563618941	0.000292081640757	-95.8440346364
5274.00000000	-2.97420164078E-5	-0.000290584964801	0.000292103079937	-95.8439997580
5274.00000000	-2.97387628599E-5	-0.000290599136855	0.000292116847096	-95.8430818935
5274.00000000	-2.97362798944E-5	-0.000290600661593	0.000292118111147	-95.8425669715
5274.00000000	-2.97411637446E-5	-0.000290597258344	0.000292115222777	-95.8435878689
5274.00000000	-2.97511624877E-5	-0.000290600643273	0.000292119608277	-95.8454712171
5274.00000000	-2.97596165977E-5	-0.000290613821913	0.000292133579493	-95.8468574471
5274.00000000	-2.97639918593E-5	-0.000290631263862	0.000292151376423	-95.8473625832
5274.00000000	-2.97660323773E-5	-0.000290647965148	0.000292168198694	-95.8474269835
5274.00000000	-2.97692923367E-5	-0.000290664512379	0.000292184991953	-95.8477323353
5274.00000000	-2.97779509357E-5	-0.000290674264731	0.000292195575837	-95.8492265036
5274.00000000	-2.97927174371E-5	-0.000290670118422	0.000292192956376	-95.8521898324
5274.00000000	-2.98088051657E-5	-0.000290657444112	0.000292181988978	-95.8555815491
5274.00000000	-2.98186196377E-5	-0.000290647447538	0.000292173046049	-95.8576961440
5274.00000000	-2.98214418465E-5	-0.000290645853310	0.000292171748189	-95.8582786047
5274.00000000	-2.98250975815E-5	-0.000290646546863	0.000292172811276	-95.8589778769
5274.00000000	-2.98309435360E-5	-0.000290635864614	0.000292162781668	-95.8603321796
5274.00000000	-2.98341314420E-5	-0.000290610213821	0.000292137590488	-95.8614678060
5274.00000000	-2.98303684052E-5	-0.000290577350020	0.000292104514214	-95.8613918586
5274.00000000	-2.98212361161E-5	-0.000290548223482	0.000292074607407	-95.8601932552
5274.00000000	-2.98144031770E-5	-0.000290531806484	0.000292057578597	-95.8591886127
5274.00000000	-2.98130291919E-5	-0.000290529043280	0.000292054689568	-95.8589758089
5274.00000000	-2.98165596006E-5	-0.000290535599195	0.000292061571635	-95.8595334886
5274.00000000	-2.98258004341E-5	-0.000290547247922	0.000292074103006	-95.8611034916
5274.00000000	-2.98382049522E-5	-0.000290560119316	0.000292088174036	-95.8632662017
5274.00000000	-2.98483581050E-5	-0.000290572917376	0.000292101942469	-95.8649908802
5274.00000000	-2.98509219924E-5	-0.000290588812441	0.000292118016321	-95.8651725509
5274.00000000	-2.98427778679E-5	-0.000290606644219	0.000292134922690	-95.8632262409
5274.00000000	-2.98264409771E-5	-0.000290621852586	0.000292148383158	-95.8597343419
5274.00000000	-2.98086740675E-5	-0.000290629461202	0.000292154138715	-95.8561158525
5274.00000000	-2.97955147938E-5	-0.000290629111143	0.000292152448126	-95.8535555808
5274.00000000	-2.97837073645E-5	-0.000290622916733	0.000292145082031	-95.8513758689
5274.00000000	-2.97709291863E-5	-0.000290611558341	0.000292132480333	-95.8491098618
5274.00000000	-2.97622976382E-5	-0.000290601123483	0.000292121220267	-95.8476342832
5274.00000000	-2.97587483482E-5	-0.000290600034302	0.000292119775160	-95.8469635205
5274.00000000	-2.97555277895E-5	-0.000290607231730	0.000292126607087	-95.8461913397
5274.00000000	-2.97530924600E-5	-0.000290611158575	0.000292130265462	-95.8456377318
5274.00000000	-2.97568325368E-5	-0.000290601673459	0.000292121210629	-95.8465569622
5274.00000000	-2.97710510464E-5	-0.000290581482826	0.000292102573836	-95.8497348317
5274.00000000	-2.97952430091E-5	-0.000290563371210	0.000292087023325	-95.8548177128
5274.00000000	-2.98237495343E-5	-0.000290555465460	0.000292082068167	-95.8605386726
5274.00000000	-2.98491712662E-5	-0.000290558387625	0.000292087571876	-95.8654407965
5274.00000000	-2.98672230018E-5	-0.000290573401200	0.000292104352064	-95.8686621311
5274.00000000	-2.98779954148E-5	-0.000290594235671	0.000292126178928	-95.8703460683
5274.00000000	-2.98831005461E-5	-0.000290605418262	0.000292137825044	-95.8711177509
5274.00000000	-2.98894872706E-5	-0.000290595992126	0.000292129101749	-95.8725529315
5274.00000000	-2.99035804936E-5	-0.000290571020351	0.000292105703460	-95.8758039325
5274.00000000	-2.99258752724E-5	-0.000290548844490	0.000292085927503	-95.8805996384
5274.00000000	-2.99450483996E-5	-0.000290545666050	0.000292084730830	-95.8844047555
5274.00000000	-2.99500781650E-5	-0.000290557690796	0.000292097207900	-95.8851443438
5274.00000000	-2.99441237439E-5	-0.000290567193992	0.000292106050555	-95.8837914294
5274.00000000	-2.99356092078E-5	-0.000290567255415	0.000292105238943	-95.8821288858
5274.00000000	-2.99269935059E-5	-0.000290565577257	0.000292102686785	-95.8804815527
5274.00000000	-2.99181275505E-5	-0.000290566546490	0.000292102742704	-95.8787321742
5274.00000000	-2.99122425853E-5	-0.000290566513694	0.000292102107382	-95.8775845689
5274.00000000	-2.99134449291E-5	-0.000290559746352	0.000292095498746	-95.8779551085
5274.00000000	-2.99195722626E-5	-0.000290545746052	0.000292082199651	-95.8794319989
5274.00000000	-2.99265431045E-5	-0.000290527134009	0.000292064399709	-95.8811663258
5274.00000000	-2.99332337075E-5	-0.000290509900957	0.000292047943041	-95.8828184455
5274.00000000	-2.99424305851E-5	-0.000290507315061	0.000292046313541	-95.8846652513
5274.00000000	-2.99505127058E-5	-0.000290526240612	0.000292065968055	-95.8858617492
5274.00000000	-2.99526345852E-5	-0.000290557694667	0.000292097473883	-95.8856430724
5274.00000000	-2.99530510122E-5	-0.000290584737850	0.000292124417220	-95.8851804167
5274.00000000	-2.99580188159E-5	-0.000290596301843	0.000292136429663	-95.8859170500
5274.00000000	-2.99684970594E-5	-0.000290593030901	0.000292134250687	-95.8880270823
5274.00000000	-2.99825793387E-5	-0.000290581419888	0.000292124145952	-95.8910081577
5274.00000000	-2.99986020578E-5	-0.000290568493865	0.000292112933217	-95.8943945165
5274.00000000	-3.00145251129E-5	-0.000290558349215	0.000292104477912	-95.8977056312
5274.00000000	-3.00235439961E-5	-0.000290551343411	0.000292098436066	-95.8996065453
5274.00000000	-3.00200802380E-5	-0.000290543307364	0.000292090086568	-95.8990927250
5274.00000000	-3.00058040356E-5	-0.000290531165653	0.000292076542179	-95.8965518296
5274.00000000	-2.99841606507E-5	-0.000290520898380	0.000292064106465	-95.8925353186
5274.00000000	-2.99619347462E-5	-0.000290522831369	0.000292063748316	-95.8881592466
5274.00000000	-2.99463449797E-5	-0.000290539654156	0.000292078883548	-95.8847786661
5274.00000000	-2.99365364103E-5	-0.000290561127584	0.000292099238403	-95.8824329828
5274.00000000	-2.99277845927E-5	-0.000290574356596	0.000292111500975	-95.8804594764
5274.00000000	-2.99193479784E-5	-0.000290574959402	0.000292111236372	-95.8788012818
5274.00000000	-2.99149610037E-5	-0.000290565541176	0.000292101418365	-95.8781345187
5274.00000000	-2.99179577896E-5	-0.000290558192306	0.000292094415069	-95.8788668924
5274.00000000	-2.99299330672E-5	-0.000290564336109	0.000292101753353	-95.8810800562
5274.00000000	-2.99441832480E-5	-0.000290581335947	0.000292120124112	-95.8835186965
