DevNumber	X [V]	Y [V]	R [V]	Theta [°]
4253.00000000	0.00194603445016	2.62064143377E-5	0.00194621089745	0.771531141951
4253.00000000	0.00194606589418	2.61996776058E-5	0.00194624224793	0.771320371364
4253.00000000	0.00194609830629	2.61876638723E-5	0.00194627449541	0.770953890061
4253.00000000	0.00194612060819	2.61748124850E-5	0.00194629662242	0.770566766735
4253.00000000	0.00194613005225	2.61671153168E-5	0.00194630596212	0.770336457404
4253.00000000	0.00194612835794	2.61701820217E-5	0.00194630430920	0.770427398227
4253.00000000	0.00194612149284	2.61848386261E-5	0.00194629764185	0.770861542799
4253.00000000	0.00194611492362	2.62015521689E-5	0.00194629129816	0.771356120670
4253.00000000	0.00194611499107	2.62114565951E-5	0.00194629149896	0.771647638339
4253.00000000	0.00194612267676	2.62158637718E-5	0.00194629924331	0.771774319405
4253.00000000	0.00194613893326	2.62153855310E-5	0.00194631549189	0.771753796184
4253.00000000	0.00194616103707	2.62126632817E-5	0.00194633755704	0.771664902339
4253.00000000	0.00194618429461	2.62142658771E-5	0.00194636083405	0.771702853750
4253.00000000	0.00194619479793	2.62218464071E-5	0.00194637143852	0.771921819041
4253.00000000	0.00194618829773	2.62264533305E-5	0.00194636500099	0.772060000114
4253.00000000	0.00194617312184	2.62252782872E-5	0.00194634981064	0.772031432502
4253.00000000	0.00194616016774	2.62196102838E-5	0.00194633678135	0.771869732571
4253.00000000	0.00194614820530	2.62114124266E-5	0.00194632470958	0.771633170383
4253.00000000	0.00194613590334	2.61976714047E-5	0.00194631222374	0.771233574242
4253.00000000	0.00194612543343	2.61820571844E-5	0.00194630154467	0.770778108655
4253.00000000	0.00194611326451	2.61694386852E-5	0.00194628920714	0.770411491984
4253.00000000	0.00194610007398	2.61667739059E-5	0.00194627598198	0.770338272677
4253.00000000	0.00194609212277	2.61738736416E-5	0.00194626812694	0.770550408436
4253.00000000	0.00194609306457	2.61856498468E-5	0.00194626922707	0.770896681265
4253.00000000	0.00194609833410	2.61964021592E-5	0.00194627464082	0.771211099491
4253.00000000	0.00194610589248	2.62050476329E-5	0.00194628231489	0.771462591966
4253.00000000	0.00194611086784	2.62141612485E-5	0.00194628741254	0.771728886748
4253.00000000	0.00194611397660	2.62275726508E-5	0.00194629070169	0.772122429193
4253.00000000	0.00194611672812	2.62424187574E-5	0.00194629365307	0.772558343666
4253.00000000	0.00194611823171	2.62518815172E-5	0.00194629528414	0.772836289846
4253.00000000	0.00194611570944	2.62553237934E-5	0.00194629280853	0.772938617305
4253.00000000	0.00194611245589	2.62531314928E-5	0.00194628952571	0.772875377267
4253.00000000	0.00194610861388	2.62471441810E-5	0.00194628560330	0.772700661293
4253.00000000	0.00194610514667	2.62397861916E-5	0.00194628203719	0.772485448718
4253.00000000	0.00194610576982	2.62367329216E-5	0.00194628261911	0.772395325662
4253.00000000	0.00194611262239	2.62361551956E-5	0.00194628946328	0.772375600441
4253.00000000	0.00194612055624	2.62400248541E-5	0.00194629744857	0.772486358037
4253.00000000	0.00194612977668	2.62451841196E-5	0.00194630673774	0.772634564287
4253.00000000	0.00194613988772	2.62477840837E-5	0.00194631688292	0.772707081527
4253.00000000	0.00194614461415	2.62446903756E-5	0.00194632156721	0.772614140903
4253.00000000	0.00194613769247	2.62377615576E-5	0.00194631455273	0.772412935860
4253.00000000	0.00194611917467	2.62285001640E-5	0.00194629591178	0.772147669108
4253.00000000	0.00194609781801	2.62214368755E-5	0.00194627446189	0.771948226592
4253.00000000	0.00194608198487	2.62216996784E-5	0.00194625863373	0.771962242265
4253.00000000	0.00194607430084	2.62340341032E-5	0.00194625111662	0.772328370735
4253.00000000	0.00194606738406	2.62517680512E-5	0.00194624443959	0.772853140342
4253.00000000	0.00194605942810	2.62625128364E-5	0.00194623662932	0.773172589389
4253.00000000	0.00194604877073	2.62560425042E-5	0.00194622588562	0.772986357545
4253.00000000	0.00194603515163	2.62336554445E-5	0.00194621196586	0.772332759548
4253.00000000	0.00194602154267	2.62056899678E-5	0.00194619798138	0.771514935302
4253.00000000	0.00194601636668	2.61815451409E-5	0.00194619248090	0.770806229436
4253.00000000	0.00194602117883	2.61688033013E-5	0.00194619712124	0.770429239519
4253.00000000	0.00194603250492	2.61729104333E-5	0.00194620850154	0.770545657862
4253.00000000	0.00194604188260	2.61915337734E-5	0.00194621812891	0.771090158277
4253.00000000	0.00194604358719	2.62129853742E-5	0.00194622012214	0.771720950509
4253.00000000	0.00194603623981	2.62319484389E-5	0.00194621303093	0.772282078690
4253.00000000	0.00194602492642	2.62517117398E-5	0.00194620198505	0.772868342470
4253.00000000	0.00194601339668	2.62752047576E-5	0.00194619077339	0.773564491599
4253.00000000	0.00194600454275	2.62946280973E-5	0.00194618218260	0.774139783497
4253.00000000	0.00194599804819	2.63019504403E-5	0.00194617578758	0.774357918257
4253.00000000	0.00194599136730	2.62957366272E-5	0.00194616902333	0.774177656677
4253.00000000	0.00194598477851	2.62823860733E-5	0.00194616225480	0.773787267940
4253.00000000	0.00194597691474	2.62598376307E-5	0.00194615408736	0.773126617230
4253.00000000	0.00194597164727	2.62334858309E-5	0.00194614846498	0.772352967537
4253.00000000	0.00194597438401	2.62128586249E-5	0.00194615092354	0.771744660073
4253.00000000	0.00194599036901	2.62026478583E-5	0.00194616676958	0.771437740470
4253.00000000	0.00194601882481	2.61989180140E-5	0.00194619517259	0.771316665163
4253.00000000	0.00194605234864	2.62024446300E-5	0.00194622874086	0.771407191622
4253.00000000	0.00194607743440	2.62127406099E-5	0.00194625396299	0.771700324988
4253.00000000	0.00194608935005	2.62218892958E-5	0.00194626600080	0.771964902652
4253.00000000	0.00194609011403	2.62262170639E-5	0.00194626682302	0.772091992419
4253.00000000	0.00194608169019	2.62293752476E-5	0.00194625844251	0.772188299231
4253.00000000	0.00194606458066	2.62329455650E-5	0.00194624138265	0.772300185106
4253.00000000	0.00194604542008	2.62366519542E-5	0.00194622227377	0.772416892454
4253.00000000	0.00194602927698	2.62381472643E-5	0.00194620615230	0.772467316710
4253.00000000	0.00194602124438	2.62340951214E-5	0.00194619806580	0.772351221201
4253.00000000	0.00194602113912	2.62295274898E-5	0.00194619789899	0.772216804790
4253.00000000	0.00194602169834	2.62259036329E-5	0.00194619840932	0.772109906810
4253.00000000	0.00194601284990	2.62204299476E-5	0.00194618948793	0.771952286585
4253.00000000	0.00194600415983	2.62084834980E-5	0.00194618063773	0.771604060480
4253.00000000	0.00194601254265	2.61908950777E-5	0.00194618878302	0.771082981076
4253.00000000	0.00194603401995	2.61719823015E-5	0.00194621000394	0.770517736626
4253.00000000	0.00194605123596	2.61597270972E-5	0.00194622705364	0.770150167574
4253.00000000	0.00194605645513	2.61568204287E-5	0.00194623223327	0.770062539685
4253.00000000	0.00194605854125	2.61612787915E-5	0.00194623437913	0.770192953530
4253.00000000	0.00194606629814	2.61658671062E-5	0.00194624219700	0.770324947993
4253.00000000	0.00194608221921	2.61658142763E-5	0.00194625811591	0.770317091543
4253.00000000	0.00194609839829	2.61575892035E-5	0.00194627418298	0.770068574648
4253.00000000	0.00194611069767	2.61432468247E-5	0.00194628628854	0.769641528205
4253.00000000	0.00194611657322	2.61306851101E-5	0.00194629199487	0.769269441062
4253.00000000	0.00194611220011	2.61283774936E-5	0.00194628759117	0.769203242845
4253.00000000	0.00194609679054	2.61338448950E-5	0.00194627225639	0.769370271651
4253.00000000	0.00194607816160	2.61423215618E-5	0.00194625374298	0.769627157766
4253.00000000	0.00194606302182	2.61515591001E-5	0.00194623872866	0.769905066042
4253.00000000	0.00194605481706	2.61569245175E-5	0.00194623059675	0.770066251830
4253.00000000	0.00194605149471	2.61582828338E-5	0.00194622729295	0.770107550766
4253.00000000	0.00194605278757	2.61617755380E-5	0.00194622863264	0.770209852993
4253.00000000	0.00194605668649	2.61706072749E-5	0.00194623264995	0.770468286964
4253.00000000	0.00194606338872	2.61800060566E-5	0.00194623947798	0.770742301619
4253.00000000	0.00194606961812	2.61838482508E-5	0.00194624575850	0.770852935373
5260.00000000	-0.000218508508471	0.00617717366288	0.00618103716456	92.0259099135
5260.00000000	-0.000218512690743	0.00617721981332	0.00618108343400	92.0259335339
5260.00000000	-0.000218520230991	0.00617725757248	0.00618112143613	92.0259910109
5260.00000000	-0.000218532981587	0.00617727820315	0.00618114250468	92.0261023673
5260.00000000	-0.000218542397197	0.00617728293266	0.00618114756413	92.0261880403
5260.00000000	-0.000218538561784	0.00617728729779	0.00618115179093	92.0261510798
5260.00000000	-0.000218524873017	0.00617730145082	0.00618116545115	92.0260196340
5260.00000000	-0.000218512032745	0.00617732789839	0.00618119142825	92.0258920201
5260.00000000	-0.000218505381646	0.00617736200759	0.00618122528101	92.0258192305
5260.00000000	-0.000218503355246	0.00617738838854	0.00618125157384	92.0257918148
5260.00000000	-0.000218506690643	0.00617739432219	0.00618125762169	92.0258207680
5260.00000000	-0.000218517086892	0.00617739131960	0.00618125498849	92.0259180573
5260.00000000	-0.000218529694287	0.00617739506349	0.00618125917574	92.0260336188
5260.00000000	-0.000218537911586	0.00617739133354	0.00618125573864	92.0261109620
5260.00000000	-0.000218539684416	0.00617736131228	0.00618122579883	92.0261372231
5260.00000000	-0.000218532895384	0.00617730986481	0.00618117414350	92.0260911927
5260.00000000	-0.000218520412175	0.00617725836286	0.00618112223241	92.0259924304
5260.00000000	-0.000218509663600	0.00617722132674	0.00618108483946	92.0259049953
5260.00000000	-0.000218504263288	0.00617719933002	0.00618106266558	92.0258621761
5260.00000000	-0.000218502248249	0.00617717720904	0.00618104048720	92.0258507579
5260.00000000	-0.000218499970542	0.00617714010278	0.00618100332361	92.0258418168
5260.00000000	-0.000218498373270	0.00617709245387	0.00618095564801	92.0258426337
5260.00000000	-0.000218499361104	0.00617706496605	0.00618092821230	92.0258607924
5260.00000000	-0.000218501272684	0.00617708435628	0.00618094765799	92.0258721472
5260.00000000	-0.000218498781153	0.00617713446943	0.00618099765174	92.0258326444
5260.00000000	-0.000218491044015	0.00617717644116	0.00618103932373	92.0257472157
5260.00000000	-0.000218482639549	0.00617719728204	0.00618105985451	92.0256625297
5260.00000000	-0.000218477604348	0.00617720986771	0.00618107225433	92.0256117611
5260.00000000	-0.000218478893509	0.00617722838237	0.00618109080300	92.0256176373
5260.00000000	-0.000218493670131	0.00617725484018	0.00618111776659	92.0257458547
5260.00000000	-0.000218525090563	0.00617727975995	0.00618114378153	92.0260287575
5260.00000000	-0.000218561624528	0.00617729496491	0.00618116026869	92.0263622117
5260.00000000	-0.000218586297313	0.00617729841102	0.00618116458510	92.0265896415
5260.00000000	-0.000218592366610	0.00617729085738	0.00618115725082	92.0266483413
5260.00000000	-0.000218582501253	0.00617728444667	0.00618115049525	92.0265590536
5260.00000000	-0.000218567459559	0.00617728744354	0.00618115295835	92.0264187305
5260.00000000	-0.000218552359921	0.00617729158231	0.00618115656062	92.0262774965
5260.00000000	-0.000218538825343	0.00617728872505	0.00618115322660	92.0261530536
5260.00000000	-0.000218523408459	0.00617728608791	0.00618115004606	92.0260111013
5260.00000000	-0.000218500533808	0.00617729221344	0.00618115535911	92.0257971916
5260.00000000	-0.000218473385608	0.00617729786023	0.00618116004276	92.0255438504
5260.00000000	-0.000218451570071	0.00617728699230	0.00618114841059	92.0253453197
5260.00000000	-0.000218440169499	0.00617725638195	0.00618111741646	92.0252497361
5260.00000000	-0.000218439345862	0.00617722612123	0.00618108714553	92.0252520191
5260.00000000	-0.000218444648540	0.00617720934139	0.00618107056357	92.0253066387
5260.00000000	-0.000218449534021	0.00617719974903	0.00618106114986	92.0253550391
5260.00000000	-0.000218454087868	0.00617718325330	0.00618104482538	92.0254026291
5260.00000000	-0.000218462961740	0.00617715758239	0.00618101948414	92.0254932454
5260.00000000	-0.000218473830422	0.00617712997273	0.00618099227588	92.0256029773
5260.00000000	-0.000218483662978	0.00617710499456	0.00618096766087	92.0257022494
5260.00000000	-0.000218495405459	0.00617708287160	0.00618094596683	92.0258182800
5260.00000000	-0.000218504999849	0.00617706097430	0.00618092442238	92.0259143377
5260.00000000	-0.000218513826925	0.00617704147117	0.00618090524350	92.0260025030
5260.00000000	-0.000218525934517	0.00617702444484	0.00618088865586	92.0261202480
5260.00000000	-0.000218539045649	0.00617700427773	0.00618086896493	92.0262483198
5260.00000000	-0.000218548064059	0.00617698073880	0.00618084575958	92.0263395824
5260.00000000	-0.000218555165120	0.00617696043380	0.00618082571837	92.0264120229
5260.00000000	-0.000218560146597	0.00617694775838	0.00618081322703	92.0264623269
5260.00000000	-0.000218558980179	0.00617695406891	0.00618081949236	92.0264494525
5260.00000000	-0.000218550499392	0.00617698452934	0.00618084963386	92.0263609011
5260.00000000	-0.000218536713346	0.00617702469750	0.00618088928946	92.0262200206
5260.00000000	-0.000218521991623	0.00617704820060	0.00618091225738	92.0260759354
5260.00000000	-0.000218513719639	0.00617704169226	0.00618090546066	92.0260014367
5260.00000000	-0.000218517290335	0.00617701226554	0.00618087617857	92.0260441594
5260.00000000	-0.000218533303446	0.00617698186113	0.00618084635931	92.0262024708
5260.00000000	-0.000218556061854	0.00617697146584	0.00618083677522	92.0264167142
5260.00000000	-0.000218572109527	0.00617698783151	0.00618085369813	92.0265600168
5260.00000000	-0.000218565156904	0.00617701777662	0.00618088337866	92.0264857912
5260.00000000	-0.000218536644345	0.00617705081274	0.00618091538594	92.0262108221
5260.00000000	-0.000218505352407	0.00617708025428	0.00618094370278	92.0259112857
5260.00000000	-0.000218483756589	0.00617709535661	0.00618095803226	92.0257062746
5260.00000000	-0.000218474878835	0.00617708627203	0.00618094863955	92.0256270082
5260.00000000	-0.000218476309471	0.00617705902099	0.00618092145611	92.0256491906
5260.00000000	-0.000218486919865	0.00617702266736	0.00618088550025	92.0257593973
5260.00000000	-0.000218499331491	0.00617698667707	0.00618084997121	92.0258861730
5260.00000000	-0.000218500116772	0.00617696605562	0.00618082939041	92.0259002057
5260.00000000	-0.000218489627215	0.00617696641037	0.00618082937413	92.0258029128
5260.00000000	-0.000218481501390	0.00617698289656	0.00618084556277	92.0257222321
5260.00000000	-0.000218485944247	0.00617700906551	0.00618087187241	92.0257548161
5260.00000000	-0.000218499296536	0.00617704685277	0.00618091010806	92.0258661298
5260.00000000	-0.000218509061302	0.00617710197932	0.00618096554535	92.0259385254
5260.00000000	-0.000218511993071	0.00617716500346	0.00618102863374	92.0259450319
5260.00000000	-0.000218508319594	0.00617721363045	0.00618107710047	92.0258950667
5260.00000000	-0.000218501011975	0.00617723139183	0.00618109459242	92.0258215507
5260.00000000	-0.000218502303771	0.00617722099546	0.00618108424821	92.0258369243
5260.00000000	-0.000218516733284	0.00617720283656	0.00618106661076	92.0259765463
5260.00000000	-0.000218534956578	0.00617719091656	0.00618105534248	92.0261492691
5260.00000000	-0.000218545614018	0.00617718608535	0.00618105089111	92.0262495808
5260.00000000	-0.000218546256239	0.00617718841466	0.00618105324167	92.0262547667
5260.00000000	-0.000218537469816	0.00617719620446	0.00618106071593	92.0261708182
5260.00000000	-0.000218521994864	0.00617720139913	0.00618106536025	92.0260257594
5260.00000000	-0.000218499615172	0.00617720212368	0.00618106529318	92.0258182016
5260.00000000	-0.000218470338379	0.00617719952676	0.00618106166303	92.0255478389
5260.00000000	-0.000218437964284	0.00617719474798	0.00618105574305	92.0252494979
5260.00000000	-0.000218416348950	0.00617719057066	0.00618105080449	92.0250506263
5260.00000000	-0.000218413497275	0.00617719462364	0.00618105475417	92.0250228814
5260.00000000	-0.000218426278322	0.00617720494186	0.00618106551759	92.0251379024
5260.00000000	-0.000218444940376	0.00617720457988	0.00618106581535	92.0253109021
5260.00000000	-0.000218456478363	0.00617718158858	0.00618104324618	92.0254253196
5260.00000000	-0.000218457643606	0.00617714415695	0.00618100587913	92.0254483775
5270.00000000	-4.36078274281E-5	-0.000441207173023	0.000443356980479	-95.6446404320
5270.00000000	-4.36161510723E-5	-0.000441220108993	0.000443370672478	-95.6455464377
5270.00000000	-4.36259580407E-5	-0.000441230830724	0.000443382307040	-95.6466712915
5270.00000000	-4.36326511728E-5	-0.000441232458239	0.000443384585267	-95.6475113121
5270.00000000	-4.36338850335E-5	-0.000441219420525	0.000443371732265	-95.6478357878
5270.00000000	-4.36307341413E-5	-0.000441193987540	0.000443346112652	-95.6477540286
5270.00000000	-4.36303109225E-5	-0.000441166672835	0.000443318888896	-95.6480470143
5270.00000000	-4.36337017921E-5	-0.000441149221911	0.000443301856441	-95.6487051289
5270.00000000	-4.36436495243E-5	-0.000441141641578	0.000443295292190	-95.6500810630
5270.00000000	-4.36631356922E-5	-0.000441137993603	0.000443293580845	-95.6526338385
5270.00000000	-4.36821016278E-5	-0.000441137149370	0.000443294609213	-95.6550840112
5270.00000000	-4.36919282926E-5	-0.000441139279858	0.000443297697751	-95.6563207821
5270.00000000	-4.36992672215E-5	-0.000441139947718	0.000443299085752	-95.6572562021
5270.00000000	-4.37086848807E-5	-0.000441141927338	0.000443301984193	-95.6584422625
5270.00000000	-4.37145586733E-5	-0.000441148107205	0.000443308713122	-95.6591189739
5270.00000000	-4.37151700031E-5	-0.000441153752985	0.000443314391669	-95.6591256457
5270.00000000	-4.37106257637E-5	-0.000441149602784	0.000443309813608	-95.6585940797
5270.00000000	-4.37017802654E-5	-0.000441132359694	0.000443291782428	-95.6576761132
5270.00000000	-4.36953050196E-5	-0.000441107022551	0.000443265930367	-95.6571660798
5270.00000000	-4.36946786696E-5	-0.000441082602317	0.000443241567332	-95.6573966821
5270.00000000	-4.36953646227E-5	-0.000441066934675	0.000443226043632	-95.6576845823
5270.00000000	-4.36902824644E-5	-0.000441061144179	0.000443219780341	-95.6571045988
5270.00000000	-4.36767166645E-5	-0.000441063271703	0.000443220560471	-95.6553323579
5270.00000000	-4.36630891162E-5	-0.000441075310013	0.000443231197519	-95.6534259696
5270.00000000	-4.36627987508E-5	-0.000441091682710	0.000443247461979	-95.6531801307
5270.00000000	-4.36781969177E-5	-0.000441102635209	0.000443259878259	-95.6550213598
5270.00000000	-4.36960344196E-5	-0.000441108701670	0.000443267673210	-95.6572385064
5270.00000000	-4.37008845215E-5	-0.000441111108115	0.000443270546067	-95.6578316998
5270.00000000	-4.36869025243E-5	-0.000441104743172	0.000443262833881	-95.6561143136
5270.00000000	-4.36616464131E-5	-0.000441086979036	0.000443242667669	-95.6530917922
5270.00000000	-4.36340073537E-5	-0.000441064886139	0.000443217960357	-95.6498175362
5270.00000000	-4.36111961600E-5	-0.000441055053585	0.000443205930380	-95.6470080660
5270.00000000	-4.35986539482E-5	-0.000441064066689	0.000443213665799	-95.6452799084
5270.00000000	-4.35965674050E-5	-0.000441080772025	0.000443230084876	-95.6447990654
5270.00000000	-4.36079839588E-5	-0.000441094563117	0.000443244932150	-95.6460923149
5270.00000000	-4.36332084633E-5	-0.000441101793380	0.000443254609682	-95.6492451065
5270.00000000	-4.36617080534E-5	-0.000441105503535	0.000443261108151	-95.6528638536
5270.00000000	-4.36809561940E-5	-0.000441107391894	0.000443264883695	-95.6553156985
5270.00000000	-4.36882890649E-5	-0.000441106892776	0.000443265109676	-95.6562652785
5270.00000000	-4.36916175546E-5	-0.000441102011616	0.000443260580355	-95.6567556090
5270.00000000	-4.37017065208E-5	-0.000441094348232	0.000443253948877	-95.6581510161
5270.00000000	-4.37195692054E-5	-0.000441091793557	0.000443253168150	-95.6604812899
5270.00000000	-4.37387435745E-5	-0.000441095097942	0.000443258348052	-95.6629055633
5270.00000000	-4.37519406796E-5	-0.000441096819588	0.000443261363717	-95.6645811313
5270.00000000	-4.37602476280E-5	-0.000441094753786	0.000443260128017	-95.6656760003
5270.00000000	-4.37668760367E-5	-0.000441091909492	0.000443257952052	-95.6665649029
5270.00000000	-4.37746359872E-5	-0.000441090857158	0.000443257671139	-95.6675764887
5270.00000000	-4.37855042543E-5	-0.000441091441283	0.000443259325853	-95.6689669989
5270.00000000	-4.37977330247E-5	-0.000441093371039	0.000443262454301	-95.6705153103
5270.00000000	-4.38071690252E-5	-0.000441099083361	0.000443269071107	-95.6716560586
5270.00000000	-4.38088112797E-5	-0.000441106620857	0.000443276734004	-95.6717710056
5270.00000000	-4.38020110140E-5	-0.000441109092511	0.000443278521547	-95.6708647698
5270.00000000	-4.37951080009E-5	-0.000441103002438	0.000443271779211	-95.6700546613
5270.00000000	-4.37909821172E-5	-0.000441096071590	0.000443264474650	-95.6696124763
5270.00000000	-4.37855015205E-5	-0.000441099425516	0.000443267270767	-95.6688647031
5270.00000000	-4.37735629161E-5	-0.000441110565458	0.000443277177135	-95.6671868947
5270.00000000	-4.37538995977E-5	-0.000441115835322	0.000443280479947	-95.6645904908
5270.00000000	-4.37362944608E-5	-0.000441108686308	0.000443271628451	-95.6624172319
5270.00000000	-4.37361786033E-5	-0.000441090970142	0.000443253987303	-95.6626282787
5270.00000000	-4.37514559810E-5	-0.000441072490800	0.000443237105893	-95.6648291981
5270.00000000	-4.37687218432E-5	-0.000441060663619	0.000443227041147	-95.6672011646
5270.00000000	-4.37791434089E-5	-0.000441053158942	0.000443220602421	-95.6686375924
5270.00000000	-4.37807379306E-5	-0.000441043972019	0.000443211617930	-95.6689600231
5270.00000000	-4.37736969311E-5	-0.000441033603695	0.000443200604841	-95.6681866380
5270.00000000	-4.37614719464E-5	-0.000441029312726	0.000443195127579	-95.6666687221
5270.00000000	-4.37524857895E-5	-0.000441031309043	0.000443196226935	-95.6654871985
5270.00000000	-4.37547887517E-5	-0.000441033899816	0.000443199032406	-95.6657504016
5270.00000000	-4.37671007099E-5	-0.000441037297099	0.000443203628750	-95.6672909131
5270.00000000	-4.37759493950E-5	-0.000441043694721	0.000443210868999	-95.6683475571
5270.00000000	-4.37792213080E-5	-0.000441053593883	0.000443221042929	-95.6686420597
5270.00000000	-4.37865676118E-5	-0.000441063515902	0.000443231642105	-95.6694603703
5270.00000000	-4.38045014921E-5	-0.000441066487469	0.000443236371161	-95.6717293394
5270.00000000	-4.38260053707E-5	-0.000441063369098	0.000443235393788	-95.6745353145
5270.00000000	-4.38387006075E-5	-0.000441061924975	0.000443235212200	-95.6761868086
5270.00000000	-4.38421303225E-5	-0.000441061912637	0.000443235539155	-95.6766281419
5270.00000000	-4.38534958408E-5	-0.000441057601919	0.000443232373939	-95.6781452538
5270.00000000	-4.38837026183E-5	-0.000441052571718	0.000443230358138	-95.6820952187
5270.00000000	-4.39209383365E-5	-0.000441047579238	0.000443229078442	-95.6869488898
5270.00000000	-4.39485782178E-5	-0.000441039557146	0.000443223835658	-95.6906070876
5270.00000000	-4.39644796073E-5	-0.000441029744027	0.000443215647945	-95.6927783634
5270.00000000	-4.39743881819E-5	-0.000441024990309	0.000443211900667	-95.6941139252
5270.00000000	-4.39825153254E-5	-0.000441030207621	0.000443217898655	-95.6950924378
5270.00000000	-4.39902948833E-5	-0.000441048409966	0.000443236783195	-95.6958596176
5270.00000000	-4.39980861718E-5	-0.000441074534593	0.000443263552137	-95.6965265948
5270.00000000	-4.40011574821E-5	-0.000441106255754	0.000443295421502	-95.6965146416
5270.00000000	-4.39928073678E-5	-0.000441132962630	0.000443321167799	-95.6950981759
5270.00000000	-4.39777238059E-5	-0.000441142335093	0.000443328997475	-95.6930381980
5270.00000000	-4.39622811116E-5	-0.000441134295793	0.000443319466170	-95.6911552573
5270.00000000	-4.39460777813E-5	-0.000441119393809	0.000443303031060	-95.6892623394
5270.00000000	-4.39264051392E-5	-0.000441109999289	0.000443291732994	-95.6868525335
5270.00000000	-4.39069929552E-5	-0.000441110036478	0.000443289846841	-95.6843553563
5270.00000000	-4.38933545371E-5	-0.000441113489118	0.000443291931863	-95.6825570490
5270.00000000	-4.38915321971E-5	-0.000441114482982	0.000443292740404	-95.6823099488
5270.00000000	-4.39023408850E-5	-0.000441111430890	0.000443290773643	-95.6837391769
5270.00000000	-4.39145910637E-5	-0.000441106756799	0.000443287335937	-95.6853745849
5270.00000000	-4.39165961371E-5	-0.000441103211525	0.000443284006743	-95.6856778673
5270.00000000	-4.39071275719E-5	-0.000441102358406	0.000443282219859	-95.6844709674
5270.00000000	-4.38897238822E-5	-0.000441106734539	0.000443284850991	-95.6821765294
5270.00000000	-4.38719167859E-5	-0.000441114953406	0.000443291266777	-95.6797810777
5270.00000000	-4.38562021040E-5	-0.000441119983807	0.000443294717516	-95.6776955817
5274.00000000	0.000781612101765	-0.00145013194547	0.00164736156835	-61.6756086258
5274.00000000	0.000781595021395	-0.00145014858662	0.00164736811330	-61.6764061718
5274.00000000	0.000781593690235	-0.00145015419532	0.00164737241898	-61.6765394786
5274.00000000	0.000781608318117	-0.00145014831424	0.00164737418222	-61.6759945812
5274.00000000	0.000781629503107	-0.00145013661470	0.00164737393491	-61.6751529166
5274.00000000	0.000781645444882	-0.00145012936851	0.00164737512028	-61.6745452678
5274.00000000	0.000781649153199	-0.00145013067619	0.00164737803091	-61.6744533150
5274.00000000	0.000781641311917	-0.00145014261081	0.00164738481606	-61.6748903293
5274.00000000	0.000781627927519	-0.00145016378645	0.00164739710592	-61.6756495386
5274.00000000	0.000781620049954	-0.00145018819454	0.00164741485427	-61.6762934808
5274.00000000	0.000781625485273	-0.00145020925985	0.00164743597648	-61.6764746740
5274.00000000	0.000781638975814	-0.00145022703668	0.00164745802569	-61.6763549921
5274.00000000	0.000781649663200	-0.00145024121315	0.00164747557563	-61.6762617227
5274.00000000	0.000781653979382	-0.00145024793041	0.00164748353653	-61.6762404238
5274.00000000	0.000781653695982	-0.00145024366636	0.00164747964852	-61.6761787411
5274.00000000	0.000781649667757	-0.00145023374210	0.00164746900117	-61.6761383066
5274.00000000	0.000781642939824	-0.00145022636270	0.00164745931313	-61.6762225142
5274.00000000	0.000781635889367	-0.00145022189893	0.00164745203866	-61.6763647069
5274.00000000	0.000781630428355	-0.00145021611882	0.00164744435955	-61.6764365193
5274.00000000	0.000781628150059	-0.00145020847967	0.00164743655401	-61.6763802177
5274.00000000	0.000781631113736	-0.00145019681471	0.00164742769169	-61.6760970015
5274.00000000	0.000781633599700	-0.00145017899686	0.00164741318651	-61.6757268766
5274.00000000	0.000781631733940	-0.00145016004052	0.00164739561449	-61.6754711887
5274.00000000	0.000781629128055	-0.00145014987021	0.00164738542542	-61.6753831413
5274.00000000	0.000781622656992	-0.00145015112167	0.00164738345676	-61.6756019096
5274.00000000	0.000781606555299	-0.00145016013783	0.00164738375391	-61.6762436592
5274.00000000	0.000781587191508	-0.00145017686925	0.00164738929523	-61.6771125910
5274.00000000	0.000781575138544	-0.00145020020108	0.00164740411569	-61.6778665962
5274.00000000	0.000781573619909	-0.00145022411526	0.00164742444677	-61.6783076777
5274.00000000	0.000781578010150	-0.00145024260361	0.00164744280485	-61.6784783208
5274.00000000	0.000781586868553	-0.00145025474168	0.00164745769258	-61.6784073899
5274.00000000	0.000781597984158	-0.00145026784994	0.00164747450524	-61.6782833638
5274.00000000	0.000781599899245	-0.00145028888391	0.00164749392997	-61.6785717784
5274.00000000	0.000781579612524	-0.00145031347886	0.00164750595680	-61.6795986359
5274.00000000	0.000781538394094	-0.00145033376364	0.00164750426020	-61.6811951953
5274.00000000	0.000781489204761	-0.00145034319814	0.00164748923200	-61.6828567994
5274.00000000	0.000781442886957	-0.00145033960087	0.00164746409473	-61.6842155419
5274.00000000	0.000781409624635	-0.00145033236605	0.00164744194844	-61.6851145931
5274.00000000	0.000781394583214	-0.00145033415454	0.00164743638861	-61.6856046287
5274.00000000	0.000781391255677	-0.00145034043542	0.00164744033975	-61.6858101186
5274.00000000	0.000781387069731	-0.00145033988771	0.00164743787216	-61.6859292481
5274.00000000	0.000781375311059	-0.00145032741137	0.00164742131130	-61.6860834688
5274.00000000	0.000781358301373	-0.00145030680355	0.00164739510123	-61.6862643350
5274.00000000	0.000781344481983	-0.00145028645787	0.00164737063510	-61.6863518470
5274.00000000	0.000781332842821	-0.00145027216499	0.00164735253173	-61.6864724526
5274.00000000	0.000781315791506	-0.00145026933001	0.00164734194860	-61.6869477930
5274.00000000	0.000781296680411	-0.00145027982132	0.00164734212080	-61.6877060387
5274.00000000	0.000781283935107	-0.00145029602597	0.00164735034227	-61.6883636052
5274.00000000	0.000781279091020	-0.00145031004609	0.00164736038797	-61.6887431954
5274.00000000	0.000781280512262	-0.00145032359553	0.00164737299073	-61.6889231732
5274.00000000	0.000781282331508	-0.00145033988716	0.00164738819645	-61.6891361923
5274.00000000	0.000781277496941	-0.00145035672295	0.00164740072570	-61.6895619198
5274.00000000	0.000781263746574	-0.00145037157378	0.00164740727926	-61.6902278988
5274.00000000	0.000781244674276	-0.00145038423284	0.00164740937959	-61.6910206794
5274.00000000	0.000781219789348	-0.00145039592413	0.00164740787178	-61.6919754798
5274.00000000	0.000781192721236	-0.00145040282686	0.00164740111323	-61.6929181577
5274.00000000	0.000781171474305	-0.00145040194675	0.00164739026324	-61.6935542389
5274.00000000	0.000781158715534	-0.00145039658647	0.00164737949389	-61.6938565236
5274.00000000	0.000781147016761	-0.00145039436234	0.00164737198838	-61.6941780750
5274.00000000	0.000781129916735	-0.00145040528465	0.00164737349638	-61.6948818318
5274.00000000	0.000781102909058	-0.00145042656833	0.00164737942948	-61.6960598469
5274.00000000	0.000781065447692	-0.00145044357089	0.00164737663754	-61.6974873718
5274.00000000	0.000781027169306	-0.00145044971772	0.00164736390116	-61.6987609156
5274.00000000	0.000781000320550	-0.00145045235674	0.00164735349573	-61.6996266240
5274.00000000	0.000780994101782	-0.00145046010561	0.00164735737015	-61.6999448355
5274.00000000	0.000781008836493	-0.00145047685566	0.00164737910375	-61.6997698033
5274.00000000	0.000781032029119	-0.00145050029690	0.00164741073865	-61.6994461041
5274.00000000	0.000781049231925	-0.00145052280004	0.00164743870785	-61.6992903673
5274.00000000	0.000781059638473	-0.00145053943530	0.00164745828846	-61.6992459934
5274.00000000	0.000781063051590	-0.00145054867063	0.00164746803806	-61.6992937548
5274.00000000	0.000781056672730	-0.00145055052432	0.00164746664599	-61.6995196469
5274.00000000	0.000781039870109	-0.00145054839016	0.00164745680092	-61.6999989779
5274.00000000	0.000781015698149	-0.00145055335895	0.00164744971636	-61.7008210890
5274.00000000	0.000780995213830	-0.00145056778889	0.00164745271076	-61.7016862713
5274.00000000	0.000780982611053	-0.00145058043778	0.00164745787359	-61.7022807367
5274.00000000	0.000780963381667	-0.00145058397848	0.00164745187551	-61.7029279590
5274.00000000	0.000780926956445	-0.00145058435318	0.00164743493862	-61.7040495778
5274.00000000	0.000780878126637	-0.00145058980957	0.00164741659707	-61.7056348697
5274.00000000	0.000780826396925	-0.00145060603512	0.00164740636495	-61.7074865307
5274.00000000	0.000780776673977	-0.00145063131411	0.00164740505769	-61.7094259897
5274.00000000	0.000780733836037	-0.00145065831722	0.00164740853344	-61.7111830113
5274.00000000	0.000780700789793	-0.00145068194534	0.00164741367899	-61.7125845197
5274.00000000	0.000780674621921	-0.00145070566890	0.00164742216905	-61.7137769338
5274.00000000	0.000780650012013	-0.00145072865488	0.00164743074857	-61.7149094655
5274.00000000	0.000780625384463	-0.00145074648129	0.00164743477681	-61.7159574979
5274.00000000	0.000780602083001	-0.00145075927501	0.00164743500206	-61.7168819770
5274.00000000	0.000780584329690	-0.00145077110534	0.00164743700815	-61.7176206571
5274.00000000	0.000780579249875	-0.00145078438039	0.00164744629160	-61.7179949908
5274.00000000	0.000780592862564	-0.00145080100154	0.00164746737848	-61.7178519695
5274.00000000	0.000780626489075	-0.00145081653740	0.00164749699260	-61.7170781276
5274.00000000	0.000780665812324	-0.00145082200885	0.00164752044355	-61.7159640030
5274.00000000	0.000780696085377	-0.00145081090736	0.00164752501244	-61.7148539563
5274.00000000	0.000780713746599	-0.00145077846595	0.00164750481377	-61.7137784626
5274.00000000	0.000780727520324	-0.00145072719946	0.00164746619639	-61.7125117389
5274.00000000	0.000780754904116	-0.00145067050054	0.00164742924626	-61.7107386051
5274.00000000	0.000780804989371	-0.00145062168319	0.00164740999729	-61.7084000772
5274.00000000	0.000780867970692	-0.00145058489429	0.00164740745513	-61.7058648552
5274.00000000	0.000780928796840	-0.00145055782387	0.00164741245173	-61.7035558491
5274.00000000	0.000780976575920	-0.00145053601653	0.00164741589994	-61.7017331690
5274.00000000	0.000781007672390	-0.00145051573896	0.00164741278777	-61.7004465802
