DevNumber	X [V]	Y [V]	R [V]	Theta [°]
4253.00000000	-0.000241079886680	0.00203201938958	0.00204627034171	96.7659757509
4253.00000000	-0.000241084840831	0.00203200048119	0.00204625214869	96.7661758786
4253.00000000	-0.000241083764739	0.00203197654382	0.00204622825126	96.7662249259
4253.00000000	-0.000241074048414	0.00203195412289	0.00204620484174	96.7660287216
4253.00000000	-0.000241062983714	0.00203194093569	0.00204619044281	96.7657645586
4253.00000000	-0.000241060988564	0.00203193800024	0.00204618729275	96.7657187646
4253.00000000	-0.000241068415706	0.00203194167802	0.00204619181993	96.7659131527
4253.00000000	-0.000241075642973	0.00203194835541	0.00204619930229	96.7660920866
4253.00000000	-0.000241073592464	0.00203195415517	0.00204620482007	96.7660159369
4253.00000000	-0.000241067024606	0.00203195661539	0.00204620648938	96.7658251952
4253.00000000	-0.000241065088096	0.00203195353458	0.00204620320188	96.7657815117
4253.00000000	-0.000241074298310	0.00203194077690	0.00204619161814	96.7660796981
4253.00000000	-0.000241092449863	0.00203192207022	0.00204617518039	96.7666461409
4253.00000000	-0.000241107621792	0.00203190532756	0.00204616034207	96.7671232593
4253.00000000	-0.000241112051684	0.00203190093224	0.00204615649937	96.7672609420
4253.00000000	-0.000241108516898	0.00203191838810	0.00204617341709	96.7671050554
4253.00000000	-0.000241103258754	0.00203195509224	0.00204620924597	96.7668377443
4253.00000000	-0.000241097883534	0.00203199347486	0.00204624672787	96.7665616498
4253.00000000	-0.000241091911659	0.00203201465158	0.00204626705347	96.7663257370
4253.00000000	-0.000241084774106	0.00203202067604	0.00204627219503	96.7661074023
4253.00000000	-0.000241078164396	0.00203202772604	0.00204627841721	96.7659003625
4253.00000000	-0.000241073497983	0.00203204408988	0.00204629411734	96.7657166339
4253.00000000	-0.000241071694919	0.00203206315376	0.00204631283604	96.7656036161
4253.00000000	-0.000241078532264	0.00203207805267	0.00204632843670	96.7657445792
4253.00000000	-0.000241093660419	0.00203208509041	0.00204633720774	96.7661419909
4253.00000000	-0.000241108904915	0.00203208148675	0.00204633542529	96.7665777398
4253.00000000	-0.000241118336481	0.00203206742528	0.00204632257307	96.7668863674
4253.00000000	-0.000241122373891	0.00203204294800	0.00204629874205	96.7670793819
4253.00000000	-0.000241128426727	0.00203201385189	0.00204627056189	96.7673436794
4253.00000000	-0.000241141184155	0.00203199231162	0.00204625067506	96.7677694756
4253.00000000	-0.000241154624665	0.00203198702679	0.00204624701100	96.7681606317
4253.00000000	-0.000241160321498	0.00203199506237	0.00204625566198	96.7682925165
4253.00000000	-0.000241153406867	0.00203200717155	0.00204626687186	96.7680602955
4253.00000000	-0.000241131682843	0.00203201431638	0.00204627140684	96.7674326832
4253.00000000	-0.000241101222826	0.00203201182833	0.00204626534695	96.7665939492
4253.00000000	-0.000241072553535	0.00203200298162	0.00204625318409	96.7658259776
4253.00000000	-0.000241055832398	0.00203199648605	0.00204624476387	96.7653824662
4253.00000000	-0.000241054395425	0.00203200060681	0.00204624868666	96.7653289180
4253.00000000	-0.000241062760761	0.00203201557317	0.00204626453428	96.7655121513
4253.00000000	-0.000241072537067	0.00203203600779	0.00204628597833	96.7657165758
4253.00000000	-0.000241075925495	0.00203205203225	0.00204630229038	96.7657579311
4253.00000000	-0.000241070811501	0.00203206013794	0.00204630973715	96.7655890009
4253.00000000	-0.000241060866012	0.00203206156182	0.00204630997949	96.7653077739
4253.00000000	-0.000241054129966	0.00203205879287	0.00204630643630	96.7651296137
4253.00000000	-0.000241054423666	0.00203205618911	0.00204630388527	96.7651463681
4253.00000000	-0.000241059891322	0.00203205437226	0.00204630272517	96.7653043873
4253.00000000	-0.000241066710526	0.00203205066905	0.00204629985107	96.7655062083
4253.00000000	-0.000241074093675	0.00203204220400	0.00204629231477	96.7657394178
4253.00000000	-0.000241080214129	0.00203202932652	0.00204628024803	96.7659520756
4253.00000000	-0.000241085263507	0.00203201386924	0.00204626549330	96.7661434650
4253.00000000	-0.000241089703316	0.00203199779030	0.00204625004944	96.7663199588
4253.00000000	-0.000241094316286	0.00203198461080	0.00204623750525	96.7664917044
4253.00000000	-0.000241101789476	0.00203197853622	0.00204623235351	96.7667195417
4253.00000000	-0.000241111959344	0.00203197491320	0.00204622995404	96.7670142742
4253.00000000	-0.000241117545258	0.00203197047213	0.00204622620212	96.7671842470
4253.00000000	-0.000241110948389	0.00203196564876	0.00204622063502	96.7670167309
4253.00000000	-0.000241096191183	0.00203196277852	0.00204621604595	96.7666158654
4253.00000000	-0.000241084730544	0.00203196244014	0.00204621435960	96.7662983093
4253.00000000	-0.000241081745534	0.00203196479464	0.00204621634601	96.7662075411
4253.00000000	-0.000241084900806	0.00203196778631	0.00204621968860	96.7662854063
4253.00000000	-0.000241091762547	0.00203196543605	0.00204621816317	96.7664839561
4253.00000000	-0.000241093464585	0.00203195733263	0.00204621031673	96.7665580172
4253.00000000	-0.000241084799629	0.00203195152886	0.00204620353246	96.7663362274
4253.00000000	-0.000241069160273	0.00203195800783	0.00204620812373	96.7658799860
4253.00000000	-0.000241056064025	0.00203197715051	0.00204622559026	96.7654526869
4253.00000000	-0.000241053174897	0.00203200442005	0.00204625232956	96.7652824027
4253.00000000	-0.000241063806908	0.00203203290678	0.00204628187042	96.7654840633
4253.00000000	-0.000241079644233	0.00203205606457	0.00204630673273	96.7658480280
4253.00000000	-0.000241091494236	0.00203206703876	0.00204631902659	96.7661413105
4253.00000000	-0.000241097884202	0.00203206164743	0.00204631442568	96.7663367653
4253.00000000	-0.000241099517937	0.00203204152797	0.00204629463884	96.7664485639
4253.00000000	-0.000241096583240	0.00203201470756	0.00204626765947	96.7664554461
4253.00000000	-0.000241091133447	0.00203199007782	0.00204624255917	96.7663851679
4253.00000000	-0.000241088252150	0.00203197149428	0.00204622376559	96.7663663601
4253.00000000	-0.000241089001673	0.00203195314675	0.00204620563417	96.7664477317
4253.00000000	-0.000241095247172	0.00203193426249	0.00204618761732	96.7666836978
4253.00000000	-0.000241105654756	0.00203192549432	0.00204618013656	96.7670020228
4253.00000000	-0.000241115250421	0.00203193380311	0.00204618951816	96.7672414269
4253.00000000	-0.000241118561957	0.00203195106997	0.00204620705494	96.7672765346
4253.00000000	-0.000241111836937	0.00203196571033	0.00204622080086	96.7670412345
4253.00000000	-0.000241094250676	0.00203197247388	0.00204622544513	96.7665299215
4253.00000000	-0.000241072820638	0.00203196819388	0.00204621867009	96.7659481632
4253.00000000	-0.000241057235089	0.00203195887582	0.00204620758077	96.7655455315
4253.00000000	-0.000241049000858	0.00203195353370	0.00204620130581	96.7653341920
4253.00000000	-0.000241043409521	0.00203195534342	0.00204620244427	96.7651727494
4253.00000000	-0.000241037150199	0.00203195478738	0.00204620115476	96.7650005363
4253.00000000	-0.000241033833271	0.00203194253242	0.00204618859439	96.7649487276
4253.00000000	-0.000241037820563	0.00203192345579	0.00204617012028	96.7651225240
4253.00000000	-0.000241048700862	0.00203191172100	0.00204615974892	96.7654637768
4253.00000000	-0.000241058968813	0.00203191573228	0.00204616494191	96.7657360611
4253.00000000	-0.000241064124949	0.00203193253974	0.00204618223978	96.7658239891
4253.00000000	-0.000241062837616	0.00203195393014	0.00204620332956	96.7657176299
4253.00000000	-0.000241062050342	0.00203197179080	0.00204622097309	96.7656368210
4253.00000000	-0.000241071309085	0.00203198352513	0.00204623371648	96.7658555579
4253.00000000	-0.000241087228863	0.00203198802292	0.00204624005855	96.7662833783
4253.00000000	-0.000241096716667	0.00203199115500	0.00204624428668	96.7665368581
4253.00000000	-0.000241092988255	0.00203199546232	0.00204624812471	96.7664189778
4253.00000000	-0.000241082070326	0.00203199810345	0.00204624946110	96.7661066877
4253.00000000	-0.000241075334625	0.00203199556529	0.00204624614705	96.7659277718
4253.00000000	-0.000241077502215	0.00203199100652	0.00204624187541	96.7660030813
5260.00000000	-0.000495181051450	-0.000929650745112	0.00105330659430	-118.042120502
5260.00000000	-0.000495165717665	-0.000929633166510	0.00105328387068	-118.041833851
5260.00000000	-0.000495150445551	-0.000929619145054	0.00105326431563	-118.041459182
5260.00000000	-0.000495145929121	-0.000929615151378	0.00105325866756	-118.041344468
5260.00000000	-0.000495147203879	-0.000929618886170	0.00105326256320	-118.041310162
5260.00000000	-0.000495140447053	-0.000929622158718	0.00105326227517	-118.040902060
5260.00000000	-0.000495122364848	-0.000929619803083	0.00105325169568	-118.040094117
5260.00000000	-0.000495101956326	-0.000929609927968	0.00105323338598	-118.039366749
5260.00000000	-0.000495091496513	-0.000929595180303	0.00105321545239	-118.039241652
5260.00000000	-0.000495096389605	-0.000929587277990	0.00105321077777	-118.039678681
5260.00000000	-0.000495112014258	-0.000929592408353	0.00105322265088	-118.040297702
5260.00000000	-0.000495130309751	-0.000929603792832	0.00105324129965	-118.040885008
5260.00000000	-0.000495148361014	-0.000929611145756	0.00105325627543	-118.041563667
5260.00000000	-0.000495162653182	-0.000929612964519	0.00105326459967	-118.042203355
5260.00000000	-0.000495166405589	-0.000929612488729	0.00105326594383	-118.042395683
5260.00000000	-0.000495154845737	-0.000929614327101	0.00105326213186	-118.041793656
5260.00000000	-0.000495131254317	-0.000929623346920	0.00105325900240	-118.040430305
5260.00000000	-0.000495104865181	-0.000929634110886	0.00105325609785	-118.038888017
5260.00000000	-0.000495084685720	-0.000929635415408	0.00105324776364	-118.037885757
5260.00000000	-0.000495081133257	-0.000929627985072	0.00105323953550	-118.037905185
5260.00000000	-0.000495097782344	-0.000929621281498	0.00105324144482	-118.038876006
5260.00000000	-0.000495124824970	-0.000929618346627	0.00105325156667	-118.040249481
5260.00000000	-0.000495148591187	-0.000929614753369	0.00105325956774	-118.041482459
5260.00000000	-0.000495160704260	-0.000929612000832	0.00105326283288	-118.042134428
5260.00000000	-0.000495162662356	-0.000929613497672	0.00105326507454	-118.042190160
5260.00000000	-0.000495161807880	-0.000929616560204	0.00105326737583	-118.042070815
5260.00000000	-0.000495161778871	-0.000929616106980	0.00105326696218	-118.042081013
5260.00000000	-0.000495161042942	-0.000929612637997	0.00105326355447	-118.042134394
5260.00000000	-0.000495160761825	-0.000929612646225	0.00105326342957	-118.042120687
5260.00000000	-0.000495161103857	-0.000929617949076	0.00105326827068	-118.042001495
5260.00000000	-0.000495157658451	-0.000929626783306	0.00105327444807	-118.041610154
5260.00000000	-0.000495147616309	-0.000929636789342	0.00105327855861	-118.040872130
5260.00000000	-0.000495136748938	-0.000929645891933	0.00105328148400	-118.040117594
5260.00000000	-0.000495131540544	-0.000929653643734	0.00105328587750	-118.039669303
5260.00000000	-0.000495137386419	-0.000929660785755	0.00105329492926	-118.039767345
5260.00000000	-0.000495154766581	-0.000929669004356	0.00105331035338	-118.040391629
5260.00000000	-0.000495176424446	-0.000929671017484	0.00105332231158	-118.041379950
5260.00000000	-0.000495193607454	-0.000929663207052	0.00105332349609	-118.042404627
5260.00000000	-0.000495205979762	-0.000929656849163	0.00105332370124	-118.043161199
5260.00000000	-0.000495215256038	-0.000929660312386	0.00105333111899	-118.043517974
5260.00000000	-0.000495223187068	-0.000929671510235	0.00105334473082	-118.043612363
5260.00000000	-0.000495228520534	-0.000929683375543	0.00105335771052	-118.043564979
5260.00000000	-0.000495228238281	-0.000929687838697	0.00105336151696	-118.043437295
5260.00000000	-0.000495218953058	-0.000929679042286	0.00105334938797	-118.043216482
5260.00000000	-0.000495199771284	-0.000929661273093	0.00105332468696	-118.042750003
5260.00000000	-0.000495173676175	-0.000929641525973	0.00105329499020	-118.042002171
5260.00000000	-0.000495151780129	-0.000929621590827	0.00105326710169	-118.041460712
5260.00000000	-0.000495144307095	-0.000929601840114	0.00105324615641	-118.041607005
5260.00000000	-0.000495150362671	-0.000929584864272	0.00105323402031	-118.042331897
5260.00000000	-0.000495164218463	-0.000929576840737	0.00105323345279	-118.043202359
5260.00000000	-0.000495181270212	-0.000929583402152	0.00105324726058	-118.043853245
5260.00000000	-0.000495195564075	-0.000929603369794	0.00105327160401	-118.044028834
5260.00000000	-0.000495202801790	-0.000929629683499	0.00105329823096	-118.043703354
5260.00000000	-0.000495203871565	-0.000929651648140	0.00105331811971	-118.043192994
5260.00000000	-0.000495204966910	-0.000929659429693	0.00105332550262	-118.043046581
5260.00000000	-0.000495206166291	-0.000929654349132	0.00105332158242	-118.043234088
5260.00000000	-0.000495199263474	-0.000929647608232	0.00105331238768	-118.043075077
5260.00000000	-0.000495181461881	-0.000929646913436	0.00105330340541	-118.042238193
5260.00000000	-0.000495160219914	-0.000929650115711	0.00105329624562	-118.041136463
5260.00000000	-0.000495145954197	-0.000929651438855	0.00105329070713	-118.040417712
5260.00000000	-0.000495149679113	-0.000929650961203	0.00105329203661	-118.040608765
5260.00000000	-0.000495170035572	-0.000929647340739	0.00105329841084	-118.041678684
5260.00000000	-0.000495191084281	-0.000929634051785	0.00105329657751	-118.043029082
5260.00000000	-0.000495198012573	-0.000929614844834	0.00105328288289	-118.043852914
5260.00000000	-0.000495187490369	-0.000929606715026	0.00105327076065	-118.043555653
5260.00000000	-0.000495169481525	-0.000929618817021	0.00105327297525	-118.042381525
5260.00000000	-0.000495156391302	-0.000929644486796	0.00105328947763	-118.041096590
5260.00000000	-0.000495153235146	-0.000929664040836	0.00105330525257	-118.040445027
5260.00000000	-0.000495156669521	-0.000929666526338	0.00105330906080	-118.040546357
5260.00000000	-0.000495163111903	-0.000929655962317	0.00105330276543	-118.041125800
5260.00000000	-0.000495170148865	-0.000929639281162	0.00105329135068	-118.041890228
5260.00000000	-0.000495173847170	-0.000929623216701	0.00105327891081	-118.042478609
5260.00000000	-0.000495175145767	-0.000929612039443	0.00105326965629	-118.042826803
5260.00000000	-0.000495177596531	-0.000929605391798	0.00105326494130	-118.043114478
5260.00000000	-0.000495183168541	-0.000929604352287	0.00105326664345	-118.043408583
5260.00000000	-0.000495190512475	-0.000929610641236	0.00105327564671	-118.043600336
5260.00000000	-0.000495197726720	-0.000929623633623	0.00105329050539	-118.043614421
5260.00000000	-0.000495203410452	-0.000929638642724	0.00105330642444	-118.043503452
5260.00000000	-0.000495209490247	-0.000929651474979	0.00105332060844	-118.043467169
5260.00000000	-0.000495215441567	-0.000929658890156	0.00105332995097	-118.043563253
5260.00000000	-0.000495218053308	-0.000929661491926	0.00105333347516	-118.043622102
5260.00000000	-0.000495213303546	-0.000929657591422	0.00105332779955	-118.043493822
5260.00000000	-0.000495201486321	-0.000929647930839	0.00105331371745	-118.043173544
5260.00000000	-0.000495190216069	-0.000929635982532	0.00105329787340	-118.042938022
5260.00000000	-0.000495185912737	-0.000929624715838	0.00105328590633	-118.043019550
5260.00000000	-0.000495188501050	-0.000929616131003	0.00105327954627	-118.043363367
5260.00000000	-0.000495190931414	-0.000929611945622	0.00105327699491	-118.043587090
5260.00000000	-0.000495185777819	-0.000929613616569	0.00105327604675	-118.043296927
5260.00000000	-0.000495177846854	-0.000929622974321	0.00105328057724	-118.042676837
5260.00000000	-0.000495175370883	-0.000929637144081	0.00105329191945	-118.042195593
5260.00000000	-0.000495180615110	-0.000929653750072	0.00105330904136	-118.042022708
5260.00000000	-0.000495193208256	-0.000929672341806	0.00105333137076	-118.042151864
5260.00000000	-0.000495208257628	-0.000929688618562	0.00105335281170	-118.042458132
5260.00000000	-0.000495215596398	-0.000929696351135	0.00105336308661	-118.042612712
5260.00000000	-0.000495212116909	-0.000929692939747	0.00105335843992	-118.042532906
5260.00000000	-0.000495203415908	-0.000929686396947	0.00105334857469	-118.042282501
5260.00000000	-0.000495194556881	-0.000929684165010	0.00105334243997	-118.041914268
5260.00000000	-0.000495193259432	-0.000929686483046	0.00105334387592	-118.041792704
5260.00000000	-0.000495198923037	-0.000929687103826	0.00105334708639	-118.042048730
5260.00000000	-0.000495202968889	-0.000929681631569	0.00105334415861	-118.042382900
5270.00000000	-0.00125153666477	0.00635550475509	0.00647756008967	101.140241339
5270.00000000	-0.00125154022129	0.00635547551591	0.00647753208860	101.140322174
5270.00000000	-0.00125155205867	0.00635543624208	0.00647749584197	101.140492028
5270.00000000	-0.00125157119641	0.00635539374915	0.00647745784752	101.140730742
5270.00000000	-0.00125159040336	0.00635536282492	0.00647743121724	101.140950288
5270.00000000	-0.00125159959443	0.00635534974505	0.00647742015980	101.141052411
5270.00000000	-0.00125159216599	0.00635535372181	0.00647742262627	101.140981144
5270.00000000	-0.00125157865897	0.00635537032188	0.00647743630365	101.140835548
5270.00000000	-0.00125157415765	0.00635539472433	0.00647745937650	101.140754775
5270.00000000	-0.00125157678961	0.00635542311276	0.00647748773850	101.140729099
5270.00000000	-0.00125157856309	0.00635544666754	0.00647751119209	101.140704233
5270.00000000	-0.00125158177103	0.00635545796661	0.00647752289806	101.140712762
5270.00000000	-0.00125158730834	0.00635546039004	0.00647752634574	101.140756677
5270.00000000	-0.00125158899182	0.00635546070697	0.00647752698198	101.140770745
5270.00000000	-0.00125158550799	0.00635546533508	0.00647753084973	101.140732601
5270.00000000	-0.00125158058586	0.00635547472524	0.00647753911189	101.140673835
5270.00000000	-0.00125157662705	0.00635548062253	0.00647754413314	101.140629399
5270.00000000	-0.00125157068660	0.00635548534934	0.00647754762307	101.140569766
5270.00000000	-0.00125156341989	0.00635550470429	0.00647756520927	101.140473622
5270.00000000	-0.00125155919442	0.00635555138662	0.00647761019552	101.140357170
5270.00000000	-0.00125155982520	0.00635562529111	0.00647768282930	101.140236342
5270.00000000	-0.00125155874498	0.00635570455649	0.00647776039242	101.140091507
5270.00000000	-0.00125155154830	0.00635575738780	0.00647781083782	101.139938768
5270.00000000	-0.00125154223338	0.00635576924766	0.00647782067453	101.139837663
5270.00000000	-0.00125153581910	0.00635575176726	0.00647780228422	101.139811870
5270.00000000	-0.00125153778094	0.00635572774244	0.00647777909110	101.139869951
5270.00000000	-0.00125155058950	0.00635570357805	0.00647775785670	101.140022403
5270.00000000	-0.00125156958390	0.00635567591257	0.00647773438240	101.140234522
5270.00000000	-0.00125158471626	0.00635564791103	0.00647770983226	101.140413700
5270.00000000	-0.00125159098670	0.00635562596989	0.00647768951611	101.140505615
5270.00000000	-0.00125159468954	0.00635561750538	0.00647768192655	101.140552216
5270.00000000	-0.00125160442867	0.00635562599778	0.00647769214069	101.140622222
5270.00000000	-0.00125162310018	0.00635563832913	0.00647770784735	101.140763187
5270.00000000	-0.00125164253184	0.00635563524612	0.00647770857705	101.140937091
5270.00000000	-0.00125165046339	0.00635560792528	0.00647768330365	101.141052618
5270.00000000	-0.00125164177693	0.00635556824303	0.00647764269079	101.141045054
5270.00000000	-0.00125161985429	0.00635553252762	0.00647760341247	101.140915839
5270.00000000	-0.00125159904390	0.00635551506209	0.00647758225506	101.140765086
5270.00000000	-0.00125159169797	0.00635552729884	0.00647759284185	101.140680420
5270.00000000	-0.00125159616212	0.00635556586488	0.00647763154369	101.140653251
5270.00000000	-0.00125160573632	0.00635561536497	0.00647768196091	101.140651743
5270.00000000	-0.00125161520794	0.00635565266562	0.00647772038874	101.140670193
5270.00000000	-0.00125162469018	0.00635566178800	0.00647773117137	101.140736893
5270.00000000	-0.00125163368844	0.00635565299154	0.00647772427933	101.140830017
5270.00000000	-0.00125163994325	0.00635564605194	0.00647771867907	101.140896158
5270.00000000	-0.00125163865740	0.00635564258432	0.00647771502833	101.140890926
5270.00000000	-0.00125162628509	0.00635563433359	0.00647770454249	101.140797655
5270.00000000	-0.00125160824974	0.00635561577874	0.00647768285252	101.140672848
5270.00000000	-0.00125159216119	0.00635559156118	0.00647765598272	101.140574613
5270.00000000	-0.00125158357644	0.00635557727204	0.00647764030413	101.140524531
5270.00000000	-0.00125158108912	0.00635557620032	0.00647763877201	101.140504776
5270.00000000	-0.00125157720551	0.00635557208423	0.00647763398312	101.140478107
5270.00000000	-0.00125156833707	0.00635554261728	0.00647760335791	101.140451502
5270.00000000	-0.00125155441250	0.00635548172296	0.00647754092063	101.140434727
5270.00000000	-0.00125153537206	0.00635541352352	0.00647747032741	101.140386037
5270.00000000	-0.00125151198750	0.00635536540331	0.00647741859574	101.140265328
5270.00000000	-0.00125148907572	0.00635533903033	0.00647738829291	101.140111553
5270.00000000	-0.00125147312695	0.00635532692166	0.00647737333096	101.139993830
5270.00000000	-0.00125146562714	0.00635533166541	0.00647737653632	101.139920633
5270.00000000	-0.00125146991338	0.00635535835245	0.00647740354865	101.139912225
5270.00000000	-0.00125149103410	0.00635539742948	0.00647744597007	101.140028744
5270.00000000	-0.00125152064831	0.00635542319620	0.00647747697302	101.140241723
5270.00000000	-0.00125154605879	0.00635542890752	0.00647748748635	101.140452492
5270.00000000	-0.00125156264654	0.00635543174532	0.00647749347569	101.140591602
5270.00000000	-0.00125157514814	0.00635544251704	0.00647750645996	101.140681689
5270.00000000	-0.00125159100593	0.00635545793522	0.00647752465163	101.140792962
5270.00000000	-0.00125161102400	0.00635547577888	0.00647754602695	101.140936195
5270.00000000	-0.00125162924439	0.00635550060808	0.00647757390886	101.141051886
5270.00000000	-0.00125163822270	0.00635552930969	0.00647760380440	101.141080750
5270.00000000	-0.00125163019929	0.00635555438366	0.00647762685553	101.140968265
5270.00000000	-0.00125160776800	0.00635557195169	0.00647763975828	101.140743570
5270.00000000	-0.00125158220955	0.00635557581348	0.00647763860895	101.140515161
5270.00000000	-0.00125156330445	0.00635556371177	0.00647762308254	101.140371775
5270.00000000	-0.00125155897153	0.00635553997428	0.00647759895516	101.140374739
5270.00000000	-0.00125156567963	0.00635551212331	0.00647757292510	101.140480554
5270.00000000	-0.00125157197159	0.00635548787337	0.00647755034782	101.140576604
5270.00000000	-0.00125157066399	0.00635547181114	0.00647753433562	101.140592707
5270.00000000	-0.00125156292578	0.00635546520334	0.00647752635718	101.140536843
5270.00000000	-0.00125155502328	0.00635546461810	0.00647752425609	101.140469260
5270.00000000	-0.00125154834313	0.00635545895657	0.00647751741054	101.140420962
5270.00000000	-0.00125154224991	0.00635543325135	0.00647749101240	101.140412012
5270.00000000	-0.00125153580450	0.00635538133523	0.00647743882921	101.140444802
5270.00000000	-0.00125153482183	0.00635532194703	0.00647738037023	101.140537773
5270.00000000	-0.00125154335499	0.00635528038966	0.00647734124472	101.140682857
5270.00000000	-0.00125154957278	0.00635526534401	0.00647732768400	101.140762536
5270.00000000	-0.00125154168242	0.00635526921763	0.00647732996006	101.140687435
5270.00000000	-0.00125152280012	0.00635528403518	0.00647734084999	101.140498233
5270.00000000	-0.00125150180329	0.00635530096822	0.00647735340708	101.140287064
5270.00000000	-0.00125148509166	0.00635530799339	0.00647735707102	101.140130019
5270.00000000	-0.00125147443167	0.00635530607880	0.00647735313291	101.140040775
5270.00000000	-0.00125146231959	0.00635530897074	0.00647735363022	101.139930713
5270.00000000	-0.00125144087647	0.00635531739276	0.00647735775065	101.139730217
5270.00000000	-0.00125141955192	0.00635532607117	0.00647736214564	101.139530313
5270.00000000	-0.00125141825211	0.00635533688948	0.00647737250901	101.139500544
5270.00000000	-0.00125143840426	0.00635534945818	0.00647738873430	101.139653962
5270.00000000	-0.00125146766664	0.00635535789915	0.00647740266981	101.139893500
5270.00000000	-0.00125149905704	0.00635535965327	0.00647741045574	101.140162934
5270.00000000	-0.00125153548354	0.00635536283108	0.00647742061172	101.140473641
5270.00000000	-0.00125157494426	0.00635537428983	0.00647743947906	101.140796527
5270.00000000	-0.00125160537601	0.00635539341088	0.00647746411988	101.141027956
5274.00000000	-0.00258923720726	-0.00237756654869	0.00351524849888	-137.440301996
5274.00000000	-0.00258921291511	-0.00237755554825	0.00351522316572	-137.440166262
5274.00000000	-0.00258918932653	-0.00237754654640	0.00351519970257	-137.440014289
5274.00000000	-0.00258917260302	-0.00237754066775	0.00351518340845	-137.439900500
5274.00000000	-0.00258915977596	-0.00237753720568	0.00351517161884	-137.439800654
5274.00000000	-0.00258914907070	-0.00237753651043	0.00351516326345	-137.439690981
5274.00000000	-0.00258914396455	-0.00237753401448	0.00351515781427	-137.439664654
5274.00000000	-0.00258914838037	-0.00237753076890	0.00351515887161	-137.439752302
5274.00000000	-0.00258916488092	-0.00237753889701	0.00351517652293	-137.439836627
5274.00000000	-0.00258918546000	-0.00237756160264	0.00351520703809	-137.439790903
5274.00000000	-0.00258920103599	-0.00237759333487	0.00351523997343	-137.439581656
5274.00000000	-0.00258921510893	-0.00237763230015	0.00351527669395	-137.439269007
5274.00000000	-0.00258923705580	-0.00237767140292	0.00351531930717	-137.439041518
5274.00000000	-0.00258926077519	-0.00237769581042	0.00351535328649	-137.439009991
5274.00000000	-0.00258927033132	-0.00237769301192	0.00351535843230	-137.439148933
5274.00000000	-0.00258925777899	-0.00237766484736	0.00351533013704	-137.439348673
5274.00000000	-0.00258922756079	-0.00237762623563	0.00351528176366	-137.439479085
5274.00000000	-0.00258919512658	-0.00237759250941	0.00351523506245	-137.439526418
5274.00000000	-0.00258917429056	-0.00237757005770	0.00351520452978	-137.439566259
5274.00000000	-0.00258917066888	-0.00237756332509	0.00351519730846	-137.439607161
5274.00000000	-0.00258918551472	-0.00237757388398	0.00351521538506	-137.439644062
5274.00000000	-0.00258921390712	-0.00237759712807	0.00351525201945	-137.439678011
5274.00000000	-0.00258924602758	-0.00237762383250	0.00351529374024	-137.439711516
5274.00000000	-0.00258927541497	-0.00237764286998	0.00351532826230	-137.439806933
5274.00000000	-0.00258930001719	-0.00237765023719	0.00351535136642	-137.439989701
5274.00000000	-0.00258931725386	-0.00237765806521	0.00351536935701	-137.440085738
5274.00000000	-0.00258932571405	-0.00237767702114	0.00351538840959	-137.439951434
5274.00000000	-0.00258932661471	-0.00237769905944	0.00351540397891	-137.439696794
5274.00000000	-0.00258932335482	-0.00237771121160	0.00351540979711	-137.439514973
5274.00000000	-0.00258932231269	-0.00237770657374	0.00351540589261	-137.439559161
5274.00000000	-0.00258932665325	-0.00237768988562	0.00351539780244	-137.439807350
5274.00000000	-0.00258933108643	-0.00237767509717	0.00351539106543	-137.440033755
5274.00000000	-0.00258932822641	-0.00237767035351	0.00351538575039	-137.440059175
5274.00000000	-0.00258931332123	-0.00237767241820	0.00351537616817	-137.439870077
5274.00000000	-0.00258928801385	-0.00237767026189	0.00351535606916	-137.439616979
5274.00000000	-0.00258926725916	-0.00237766016836	0.00351533395505	-137.439509354
5274.00000000	-0.00258926764479	-0.00237765210600	0.00351532878598	-137.439610395
5274.00000000	-0.00258928449424	-0.00237765552379	0.00351534350839	-137.439755112
5274.00000000	-0.00258929697435	-0.00237767055291	0.00351536286598	-137.439712265
5274.00000000	-0.00258928826243	-0.00237768906481	0.00351536896995	-137.439393990
5274.00000000	-0.00258926287671	-0.00237770286690	0.00351535960721	-137.438948445
5274.00000000	-0.00258923798141	-0.00237770482925	0.00351534259773	-137.438650439
5274.00000000	-0.00258922505922	-0.00237769941554	0.00351532941813	-137.438572974
5274.00000000	-0.00258921847578	-0.00237769688259	0.00351532285584	-137.438530805
5274.00000000	-0.00258920812453	-0.00237769556091	0.00351531433765	-137.438432556
5274.00000000	-0.00258919056701	-0.00237768761255	0.00351529602952	-137.438334417
5274.00000000	-0.00258916925375	-0.00237767569708	0.00351527227182	-137.438242496
5274.00000000	-0.00258914766513	-0.00237766502579	0.00351524915286	-137.438132602
5274.00000000	-0.00258913478048	-0.00237765968129	0.00351523604776	-137.438054716
5274.00000000	-0.00258913744440	-0.00237766087271	0.00351523881573	-137.438069781
5274.00000000	-0.00258914988276	-0.00237766489899	0.00351525070049	-137.438158573
5274.00000000	-0.00258915425806	-0.00237766688011	0.00351525526311	-137.438183025
5274.00000000	-0.00258914068751	-0.00237766179246	0.00351524182653	-137.438094494
5274.00000000	-0.00258911193829	-0.00237765269742	0.00351521449965	-137.437886731
5274.00000000	-0.00258908202912	-0.00237765051975	0.00351519099731	-137.437583132
5274.00000000	-0.00258906388615	-0.00237766156881	0.00351518510784	-137.437250462
5274.00000000	-0.00258905781024	-0.00237767635670	0.00351519063523	-137.437005944
5274.00000000	-0.00258906141399	-0.00237768217064	0.00351519722206	-137.436975878
5274.00000000	-0.00258907282544	-0.00237767103676	0.00351519809605	-137.437235352
5274.00000000	-0.00258908114267	-0.00237763807999	0.00351518193025	-137.437722702
5274.00000000	-0.00258907917282	-0.00237759520683	0.00351515148047	-137.438215694
5274.00000000	-0.00258907632789	-0.00237756737312	0.00351513055880	-137.438518488
5274.00000000	-0.00258908250809	-0.00237756686616	0.00351513476794	-137.438592710
5274.00000000	-0.00258909379880	-0.00237758317733	0.00351515411669	-137.438521363
5274.00000000	-0.00258910600525	-0.00237760116200	0.00351517527187	-137.438440021
5274.00000000	-0.00258912422978	-0.00237760923637	0.00351519415653	-137.438544004
5274.00000000	-0.00258915025816	-0.00237760681856	0.00351521169249	-137.438859983
5274.00000000	-0.00258918205909	-0.00237760360406	0.00351523294152	-137.439249162
5274.00000000	-0.00258920978087	-0.00237760800760	0.00351525633875	-137.439501909
5274.00000000	-0.00258922498942	-0.00237761668022	0.00351527340671	-137.439565454
5274.00000000	-0.00258922922585	-0.00237762239668	0.00351528039354	-137.439543529
5274.00000000	-0.00258922593212	-0.00237762764659	0.00351528151837	-137.439444191
5274.00000000	-0.00258922091891	-0.00237763729490	0.00351528435166	-137.439273094
5274.00000000	-0.00258921790412	-0.00237764824984	0.00351528954070	-137.439108342
5274.00000000	-0.00258922135153	-0.00237765547984	0.00351529697011	-137.439059550
5274.00000000	-0.00258922802815	-0.00237765118035	0.00351529897977	-137.439184770
5274.00000000	-0.00258922911209	-0.00237763030483	0.00351528565857	-137.439447335
5274.00000000	-0.00258922235908	-0.00237759999165	0.00351526018170	-137.439736809
5274.00000000	-0.00258921627239	-0.00237757690795	0.00351524008546	-137.439946839
5274.00000000	-0.00258921661652	-0.00237756931760	0.00351523520511	-137.440041759
5274.00000000	-0.00258921932030	-0.00237757757698	0.00351524278296	-137.439972407
5274.00000000	-0.00258921818986	-0.00237759789627	0.00351525569355	-137.439716002
5274.00000000	-0.00258921115728	-0.00237762129765	0.00351526634155	-137.439357531
5274.00000000	-0.00258919879240	-0.00237763319403	0.00351526528045	-137.439078398
5274.00000000	-0.00258918589727	-0.00237762707712	0.00351525164511	-137.439009673
5274.00000000	-0.00258917413571	-0.00237760844879	0.00351523038232	-137.439103649
5274.00000000	-0.00258916147624	-0.00237758593569	0.00351520583062	-137.439234365
5274.00000000	-0.00258914604616	-0.00237756121980	0.00351517774831	-137.439360984
5274.00000000	-0.00258912474214	-0.00237753543424	0.00351514461600	-137.439435690
5274.00000000	-0.00258910088618	-0.00237751440661	0.00351511282215	-137.439425140
5274.00000000	-0.00258908368835	-0.00237750537642	0.00351509404713	-137.439343953
5274.00000000	-0.00258908000469	-0.00237750981712	0.00351509433745	-137.439250027
5274.00000000	-0.00258908842815	-0.00237752364151	0.00351510989227	-137.439176920
5274.00000000	-0.00258910641531	-0.00237753670361	0.00351513197573	-137.439218403
5274.00000000	-0.00258912600565	-0.00237754430237	0.00351515154479	-137.439343151
5274.00000000	-0.00258914050163	-0.00237755222719	0.00351516758209	-137.439407821
5274.00000000	-0.00258915122021	-0.00237755923332	0.00351518021573	-137.439441874
5274.00000000	-0.00258916188370	-0.00237755735320	0.00351518679842	-137.439582006
5274.00000000	-0.00258917690027	-0.00237754323494	0.00351518831002	-137.439917054
5274.00000000	-0.00258919877969	-0.00237752829225	0.00351519431912	-137.440337657
