DevNumber	X [V]	Y [V]	R [V]	Theta [°]
4253.00000000	-0.0173411288852	-0.0264555247625	0.0316324128304	-123.244133024
4253.00000000	-0.0173412123033	-0.0264556277218	0.0316325446701	-123.244157156
4253.00000000	-0.0173412958016	-0.0264557842956	0.0316327213937	-123.244128172
4253.00000000	-0.0173413561707	-0.0264559152406	0.0316328640034	-123.244089600
4253.00000000	-0.0173413652264	-0.0264559509313	0.0316328988175	-123.244067878
4253.00000000	-0.0173413261127	-0.0264558948489	0.0316328304709	-123.244064314
4253.00000000	-0.0173412720758	-0.0264558036244	0.0316327245526	-123.244073038
4253.00000000	-0.0173412292097	-0.0264557061461	0.0316326195278	-123.244104895
4253.00000000	-0.0173412218894	-0.0264556252221	0.0316325478346	-123.244174160
4253.00000000	-0.0173412468183	-0.0264556010932	0.0316325413209	-123.244235883
4253.00000000	-0.0173412774146	-0.0264556440685	0.0316325940361	-123.244239559
4253.00000000	-0.0173412904030	-0.0264557069783	0.0316326537705	-123.244196767
4253.00000000	-0.0173412848167	-0.0264557403871	0.0316326786492	-123.244155131
4253.00000000	-0.0173412741293	-0.0264557374160	0.0316326703054	-123.244141891
4253.00000000	-0.0173412722854	-0.0264557242219	0.0316326582598	-123.244152199
4253.00000000	-0.0173412721467	-0.0264557144308	0.0316326499951	-123.244161712
4253.00000000	-0.0173412683030	-0.0264556978850	0.0316326340500	-123.244172318
4253.00000000	-0.0173412642788	-0.0264556594756	0.0316325997205	-123.244204361
4253.00000000	-0.0173412583249	-0.0264556066064	0.0316325522398	-123.244247839
4253.00000000	-0.0173412432552	-0.0264555804565	0.0316325221082	-123.244250977
4253.00000000	-0.0173412156302	-0.0264556051142	0.0316325275862	-123.244184644
4253.00000000	-0.0173411864856	-0.0264556638338	0.0316325607186	-123.244082188
4253.00000000	-0.0173411602060	-0.0264557213108	0.0316325943824	-123.243985306
4253.00000000	-0.0173411338813	-0.0264557919287	0.0316326390120	-123.243875307
4253.00000000	-0.0173410982842	-0.0264558934299	0.0316327043876	-123.243720597
4253.00000000	-0.0173410558420	-0.0264559796487	0.0316327532296	-123.243570692
4253.00000000	-0.0173410191075	-0.0264559853729	0.0316327378793	-123.243509361
4253.00000000	-0.0173409881068	-0.0264558904674	0.0316326415107	-123.243556634
4253.00000000	-0.0173409540127	-0.0264557417279	0.0316324984223	-123.243652677
4253.00000000	-0.0173409393513	-0.0264556172227	0.0316323862555	-123.243754095
4253.00000000	-0.0173409732635	-0.0264555434526	0.0316323431490	-123.243878719
4253.00000000	-0.0173410413516	-0.0264555075044	0.0316323504102	-123.244017559
4253.00000000	-0.0173411026176	-0.0264555019194	0.0316323793256	-123.244115915
4253.00000000	-0.0173411358236	-0.0264555140840	0.0316324077032	-123.244154138
4253.00000000	-0.0173411439297	-0.0264555662122	0.0316324557441	-123.244114656
4253.00000000	-0.0173411304536	-0.0264556788308	0.0316325425442	-123.243982416
4253.00000000	-0.0173411192729	-0.0264558235796	0.0316326574747	-123.243821749
4253.00000000	-0.0173411483681	-0.0264559649596	0.0316327916673	-123.243725441
4253.00000000	-0.0173412360435	-0.0264560878742	0.0316329425303	-123.243736209
4253.00000000	-0.0173413717664	-0.0264562014129	0.0316331118915	-123.243829071
4253.00000000	-0.0173415352660	-0.0264563203963	0.0316333010338	-123.243958603
4253.00000000	-0.0173417118640	-0.0264564434573	0.0316335007671	-123.244103926
4253.00000000	-0.0173418752751	-0.0264565599213	0.0316336877541	-123.244235821
4253.00000000	-0.0173420023332	-0.0264566578725	0.0316338393292	-123.244331030
4253.00000000	-0.0173421032098	-0.0264567241220	0.0316339500380	-123.244418056
4253.00000000	-0.0173421979106	-0.0264567687600	0.0316340392867	-123.244517185
4253.00000000	-0.0173422867213	-0.0264568225412	0.0316341329532	-123.244598313
4253.00000000	-0.0173423621339	-0.0264569271115	0.0316342617515	-123.244608716
4253.00000000	-0.0173424279024	-0.0264570670904	0.0316344148765	-123.244569352
4253.00000000	-0.0173424693997	-0.0264571680255	0.0316345220417	-123.244531990
4253.00000000	-0.0173424637560	-0.0264571679963	0.0316345189234	-123.244523470
4253.00000000	-0.0173424171287	-0.0264570816056	0.0316344211098	-123.244538620
4253.00000000	-0.0173423538952	-0.0264569689501	0.0316342922262	-123.244554693
4253.00000000	-0.0173423002714	-0.0264568577895	0.0316341698610	-123.244583839
4253.00000000	-0.0173422546998	-0.0264567303822	0.0316340383225	-123.244641315
4253.00000000	-0.0173421925828	-0.0264565982893	0.0316338937948	-123.244678381
4253.00000000	-0.0173420848375	-0.0264564936355	0.0316337472013	-123.244619084
4253.00000000	-0.0173419446120	-0.0264564374861	0.0316336233679	-123.244462423
4253.00000000	-0.0173418259184	-0.0264564190792	0.0316335429044	-123.244300902
4253.00000000	-0.0173417854905	-0.0264564086809	0.0316335120448	-123.244249987
4253.00000000	-0.0173418285919	-0.0264563855254	0.0316335163075	-123.244338269
4253.00000000	-0.0173418980959	-0.0264563436930	0.0316335194244	-123.244485092
4253.00000000	-0.0173419384239	-0.0264562985079	0.0316335037426	-123.244591047
4253.00000000	-0.0173419430412	-0.0264562799928	0.0316334907891	-123.244616426
4253.00000000	-0.0173419391718	-0.0264563166053	0.0316335192882	-123.244574210
4253.00000000	-0.0173419279975	-0.0264563871566	0.0316335721671	-123.244487230
4253.00000000	-0.0173419046880	-0.0264564529385	0.0316336144045	-123.244386603
4253.00000000	-0.0173418772638	-0.0264564963241	0.0316336356554	-123.244301982
4253.00000000	-0.0173418612733	-0.0264565102620	0.0316336385461	-123.244263920
4253.00000000	-0.0173418481333	-0.0264564834711	0.0316336089363	-123.244270617
4253.00000000	-0.0173418365715	-0.0264564201618	0.0316335496498	-123.244315965
4253.00000000	-0.0173418346680	-0.0264563414086	0.0316334827419	-123.244391278
4253.00000000	-0.0173418246449	-0.0264562343451	0.0316333877057	-123.244482404
4253.00000000	-0.0173417759222	-0.0264560900713	0.0316332403335	-123.244551854
4253.00000000	-0.0173417111069	-0.0264559644261	0.0316330997190	-123.244578431
4253.00000000	-0.0173416675658	-0.0264559027030	0.0316330242278	-123.244573762
4253.00000000	-0.0173416576022	-0.0264558929795	0.0316330106334	-123.244568324
4253.00000000	-0.0173416823457	-0.0264559259394	0.0316330517637	-123.244573078
4253.00000000	-0.0173417546752	-0.0264560196845	0.0316331698185	-123.244589560
4253.00000000	-0.0173418701936	-0.0264561536319	0.0316333451726	-123.244631546
4253.00000000	-0.0173419706596	-0.0264562699280	0.0316334975123	-123.244668256
4253.00000000	-0.0173419916760	-0.0264563417226	0.0316335690784	-123.244628804
4253.00000000	-0.0173419339373	-0.0264563671513	0.0316335586922	-123.244516091
4253.00000000	-0.0173418509410	-0.0264563727201	0.0316335178499	-123.244384839
4253.00000000	-0.0173417844886	-0.0264563762189	0.0316334843463	-123.244280702
4253.00000000	-0.0173417111796	-0.0264563461446	0.0316334190052	-123.244199514
4253.00000000	-0.0173416048696	-0.0264562413965	0.0316332731200	-123.244142482
4253.00000000	-0.0173414728585	-0.0264560679320	0.0316330556748	-123.244114748
4253.00000000	-0.0173413489178	-0.0264558830941	0.0316328331418	-123.244110533
4253.00000000	-0.0173412587906	-0.0264557269955	0.0316326531816	-123.244129003
4253.00000000	-0.0173412044280	-0.0264555879978	0.0316325071299	-123.244184671
4253.00000000	-0.0173411835185	-0.0264554537564	0.0316323833955	-123.244286293
4253.00000000	-0.0173411776222	-0.0264553138080	0.0316322631186	-123.244416327
4253.00000000	-0.0173411638525	-0.0264551580730	0.0316321253227	-123.244550110
4253.00000000	-0.0173411335737	-0.0264549993846	0.0316319760063	-123.244661817
4253.00000000	-0.0173411010008	-0.0264548867790	0.0316318639731	-123.244724291
4253.00000000	-0.0173410774484	-0.0264548540380	0.0316318236787	-123.244721123
4253.00000000	-0.0173410569625	-0.0264548816913	0.0316318355755	-123.244662630
4253.00000000	-0.0173410509269	-0.0264549449537	0.0316318851754	-123.244590667
4253.00000000	-0.0173410997450	-0.0264550505947	0.0316320002898	-123.244559720
5260.00000000	-0.0186192078302	-0.0290908902829	0.0345391777215	-122.620693447
5260.00000000	-0.0186192694330	-0.0290909370870	0.0345392503511	-122.620737663
5260.00000000	-0.0186193463305	-0.0290910297470	0.0345393698483	-122.620762242
5260.00000000	-0.0186194157980	-0.0290911039610	0.0345394698038	-122.620792935
5260.00000000	-0.0186194418464	-0.0290911140185	0.0345394923169	-122.620820335
5260.00000000	-0.0186194204535	-0.0290910740261	0.0345394471006	-122.620826209
5260.00000000	-0.0186193700362	-0.0290910034498	0.0345393604785	-122.620818880
5260.00000000	-0.0186193238315	-0.0290909129248	0.0345392593253	-122.620835275
5260.00000000	-0.0186193177167	-0.0290908307853	0.0345391868465	-122.620900185
5260.00000000	-0.0186193449342	-0.0290907956151	0.0345391718965	-122.620969664
5260.00000000	-0.0186193778342	-0.0290908198655	0.0345392100573	-122.620993946
5260.00000000	-0.0186193900980	-0.0290908584518	0.0345392491679	-122.620976574
5260.00000000	-0.0186193627202	-0.0290908444925	0.0345392226519	-122.620950806
5260.00000000	-0.0186192990851	-0.0290907627492	0.0345391194988	-122.620934995
5260.00000000	-0.0186192189456	-0.0290906511563	0.0345389823076	-122.620922818
5260.00000000	-0.0186191395060	-0.0290905438272	0.0345388490849	-122.620907806
5260.00000000	-0.0186190691637	-0.0290904467662	0.0345387294147	-122.620896322
5260.00000000	-0.0186190173799	-0.0290903657870	0.0345386332940	-122.620896386
5260.00000000	-0.0186189742549	-0.0290903219460	0.0345385731209	-122.620875338
5260.00000000	-0.0186189068286	-0.0290903041103	0.0345385217507	-122.620797078
5260.00000000	-0.0186188005724	-0.0290902808568	0.0345384448851	-122.620669410
5260.00000000	-0.0186186912363	-0.0290902389595	0.0345383506565	-122.620554111
5260.00000000	-0.0186186153961	-0.0290901883573	0.0345382671529	-122.620493397
5260.00000000	-0.0186185904835	-0.0290901880215	0.0345382534405	-122.620458888
5260.00000000	-0.0186186045312	-0.0290902592891	0.0345383210391	-122.620414784
5260.00000000	-0.0186186398527	-0.0290903268400	0.0345383969753	-122.620403728
5260.00000000	-0.0186186896630	-0.0290903191109	0.0345384173167	-122.620480236
5260.00000000	-0.0186187400733	-0.0290902423068	0.0345383798025	-122.620619354
5260.00000000	-0.0186187671394	-0.0290901493202	0.0345383160745	-122.620740327
5260.00000000	-0.0186187638175	-0.0290900905428	0.0345382647781	-122.620788248
5260.00000000	-0.0186187617466	-0.0290900851256	0.0345382590990	-122.620790199
5260.00000000	-0.0186187803965	-0.0290901304495	0.0345383073271	-122.620775725
5260.00000000	-0.0186188083875	-0.0290902104673	0.0345383898119	-122.620743277
5260.00000000	-0.0186188235284	-0.0290902741670	0.0345384516256	-122.620707467
5260.00000000	-0.0186188145957	-0.0290902936326	0.0345384632053	-122.620677579
5260.00000000	-0.0186187777140	-0.0290903023397	0.0345384506569	-122.620618261
5260.00000000	-0.0186187406546	-0.0290903316933	0.0345384554025	-122.620540230
5260.00000000	-0.0186187612554	-0.0290904084180	0.0345385311299	-122.620500402
5260.00000000	-0.0186188824629	-0.0290905363733	0.0345387042410	-122.620555329
5260.00000000	-0.0186190845246	-0.0290907016882	0.0345389524051	-122.620689817
5260.00000000	-0.0186193074446	-0.0290908864130	0.0345392281618	-122.620836088
5260.00000000	-0.0186195242964	-0.0290910846084	0.0345395119930	-122.620961832
5260.00000000	-0.0186197158054	-0.0290912821703	0.0345397816291	-122.621052733
5260.00000000	-0.0186198701352	-0.0290914589774	0.0345400137418	-122.621110247
5260.00000000	-0.0186200091547	-0.0290916191596	0.0345402235987	-122.621161237
5260.00000000	-0.0186201575499	-0.0290917822168	0.0345404409313	-122.621222754
5260.00000000	-0.0186202947995	-0.0290919353155	0.0345406438681	-122.621277603
5260.00000000	-0.0186203910950	-0.0290920716895	0.0345408106408	-122.621290190
5260.00000000	-0.0186204562741	-0.0290922053701	0.0345409583705	-122.621261713
5260.00000000	-0.0186204945355	-0.0290923049335	0.0345410628541	-122.621226137
5260.00000000	-0.0186204724723	-0.0290922923867	0.0345410403926	-122.621206532
5260.00000000	-0.0186203780995	-0.0290921561638	0.0345408747837	-122.621196495
5260.00000000	-0.0186202541074	-0.0290919972993	0.0345406741377	-122.621165324
5260.00000000	-0.0186201612735	-0.0290918818749	0.0345405268761	-122.621138839
5260.00000000	-0.0186201039580	-0.0290917613264	0.0345403944460	-122.621166560
5260.00000000	-0.0186200399478	-0.0290916031123	0.0345402266829	-122.621218609
5260.00000000	-0.0186199407324	-0.0290914442771	0.0345400394181	-122.621222028
5260.00000000	-0.0186198164871	-0.0290913169524	0.0345398652000	-122.621162298
5260.00000000	-0.0186197146002	-0.0290912212123	0.0345397296373	-122.621105561
5260.00000000	-0.0186196687982	-0.0290911410767	0.0345396374517	-122.621113229
5260.00000000	-0.0186196680396	-0.0290910534646	0.0345395632512	-122.621190516
5260.00000000	-0.0186196598046	-0.0290909462292	0.0345394684926	-122.621274907
5260.00000000	-0.0186196179257	-0.0290908465362	0.0345393619497	-122.621305546
5260.00000000	-0.0186195678968	-0.0290908124830	0.0345393062986	-122.621266099
5260.00000000	-0.0186195582773	-0.0290908810711	0.0345393588814	-122.621191324
5260.00000000	-0.0186195980857	-0.0290910183641	0.0345394959768	-122.621124168
5260.00000000	-0.0186196509988	-0.0290911361869	0.0345396237380	-122.621092733
5260.00000000	-0.0186196755084	-0.0290911771735	0.0345396714717	-122.621090325
5260.00000000	-0.0186196689572	-0.0290911300558	0.0345396282551	-122.621123307
5260.00000000	-0.0186196365418	-0.0290910135516	0.0345395126545	-122.621182201
5260.00000000	-0.0186195956773	-0.0290908779538	0.0345393764175	-122.621246366
5260.00000000	-0.0186195655058	-0.0290907760642	0.0345392743358	-122.621295327
5260.00000000	-0.0186195439151	-0.0290907024438	0.0345392006896	-122.621330997
5260.00000000	-0.0186194906889	-0.0290906259345	0.0345391075562	-122.621325050
5260.00000000	-0.0186194029111	-0.0290905583271	0.0345390032941	-122.621262867
5260.00000000	-0.0186193236069	-0.0290905215218	0.0345389295432	-122.621184978
5260.00000000	-0.0186192929753	-0.0290905088643	0.0345389023694	-122.621153499
5260.00000000	-0.0186193368914	-0.0290905397759	0.0345389520792	-122.621187215
5260.00000000	-0.0186194738878	-0.0290906652987	0.0345391316536	-122.621266374
5260.00000000	-0.0186196817960	-0.0290908844508	0.0345394283148	-122.621360878
5260.00000000	-0.0186198705432	-0.0290911221603	0.0345397302767	-122.621412015
5260.00000000	-0.0186199594337	-0.0290913008048	0.0345399286599	-122.621376456
5260.00000000	-0.0186199395918	-0.0290913833657	0.0345399875005	-122.621274904
5260.00000000	-0.0186198604520	-0.0290913963863	0.0345399558042	-122.621152690
5260.00000000	-0.0186197671214	-0.0290913760625	0.0345398883736	-122.621040467
5260.00000000	-0.0186196562835	-0.0290913134078	0.0345397758520	-122.620941637
5260.00000000	-0.0186195154880	-0.0290911821729	0.0345395894189	-122.620862279
5260.00000000	-0.0186193568631	-0.0290910020582	0.0345393522051	-122.620801719
5260.00000000	-0.0186192126929	-0.0290908158229	0.0345391176283	-122.620766827
5260.00000000	-0.0186190952666	-0.0290906197399	0.0345388891743	-122.620778109
5260.00000000	-0.0186189987028	-0.0290904069511	0.0345386578962	-122.620833479
5260.00000000	-0.0186189435505	-0.0290902321615	0.0345384809473	-122.620912729
5260.00000000	-0.0186189352047	-0.0290901321810	0.0345383922391	-122.620990478
5260.00000000	-0.0186189355525	-0.0290900646383	0.0345383355385	-122.621051366
5260.00000000	-0.0186189091369	-0.0290899942775	0.0345382620367	-122.621077380
5260.00000000	-0.0186188747147	-0.0290899475692	0.0345382041401	-122.621071055
5260.00000000	-0.0186188603767	-0.0290899595317	0.0345382064862	-122.621040324
5260.00000000	-0.0186188589212	-0.0290900094913	0.0345382477802	-122.620993612
5260.00000000	-0.0186188826370	-0.0290900755726	0.0345383162223	-122.620967653
5260.00000000	-0.0186189752744	-0.0290901753496	0.0345384501989	-122.621007859
5270.00000000	0.00170917814435	-0.00518714859387	0.00546148335748	-71.7628220429
5270.00000000	0.00170916303332	-0.00518715099612	0.00546148091006	-71.7629804951
5270.00000000	0.00170916019475	-0.00518716338180	0.00546149178529	-71.7630494418
5270.00000000	0.00170916144419	-0.00518717570483	0.00546150388035	-71.7630774499
5270.00000000	0.00170916137938	-0.00518717859221	0.00546150660242	-71.7630875752
5270.00000000	0.00170916442951	-0.00518717395555	0.00546150315318	-71.7630419616
5270.00000000	0.00170917582040	-0.00518716886956	0.00546150188743	-71.7629117662
5270.00000000	0.00170919169181	-0.00518716560577	0.00546150375456	-71.7627429099
5270.00000000	0.00170920737556	-0.00518716458079	0.00546150768936	-71.7625832739
5270.00000000	0.00170922184369	-0.00518717726827	0.00546152426740	-71.7624807709
5270.00000000	0.00170923041774	-0.00518721049537	0.00546155850872	-71.7625044307
5270.00000000	0.00170922801894	-0.00518724527026	0.00546159078607	-71.7626425019
5270.00000000	0.00170921710553	-0.00518725147700	0.00546159326565	-71.7627716173
5270.00000000	0.00170920057731	-0.00518721907342	0.00546155731720	-71.7628299166
5270.00000000	0.00170918208522	-0.00518716801017	0.00546150303178	-71.7628465228
5270.00000000	0.00170916450550	-0.00518712291669	0.00546145470179	-71.7628736380
5270.00000000	0.00170915562101	-0.00518709639503	0.00546142673192	-71.7628750884
5270.00000000	0.00170916205975	-0.00518708406744	0.00546141703857	-71.7627704591
5270.00000000	0.00170917831519	-0.00518707429894	0.00546141284796	-71.7625764174
5270.00000000	0.00170918794451	-0.00518706255894	0.00546140471125	-71.7624419253
5270.00000000	0.00170917996953	-0.00518704649945	0.00546138696265	-71.7624686611
5270.00000000	0.00170915717173	-0.00518702775264	0.00546136202282	-71.7626342702
5270.00000000	0.00170912725514	-0.00518701507724	0.00546134062166	-71.7628907475
5270.00000000	0.00170910204939	-0.00518701428442	0.00546133198057	-71.7631392996
5270.00000000	0.00170908937570	-0.00518702410746	0.00546133734405	-71.7632978335
5270.00000000	0.00170908642850	-0.00518703662264	0.00546134830831	-71.7633682890
5270.00000000	0.00170908818095	-0.00518704439262	0.00546135623644	-71.7633763370
5270.00000000	0.00170909660931	-0.00518704490312	0.00546135935889	-71.7632940313
5270.00000000	0.00170911372610	-0.00518704383147	0.00546136369768	-71.7631199585
5270.00000000	0.00170913525370	-0.00518704978344	0.00546137608771	-71.7629249959
5270.00000000	0.00170915586581	-0.00518706309008	0.00546139517652	-71.7627633031
5270.00000000	0.00170917682412	-0.00518708024006	0.00546141802401	-71.7626107804
5270.00000000	0.00170919414791	-0.00518709059005	0.00546143327567	-71.7624721473
5270.00000000	0.00170920253205	-0.00518708616017	0.00546143169221	-71.7623740635
5270.00000000	0.00170920679818	-0.00518707184652	0.00546141943270	-71.7622845605
5270.00000000	0.00170921566646	-0.00518706006990	0.00546141102310	-71.7621575308
5270.00000000	0.00170922727442	-0.00518706091565	0.00546141545922	-71.7620446460
5270.00000000	0.00170923392948	-0.00518707707847	0.00546143289290	-71.7620314026
5270.00000000	0.00170922898259	-0.00518710316613	0.00546145612186	-71.7621663464
5270.00000000	0.00170921441594	-0.00518713342930	0.00546148030602	-71.7624108484
5270.00000000	0.00170919982742	-0.00518716511211	0.00546150583175	-71.7626602270
5270.00000000	0.00170918715052	-0.00518719975772	0.00546153476983	-71.7629002834
5270.00000000	0.00170917862903	-0.00518723506513	0.00546156563696	-71.7631011063
5270.00000000	0.00170917642779	-0.00518726791025	0.00546159614344	-71.7632308700
5270.00000000	0.00170918056564	-0.00518729493876	0.00546162310926	-71.7632783758
5270.00000000	0.00170919325219	-0.00518731829195	0.00546164925964	-71.7632286391
5270.00000000	0.00170921374623	-0.00518733673467	0.00546167318952	-71.7630849914
5270.00000000	0.00170923851442	-0.00518734585708	0.00546168960489	-71.7628681606
5270.00000000	0.00170926845543	-0.00518734792836	0.00546170094226	-71.7625766427
5270.00000000	0.00170930345691	-0.00518734147293	0.00546170576510	-71.7622067121
5270.00000000	0.00170933418481	-0.00518732387847	0.00546169867125	-71.7618427905
5270.00000000	0.00170935404378	-0.00518729744972	0.00546167978546	-71.7615581550
5270.00000000	0.00170937079844	-0.00518727421841	0.00546166296503	-71.7613149455
5270.00000000	0.00170938945683	-0.00518726208812	0.00546165728383	-71.7610892152
5270.00000000	0.00170940291124	-0.00518725397110	0.00546165378559	-71.7609285111
5270.00000000	0.00170940715520	-0.00518724013861	0.00546164197636	-71.7608408092
5270.00000000	0.00170940612983	-0.00518721949977	0.00546162205352	-71.7607832601
5270.00000000	0.00170940313989	-0.00518719858407	0.00546160125286	-71.7607443755
5270.00000000	0.00170939245873	-0.00518718408912	0.00546158414312	-71.7608032053
5270.00000000	0.00170937284350	-0.00518718067404	0.00546157476038	-71.7609874311
5270.00000000	0.00170934987458	-0.00518718654702	0.00546157314950	-71.7612355686
5270.00000000	0.00170933009283	-0.00518719083651	0.00546157103227	-71.7614467514
5270.00000000	0.00170931570210	-0.00518718429426	0.00546156031479	-71.7615686558
5270.00000000	0.00170930896124	-0.00518716914540	0.00546154381727	-71.7615860815
5270.00000000	0.00170931113111	-0.00518715870058	0.00546153457628	-71.7615301678
5270.00000000	0.00170931618112	-0.00518716376980	0.00546154097135	-71.7614964948
5270.00000000	0.00170931669807	-0.00518717329544	0.00546155018023	-71.7615226198
5270.00000000	0.00170931102735	-0.00518716517638	0.00546154069428	-71.7615524638
5270.00000000	0.00170930104998	-0.00518713423638	0.00546150818599	-71.7615502898
5270.00000000	0.00170928696992	-0.00518709315271	0.00546146475960	-71.7615556889
5270.00000000	0.00170927355216	-0.00518706455687	0.00546143340097	-71.7615954915
5270.00000000	0.00170927085070	-0.00518706261579	0.00546143071193	-71.7616160354
5270.00000000	0.00170927813070	-0.00518707296042	0.00546144281530	-71.7615774632
5270.00000000	0.00170928495756	-0.00518707091781	0.00546144301193	-71.7615027343
5270.00000000	0.00170928632524	-0.00518705551023	0.00546142880644	-71.7614385177
5270.00000000	0.00170928254762	-0.00518704348663	0.00546141620459	-71.7614366792
5270.00000000	0.00170927642277	-0.00518704541030	0.00546141611470	-71.7615040232
5270.00000000	0.00170927572766	-0.00518706703549	0.00546143643594	-71.7615819531
5270.00000000	0.00170928755768	-0.00518711153029	0.00546148239790	-71.7616101728
5270.00000000	0.00170930668580	-0.00518717090591	0.00546154477719	-71.7616145337
5270.00000000	0.00170932709173	-0.00518722420960	0.00546160178951	-71.7615862272
5270.00000000	0.00170934668274	-0.00518725350941	0.00546163574881	-71.7614872296
5270.00000000	0.00170936308838	-0.00518725814814	0.00546164528904	-71.7613390015
5270.00000000	0.00170937274673	-0.00518725063706	0.00546164117816	-71.7612181090
5270.00000000	0.00170936962721	-0.00518723737112	0.00546162760235	-71.7612056341
5270.00000000	0.00170935414342	-0.00518720959794	0.00546159637840	-71.7612687196
5270.00000000	0.00170933366195	-0.00518715926301	0.00546154216203	-71.7613075231
5270.00000000	0.00170931595568	-0.00518709208668	0.00546147281894	-71.7612633786
5270.00000000	0.00170930360207	-0.00518702533618	0.00546140555556	-71.7611672975
5270.00000000	0.00170929277592	-0.00518697304762	0.00546135250561	-71.7611034803
5270.00000000	0.00170927727631	-0.00518694143400	0.00546131762920	-71.7611541160
5270.00000000	0.00170925376056	-0.00518693262622	0.00546130190403	-71.7613595098
5270.00000000	0.00170921941680	-0.00518694522626	0.00546130312242	-71.7617430888
5270.00000000	0.00170917953344	-0.00518696674992	0.00546131108273	-71.7622111647
5270.00000000	0.00170915158857	-0.00518698369125	0.00546131842745	-71.7625452366
5270.00000000	0.00170915022216	-0.00518699399357	0.00546132778464	-71.7625926773
5270.00000000	0.00170916898396	-0.00518699888055	0.00546133829776	-71.7624217767
5270.00000000	0.00170919061053	-0.00518699617675	0.00546134249803	-71.7621974090
5270.00000000	0.00170920775299	-0.00518699241910	0.00546134429410	-71.7620142615
5270.00000000	0.00170922475347	-0.00518700154979	0.00546135828667	-71.7618748463
5274.00000000	-0.00330456499327	0.000665193482840	0.00337085036220	168.618723190
5274.00000000	-0.00330455410587	0.000665192461819	0.00337083948741	168.618703685
5274.00000000	-0.00330456304013	0.000665189256185	0.00337084761340	168.618787069
5274.00000000	-0.00330458711731	0.000665183186000	0.00337087001927	168.618968976
5274.00000000	-0.00330461434605	0.000665171851326	0.00337089447594	168.619249173
5274.00000000	-0.00330463079410	0.000665154986179	0.00337090727267	168.619585363
5274.00000000	-0.00330462748929	0.000665138491444	0.00337090077810	168.619849131
5274.00000000	-0.00330460730366	0.000665130896520	0.00337087949072	168.619907986
5274.00000000	-0.00330458610724	0.000665138726478	0.00337086025602	168.619706424
5274.00000000	-0.00330457406966	0.000665159417163	0.00337085253788	168.619321277
5274.00000000	-0.00330456941807	0.000665181896475	0.00337085241359	168.618931098
5274.00000000	-0.00330456699720	0.000665194405131	0.00337085250873	168.618714544
5274.00000000	-0.00330456562605	0.000665190625228	0.00337085041863	168.618772930
5274.00000000	-0.00330456814147	0.000665174343017	0.00337084967155	168.619052681
5274.00000000	-0.00330457305549	0.000665151802249	0.00337085004103	168.619444764
5274.00000000	-0.00330457728372	0.000665129918954	0.00337084986808	168.619823592
5274.00000000	-0.00330457980233	0.000665116972779	0.00337084978269	168.620047765
5274.00000000	-0.00330458042775	0.000665118136685	0.00337085062547	168.620030468
5274.00000000	-0.00330458063880	0.000665135673919	0.00337085429276	168.619738948
5274.00000000	-0.00330458531708	0.000665167200931	0.00337086510010	168.619229299
5274.00000000	-0.00330459315188	0.000665201629321	0.00337087957470	168.618681895
5274.00000000	-0.00330459691489	0.000665229402870	0.00337088874458	168.618231726
5274.00000000	-0.00330459133287	0.000665245280381	0.00337088640573	168.617948436
5274.00000000	-0.00330457919356	0.000665249575284	0.00337087535277	168.617836149
5274.00000000	-0.00330456799160	0.000665244463922	0.00337086336238	168.617883744
5274.00000000	-0.00330456316724	0.000665236618125	0.00337085708454	168.617998296
5274.00000000	-0.00330456684880	0.000665231908501	0.00337085976426	168.618089122
5274.00000000	-0.00330457391350	0.000665230084077	0.00337086632997	168.618143220
5274.00000000	-0.00330457782580	0.000665231235274	0.00337087039252	168.618137161
5274.00000000	-0.00330457246016	0.000665235887407	0.00337086605049	168.618041644
5274.00000000	-0.00330455507745	0.000665242497861	0.00337085031422	168.617873184
5274.00000000	-0.00330453113051	0.000665247043069	0.00337082773526	168.617717116
5274.00000000	-0.00330451384777	0.000665250460426	0.00337081146688	168.617602196
5274.00000000	-0.00330450479673	0.000665258867903	0.00337080425314	168.617431737
5274.00000000	-0.00330449892476	0.000665276574826	0.00337080199133	168.617116982
5274.00000000	-0.00330449926852	0.000665295297843	0.00337080602364	168.616806148
5274.00000000	-0.00330451128671	0.000665303633561	0.00337081945064	168.616707567
5274.00000000	-0.00330453488743	0.000665298205528	0.00337084151578	168.616877190
5274.00000000	-0.00330457007861	0.000665286387503	0.00337087368227	168.617192171
5274.00000000	-0.00330461428036	0.000665278977074	0.00337091555208	168.617463928
5274.00000000	-0.00330465463682	0.000665278869432	0.00337095509355	168.617601097
5274.00000000	-0.00330468244751	0.000665281255591	0.00337098282818	168.617654626
5274.00000000	-0.00330470254622	0.000665279584491	0.00337100220180	168.617749890
5274.00000000	-0.00330472666852	0.000665270489470	0.00337102405476	168.617982347
5274.00000000	-0.00330475989198	0.000665258784766	0.00337105431495	168.618288812
5274.00000000	-0.00330479981860	0.000665246192244	0.00337109097138	168.618632546
5274.00000000	-0.00330483917414	0.000665228263630	0.00337112601510	168.619063267
5274.00000000	-0.00330487175875	0.000665205716656	0.00337115350989	168.619548221
5274.00000000	-0.00330489514085	0.000665187758012	0.00337117288868	168.619925857
5274.00000000	-0.00330490301064	0.000665187503735	0.00337118055358	168.619956485
5274.00000000	-0.00330489363433	0.000665203697088	0.00337117455687	168.619655234
5274.00000000	-0.00330487554484	0.000665223048820	0.00337116064161	168.619272135
5274.00000000	-0.00330485908052	0.000665234637879	0.00337114678790	168.619023824
5274.00000000	-0.00330485079104	0.000665238794572	0.00337113948167	168.618926764
5274.00000000	-0.00330484958376	0.000665237779075	0.00337113809773	168.618939635
5274.00000000	-0.00330484460283	0.000665228654306	0.00337113141413	168.619074965
5274.00000000	-0.00330482857371	0.000665210039271	0.00337111202691	168.619331367
5274.00000000	-0.00330480764852	0.000665188089693	0.00337108718196	168.619626913
5274.00000000	-0.00330479269436	0.000665173458598	0.00337106963481	168.619820546
5274.00000000	-0.00330478769764	0.000665173432743	0.00337106473122	168.619804220
5274.00000000	-0.00330478550829	0.000665187879080	0.00337106543548	168.619556170
5274.00000000	-0.00330477884988	0.000665206889492	0.00337106265922	168.619217084
5274.00000000	-0.00330477297996	0.000665217711419	0.00337105904023	168.619017080
5274.00000000	-0.00330477581540	0.000665215524120	0.00337106138828	168.619063035
5274.00000000	-0.00330478919294	0.000665208431419	0.00337107310318	168.619226081
5274.00000000	-0.00330480748748	0.000665206409187	0.00337109063896	168.619321133
5274.00000000	-0.00330481855511	0.000665208532551	0.00337110190798	168.619322872
5274.00000000	-0.00330481551956	0.000665207264634	0.00337109868192	168.619333817
5274.00000000	-0.00330480498563	0.000665202261452	0.00337108736785	168.619381852
5274.00000000	-0.00330479406260	0.000665199971976	0.00337107620782	168.619383366
5274.00000000	-0.00330478553730	0.000665206010818	0.00337106904177	168.619254153
5274.00000000	-0.00330478168470	0.000665212971885	0.00337106663854	168.619125246
5274.00000000	-0.00330478087620	0.000665213094936	0.00337106587022	168.619120484
5274.00000000	-0.00330477509428	0.000665206710043	0.00337105894206	168.619207478
5274.00000000	-0.00330476406956	0.000665195141691	0.00337104585137	168.619363257
5274.00000000	-0.00330475796000	0.000665176979690	0.00337103627813	168.619645388
5274.00000000	-0.00330475751230	0.000665154884993	0.00337103147955	168.620012035
5274.00000000	-0.00330475395140	0.000665135354332	0.00337102413502	168.620325521
5274.00000000	-0.00330474790619	0.000665127567698	0.00337101667228	168.620434992
5274.00000000	-0.00330474849417	0.000665136676270	0.00337101904590	168.620285193
5274.00000000	-0.00330475617791	0.000665158441353	0.00337103087312	168.619948303
5274.00000000	-0.00330476476515	0.000665183817420	0.00337104429872	168.619554278
5274.00000000	-0.00330477122411	0.000665205415889	0.00337105489262	168.619216062
5274.00000000	-0.00330477702557	0.000665220030381	0.00337106346389	168.618992010
5274.00000000	-0.00330477906356	0.000665228851314	0.00337106720247	168.618851870
5274.00000000	-0.00330476873374	0.000665232294710	0.00337105775528	168.618759849
5274.00000000	-0.00330474516870	0.000665231382507	0.00337103447362	168.618696011
5274.00000000	-0.00330471605054	0.000665227579526	0.00337100517757	168.618661713
5274.00000000	-0.00330469303125	0.000665221776053	0.00337098146570	168.618681205
5274.00000000	-0.00330468404161	0.000665212609536	0.00337097084395	168.618803790
5274.00000000	-0.00330468354842	0.000665197082023	0.00337096729636	168.619060865
5274.00000000	-0.00330468295544	0.000665182044765	0.00337096374775	168.619309437
5274.00000000	-0.00330467667699	0.000665176961349	0.00337095658966	168.619373082
5274.00000000	-0.00330466084779	0.000665182172659	0.00337094210003	168.619233157
5274.00000000	-0.00330463779754	0.000665195664508	0.00337092216538	168.618931034
5274.00000000	-0.00330461805450	0.000665213524164	0.00337090633492	168.618567220
5274.00000000	-0.00330461144859	0.000665227039580	0.00337090252608	168.618319856
5274.00000000	-0.00330462070565	0.000665231646012	0.00337091251015	168.618274150
5274.00000000	-0.00330464327389	0.000665226623288	0.00337093364337	168.618433543
5274.00000000	-0.00330467388367	0.000665213490193	0.00337096105954	168.618755046
