DevNumber	X [V]	Y [V]	R [V]	Theta [°]
4253.00000000	0.0173722552159	0.0270947666773	0.0321857364773	57.3333697567
4253.00000000	0.0173723402942	0.0270948900515	0.0321858862578	57.3333608029
4253.00000000	0.0173724075180	0.0270949864411	0.0321860036851	57.3333526775
4253.00000000	0.0173724114894	0.0270950125866	0.0321860278386	57.3333718476
4253.00000000	0.0173723277958	0.0270949450441	0.0321859258060	57.3334323716
4253.00000000	0.0173722219195	0.0270948267069	0.0321857690400	57.3334773330
4253.00000000	0.0173721814932	0.0270947285399	0.0321856645804	57.3334435927
4253.00000000	0.0173722146701	0.0270946833237	0.0321856444235	57.3333504283
4253.00000000	0.0173722747659	0.0270946781852	0.0321856725345	57.3332554323
4253.00000000	0.0173723220184	0.0270946694528	0.0321856906881	57.3331762299
4253.00000000	0.0173723267375	0.0270946196441	0.0321856513051	57.3331212993
4253.00000000	0.0173722774106	0.0270945238617	0.0321855440489	57.3331031872
4253.00000000	0.0173721915812	0.0270944089060	0.0321854009498	57.3331213545
4253.00000000	0.0173720929479	0.0270942966236	0.0321852531902	57.3331612785
4253.00000000	0.0173719951863	0.0270941888512	0.0321851096977	57.3332042303
4253.00000000	0.0173719140039	0.0270940826058	0.0321849764394	57.3332238036
4253.00000000	0.0173718665919	0.0270940009891	0.0321848821419	57.3332164331
4253.00000000	0.0173718656749	0.0270939933003	0.0321848751742	57.3332104195
4253.00000000	0.0173719154200	0.0270940916955	0.0321849848557	57.3332304155
4253.00000000	0.0173719887228	0.0270942542627	0.0321851612741	57.3332767680
4253.00000000	0.0173720381743	0.0270943957555	0.0321853070777	57.3333386143
4253.00000000	0.0173720503369	0.0270944664062	0.0321853731180	57.3333882723
4253.00000000	0.0173720579167	0.0270944701078	0.0321853803253	57.3333804698
4253.00000000	0.0173720843359	0.0270944361627	0.0321853660092	57.3333082617
4253.00000000	0.0173721232245	0.0270944030430	0.0321853591184	57.3332181601
4253.00000000	0.0173721620805	0.0270943821400	0.0321853624945	57.3331398458
4253.00000000	0.0173721955439	0.0270943557250	0.0321853583197	57.3330643165
4253.00000000	0.0173722100080	0.0270943100658	0.0321853276899	57.3329987684
4253.00000000	0.0173721888578	0.0270942589384	0.0321852732338	57.3329813376
4253.00000000	0.0173721356658	0.0270942359857	0.0321852252010	57.3330389966
4253.00000000	0.0173720727665	0.0270942592999	0.0321852108773	57.3331556595
4253.00000000	0.0173720119252	0.0270942988635	0.0321852113436	57.3332848518
4253.00000000	0.0173719604884	0.0270943153725	0.0321851974783	57.3333777982
4253.00000000	0.0173719422106	0.0270943166273	0.0321851886692	57.3334063952
4253.00000000	0.0173719542548	0.0270943308023	0.0321852071029	57.3334019659
4253.00000000	0.0173719674976	0.0270943766044	0.0321852528081	57.3334261292
4253.00000000	0.0173719932123	0.0270944723129	0.0321853472574	57.3334795548
4253.00000000	0.0173720687629	0.0270946282793	0.0321855193324	57.3335161946
4253.00000000	0.0173721920822	0.0270948154770	0.0321857434818	57.3335112566
4253.00000000	0.0173723164012	0.0270949796363	0.0321859487763	57.3334826846
4253.00000000	0.0173723911418	0.0270950775629	0.0321860715547	57.3334647711
4253.00000000	0.0173724006158	0.0270950898819	0.0321860870387	57.3334624103
4253.00000000	0.0173723690234	0.0270950358774	0.0321860245244	57.3334578645
4253.00000000	0.0173723431779	0.0270949686404	0.0321859539724	57.3334319925
4253.00000000	0.0173723506092	0.0270949346650	0.0321859293821	57.3333882113
4253.00000000	0.0173723672204	0.0270949294730	0.0321859339773	57.3333583296
4253.00000000	0.0173723558050	0.0270949118902	0.0321859130142	57.3333585422
4253.00000000	0.0173723182225	0.0270948558432	0.0321858455471	57.3333610104
4253.00000000	0.0173722844187	0.0270947793578	0.0321857629142	57.3333381778
4253.00000000	0.0173722580794	0.0270947104904	0.0321856907233	57.3333114788
4253.00000000	0.0173722152472	0.0270946531683	0.0321856193494	57.3333205889
4253.00000000	0.0173721530873	0.0270946119612	0.0321855511094	57.3333741474
4253.00000000	0.0173721017011	0.0270946095110	0.0321855213111	57.3334488001
4253.00000000	0.0173720962479	0.0270946496402	0.0321855521495	57.3334955301
4253.00000000	0.0173721512520	0.0270947090676	0.0321856318655	57.3334702019
4253.00000000	0.0173722698232	0.0270947835496	0.0321857585651	57.3333640781
4253.00000000	0.0173724499628	0.0270948767228	0.0321859342311	57.3331836496
4253.00000000	0.0173726674386	0.0270949792629	0.0321861379353	57.3329562725
4253.00000000	0.0173728700415	0.0270950734450	0.0321863265762	57.3327431555
4253.00000000	0.0173730091779	0.0270951366191	0.0321864548577	57.3325953540
4253.00000000	0.0173730730251	0.0270951469148	0.0321864979871	57.3325095692
4253.00000000	0.0173730708983	0.0270950945256	0.0321864527369	57.3324624185
4253.00000000	0.0173730109031	0.0270949801833	0.0321863240985	57.3324424582
4253.00000000	0.0173729244710	0.0270948363395	0.0321861563555	57.3324337682
4253.00000000	0.0173728519747	0.0270947251237	0.0321860236013	57.3324355453
4253.00000000	0.0173727891169	0.0270946617675	0.0321859363386	57.3324688650
4253.00000000	0.0173726876564	0.0270946063859	0.0321858349529	57.3325676961
4253.00000000	0.0173725228481	0.0270945310270	0.0321856825573	57.3327422635
4253.00000000	0.0173723328283	0.0270944528219	0.0321855141580	57.3329518797
4253.00000000	0.0173721805607	0.0270943948528	0.0321853831711	57.3331243665
4253.00000000	0.0173721017555	0.0270943597763	0.0321853111075	57.3332087604
4253.00000000	0.0173720871471	0.0270943257123	0.0321852745468	57.3331979218
4253.00000000	0.0173721097465	0.0270942576544	0.0321852294522	57.3330986601
4253.00000000	0.0173721603863	0.0270941667773	0.0321851802829	57.3329354503
4253.00000000	0.0173722339631	0.0270941120897	0.0321851739594	57.3327726403
4253.00000000	0.0173723200583	0.0270941351298	0.0321852398257	57.3326657568
4253.00000000	0.0173724152338	0.0270942423048	0.0321853814196	57.3326261092
4253.00000000	0.0173725177372	0.0270943967093	0.0321855667275	57.3326208618
4253.00000000	0.0173725989848	0.0270945230312	0.0321857169219	57.3326204843
4253.00000000	0.0173726190194	0.0270945618867	0.0321857604451	57.3326277958
4253.00000000	0.0173725761539	0.0270945117955	0.0321856951402	57.3326439020
4253.00000000	0.0173725136608	0.0270944217853	0.0321855856366	57.3326510652
4253.00000000	0.0173724705367	0.0270943546153	0.0321855058150	57.3326511488
4253.00000000	0.0173724512273	0.0270943488215	0.0321854905152	57.3326745184
4253.00000000	0.0173724444268	0.0270943992438	0.0321855292911	57.3327331587
4253.00000000	0.0173724470407	0.0270944735984	0.0321855932951	57.3328006861
4253.00000000	0.0173724625134	0.0270945478667	0.0321856641671	57.3328488604
4253.00000000	0.0173725003136	0.0270946136414	0.0321857399406	57.3328554139
4253.00000000	0.0173725574976	0.0270946559942	0.0321858064595	57.3328104143
4253.00000000	0.0173725904010	0.0270946326838	0.0321858045963	57.3327387085
4253.00000000	0.0173725677928	0.0270945312256	0.0321857069839	57.3326751015
4253.00000000	0.0173725239712	0.0270944126468	0.0321855835088	57.3326268334
4253.00000000	0.0173725009738	0.0270943488082	0.0321855173553	57.3325999564
4253.00000000	0.0173724976221	0.0270943395597	0.0321855077606	57.3325960927
4253.00000000	0.0173724995152	0.0270943359494	0.0321855057432	57.3325897867
4253.00000000	0.0173725059778	0.0270943062393	0.0321854842209	57.3325515544
4253.00000000	0.0173725359300	0.0270942636452	0.0321854645317	57.3324657410
4253.00000000	0.0173725997277	0.0270942363471	0.0321854759873	57.3323439050
4253.00000000	0.0173726809198	0.0270942194790	0.0321855056123	57.3322060243
4253.00000000	0.0173727383373	0.0270941867254	0.0321855090319	57.3320885075
5260.00000000	0.0201108074542	0.0261281985650	0.0329716141053	52.4146134976
5260.00000000	0.0201108455504	0.0261282464064	0.0329716752536	52.4146117450
5260.00000000	0.0201108662363	0.0261282963237	0.0329717274275	52.4146361674
5260.00000000	0.0201108282985	0.0261283173559	0.0329717209545	52.4147107020
5260.00000000	0.0201107252554	0.0261282868257	0.0329716339107	52.4148202390
5260.00000000	0.0201106245276	0.0261282194828	0.0329715191071	52.4148875697
5260.00000000	0.0201105860476	0.0261281362112	0.0329714296482	52.4148522985
5260.00000000	0.0201105915376	0.0261280463840	0.0329713618135	52.4147495289
5260.00000000	0.0201106000677	0.0261279691493	0.0329713058120	52.4146559194
5260.00000000	0.0201106038057	0.0261279269139	0.0329712746227	52.4146060054
5260.00000000	0.0201106167836	0.0261279331851	0.0329712875082	52.4145947810
5260.00000000	0.0201106432177	0.0261279736569	0.0329713357031	52.4146012766
5260.00000000	0.0201106678334	0.0261280037350	0.0329713745525	52.4145992597
5260.00000000	0.0201106643312	0.0261279777734	0.0329713518432	52.4145765652
5260.00000000	0.0201106078838	0.0261278830345	0.0329712423381	52.4145538807
5260.00000000	0.0201104985958	0.0261277410276	0.0329710631460	52.4145538605
5260.00000000	0.0201103637327	0.0261275860771	0.0329708580974	52.4145753401
5260.00000000	0.0201102439637	0.0261274668304	0.0329706905486	52.4146138781
5260.00000000	0.0201101796016	0.0261274361209	0.0329706269558	52.4146699605
5260.00000000	0.0201101752905	0.0261274966743	0.0329706723116	52.4147400806
5260.00000000	0.0201101942061	0.0261275869674	0.0329707554015	52.4148097375
5260.00000000	0.0201102086503	0.0261276432523	0.0329708088145	52.4148495049
5260.00000000	0.0201102174117	0.0261276403015	0.0329708118200	52.4148343120
5260.00000000	0.0201102130208	0.0261275855804	0.0329707657782	52.4147823577
5260.00000000	0.0201101922999	0.0261275254318	0.0329707054752	52.4147471383
5260.00000000	0.0201101782920	0.0261275005536	0.0329706772165	52.4147400591
5260.00000000	0.0201101870706	0.0261274965467	0.0329706793957	52.4147237230
5260.00000000	0.0201102071273	0.0261274802972	0.0329706787522	52.4146788795
5260.00000000	0.0201102154831	0.0261274430959	0.0329706543688	52.4146279413
5260.00000000	0.0201102071108	0.0261273994857	0.0329706147035	52.4145932462
5260.00000000	0.0201101875234	0.0261273640620	0.0329705746849	52.4145826726
5260.00000000	0.0201101433499	0.0261273275087	0.0329705187751	52.4146047594
5260.00000000	0.0201100638492	0.0261272736372	0.0329704275940	52.4146571387
5260.00000000	0.0201099787012	0.0261272245524	0.0329703367616	52.4147223692
5260.00000000	0.0201099071360	0.0261272144599	0.0329702851133	52.4148102250
5260.00000000	0.0201098513594	0.0261272629227	0.0329702894972	52.4149384042
5260.00000000	0.0201098511968	0.0261273980061	0.0329703964448	52.4150818094
5260.00000000	0.0201099569803	0.0261276302238	0.0329706449870	52.4151822705
5260.00000000	0.0201101607824	0.0261279092417	0.0329709904012	52.4151973536
5260.00000000	0.0201103849291	0.0261281447788	0.0329713137679	52.4151383344
5260.00000000	0.0201105347805	0.0261282667749	0.0329715018436	52.4150612830
5260.00000000	0.0201105844066	0.0261282747469	0.0329715384298	52.4150013941
5260.00000000	0.0201105781636	0.0261282322907	0.0329715009776	52.4149649914
5260.00000000	0.0201105745507	0.0261281977084	0.0329714713692	52.4149333123
5260.00000000	0.0201105893755	0.0261281778948	0.0329714647101	52.4148918969
5260.00000000	0.0201105845010	0.0261281382959	0.0329714303569	52.4148566379
5260.00000000	0.0201105265918	0.0261280504973	0.0329713254600	52.4148433236
5260.00000000	0.0201104323207	0.0261279257910	0.0329711691371	52.4148409629
5260.00000000	0.0201103427265	0.0261278131149	0.0329710252001	52.4148449129
5260.00000000	0.0201102842459	0.0261277567770	0.0329709448856	52.4148657316
5260.00000000	0.0201102598225	0.0261277646672	0.0329709362414	52.4149077279
5260.00000000	0.0201102573605	0.0261278112297	0.0329709716380	52.4149604713
5260.00000000	0.0201102737723	0.0261278804266	0.0329710364833	52.4150112145
5260.00000000	0.0201103164411	0.0261279584675	0.0329711243521	52.4150351732
5260.00000000	0.0201103816368	0.0261280113026	0.0329712059866	52.4150013944
5260.00000000	0.0201104606672	0.0261280233220	0.0329712637150	52.4149053030
5260.00000000	0.0201105621928	0.0261280305359	0.0329713313562	52.4147731409
5260.00000000	0.0201106883745	0.0261280889193	0.0329714545853	52.4146612620
5260.00000000	0.0201108061187	0.0261282075876	0.0329716204407	52.4146248999
5260.00000000	0.0201108812965	0.0261283342253	0.0329717666483	52.4146556010
5260.00000000	0.0201109199325	0.0261284078533	0.0329718485603	52.4146804364
5260.00000000	0.0201109333619	0.0261283995933	0.0329718502058	52.4146531886
5260.00000000	0.0201109048010	0.0261283093224	0.0329717612505	52.4145968393
5260.00000000	0.0201108364355	0.0261281735741	0.0329716119784	52.4145471005
5260.00000000	0.0201107643098	0.0261280598793	0.0329714778889	52.4145259143
5260.00000000	0.0201106951152	0.0261280023690	0.0329713901103	52.4145602430
5260.00000000	0.0201105902195	0.0261279801365	0.0329713085119	52.4146811266
5260.00000000	0.0201104338192	0.0261279621077	0.0329711988302	52.4148773924
5260.00000000	0.0201102781231	0.0261279480992	0.0329710927641	52.4150769508
5260.00000000	0.0201101789615	0.0261279479641	0.0329710321749	52.4152133620
5260.00000000	0.0201101389428	0.0261279521227	0.0329710110616	52.4152728792
5260.00000000	0.0201101313291	0.0261279412302	0.0329709977860	52.4152718188
5260.00000000	0.0201101401762	0.0261278991037	0.0329709697989	52.4152149847
5260.00000000	0.0201101660462	0.0261278319947	0.0329709323973	52.4151082289
5260.00000000	0.0201102120370	0.0261277695883	0.0329709109949	52.4149787490
5260.00000000	0.0201102775616	0.0261277420899	0.0329709291698	52.4148593692
5260.00000000	0.0201103636246	0.0261277710931	0.0329710046466	52.4147715943
5260.00000000	0.0201104597374	0.0261278447849	0.0329711216666	52.4147173474
5260.00000000	0.0201105131191	0.0261278948852	0.0329711939281	52.4146969394
5260.00000000	0.0201104717736	0.0261278591706	0.0329711404079	52.4147160204
5260.00000000	0.0201103476462	0.0261277440841	0.0329709734975	52.4147649703
5260.00000000	0.0201102124115	0.0261276187140	0.0329707916632	52.4148183163
5260.00000000	0.0201101384890	0.0261275557355	0.0329706966678	52.4148533613
5260.00000000	0.0201101449519	0.0261275839004	0.0329707229290	52.4148743145
5260.00000000	0.0201102060827	0.0261276800283	0.0329708363914	52.4148920209
5260.00000000	0.0201102928801	0.0261277964491	0.0329709815900	52.4148958912
5260.00000000	0.0201103774345	0.0261278963292	0.0329711123128	52.4148853183
5260.00000000	0.0201104459297	0.0261279693977	0.0329712119937	52.4148684421
5260.00000000	0.0201105025315	0.0261280178758	0.0329712849338	52.4148418802
5260.00000000	0.0201105293200	0.0261280144705	0.0329712985747	52.4148013811
5260.00000000	0.0201105095951	0.0261279423003	0.0329712293526	52.4147520487
5260.00000000	0.0201104744967	0.0261278480415	0.0329711332496	52.4147004744
5260.00000000	0.0201104530159	0.0261277800943	0.0329710663031	52.4146580359
5260.00000000	0.0201104377949	0.0261277377688	0.0329710234784	52.4146341341
5260.00000000	0.0201104157785	0.0261276994876	0.0329709797140	52.4146238769
5260.00000000	0.0201103755385	0.0261276511324	0.0329709168510	52.4146280373
5260.00000000	0.0201103243319	0.0261275964064	0.0329708422505	52.4146405469
5260.00000000	0.0201102865326	0.0261275554060	0.0329707867046	52.4146491420
5260.00000000	0.0201102845776	0.0261275494799	0.0329707808160	52.4146455528
5260.00000000	0.0201103116794	0.0261275844310	0.0329708250434	52.4146452773
5270.00000000	-0.000737681141756	-0.0105784926275	0.0106041821815	-93.9890091916
5270.00000000	-0.000737690271499	-0.0105785124222	0.0106042025633	-93.9890509610
5270.00000000	-0.000737684988996	-0.0105785387161	0.0106042284260	-93.9890126051
5270.00000000	-0.000737664633618	-0.0105785491050	0.0106042373738	-93.9888989845
5270.00000000	-0.000737630290053	-0.0105785327193	0.0106042186388	-93.9887200306
5270.00000000	-0.000737593320993	-0.0105785011755	0.0106041845998	-93.9885326213
5270.00000000	-0.000737574233442	-0.0105784790660	0.0106041612162	-93.9884380477
5270.00000000	-0.000737584269580	-0.0105784827471	0.0106041655865	-93.9884907595
5270.00000000	-0.000737612347238	-0.0105785099031	0.0106041946298	-93.9886318934
5270.00000000	-0.000737639984182	-0.0105785414185	0.0106042279912	-93.9887690126
5270.00000000	-0.000737660791296	-0.0105785609076	0.0106042488804	-93.9888738383
5270.00000000	-0.000737681598344	-0.0105785638655	0.0106042532787	-93.9889848766
5270.00000000	-0.000737707139582	-0.0105785522491	0.0106042434671	-93.9891269104
5270.00000000	-0.000737731882621	-0.0105785190792	0.0106042120989	-93.9892727438
5270.00000000	-0.000737745579826	-0.0105784613658	0.0106041554783	-93.9893682667
5270.00000000	-0.000737747857660	-0.0105783931829	0.0106040876191	-93.9894061748
5270.00000000	-0.000737747262332	-0.0105783348161	0.0106040293523	-93.9894249067
5270.00000000	-0.000737745616132	-0.0105783041767	0.0106039986727	-93.9894275512
5270.00000000	-0.000737744868992	-0.0105783072854	0.0106040017218	-93.9894223555
5270.00000000	-0.000737752748551	-0.0105783318096	0.0106040267348	-93.9894556082
5270.00000000	-0.000737770326645	-0.0105783573577	0.0106040534439	-93.9895407520
5270.00000000	-0.000737791580336	-0.0105783707222	0.0106040682548	-93.9896502874
5270.00000000	-0.000737814021117	-0.0105783714749	0.0106040705671	-93.9897709624
5270.00000000	-0.000737837022655	-0.0105783623048	0.0106040630196	-93.9898983903
5270.00000000	-0.000737858080955	-0.0105783465607	0.0106040487790	-93.9900178158
5270.00000000	-0.000737876910081	-0.0105783320664	0.0106040356300	-93.9901247563
5270.00000000	-0.000737890640358	-0.0105783252525	0.0106040297880	-93.9902013259
5270.00000000	-0.000737895652222	-0.0105783207904	0.0106040256855	-93.9902300181
5270.00000000	-0.000737897302314	-0.0105783115754	0.0106040166077	-93.9902423770
5270.00000000	-0.000737909569115	-0.0105783023841	0.0106040082922	-93.9903119525
5270.00000000	-0.000737941275663	-0.0105782989312	0.0106040070541	-93.9904841529
5270.00000000	-0.000737988238633	-0.0105782979881	0.0106040093816	-93.9907376435
5270.00000000	-0.000738040277906	-0.0105782938321	0.0106040088575	-93.9910197041
5270.00000000	-0.000738088421222	-0.0105782905274	0.0106040089117	-93.9912804449
5270.00000000	-0.000738123379616	-0.0105782914534	0.0106040122688	-93.9914685264
5270.00000000	-0.000738140975705	-0.0105782939516	0.0106040159857	-93.9915624316
5270.00000000	-0.000738150487488	-0.0105783112794	0.0106040339337	-93.9916071838
5270.00000000	-0.000738166016628	-0.0105783621798	0.0106040857916	-93.9916717425
5270.00000000	-0.000738192272980	-0.0105784388806	0.0106041641340	-93.9917844164
5270.00000000	-0.000738223911836	-0.0105785132352	0.0106042405108	-93.9919269827
5270.00000000	-0.000738253580899	-0.0105785608214	0.0106042900470	-93.9920689989
5270.00000000	-0.000738278846599	-0.0105785752191	0.0106043061688	-93.9921997642
5270.00000000	-0.000738301969860	-0.0105785611908	0.0106042937844	-93.9923296747
5270.00000000	-0.000738332306716	-0.0105785289976	0.0106042637815	-93.9925053001
5270.00000000	-0.000738372462388	-0.0105784910032	0.0106042286753	-93.9927360323
5270.00000000	-0.000738409475792	-0.0105784527238	0.0106041930661	-93.9929499364
5270.00000000	-0.000738431573872	-0.0105784091820	0.0106041511689	-93.9930854279
5270.00000000	-0.000738439932876	-0.0105783592728	0.0106041019629	-93.9931492620
5270.00000000	-0.000738440618202	-0.0105783192012	0.0106040620362	-93.9931680335
5270.00000000	-0.000738436885094	-0.0105783028065	0.0106040454214	-93.9931540805
5270.00000000	-0.000738429725672	-0.0105783066774	0.0106040487844	-93.9931140341
5270.00000000	-0.000738419502730	-0.0105783289513	0.0106040702923	-93.9930505510
5270.00000000	-0.000738407465658	-0.0105783732674	0.0106041136626	-93.9929689966
5270.00000000	-0.000738404409436	-0.0105784292369	0.0106041692835	-93.9929314653
5270.00000000	-0.000738426723851	-0.0105784745712	0.0106042160616	-93.9930346835
5270.00000000	-0.000738482409560	-0.0105785039320	0.0106042492288	-93.9933237816
5270.00000000	-0.000738564945555	-0.0105785350069	0.0106042859765	-93.9937569546
5270.00000000	-0.000738657687825	-0.0105785865550	0.0106043438590	-93.9942374307
5270.00000000	-0.000738745553979	-0.0105786599451	0.0106044231916	-93.9946833985
5270.00000000	-0.000738823808689	-0.0105787426234	0.0106045111208	-93.9950740592
5270.00000000	-0.000738897057340	-0.0105788115904	0.0106045850238	-93.9954428935
5270.00000000	-0.000738972640201	-0.0105788432425	0.0106046218656	-93.9958383524
5270.00000000	-0.000739055317481	-0.0105788267789	0.0106046112036	-93.9962901631
5270.00000000	-0.000739148012255	-0.0105787770507	0.0106045680568	-93.9968084938
5270.00000000	-0.000739247546751	-0.0105787222030	0.0106045202807	-93.9973656218
5270.00000000	-0.000739341746780	-0.0105786723927	0.0106044771587	-93.9978921053
5270.00000000	-0.000739415194850	-0.0105786182864	0.0106044283051	-93.9983083616
5270.00000000	-0.000739463087065	-0.0105785515590	0.0106043650797	-93.9985916339
5270.00000000	-0.000739497195398	-0.0105784765990	0.0106042926806	-93.9988037176
5270.00000000	-0.000739534393396	-0.0105784079697	0.0106042268126	-93.9990300719
5270.00000000	-0.000739582527010	-0.0105783565446	0.0106041788696	-93.9993088886
5270.00000000	-0.000739642857015	-0.0105783210993	0.0106041477185	-93.9996474239
5270.00000000	-0.000739717715990	-0.0105782915621	0.0106041234750	-94.0000620456
5270.00000000	-0.000739800400017	-0.0105782628603	0.0106041006113	-94.0005185313
5270.00000000	-0.000739871469552	-0.0105782455607	0.0106040883123	-94.0009081182
5270.00000000	-0.000739916035311	-0.0105782563409	0.0106041021757	-94.0011442638
5270.00000000	-0.000739933612990	-0.0105783051771	0.0106041521194	-94.0012205952
5270.00000000	-0.000739938488877	-0.0105783811085	0.0106042282060	-94.0012182486
5270.00000000	-0.000739951007911	-0.0105784498081	0.0106042976117	-94.0012598242
5270.00000000	-0.000739980879710	-0.0105784822254	0.0106043320344	-94.0014086079
5270.00000000	-0.000740023894842	-0.0105784775595	0.0106043303816	-94.0016422137
5270.00000000	-0.000740077037493	-0.0105784550659	0.0106043116515	-94.0019371281
5270.00000000	-0.000740139301405	-0.0105784308017	0.0106042917921	-94.0022818740
5270.00000000	-0.000740205526285	-0.0105784060839	0.0106042717570	-94.0026481415
5270.00000000	-0.000740278887605	-0.0105783776210	0.0106042484846	-94.0030542877
5270.00000000	-0.000740377550229	-0.0105783450826	0.0106042229137	-94.0035983453
5270.00000000	-0.000740517832698	-0.0105783162180	0.0106042039149	-94.0043653474
5270.00000000	-0.000740700483013	-0.0105783001329	0.0106042006255	-94.0053558891
5270.00000000	-0.000740908980829	-0.0105782936337	0.0106042087078	-94.0064821284
5270.00000000	-0.000741117892859	-0.0105782754884	0.0106042052055	-94.0076149964
5270.00000000	-0.000741307546916	-0.0105782303123	0.0106041733963	-94.0086542766
5270.00000000	-0.000741467893098	-0.0105781702316	0.0106041246732	-94.0095412267
5270.00000000	-0.000741596051700	-0.0105781130899	0.0106040766333	-94.0102535848
5270.00000000	-0.000741703122967	-0.0105780665015	0.0106040376477	-94.0108483007
5270.00000000	-0.000741805847029	-0.0105780332937	0.0106040117067	-94.0114145320
5270.00000000	-0.000741906101517	-0.0105780139099	0.0106039993843	-94.0119622290
5270.00000000	-0.000741993623562	-0.0105780095883	0.0106040011971	-94.0124356050
5270.00000000	-0.000742055815384	-0.0105780169980	0.0106040129406	-94.0127680157
5270.00000000	-0.000742092732590	-0.0105780272120	0.0106040257130	-94.0129631361
5270.00000000	-0.000742116715930	-0.0105780357202	0.0106040358788	-94.0130891881
5274.00000000	0.00470908463685	0.00879148884497	0.00997325193848	61.8246586328
5274.00000000	0.00470910923419	0.00879150366592	0.00997327661741	61.8245742703
5274.00000000	0.00470912286631	0.00879152015223	0.00997329758692	61.8245499554
5274.00000000	0.00470911622202	0.00879152881730	0.00997330208797	61.8246071081
5274.00000000	0.00470909187103	0.00879151900229	0.00997328193813	61.8247038020
5274.00000000	0.00470906922367	0.00879149372053	0.00997324895867	61.8247499138
5274.00000000	0.00470906538812	0.00879146608050	0.00997322278274	61.8246943616
5274.00000000	0.00470907643720	0.00879144399382	0.00997320853025	61.8245784940
5274.00000000	0.00470909249181	0.00879142341968	0.00997319797460	61.8244413799
5274.00000000	0.00470910527800	0.00879139529728	0.00997317922191	61.8243003418
5274.00000000	0.00470910769696	0.00879136382650	0.00997315262249	61.8242027222
5274.00000000	0.00470909672967	0.00879134008443	0.00997312651526	61.8241938588
5274.00000000	0.00470907433922	0.00879132213947	0.00997310012445	61.8242585709
5274.00000000	0.00470904487850	0.00879130031701	0.00997306697719	61.8243485709
5274.00000000	0.00470901712243	0.00879126699243	0.00997302449569	61.8243987370
5274.00000000	0.00470900269731	0.00879122502465	0.00997298068971	61.8243579448
5274.00000000	0.00470900468198	0.00879119341862	0.00997295376599	61.8242621559
5274.00000000	0.00470901866235	0.00879119434603	0.00997296118473	61.8241938704
5274.00000000	0.00470904159018	0.00879123142761	0.00997300469828	61.8241783482
5274.00000000	0.00470906830539	0.00879127951988	0.00997305970610	61.8241735144
5274.00000000	0.00470908138295	0.00879130595117	0.00997308918030	61.8241789860
5274.00000000	0.00470907157400	0.00879130056385	0.00997307979979	61.8242140470
5274.00000000	0.00470905096692	0.00879127416967	0.00997304680302	61.8242468079
5274.00000000	0.00470903540892	0.00879123785983	0.00997300744964	61.8242271007
5274.00000000	0.00470903201357	0.00879119884822	0.00997297145759	61.8241384686
5274.00000000	0.00470904251875	0.00879116164022	0.00997294361901	61.8239843316
5274.00000000	0.00470906391009	0.00879112661421	0.00997292284420	61.8237809818
5274.00000000	0.00470909008903	0.00879109547059	0.00997290775249	61.8235639173
5274.00000000	0.00470911541857	0.00879107536908	0.00997290199342	61.8233811088
5274.00000000	0.00470913474802	0.00879107212063	0.00997290825713	61.8232744058
5274.00000000	0.00470914703393	0.00879108379707	0.00997292435118	61.8232438622
5274.00000000	0.00470915653150	0.00879110104181	0.00997294403702	61.8232425454
5274.00000000	0.00470916982560	0.00879111715037	0.00997296451402	61.8232189195
5274.00000000	0.00470919559811	0.00879113521769	0.00997299260989	61.8231374135
5274.00000000	0.00470922687975	0.00879115811450	0.00997302756434	61.8230411098
5274.00000000	0.00470924502695	0.00879118330056	0.00997305833473	61.8230175329
5274.00000000	0.00470925191102	0.00879121248811	0.00997308731399	61.8230618501
5274.00000000	0.00470926527746	0.00879125283560	0.00997312919163	61.8231036135
5274.00000000	0.00470929138283	0.00879130121115	0.00997318416122	61.8231026425
5274.00000000	0.00470932529001	0.00879134031099	0.00997323463831	61.8230369994
5274.00000000	0.00470935946341	0.00879135411083	0.00997326293936	61.8229013764
5274.00000000	0.00470939497795	0.00879133770767	0.00997326525009	61.8226770289
5274.00000000	0.00470943709861	0.00879129679189	0.00997324907284	61.8223527298
5274.00000000	0.00470948133270	0.00879124176228	0.00997322145276	61.8219794384
5274.00000000	0.00470951608651	0.00879118716157	0.00997318973443	61.8216553175
5274.00000000	0.00470953516289	0.00879114215673	0.00997315907174	61.8214366195
5274.00000000	0.00470954012088	0.00879109979908	0.00997312407562	61.8212965988
5274.00000000	0.00470954399481	0.00879104961386	0.00997308166779	61.8211408311
5274.00000000	0.00470956182100	0.00879099605011	0.00997304287061	61.8209052399
5274.00000000	0.00470959324332	0.00879095096993	0.00997301797217	61.8206238104
5274.00000000	0.00470962609202	0.00879092259868	0.00997300847602	61.8203804882
5274.00000000	0.00470965029572	0.00879091812403	0.00997301596165	61.8202457777
5274.00000000	0.00470966329506	0.00879094426019	0.00997304513870	61.8202508563
5274.00000000	0.00470966993856	0.00879099156974	0.00997308997801	61.8203455654
5274.00000000	0.00470967838644	0.00879104010807	0.00997313675257	61.8204344699
5274.00000000	0.00470969458497	0.00879108346053	0.00997318261608	61.8204700546
5274.00000000	0.00470972443613	0.00879112951360	0.00997323730738	61.8204438286
5274.00000000	0.00470976689831	0.00879118103799	0.00997330277687	61.8203685843
5274.00000000	0.00470981202208	0.00879123149360	0.00997336856119	61.8202769634
5274.00000000	0.00470985364592	0.00879126873446	0.00997342104433	61.8201672161
5274.00000000	0.00470989475528	0.00879127969503	0.00997345011930	61.8199887780
5274.00000000	0.00470993718753	0.00879125637575	0.00997344960255	61.8197106417
5274.00000000	0.00470997748047	0.00879119627681	0.00997341565583	61.8193435548
5274.00000000	0.00471001989321	0.00879110283528	0.00997335332047	61.8188752701
5274.00000000	0.00471007910003	0.00879099670602	0.00997328773343	61.8182875124
5274.00000000	0.00471016236958	0.00879090270447	0.00997324420173	61.8176108013
5274.00000000	0.00471025876004	0.00879082909058	0.00997322483885	61.8169229595
5274.00000000	0.00471034911722	0.00879077109056	0.00997321639055	61.8163080325
5274.00000000	0.00471042336381	0.00879071829966	0.00997320492571	61.8157888198
5274.00000000	0.00471048541842	0.00879066294295	0.00997318544165	61.8153243815
5274.00000000	0.00471054604201	0.00879060229973	0.00997316062268	61.8148528427
5274.00000000	0.00471061364348	0.00879053538942	0.00997313357630	61.8143289613
5274.00000000	0.00471069154649	0.00879046123713	0.00997310501337	61.8137332605
5274.00000000	0.00471077329339	0.00879038560319	0.00997307696123	61.8131140711
5274.00000000	0.00471084831276	0.00879032626493	0.00997306009557	61.8125731666
5274.00000000	0.00471091342136	0.00879030431970	0.00997307150764	61.8121839213
5274.00000000	0.00471097190252	0.00879032555122	0.00997311784563	61.8119454080
5274.00000000	0.00471102296075	0.00879037432781	0.00997318495566	61.8118192345
5274.00000000	0.00471105525190	0.00879042172766	0.00997324198726	61.8117843556
5274.00000000	0.00471105687468	0.00879044274655	0.00997326127989	61.8118331782
5274.00000000	0.00471103074445	0.00879042687292	0.00997323494576	61.8119224146
5274.00000000	0.00471099900214	0.00879038407855	0.00997318223270	61.8119670132
5274.00000000	0.00471098725120	0.00879033238878	0.00997313112248	61.8118862428
5274.00000000	0.00471100586455	0.00879028343218	0.00997309676449	61.8116591338
5274.00000000	0.00471105097882	0.00879024052084	0.00997308025332	61.8113142370
5274.00000000	0.00471111817904	0.00879020224070	0.00997307825745	61.8108700722
5274.00000000	0.00471120820329	0.00879016503848	0.00997308799412	61.8103132602
5274.00000000	0.00471132228043	0.00879012782708	0.00997310908627	61.8096346310
5274.00000000	0.00471145006802	0.00879008617588	0.00997313274367	61.8088745317
5274.00000000	0.00471157285564	0.00879002323726	0.00997313527862	61.8080819772
5274.00000000	0.00471169207651	0.00878993229879	0.00997311145236	61.8072314868
5274.00000000	0.00471183371996	0.00878983341547	0.00997309121970	61.8062458929
5274.00000000	0.00471200949522	0.00878974229204	0.00997309395541	61.8051085362
5274.00000000	0.00471220464304	0.00878964959252	0.00997310445936	61.8038688128
5274.00000000	0.00471240188094	0.00878954514107	0.00997310559827	61.8025866077
5274.00000000	0.00471258919498	0.00878943472273	0.00997309679416	61.8013384509
5274.00000000	0.00471275720853	0.00878933303148	0.00997308656560	61.8002117053
5274.00000000	0.00471289771424	0.00878925065680	0.00997308036531	61.7992766744
5274.00000000	0.00471300546188	0.00878918722062	0.00997307537738	61.7985589156
5274.00000000	0.00471307912628	0.00878913703976	0.00997306596560	61.7980497091
