DevNumber	X [V]	Y [V]	R [V]	Theta [°]
4253.00000000	0.00519058908703	-0.00310316001007	0.00604746369303	-30.8728188773
4253.00000000	0.00519059693061	-0.00310318091161	0.00604748115055	-30.8729507140
4253.00000000	0.00519062242156	-0.00310320446814	0.00604751511733	-30.8730183452
4253.00000000	0.00519066455307	-0.00310322989624	0.00604756432718	-30.8730202956
4253.00000000	0.00519071003843	-0.00310325206683	0.00604761474412	-30.8729794521
4253.00000000	0.00519074351274	-0.00310325926396	0.00604764716847	-30.8728752418
4253.00000000	0.00519076663379	-0.00310325184358	0.00604766320582	-30.8727024999
4253.00000000	0.00519078155193	-0.00310323697866	0.00604766838258	-30.8725091000
4253.00000000	0.00519078441538	-0.00310321821835	0.00604766121387	-30.8723426270
4253.00000000	0.00519077456255	-0.00310319447089	0.00604764057161	-30.8721974180
4253.00000000	0.00519076700326	-0.00310317424167	0.00604762370327	-30.8720696676
4253.00000000	0.00519077948182	-0.00310316895298	0.00604763170006	-30.8719659984
4253.00000000	0.00519080517083	-0.00310317920136	0.00604765900802	-30.8719244526
4253.00000000	0.00519082215684	-0.00310318628950	0.00604767722447	-30.8718995169
4253.00000000	0.00519081929654	-0.00310317878839	0.00604767092045	-30.8718524249
4253.00000000	0.00519079660899	-0.00310315780457	0.00604764068013	-30.8717920812
4253.00000000	0.00519075275560	-0.00310312670375	0.00604758708158	-30.8717523619
4253.00000000	0.00519070298747	-0.00310309343405	0.00604752729342	-30.8717237587
4253.00000000	0.00519066041890	-0.00310306505185	0.00604747619263	-30.8716998997
4253.00000000	0.00519063452224	-0.00310305651012	0.00604744958214	-30.8717563338
4253.00000000	0.00519063040871	-0.00310307697446	0.00604745655208	-30.8719427479
4253.00000000	0.00519064081003	-0.00310311860605	0.00604748684182	-30.8722307285
4253.00000000	0.00519065684043	-0.00310316047103	0.00604752208297	-30.8724932383
4253.00000000	0.00519068403613	-0.00310319838099	0.00604756487809	-30.8726693032
4253.00000000	0.00519072669773	-0.00310323597139	0.00604762078380	-30.8727675797
4253.00000000	0.00519076386510	-0.00310326932328	0.00604766979885	-30.8728580984
4253.00000000	0.00519077439467	-0.00310328738691	0.00604768810556	-30.8729537960
4253.00000000	0.00519076245989	-0.00310328354042	0.00604767588807	-30.8729805382
4253.00000000	0.00519075126399	-0.00310326547275	0.00604765700738	-30.8728880470
4253.00000000	0.00519075254725	-0.00310324334301	0.00604764675330	-30.8727018570
4253.00000000	0.00519075953696	-0.00310323183161	0.00604764684578	-30.8725742699
4253.00000000	0.00519076862655	-0.00310323619984	0.00604765688894	-30.8725656026
4253.00000000	0.00519078410669	-0.00310325108963	0.00604767781612	-30.8726114259
4253.00000000	0.00519080642990	-0.00310326873805	0.00604770603231	-30.8726464140
4253.00000000	0.00519082382687	-0.00310328874193	0.00604773122893	-30.8727245038
4253.00000000	0.00519083208086	-0.00310331079832	0.00604774963128	-30.8728637306
4253.00000000	0.00519082714338	-0.00310332638516	0.00604775339158	-30.8730144782
4253.00000000	0.00519080821486	-0.00310332469081	0.00604773627566	-30.8730927200
4253.00000000	0.00519077011703	-0.00310329613518	0.00604768892310	-30.8730457289
4253.00000000	0.00519071102124	-0.00310324381793	0.00604761135487	-30.8729075966
4253.00000000	0.00519064812951	-0.00310317963052	0.00604752443762	-30.8726913888
4253.00000000	0.00519060206873	-0.00310312402095	0.00604745636820	-30.8724631044
4253.00000000	0.00519059007235	-0.00310308990935	0.00604742856797	-30.8722440307
4253.00000000	0.00519060680461	-0.00310307859026	0.00604743712141	-30.8720706392
4253.00000000	0.00519063540599	-0.00310308401778	0.00604746445540	-30.8719757299
4253.00000000	0.00519066184472	-0.00310310614149	0.00604749850033	-30.8720271076
4253.00000000	0.00519068131262	-0.00310315302339	0.00604753926616	-30.8723137035
4253.00000000	0.00519069478993	-0.00310321744414	0.00604758389010	-30.8727720406
4253.00000000	0.00519070790878	-0.00310327849811	0.00604762647913	-30.8732047361
4253.00000000	0.00519072296109	-0.00310331236318	0.00604765677616	-30.8734069372
4253.00000000	0.00519073350859	-0.00310330998467	0.00604766460860	-30.8733363190
4253.00000000	0.00519073344806	-0.00310327719768	0.00604764773234	-30.8730700019
4253.00000000	0.00519072554237	-0.00310323452324	0.00604761904905	-30.8727614205
4253.00000000	0.00519072166021	-0.00310320438083	0.00604760024993	-30.8725351835
4253.00000000	0.00519072465817	-0.00310320289178	0.00604760205903	-30.8725085005
4253.00000000	0.00519073719671	-0.00310322987326	0.00604762666602	-30.8726669510
4253.00000000	0.00519074853576	-0.00310326459681	0.00604765421625	-30.8728941874
4253.00000000	0.00519075259717	-0.00310329399607	0.00604767278803	-30.8731135068
4253.00000000	0.00519074739738	-0.00310331853626	0.00604768091759	-30.8733383364
4253.00000000	0.00519073155925	-0.00310333682292	0.00604767670735	-30.8735640332
4253.00000000	0.00519071708695	-0.00310334125515	0.00604766656014	-30.8736704321
4253.00000000	0.00519071941193	-0.00310333466432	0.00604766517362	-30.8736055353
4253.00000000	0.00519074238968	-0.00310332620647	0.00604768055537	-30.8734250523
4253.00000000	0.00519076996203	-0.00310332174995	0.00604770193400	-30.8732547708
4253.00000000	0.00519078687198	-0.00310332596979	0.00604771861326	-30.8732068774
4253.00000000	0.00519079048251	-0.00310333822805	0.00604772800240	-30.8732890033
4253.00000000	0.00519079321855	-0.00310335803488	0.00604774051447	-30.8734367614
4253.00000000	0.00519080733036	-0.00310337663079	0.00604776216906	-30.8735193693
4253.00000000	0.00519082478721	-0.00310338878010	0.00604778338666	-30.8735332949
4253.00000000	0.00519083229704	-0.00310338993237	0.00604779042365	-30.8735061558
4253.00000000	0.00519082152285	-0.00310338243865	0.00604777733078	-30.8734975994
4253.00000000	0.00519079500274	-0.00310336936623	0.00604774786046	-30.8735202282
4253.00000000	0.00519075501754	-0.00310334431529	0.00604770068633	-30.8735109145
4253.00000000	0.00519070950092	-0.00310331574706	0.00604764695968	-30.8734998908
4253.00000000	0.00519067042623	-0.00310328963203	0.00604760002100	-30.8734774974
4253.00000000	0.00519063637164	-0.00310326420517	0.00604755774422	-30.8734362938
4253.00000000	0.00519061144096	-0.00310324682592	0.00604752742810	-30.8734161738
4253.00000000	0.00519060139285	-0.00310324516515	0.00604751795157	-30.8734515192
4253.00000000	0.00519060529539	-0.00310325847826	0.00604752813267	-30.8735408056
4253.00000000	0.00519061965960	-0.00310327718693	0.00604755006176	-30.8736231059
4253.00000000	0.00519063992612	-0.00310329417647	0.00604757617466	-30.8736627312
4253.00000000	0.00519065779828	-0.00310330377776	0.00604759644122	-30.8736539180
4253.00000000	0.00519066437782	-0.00310330618489	0.00604760332366	-30.8736415047
4253.00000000	0.00519066100233	-0.00310330488060	0.00604759975719	-30.8736473090
4253.00000000	0.00519065688924	-0.00310331014012	0.00604759892582	-30.8737100739
4253.00000000	0.00519066834932	-0.00310332257333	0.00604761514208	-30.8737554617
4253.00000000	0.00519069560951	-0.00310333211613	0.00604764343638	-30.8737005317
4253.00000000	0.00519072996815	-0.00310333517071	0.00604767449389	-30.8735583333
4253.00000000	0.00519075662662	-0.00310333743245	0.00604769853552	-30.8734471239
4253.00000000	0.00519076724750	-0.00310334854798	0.00604771335531	-30.8734858767
4253.00000000	0.00519076456966	-0.00310336646663	0.00604772025178	-30.8736446007
4253.00000000	0.00519075708655	-0.00310338300909	0.00604772231776	-30.8738154950
4253.00000000	0.00519075218100	-0.00310338353882	0.00604771837916	-30.8738436510
4253.00000000	0.00519074287557	-0.00310336450240	0.00604770062380	-30.8737340952
4253.00000000	0.00519073480970	-0.00310334393987	0.00604768314926	-30.8736061029
4253.00000000	0.00519073487011	-0.00310334114048	0.00604768176461	-30.8735830458
4253.00000000	0.00519074110232	-0.00310335720965	0.00604769535955	-30.8736834147
4253.00000000	0.00519074613386	-0.00310337062399	0.00604770656167	-30.8737680327
4253.00000000	0.00519073978458	-0.00310336964743	0.00604770061096	-30.8737909591
4253.00000000	0.00519072110167	-0.00310335308683	0.00604767607738	-30.8737471243
5260.00000000	0.00516168702680	-0.00321173739611	0.00607933138299	-31.8909600369
5260.00000000	0.00516167590145	-0.00321172500896	0.00607931539277	-31.8909163080
5260.00000000	0.00516167719300	-0.00321171724064	0.00607931238534	-31.8908477144
5260.00000000	0.00516169508193	-0.00321172155856	0.00607932985522	-31.8907931962
5260.00000000	0.00516173422917	-0.00321173438055	0.00607936986733	-31.8907008823
5260.00000000	0.00516178693646	-0.00321175296368	0.00607942443633	-31.8905871550
5260.00000000	0.00516183892953	-0.00321177489683	0.00607948016876	-31.8905037924
5260.00000000	0.00516188008021	-0.00321179020376	0.00607952319475	-31.8904213920
5260.00000000	0.00516190426921	-0.00321178836682	0.00607954276222	-31.8902862597
5260.00000000	0.00516191198441	-0.00321177472603	0.00607954210656	-31.8901386953
5260.00000000	0.00516191277100	-0.00321176563356	0.00607953797096	-31.8900620221
5260.00000000	0.00516191446630	-0.00321177203613	0.00607954279280	-31.8901048141
5260.00000000	0.00516191884121	-0.00321178911715	0.00607955553114	-31.8902197122
5260.00000000	0.00516192288177	-0.00321180521580	0.00607956746666	-31.8903284137
5260.00000000	0.00516192020719	-0.00321181008362	0.00607956776742	-31.8903806814
5260.00000000	0.00516190219186	-0.00321179464804	0.00607954431677	-31.8903468638
5260.00000000	0.00516186778558	-0.00321175571432	0.00607949453526	-31.8902066243
5260.00000000	0.00516182544999	-0.00321170587671	0.00607943226088	-31.8900186086
5260.00000000	0.00516178317792	-0.00321166551955	0.00607937504891	-31.8899061365
5260.00000000	0.00516175174286	-0.00321164789416	0.00607933904722	-31.8899216088
5260.00000000	0.00516174495593	-0.00321165750648	0.00607933836277	-31.8900323199
5260.00000000	0.00516175868014	-0.00321168492271	0.00607936449925	-31.8901833756
5260.00000000	0.00516177879523	-0.00321171551906	0.00607939774206	-31.8903280575
5260.00000000	0.00516179972990	-0.00321174797825	0.00607943266492	-31.8904835636
5260.00000000	0.00516182245160	-0.00321178700797	0.00607947257634	-31.8906827472
5260.00000000	0.00516184645323	-0.00321182280911	0.00607951186888	-31.8908497209
5260.00000000	0.00516186688138	-0.00321184456717	0.00607954070837	-31.8909221147
5260.00000000	0.00516188091133	-0.00321185595615	0.00607955863742	-31.8909433930
5260.00000000	0.00516188990495	-0.00321186081780	0.00607956884193	-31.8909375164
5260.00000000	0.00516189915875	-0.00321185561164	0.00607957394849	-31.8908497842
5260.00000000	0.00516190761445	-0.00321184070431	0.00607957325229	-31.8906883993
5260.00000000	0.00516190777195	-0.00321182366240	0.00607956438279	-31.8905512492
5260.00000000	0.00516189818705	-0.00321181091737	0.00607954951147	-31.8904969877
5260.00000000	0.00516188482602	-0.00321180727645	0.00607953624367	-31.8905343764
5260.00000000	0.00516187452224	-0.00321181412208	0.00607953111170	-31.8906404555
5260.00000000	0.00516187206655	-0.00321182652367	0.00607953557845	-31.8907519175
5260.00000000	0.00516187022050	-0.00321183040116	0.00607953605953	-31.8907921358
5260.00000000	0.00516186095545	-0.00321181288985	0.00607951894173	-31.8906981431
5260.00000000	0.00516184653424	-0.00321177983251	0.00607948923311	-31.8905054241
5260.00000000	0.00516183114525	-0.00321174037862	0.00607945532361	-31.8902663367
5260.00000000	0.00516181712955	-0.00321170189877	0.00607942309480	-31.8900282036
5260.00000000	0.00516180696705	-0.00321167377775	0.00607939961014	-31.8898537755
5260.00000000	0.00516180395868	-0.00321166421417	0.00607939200352	-31.8897922252
5260.00000000	0.00516180906124	-0.00321167156951	0.00607940022166	-31.8898256783
5260.00000000	0.00516182012600	-0.00321169680759	0.00607942294934	-31.8899725448
5260.00000000	0.00516183392351	-0.00321174092591	0.00607945797165	-31.8902568835
5260.00000000	0.00516184423044	-0.00321178972702	0.00607949250431	-31.8905960694
5260.00000000	0.00516184963392	-0.00321182789077	0.00607951725412	-31.8908745471
5260.00000000	0.00516184942467	-0.00321184761427	0.00607952749647	-31.8910334130
5260.00000000	0.00516184723963	-0.00321184940893	0.00607952658938	-31.8910586527
5260.00000000	0.00516184022451	-0.00321183432411	0.00607951266377	-31.8909728746
5260.00000000	0.00516181847536	-0.00321180437249	0.00607947837398	-31.8908414940
5260.00000000	0.00516178627855	-0.00321176989051	0.00607943282017	-31.8907258788
5260.00000000	0.00516175944832	-0.00321174372329	0.00607939621562	-31.8906500765
5260.00000000	0.00516174623220	-0.00321172673770	0.00607937602088	-31.8905799604
5260.00000000	0.00516174644323	-0.00321171474287	0.00607936986322	-31.8904829265
5260.00000000	0.00516176086413	-0.00321170487282	0.00607937689311	-31.8903321441
5260.00000000	0.00516179091931	-0.00321169280306	0.00607939603546	-31.8900859178
5260.00000000	0.00516182412133	-0.00321167779636	0.00607941629823	-31.8898005236
5260.00000000	0.00516184211714	-0.00321166632529	0.00607942551787	-31.8896191328
5260.00000000	0.00516184216074	-0.00321167138489	0.00607942822779	-31.8896594030
5260.00000000	0.00516183125897	-0.00321169597661	0.00607943196296	-31.8899104656
5260.00000000	0.00516181267110	-0.00321172844772	0.00607943333489	-31.8902628471
5260.00000000	0.00516179379250	-0.00321175916899	0.00607943353577	-31.8906026737
5260.00000000	0.00516178647312	-0.00321178832503	0.00607944272437	-31.8908724221
5260.00000000	0.00516179750378	-0.00321181398572	0.00607946564665	-31.8910228352
5260.00000000	0.00516182511300	-0.00321182898005	0.00607949700997	-31.8910053520
5260.00000000	0.00516185833386	-0.00321183149578	0.00607952654539	-31.8908600774
5260.00000000	0.00516188408380	-0.00321182801775	0.00607954657110	-31.8907040402
5260.00000000	0.00516189517474	-0.00321182308823	0.00607955338369	-31.8906093747
5260.00000000	0.00516189205538	-0.00321181467335	0.00607954628959	-31.8905575712
5260.00000000	0.00516187365749	-0.00321179630450	0.00607952096447	-31.8905021873
5260.00000000	0.00516184538206	-0.00321176851818	0.00607948227752	-31.8904206243
5260.00000000	0.00516181931600	-0.00321173856145	0.00607944431985	-31.8903106926
5260.00000000	0.00516180398113	-0.00321171789792	0.00607942038319	-31.8902216941
5260.00000000	0.00516179480756	-0.00321170460956	0.00607940557410	-31.8901610347
5260.00000000	0.00516178697355	-0.00321168939380	0.00607939088417	-31.8900782823
5260.00000000	0.00516178977097	-0.00321168283389	0.00607938979382	-31.8900118613
5260.00000000	0.00516180445469	-0.00321170240849	0.00607941260231	-31.8900953894
5260.00000000	0.00516182468528	-0.00321174395656	0.00607945172890	-31.8903271310
5260.00000000	0.00516184466961	-0.00321178597086	0.00607949089281	-31.8905638264
5260.00000000	0.00516186257078	-0.00321181313343	0.00607952044192	-31.8906920496
5260.00000000	0.00516187786161	-0.00321182235457	0.00607953829624	-31.8906897041
5260.00000000	0.00516189118656	-0.00321182121410	0.00607954900739	-31.8906142348
5260.00000000	0.00516189771496	-0.00321181658098	0.00607955210271	-31.8905446574
5260.00000000	0.00516188753032	-0.00321180702613	0.00607953840755	-31.8905189091
5260.00000000	0.00516187147758	-0.00321179209345	0.00607951688891	-31.8904793446
5260.00000000	0.00516186405685	-0.00321177727253	0.00607950275843	-31.8903976961
5260.00000000	0.00516185786146	-0.00321176373847	0.00607949034818	-31.8903202439
5260.00000000	0.00516184158046	-0.00321175025692	0.00607946940239	-31.8902934267
5260.00000000	0.00516181788528	-0.00321174098978	0.00607944438795	-31.8903372475
5260.00000000	0.00516179448073	-0.00321173758519	0.00607942271745	-31.8904265338
5260.00000000	0.00516177456732	-0.00321174152703	0.00607940789224	-31.8905572247
5260.00000000	0.00516176076840	-0.00321175248003	0.00607940196262	-31.8907135754
5260.00000000	0.00516175799655	-0.00321176927664	0.00607940848285	-31.8908617829
5260.00000000	0.00516176852649	-0.00321178690609	0.00607942673706	-31.8909504243
5260.00000000	0.00516178671932	-0.00321180034679	0.00607944928455	-31.8909673936
5260.00000000	0.00516180387837	-0.00321181056871	0.00607946925381	-31.8909637536
5260.00000000	0.00516181288261	-0.00321181694489	0.00607948026747	-31.8909699431
5260.00000000	0.00516180990199	-0.00321181728944	0.00607947791879	-31.8909875405
5270.00000000	-4.54020448538E-5	0.000649418830009	0.000651003965001	93.9991445458
5270.00000000	-4.54084692647E-5	0.000649421743206	0.000651007319183	93.9996907063
5270.00000000	-4.54221242157E-5	0.000649426959804	0.000651013475658	94.0008575297
5270.00000000	-4.54386883366E-5	0.000649430494095	0.000651018157241	94.0022900745
5270.00000000	-4.54465377680E-5	0.000649435717642	0.000651023915954	94.0029471215
5270.00000000	-4.54358428918E-5	0.000649445607574	0.000651033035273	94.0019474287
5270.00000000	-4.54109090100E-5	0.000649457063736	0.000651042723862	93.9996880800
5270.00000000	-4.53889190542E-5	0.000649467747921	0.000651051848597	93.9976919845
5270.00000000	-4.53822423552E-5	0.000649485614659	0.000651069206437	93.9969962310
5270.00000000	-4.53893273463E-5	0.000649514037250	0.000651098053769	93.9974438438
5270.00000000	-4.54005176886E-5	0.000649543591740	0.000651128316522	93.9982448426
5270.00000000	-4.54083964114E-5	0.000649560268851	0.000651145502429	93.9988341023
5270.00000000	-4.54149278998E-5	0.000649556167684	0.000651141866764	93.9994325928
5270.00000000	-4.54270499040E-5	0.000649537195104	0.000651123785993	94.0006131153
5270.00000000	-4.54442869957E-5	0.000649515868160	0.000651103713867	94.0022571815
5270.00000000	-4.54647633228E-5	0.000649499802927	0.000651089117330	94.0041533750
5270.00000000	-4.54870545433E-5	0.000649489707761	0.000651080603780	94.0061722723
5270.00000000	-4.55007847881E-5	0.000649480621806	0.000651072499433	94.0074334730
5270.00000000	-4.54977157628E-5	0.000649469778258	0.000651061467920	94.0072307381
5270.00000000	-4.54845906919E-5	0.000649460647171	0.000651051442064	94.0061346464
5270.00000000	-4.54710313036E-5	0.000649456911050	0.000651046767904	94.0049672306
5270.00000000	-4.54623876410E-5	0.000649453592025	0.000651042853339	94.0042287935
5270.00000000	-4.54601581868E-5	0.000649446745407	0.000651035867754	94.0040751408
5270.00000000	-4.54619730462E-5	0.000649443937186	0.000651033193118	94.0042517296
5270.00000000	-4.54628133675E-5	0.000649448942102	0.000651038244496	94.0042947451
5270.00000000	-4.54561294473E-5	0.000649458862708	0.000651047674179	94.0036469918
5270.00000000	-4.54423900600E-5	0.000649470259554	0.000651058084091	94.0023707929
5270.00000000	-4.54261842573E-5	0.000649479027937	0.000651065700176	94.0008942516
5270.00000000	-4.54106902532E-5	0.000649483759934	0.000651069339784	93.9995050072
5270.00000000	-4.53983172053E-5	0.000649488346966	0.000651073052775	93.9983906501
5270.00000000	-4.53954471138E-5	0.000649498245990	0.000651082727588	93.9980779526
5270.00000000	-4.54025115782E-5	0.000649509642944	0.000651094589392	93.9986281799
5270.00000000	-4.54121991549E-5	0.000649519895041	0.000651105492133	93.9994156791
5270.00000000	-4.54214378732E-5	0.000649524333902	0.000651110564612	94.0001994355
5270.00000000	-4.54356523162E-5	0.000649518805871	0.000651106041810	94.0014811603
5270.00000000	-4.54546338832E-5	0.000649506705452	0.000651095295765	94.0032217545
5270.00000000	-4.54688465841E-5	0.000649491677880	0.000651081297262	94.0045617572
5270.00000000	-4.54771634723E-5	0.000649478500832	0.000651068733269	94.0053728613
5270.00000000	-4.54855260692E-5	0.000649465329438	0.000651056178239	94.0061879746
5270.00000000	-4.54958294288E-5	0.000649445345504	0.000651036963077	94.0072153982
5270.00000000	-4.55044659400E-5	0.000649425283634	0.000651017553868	94.0080970220
5270.00000000	-4.55080276185E-5	0.000649421517543	0.000651014045951	94.0084328867
5270.00000000	-4.55052448961E-5	0.000649437669377	0.000651029963764	94.0080892174
5270.00000000	-4.54971107983E-5	0.000649465001183	0.000651056660247	94.0072070076
5270.00000000	-4.54824340875E-5	0.000649489788595	0.000651080361630	94.0057661638
5270.00000000	-4.54597747580E-5	0.000649498632438	0.000651087601371	94.0037226449
5270.00000000	-4.54363777873E-5	0.000649497810883	0.000651085148631	94.0016737739
5270.00000000	-4.54225230305E-5	0.000649500353409	0.000651086718246	94.0004419106
5270.00000000	-4.54202716046E-5	0.000649502193952	0.000651088397240	94.0002329683
5270.00000000	-4.54274932136E-5	0.000649494388270	0.000651081114404	94.0009148478
5270.00000000	-4.54389142072E-5	0.000649478246207	0.000651065808671	94.0020165959
5270.00000000	-4.54464010249E-5	0.000649460965353	0.000651049092529	94.0027800085
5270.00000000	-4.54463820345E-5	0.000649448993569	0.000651037148623	94.0028518877
5270.00000000	-4.54391986283E-5	0.000649441165554	0.000651028838292	94.0022693238
5270.00000000	-4.54313211894E-5	0.000649434591965	0.000651021730963	94.0016181083
5270.00000000	-4.54350142197E-5	0.000649434541366	0.000651021938215	94.0019426465
5270.00000000	-4.54518116599E-5	0.000649444632399	0.000651033177138	94.0033553623
5270.00000000	-4.54717551220E-5	0.000649461534752	0.000651051430869	94.0050023550
5270.00000000	-4.54842710438E-5	0.000649475505195	0.000651066241454	94.0060152353
5270.00000000	-4.54852524773E-5	0.000649479443233	0.000651070238435	94.0060771820
5270.00000000	-4.54794589381E-5	0.000649472322168	0.000651062730041	94.0056123573
5270.00000000	-4.54706526018E-5	0.000649464677993	0.000651054489431	94.0048862450
5270.00000000	-4.54628862978E-5	0.000649474095240	0.000651063341326	94.0041465717
5270.00000000	-4.54579665702E-5	0.000649504229883	0.000651093058910	94.0035295219
5270.00000000	-4.54553740098E-5	0.000649543164228	0.000651131717260	94.0030627526
5270.00000000	-4.54545630371E-5	0.000649574420799	0.000651162840968	94.0027995739
5270.00000000	-4.54504294528E-5	0.000649592554929	0.000651180642338	94.0023253776
5270.00000000	-4.54412556612E-5	0.000649596519161	0.000651183956668	94.0014958256
5270.00000000	-4.54350438656E-5	0.000649589440864	0.000651176462177	94.0009940549
5270.00000000	-4.54350511208E-5	0.000649581896964	0.000651168937169	94.0010410062
5270.00000000	-4.54357242671E-5	0.000649583942572	0.000651171024760	94.0010875325
5270.00000000	-4.54322082670E-5	0.000649593855527	0.000651180668237	94.0007180630
5270.00000000	-4.54212956725E-5	0.000649599440454	0.000651185478293	93.9997259531
5270.00000000	-4.54066393433E-5	0.000649593244863	0.000651178275642	93.9984775393
5270.00000000	-4.54006484836E-5	0.000649582602131	0.000651167241094	93.9980169890
5270.00000000	-4.54107118005E-5	0.000649576028567	0.000651161385245	93.9989406346
5270.00000000	-4.54339780658E-5	0.000649577323020	0.000651164299501	94.0009749000
5270.00000000	-4.54573063355E-5	0.000649587446359	0.000651176026253	94.0029603594
5270.00000000	-4.54718827961E-5	0.000649604601446	0.000651194157179	94.0041343825
5270.00000000	-4.54797325892E-5	0.000649618428985	0.000651208499141	94.0047383978
5270.00000000	-4.54832873687E-5	0.000649616797234	0.000651207119647	94.0050604243
5270.00000000	-4.54834575644E-5	0.000649603283247	0.000651193650550	94.0051584104
5270.00000000	-4.54828555185E-5	0.000649594107953	0.000651184455614	94.0051619550
5270.00000000	-4.54868642506E-5	0.000649598739761	0.000651189356115	94.0054853424
5270.00000000	-4.54948899620E-5	0.000649615033797	0.000651206171000	94.0060896115
5270.00000000	-4.55029003822E-5	0.000649636699197	0.000651228343123	94.0066594869
5270.00000000	-4.55087375978E-5	0.000649656768520	0.000651248771270	94.0070484090
5270.00000000	-4.55100525202E-5	0.000649669943937	0.000651262006365	94.0070828096
5270.00000000	-4.55036807134E-5	0.000649667624028	0.000651259246897	94.0065378704
5270.00000000	-4.54918416782E-5	0.000649646986123	0.000651237832315	94.0056256848
5270.00000000	-4.54785824605E-5	0.000649613206488	0.000651203209073	94.0046695423
5270.00000000	-4.54659258473E-5	0.000649577115985	0.000651166322858	94.0037803885
5270.00000000	-4.54541797463E-5	0.000649557693503	0.000651146127720	94.0028686739
5270.00000000	-4.54411903550E-5	0.000649565506518	0.000651153015073	94.0016805187
5270.00000000	-4.54316216215E-5	0.000649589547195	0.000651176329475	94.0006930192
5270.00000000	-4.54298380320E-5	0.000649609482677	0.000651196091947	94.0004140954
5270.00000000	-4.54343709324E-5	0.000649614876153	0.000651201788528	94.0007788436
5270.00000000	-4.54379587276E-5	0.000649612546169	0.000651199714553	94.0011080494
5270.00000000	-4.54407203073E-5	0.000649610040228	0.000651197407417	94.0013658201
5270.00000000	-4.54527469978E-5	0.000649604209175	0.000651192429922	94.0024572212
5274.00000000	0.000240947915458	-1.16763399159E-5	0.000241230667365	-2.77438400574
5274.00000000	0.000240965167487	-1.16634414529E-5	0.000241247275236	-2.77112591171
5274.00000000	0.000240987106205	-1.16578543395E-5	0.000241268918273	-2.76954877142
5274.00000000	0.000241005884198	-1.16661985588E-5	0.000241288077631	-2.77131240519
5274.00000000	0.000241018125546	-1.16885790527E-5	0.000241301387733	-2.77647978857
5274.00000000	0.000241023892106	-1.17122575033E-5	0.000241308295634	-2.78202903094
5274.00000000	0.000241025279099	-1.17253799550E-5	0.000241310318263	-2.78512511830
5274.00000000	0.000241024032820	-1.17318129608E-5	0.000241309386125	-2.78666512629
5274.00000000	0.000241020297911	-1.17370283597E-5	0.000241305909251	-2.78794512322
5274.00000000	0.000241012960818	-1.17362568723E-5	0.000241298543319	-2.78784689090
5274.00000000	0.000241003848169	-1.17284143864E-5	0.000241289060125	-2.78609208741
5274.00000000	0.000240999005334	-1.17242542657E-5	0.000241284020834	-2.78516128252
5274.00000000	0.000241003670222	-1.17319757663E-5	0.000241289055524	-2.78693881633
5274.00000000	0.000241014631772	-1.17468390756E-5	0.000241300727219	-2.79033731635
5274.00000000	0.000241026106883	-1.17572803903E-5	0.000241312697223	-2.79268086147
5274.00000000	0.000241034035731	-1.17544302799E-5	0.000241320477813	-2.79191325427
5274.00000000	0.000241035259369	-1.17366747047E-5	0.000241320835802	-2.78768847642
5274.00000000	0.000241032148260	-1.17135355904E-5	0.000241316604093	-2.78223698536
5274.00000000	0.000241029152871	-1.16984001359E-5	0.000241312878022	-2.77868207839
5274.00000000	0.000241026195518	-1.16948195190E-5	0.000241309750590	-2.77786694886
5274.00000000	0.000241021852527	-1.16980796069E-5	0.000241305570724	-2.77869009320
5274.00000000	0.000241018765603	-1.17042815498E-5	0.000241302788171	-2.78019650593
5274.00000000	0.000241020336420	-1.17091114000E-5	0.000241304591456	-2.78132387299
5274.00000000	0.000241021683664	-1.17010921943E-5	0.000241305548123	-2.77940650702
5274.00000000	0.000241017210639	-1.16808300858E-5	0.000241300098665	-2.77465250922
5274.00000000	0.000241008412137	-1.16617857999E-5	0.000241290389300	-2.77023677288
5274.00000000	0.000240996646414	-1.16547451028E-5	0.000241278297130	-2.76870182478
5274.00000000	0.000240981812308	-1.16623260592E-5	0.000241263846675	-2.77067022995
5274.00000000	0.000240964592609	-1.16781330623E-5	0.000241247411764	-2.77461766030
5274.00000000	0.000240946650645	-1.16938274385E-5	0.000241230251124	-2.77854722541
5274.00000000	0.000240932899543	-1.17031714461E-5	0.000241216969353	-2.78092241449
5274.00000000	0.000240931162970	-1.17090335639E-5	0.000241215519312	-2.78233321277
5274.00000000	0.000240942887093	-1.17155377073E-5	0.000241227545410	-2.78374106633
5274.00000000	0.000240958736388	-1.17242017109E-5	0.000241243796910	-2.78561353761
5274.00000000	0.000240968142331	-1.17341602001E-5	0.000241253675897	-2.78786724082
5274.00000000	0.000240971592450	-1.17373379239E-5	0.000241257276511	-2.78858116745
5274.00000000	0.000240976381598	-1.17278715141E-5	0.000241261599635	-2.78628037560
5274.00000000	0.000240979895431	-1.17132593284E-5	0.000241264399458	-2.78277379327
5274.00000000	0.000240978704216	-1.17031865585E-5	0.000241262720828	-2.78039823744
5274.00000000	0.000240974822042	-1.16985953639E-5	0.000241258620554	-2.77935389485
5274.00000000	0.000240966713472	-1.16936097189E-5	0.000241250279813	-2.77826460020
5274.00000000	0.000240957174102	-1.16826171547E-5	0.000241240219065	-2.77576669696
5274.00000000	0.000240953711091	-1.16658211364E-5	0.000241235947304	-2.77182199834
5274.00000000	0.000240956649143	-1.16537193934E-5	0.000241238297005	-2.76891736769
5274.00000000	0.000240961900793	-1.16547863515E-5	0.000241243594068	-2.76911022296
5274.00000000	0.000240967785125	-1.16656360834E-5	0.000241249995924	-2.77161646114
5274.00000000	0.000240971101603	-1.16746166928E-5	0.000241253742941	-2.77370870091
5274.00000000	0.000240969286480	-1.16750052820E-5	0.000241251948749	-2.77382174081
5274.00000000	0.000240965450376	-1.16717245601E-5	0.000241247958394	-2.77308758011
5274.00000000	0.000240965612529	-1.16686790227E-5	0.000241247973031	-2.77236325658
5274.00000000	0.000240970642892	-1.16625258754E-5	0.000241252699976	-2.77084585472
5274.00000000	0.000240974217902	-1.16540878569E-5	0.000241255863052	-2.76880321191
5274.00000000	0.000240975818488	-1.16439689149E-5	0.000241256973180	-2.76638452193
5274.00000000	0.000240982243137	-1.16322225471E-5	0.000241262823718	-2.76352457395
5274.00000000	0.000240994357285	-1.16287607907E-5	0.000241274756907	-2.76256476311
5274.00000000	0.000241008328229	-1.16427324051E-5	0.000241289385372	-2.76571866697
5274.00000000	0.000241021745593	-1.16660991372E-5	0.000241303915670	-2.77110673296
5274.00000000	0.000241034811212	-1.16828807468E-5	0.000241317777876	-2.77493653341
5274.00000000	0.000241045351710	-1.16924937391E-5	0.000241328771577	-2.77709500074
5274.00000000	0.000241048914246	-1.17022613667E-5	0.000241332803365	-2.77937026937
5274.00000000	0.000241044556996	-1.17106212314E-5	0.000241328856764	-2.78140287824
5274.00000000	0.000241040881639	-1.17146209565E-5	0.000241325379862	-2.78239372317
5274.00000000	0.000241040918508	-1.17121294987E-5	0.000241325295758	-2.78180247032
5274.00000000	0.000241035990315	-1.17001973280E-5	0.000241319794556	-2.77902957916
5274.00000000	0.000241023161706	-1.16836077153E-5	0.000241306177227	-2.77524285541
5274.00000000	0.000241008439180	-1.16769170267E-5	0.000241291148091	-2.77382524850
5274.00000000	0.000240995640216	-1.16871828744E-5	0.000241278861169	-2.77640727668
5274.00000000	0.000240983950942	-1.17073764982E-5	0.000241268164655	-2.78133164278
5274.00000000	0.000240971373863	-1.17263186011E-5	0.000241256522335	-2.78596982352
5274.00000000	0.000240958241023	-1.17380732272E-5	0.000241243976671	-2.78890986677
5274.00000000	0.000240946869928	-1.17410809357E-5	0.000241232765414	-2.78975479896
5274.00000000	0.000240937947214	-1.17350090341E-5	0.000241223557814	-2.78841745163
5274.00000000	0.000240929642159	-1.17214031134E-5	0.000241214601055	-2.78528542728
5274.00000000	0.000240925653121	-1.17054026761E-5	0.000241209839732	-2.78153529717
5274.00000000	0.000240933011092	-1.16952203537E-5	0.000241216695137	-2.77903474403
5274.00000000	0.000240949734021	-1.16946499559E-5	0.000241233370748	-2.77870685268
5274.00000000	0.000240960548387	-1.16978530756E-5	0.000241244327696	-2.77934218899
5274.00000000	0.000240955951935	-1.16990937040E-5	0.000241239796813	-2.77968943377
5274.00000000	0.000240944953589	-1.16945536973E-5	0.000241228591270	-2.77873906067
5274.00000000	0.000240937643005	-1.16854831728E-5	0.000241220849708	-2.77667130631
5274.00000000	0.000240936545554	-1.16751439366E-5	0.000241219252900	-2.77423098277
5274.00000000	0.000240944716505	-1.16630247088E-5	0.000241226828021	-2.77126188496
5274.00000000	0.000240958709747	-1.16479972043E-5	0.000241240078846	-2.76753626247
5274.00000000	0.000240972869463	-1.16330895581E-5	0.000241253502752	-2.76383757516
5274.00000000	0.000240987240940	-1.16237312792E-5	0.000241267406469	-2.76145320336
5274.00000000	0.000240999682641	-1.16227821638E-5	0.000241279788002	-2.76108574186
5274.00000000	0.000241005389104	-1.16296704505E-5	0.000241285819749	-2.76265426188
5274.00000000	0.000241001131977	-1.16405126844E-5	0.000241282090404	-2.76527463315
5274.00000000	0.000240988267229	-1.16531454600E-5	0.000241269850460	-2.76841850982
5274.00000000	0.000240969563982	-1.16659925951E-5	0.000241251789939	-2.77168060298
5274.00000000	0.000240951826467	-1.16748905358E-5	0.000241234503641	-2.77399520389
5274.00000000	0.000240947088697	-1.16732721787E-5	0.000241229693104	-2.77366572969
5274.00000000	0.000240961716903	-1.16612166785E-5	0.000241243721135	-2.77063776284
5274.00000000	0.000240985119596	-1.16470965299E-5	0.000241266414414	-2.76701979421
5274.00000000	0.000241002489301	-1.16389883671E-5	0.000241283372613	-2.76489753644
5274.00000000	0.000241012693907	-1.16378913524E-5	0.000241293512427	-2.76452046505
5274.00000000	0.000241020536440	-1.16401069527E-5	0.000241301452701	-2.76495612085
5274.00000000	0.000241029649429	-1.16419833724E-5	0.000241310645602	-2.76529675453
5274.00000000	0.000241039565109	-1.16434148425E-5	0.000241320618798	-2.76552264710
5274.00000000	0.000241046721845	-1.16469958772E-5	0.000241327940001	-2.76628988020
