DevNumber	X [V]	Y [V]	R [V]	Theta [°]
4253.00000000	0.00625021441172	-0.00557679956845	0.00837650724462	-41.7411712792
4253.00000000	0.00625023817417	-0.00557685743780	0.00837656350274	-41.7413584188
4253.00000000	0.00625024929272	-0.00557690414020	0.00837660289199	-41.7415461418
4253.00000000	0.00625025786919	-0.00557694142821	0.00837663411670	-41.7416973916
4253.00000000	0.00625026722502	-0.00557696873182	0.00837665927563	-41.7417941344
4253.00000000	0.00625027476352	-0.00557698116930	0.00837667318106	-41.7418232815
4253.00000000	0.00625028156259	-0.00557697766325	0.00837667591996	-41.7417744260
4253.00000000	0.00625029172679	-0.00557696494142	0.00837667503416	-41.7416632124
4253.00000000	0.00625030733195	-0.00557695477302	0.00837667990818	-41.7415402533
4253.00000000	0.00625032374331	-0.00557695839162	0.00837669456277	-41.7414839871
4253.00000000	0.00625032869182	-0.00557697606769	0.00837671002336	-41.7415516646
4253.00000000	0.00625031361620	-0.00557699791398	0.00837671331928	-41.7417318112
4253.00000000	0.00625028741999	-0.00557701573285	0.00837670563628	-41.7419420446
4253.00000000	0.00625027221367	-0.00557703470635	0.00837670692222	-41.7421081249
4253.00000000	0.00625028327217	-0.00557706225536	0.00837673351507	-41.7421983643
4253.00000000	0.00625030970665	-0.00557708873181	0.00837677086660	-41.7422131097
4253.00000000	0.00625032968950	-0.00557709718857	0.00837679140711	-41.7421652706
4253.00000000	0.00625033802090	-0.00557708186772	0.00837678742328	-41.7420491406
4253.00000000	0.00625034236907	-0.00557704846340	0.00837676842784	-41.7418588593
4253.00000000	0.00625034761163	-0.00557700808099	0.00837674545403	-41.7416288909
4253.00000000	0.00625035641497	-0.00557697600223	0.00837673066558	-41.7414250850
4253.00000000	0.00625036848772	-0.00557696809538	0.00837673440961	-41.7413297549
4253.00000000	0.00625037609153	-0.00557698748817	0.00837675299437	-41.7413941022
4253.00000000	0.00625037133220	-0.00557701650888	0.00837676876431	-41.7415638851
4253.00000000	0.00625036021773	-0.00557703530737	0.00837677298672	-41.7417104375
4253.00000000	0.00625035725787	-0.00557704044839	0.00837677420097	-41.7417501537
4253.00000000	0.00625037076026	-0.00557704028531	0.00837678416725	-41.7416878344
4253.00000000	0.00625039958574	-0.00557704352884	0.00837680783497	-41.7415731235
4253.00000000	0.00625043738208	-0.00557705812108	0.00837684575202	-41.7414754811
4253.00000000	0.00625047280525	-0.00557708909438	0.00837689280437	-41.7414722474
4253.00000000	0.00625049632269	-0.00557713410291	0.00837694031743	-41.7415948571
4253.00000000	0.00625050763491	-0.00557718265664	0.00837698108388	-41.7417911368
4253.00000000	0.00625050696460	-0.00557721963572	0.00837700520350	-41.7419829091
4253.00000000	0.00625048972547	-0.00557723078587	0.00837699976406	-41.7421183145
4253.00000000	0.00625045694952	-0.00557721104609	0.00837696216599	-41.7421668265
4253.00000000	0.00625042134645	-0.00557716968866	0.00837690806588	-41.7421178884
4253.00000000	0.00625039955351	-0.00557712584884	0.00837686261749	-41.7419933926
4253.00000000	0.00625040290058	-0.00557709337711	0.00837684349601	-41.7418124312
4253.00000000	0.00625042996753	-0.00557707662027	0.00837685253585	-41.7416036563
4253.00000000	0.00625046302540	-0.00557707521217	0.00837687626470	-41.7414459337
4253.00000000	0.00625048162129	-0.00557708589632	0.00837689725334	-41.7414157805
4253.00000000	0.00625048159921	-0.00557710379910	0.00837690915601	-41.7415072481
4253.00000000	0.00625047191624	-0.00557712300596	0.00837691471840	-41.7416493635
4253.00000000	0.00625045734855	-0.00557713389749	0.00837691109995	-41.7417712853
4253.00000000	0.00625043741313	-0.00557712723534	0.00837689178960	-41.7418280655
4253.00000000	0.00625041395678	-0.00557710067277	0.00837685660289	-41.7417993175
4253.00000000	0.00625038628526	-0.00557705994095	0.00837680883750	-41.7417174508
4253.00000000	0.00625035625523	-0.00557701613257	0.00837675726402	-41.7416306218
4253.00000000	0.00625033655589	-0.00557698507639	0.00837672188892	-41.7415618301
4253.00000000	0.00625033953852	-0.00557697895360	0.00837672003804	-41.7415169995
4253.00000000	0.00625035989122	-0.00557699595879	0.00837674654590	-41.7415111054
4253.00000000	0.00625038053341	-0.00557702135945	0.00837677885921	-41.7415467401
4253.00000000	0.00625039090067	-0.00557704256284	0.00837680071143	-41.7416077431
4253.00000000	0.00625039001628	-0.00557705853924	0.00837681068818	-41.7416933069
4253.00000000	0.00625038150182	-0.00557707378358	0.00837681448438	-41.7418098799
4253.00000000	0.00625037114910	-0.00557709035943	0.00837681779548	-41.7419416193
4253.00000000	0.00625036410454	-0.00557710487927	0.00837682220616	-41.7420478010
4253.00000000	0.00625036033385	-0.00557711154617	0.00837682383134	-41.7420989965
4253.00000000	0.00625035400379	-0.00557710932531	0.00837681762957	-41.7421164881
4253.00000000	0.00625034223391	-0.00557710334890	0.00837680486852	-41.7421395851
4253.00000000	0.00625032967018	-0.00557710360868	0.00837679566707	-41.7421981238
4253.00000000	0.00625032619211	-0.00557711771072	0.00837680246079	-41.7422859322
4253.00000000	0.00625033836626	-0.00557714748750	0.00837683136932	-41.7423824590
4253.00000000	0.00625036078024	-0.00557718741081	0.00837687467368	-41.7424841373
4253.00000000	0.00625037544336	-0.00557722251582	0.00837690898684	-41.7425965205
4253.00000000	0.00625036710691	-0.00557723446246	0.00837691072056	-41.7426954517
4253.00000000	0.00625033755292	-0.00557721449235	0.00837687537326	-41.7427281190
4253.00000000	0.00625030408814	-0.00557717208405	0.00837682216890	-41.7426640835
4253.00000000	0.00625028863983	-0.00557713026877	0.00837678280225	-41.7425210292
4253.00000000	0.00625030209648	-0.00557711001943	0.00837677936119	-41.7423564070
4253.00000000	0.00625032692264	-0.00557711411388	0.00837680061116	-41.7422642490
4253.00000000	0.00625033178134	-0.00557712543130	0.00837681177139	-41.7422998819
4253.00000000	0.00625030430522	-0.00557712520557	0.00837679111990	-41.7424238514
4253.00000000	0.00625026251515	-0.00557711340675	0.00837675208300	-41.7425539419
4253.00000000	0.00625023539926	-0.00557710432931	0.00837672580703	-41.7426310976
4253.00000000	0.00625023755707	-0.00557710744695	0.00837672949275	-41.7426371821
4253.00000000	0.00625026275925	-0.00557711780595	0.00837675519406	-41.7425752817
4253.00000000	0.00625028958061	-0.00557712040718	0.00837677693851	-41.7424664164
4253.00000000	0.00625029563562	-0.00557710298316	0.00837676985583	-41.7423499190
4253.00000000	0.00625027904782	-0.00557707015302	0.00837673562119	-41.7422579076
4253.00000000	0.00625025562565	-0.00557704069263	0.00837669853064	-41.7422142159
4253.00000000	0.00625023891827	-0.00557703367880	0.00837668139479	-41.7422545036
4253.00000000	0.00625023124425	-0.00557705053212	0.00837668688948	-41.7423754624
4253.00000000	0.00625022493235	-0.00557707570272	0.00837669893805	-41.7425326658
4253.00000000	0.00625021583623	-0.00557709326506	0.00837670384379	-41.7426637189
4253.00000000	0.00625020870575	-0.00557709685250	0.00837670091191	-41.7427144991
4253.00000000	0.00625020453217	-0.00557708847644	0.00837669222116	-41.7426907577
4253.00000000	0.00625019618537	-0.00557707156110	0.00837667473126	-41.7426424401
4253.00000000	0.00625017877870	-0.00557704720944	0.00837664553041	-41.7425974284
4253.00000000	0.00625015967013	-0.00557702300718	0.00837661515917	-41.7425609293
4253.00000000	0.00625015339754	-0.00557701466755	0.00837660492651	-41.7425469322
4253.00000000	0.00625016153393	-0.00557702587772	0.00837661846099	-41.7425670917
4253.00000000	0.00625017422234	-0.00557704108674	0.00837663805431	-41.7425869301
4253.00000000	0.00625018078877	-0.00557704268846	0.00837664402020	-41.7425652015
4253.00000000	0.00625017015271	-0.00557702678425	0.00837662549540	-41.7425324689
4253.00000000	0.00625014016112	-0.00557700348287	0.00837658760365	-41.7425501280
4253.00000000	0.00625010782330	-0.00557698901705	0.00837655384386	-41.7426235654
4253.00000000	0.00625010022252	-0.00557699922503	0.00837655496893	-41.7427102770
4253.00000000	0.00625013323735	-0.00557703985756	0.00837660665529	-41.7427673006
4253.00000000	0.00625019565039	-0.00557709706523	0.00837669131240	-41.7427750378
5260.00000000	0.00150761665327	0.0467540845934	0.0467783853307	88.1530993083
5260.00000000	0.00150763472130	0.0467543563351	0.0467786575135	88.1530879165
5260.00000000	0.00150764010405	0.0467545700473	0.0467788712882	88.1530897633
5260.00000000	0.00150761449204	0.0467547427588	0.0467790430844	88.1531279348
5260.00000000	0.00150755909881	0.0467548634319	0.0467791619097	88.1532005094
5260.00000000	0.00150749789523	0.0467549202349	0.0467792167108	88.1532776755
5260.00000000	0.00150745346126	0.0467549510305	0.0467792460585	88.1533332860
5260.00000000	0.00150742675186	0.0467550012980	0.0467792954392	88.1533679670
5260.00000000	0.00150741649230	0.0467550783014	0.0467793720720	88.1533835657
5260.00000000	0.00150744068059	0.0467551724567	0.0467794669579	88.1533576713
5260.00000000	0.00150751296609	0.0467552732768	0.0467795700550	88.1532731609
5260.00000000	0.00150760434007	0.0467553469519	0.0467796466365	88.1531642121
5260.00000000	0.00150766686372	0.0467553828596	0.0467796845406	88.1530890902
5260.00000000	0.00150768715188	0.0467554511232	0.0467797534226	88.1530669489
5260.00000000	0.00150767495735	0.0467556045277	0.0467799063544	88.1530879325
5260.00000000	0.00150763659613	0.0467557774829	0.0467800779835	88.1531417197
5260.00000000	0.00150758888156	0.0467558656373	0.0467801645543	88.1532036093
5260.00000000	0.00150756026731	0.0467558459639	0.0467801439689	88.1532378609
5260.00000000	0.00150757656325	0.0467557692642	0.0467800678343	88.1532148848
5260.00000000	0.00150763891974	0.0467556790005	0.0467799796271	88.1531349879
5260.00000000	0.00150771562411	0.0467555881316	0.0467798912775	88.1530375027
5260.00000000	0.00150777897790	0.0467555065278	0.0467798117581	88.1529567261
5260.00000000	0.00150782546256	0.0467554509384	0.0467797576958	88.1528976269
5260.00000000	0.00150785051769	0.0467554403174	0.0467797478879	88.1528665360
5260.00000000	0.00150784440628	0.0467555030256	0.0467798103665	88.1528764930
5260.00000000	0.00150780872965	0.0467556415454	0.0467799476645	88.1529256354
5260.00000000	0.00150774381049	0.0467557967900	0.0467801007359	88.1530112350
5260.00000000	0.00150765548028	0.0467559012581	0.0467802023029	88.1531234884
5260.00000000	0.00150758112507	0.0467559338207	0.0467802324523	88.1532157957
5260.00000000	0.00150757018699	0.0467559171071	0.0467802153949	88.1532285258
5260.00000000	0.00150763984710	0.0467558898752	0.0467801904221	88.1531421765
5260.00000000	0.00150775761374	0.0467558924188	0.0467801967599	88.1529981127
5260.00000000	0.00150786760696	0.0467559246908	0.0467802325605	88.1528647385
5260.00000000	0.00150792844164	0.0467558995063	0.0467802093500	88.1527892735
5260.00000000	0.00150792835842	0.0467557180617	0.0467800279970	88.1527822119
5260.00000000	0.00150787359865	0.0467554051681	0.0467797135008	88.1528368935
5260.00000000	0.00150778077941	0.0467550981081	0.0467794036086	88.1529383975
5260.00000000	0.00150768089325	0.0467549129065	0.0467792152838	88.1530533644
5260.00000000	0.00150761339068	0.0467548686980	0.0467791689227	88.1531342544
5260.00000000	0.00150761323480	0.0467549164436	0.0467792166385	88.1531363299
5260.00000000	0.00150768800740	0.0467550004027	0.0467793029638	88.1530481094
5260.00000000	0.00150780397684	0.0467550933814	0.0467793996320	88.1529098132
5260.00000000	0.00150791454370	0.0467551885826	0.0467794983477	88.1527782191
5260.00000000	0.00150799275791	0.0467552615543	0.0467795738028	88.1526853528
5260.00000000	0.00150803388451	0.0467552641536	0.0467795777265	88.1526351096
5260.00000000	0.00150804403613	0.0467551730529	0.0467794870004	88.1526190853
5260.00000000	0.00150803861315	0.0467550054602	0.0467793193200	88.1526191067
5260.00000000	0.00150802489009	0.0467548047748	0.0467791182965	88.1526279821
5260.00000000	0.00150799911558	0.0467546460379	0.0467789588112	88.1526532672
5260.00000000	0.00150796002417	0.0467546020980	0.0467789136340	88.1526993873
5260.00000000	0.00150790447711	0.0467546644186	0.0467789741316	88.1527698477
5260.00000000	0.00150781900564	0.0467547383976	0.0467790453171	88.1528774010
5260.00000000	0.00150769617565	0.0467547482553	0.0467790512107	88.1530281563
5260.00000000	0.00150756447467	0.0467547188433	0.0467790175694	88.1531882211
5260.00000000	0.00150747910700	0.0467547177341	0.0467790137098	88.1532926829
5260.00000000	0.00150747593278	0.0467547884025	0.0467790842391	88.1532993580
5260.00000000	0.00150753960744	0.0467549385930	0.0467792364036	88.1532273370
5260.00000000	0.00150761590017	0.0467551179099	0.0467794180861	88.1531410196
5260.00000000	0.00150766070421	0.0467552474988	0.0467795490516	88.1530912872
5260.00000000	0.00150766762883	0.0467552886505	0.0467795904051	88.1530844348
5260.00000000	0.00150765799140	0.0467552692489	0.0467795707030	88.1530954667
5260.00000000	0.00150765440103	0.0467552661279	0.0467795674679	88.1530997387
5260.00000000	0.00150767146329	0.0467553583618	0.0467796602038	88.1530824926
5260.00000000	0.00150771242578	0.0467555577959	0.0467798608545	88.1530402204
5260.00000000	0.00150776476757	0.0467557718118	0.0467800764462	88.1529845943
5260.00000000	0.00150781344891	0.0467558677135	0.0467801738672	88.1529287868
5260.00000000	0.00150783695830	0.0467557866835	0.0467800936370	88.1528968088
5260.00000000	0.00150781234530	0.0467555968211	0.0467799030799	88.1529194436
5260.00000000	0.00150774979144	0.0467554483519	0.0467797526717	88.1529901585
5260.00000000	0.00150769325601	0.0467554607977	0.0467797632888	88.1530598583
5260.00000000	0.00150768931957	0.0467556129166	0.0467799152019	88.1530706820
5260.00000000	0.00150774402113	0.0467557782725	0.0467800822348	88.1530102462
5260.00000000	0.00150781986353	0.0467558572007	0.0467801635666	88.1529205193
5260.00000000	0.00150788398898	0.0467558426963	0.0467801511367	88.1528414474
5260.00000000	0.00150792862105	0.0467558031927	0.0467801130922	88.1527852514
5260.00000000	0.00150795103017	0.0467558077968	0.0467801184163	88.1527580010
5260.00000000	0.00150793648819	0.0467558551652	0.0467801652913	88.1527776727
5260.00000000	0.00150787268430	0.0467558644283	0.0467801724930	88.1528561440
5260.00000000	0.00150776554770	0.0467557577725	0.0467800624393	88.1529830851
5260.00000000	0.00150764711108	0.0467555649245	0.0467798658744	88.1531204574
5260.00000000	0.00150756608946	0.0467553930348	0.0467796914628	88.1532128561
5260.00000000	0.00150755179719	0.0467553072267	0.0467796052387	88.1532269652
5260.00000000	0.00150759414085	0.0467552886333	0.0467795880196	88.1531743956
5260.00000000	0.00150766041026	0.0467552879768	0.0467795894991	88.1530932449
5260.00000000	0.00150772170075	0.0467552916013	0.0467795950971	88.1530183582
5260.00000000	0.00150776532206	0.0467553110770	0.0467796159687	88.1529657273
5260.00000000	0.00150778234181	0.0467553289064	0.0467796343374	88.1529455962
5260.00000000	0.00150775962126	0.0467552955141	0.0467796002301	88.1529720917
5260.00000000	0.00150769854697	0.0467551823644	0.0467794851707	88.1530423901
5260.00000000	0.00150762709548	0.0467550411666	0.0467793417435	88.1531242853
5260.00000000	0.00150758318332	0.0467549497767	0.0467792489858	88.1531744340
5260.00000000	0.00150758487434	0.0467549018667	0.0467792011552	88.1531704727
5260.00000000	0.00150761317714	0.0467548401337	0.0467791403664	88.1531333882
5260.00000000	0.00150764327026	0.0467547419951	0.0467790432486	88.1530926749
5260.00000000	0.00150768421302	0.0467546155824	0.0467789182212	88.1530375633
5260.00000000	0.00150775493722	0.0467544925907	0.0467787975729	88.1529461284
5260.00000000	0.00150784817095	0.0467544528295	0.0467787608375	88.1528304231
5260.00000000	0.00150793693031	0.0467545983667	0.0467789091602	88.1527275111
5260.00000000	0.00150799597466	0.0467549694611	0.0467792819651	88.1526698822
5260.00000000	0.00150801160071	0.0467554676251	0.0467797803738	88.1526704224
5270.00000000	0.0241981951548	0.0329246088765	0.0408605251853	53.6856867658
5270.00000000	0.0241982566935	0.0329247365053	0.0408606644702	53.6857232192
5270.00000000	0.0241983051787	0.0329248425953	0.0408607786691	53.6857565354
5270.00000000	0.0241983383965	0.0329249453296	0.0408608811225	53.6858043149
5270.00000000	0.0241983497808	0.0329250404679	0.0408609645252	53.6858704557
5270.00000000	0.0241983423542	0.0329251041104	0.0408610114091	53.6859316960
5270.00000000	0.0241983411742	0.0329251343833	0.0408610351037	53.6859581680
5270.00000000	0.0241983581700	0.0329251530106	0.0408610601783	53.6859544331
5270.00000000	0.0241983842106	0.0329251829023	0.0408610996861	53.6859498326
5270.00000000	0.0241984053112	0.0329252224780	0.0408611440715	53.6859588552
5270.00000000	0.0241984042548	0.0329252367691	0.0408611549614	53.6859719162
5270.00000000	0.0241983608903	0.0329251943004	0.0408610950599	53.6859856466
5270.00000000	0.0241982844611	0.0329251344231	0.0408610015496	53.6860222800
5270.00000000	0.0241982417423	0.0329251716130	0.0408610062182	53.6861014297
5270.00000000	0.0241982658018	0.0329253656353	0.0408611768068	53.6862353613
5270.00000000	0.0241982897414	0.0329256293539	0.0408614034850	53.6864273022
5270.00000000	0.0241982444637	0.0329258316862	0.0408615397086	53.6866464738
5270.00000000	0.0241981416720	0.0329259279226	0.0408615563818	53.6868425282
5270.00000000	0.0241980330701	0.0329259412090	0.0408615027741	53.6869762678
5270.00000000	0.0241979395426	0.0329258881161	0.0408614046056	53.6870378557
5270.00000000	0.0241978433354	0.0329257763524	0.0408612575735	53.6870537529
5270.00000000	0.0241977394230	0.0329256406482	0.0408610866874	53.6870584764
5270.00000000	0.0241976472467	0.0329255274351	0.0408609408746	53.6870686158
5270.00000000	0.0241975821150	0.0329254631076	0.0408608504692	53.6870887913
5270.00000000	0.0241975487724	0.0329254649352	0.0408608321965	53.6871279827
5270.00000000	0.0241975342262	0.0329255486165	0.0408608910124	53.6872139061
5270.00000000	0.0241974986245	0.0329257089852	0.0408609991540	53.6873872993
5270.00000000	0.0241974143946	0.0329259097177	0.0408611110240	53.6876491534
5270.00000000	0.0241973045466	0.0329261027716	0.0408612015370	53.6879335761
5270.00000000	0.0241972105643	0.0329262609410	0.0408612733361	53.6881711043
5270.00000000	0.0241971576795	0.0329264051929	0.0408613582581	53.6883506389
5270.00000000	0.0241971549677	0.0329265886915	0.0408615045170	53.6885060707
5270.00000000	0.0241971672085	0.0329268174298	0.0408616960853	53.6886821705
5270.00000000	0.0241971040728	0.0329270053989	0.0408618101661	53.6889095845
5270.00000000	0.0241968943690	0.0329270582581	0.0408617285811	53.6891904197
5270.00000000	0.0241965589184	0.0329269893105	0.0408614743804	53.6895122002
5270.00000000	0.0241961880865	0.0329268919202	0.0408611763101	53.6898503464
5270.00000000	0.0241958701546	0.0329268240357	0.0408609333424	53.6901532229
5270.00000000	0.0241956606329	0.0329267888555	0.0408607809249	53.6903607599
5270.00000000	0.0241955807553	0.0329267741672	0.0408607217893	53.6904388217
5270.00000000	0.0241956135465	0.0329267716418	0.0408607391715	53.6903996722
5270.00000000	0.0241957002910	0.0329267807936	0.0408607979120	53.6903092544
5270.00000000	0.0241957708465	0.0329268084761	0.0408608619986	53.6902525159
5270.00000000	0.0241957691641	0.0329268477707	0.0408608926672	53.6902870441
5270.00000000	0.0241956617737	0.0329268745622	0.0408608506654	53.6904306350
5270.00000000	0.0241954575103	0.0329268881042	0.0408607406242	53.6906726869
5270.00000000	0.0241951990063	0.0329269235834	0.0408606161434	53.6909942445
5270.00000000	0.0241949094588	0.0329270139894	0.0408605175441	53.6913964885
5270.00000000	0.0241945948694	0.0329271699188	0.0408604569205	53.6918814354
5270.00000000	0.0241942871772	0.0329274012287	0.0408604611292	53.6924211777
5270.00000000	0.0241940022341	0.0329276966944	0.0408605305117	53.6929884805
5270.00000000	0.0241936926144	0.0329280084386	0.0408605984055	53.6935971814
5270.00000000	0.0241933153831	0.0329283022892	0.0408606118515	53.6942674259
5270.00000000	0.0241929050006	0.0329285881576	0.0408605992421	53.6949685044
5270.00000000	0.0241925446374	0.0329288877695	0.0408606273296	53.6956244699
5270.00000000	0.0241923042597	0.0329292123018	0.0408607465450	53.6961655360
5270.00000000	0.0241921915850	0.0329295626671	0.0408609621905	53.6965837363
5270.00000000	0.0241921415882	0.0329299165507	0.0408612177824	53.6969340249
5270.00000000	0.0241920779169	0.0329302298410	0.0408614325657	53.6972660623
5270.00000000	0.0241919672375	0.0329304551290	0.0408615485980	53.6975781606
5270.00000000	0.0241918229133	0.0329305653033	0.0408615519414	53.6978327144
5270.00000000	0.0241916765461	0.0329305853897	0.0408614814736	53.6980147897
5270.00000000	0.0241915466832	0.0329305796853	0.0408613999923	53.6981568047
5270.00000000	0.0241914237926	0.0329306003879	0.0408613439209	53.6983128631
5270.00000000	0.0241912597533	0.0329306564516	0.0408612919862	53.6985447774
5270.00000000	0.0241909763899	0.0329307148779	0.0408611713129	53.6989134967
5270.00000000	0.0241905116846	0.0329307502922	0.0408609247371	53.6994680448
5270.00000000	0.0241898842924	0.0329308029074	0.0408605957152	53.7002207301
5270.00000000	0.0241892170200	0.0329309799215	0.0408603433494	53.7011217628
5270.00000000	0.0241886489692	0.0329313701018	0.0408603215325	53.7020876232
5270.00000000	0.0241882059350	0.0329319244396	0.0408605060376	53.7030484618
5270.00000000	0.0241877916639	0.0329324958796	0.0408607213646	53.7039909807
5270.00000000	0.0241873060038	0.0329329920274	0.0408608337604	53.7049516757
5270.00000000	0.0241867343517	0.0329334224284	0.0408608422753	53.7059549803
5270.00000000	0.0241861376559	0.0329338496631	0.0408608334269	53.7069839605
5270.00000000	0.0241855920413	0.0329343271657	0.0408608953432	53.7079969302
5270.00000000	0.0241851304527	0.0329348535269	0.0408610463872	53.7089554797
5270.00000000	0.0241847071250	0.0329353458394	0.0408611926439	53.7098425209
5270.00000000	0.0241842533886	0.0329356961563	0.0408612064587	53.7106460808
5270.00000000	0.0241837948247	0.0329358741966	0.0408610785616	53.7113121240
5270.00000000	0.0241834489189	0.0329359362293	0.0408609238383	53.7117545648
5270.00000000	0.0241832920840	0.0329359670044	0.0408608558223	53.7119573686
5270.00000000	0.0241832809965	0.0329360266533	0.0408608973404	53.7120194027
5270.00000000	0.0241832962972	0.0329361305093	0.0408609901095	53.7120882981
5270.00000000	0.0241832312003	0.0329362781917	0.0408610706224	53.7122844341
5270.00000000	0.0241830367104	0.0329364754029	0.0408611144794	53.7126679199
5270.00000000	0.0241826969982	0.0329367264462	0.0408611157838	53.7132602186
5270.00000000	0.0241822013089	0.0329370281942	0.0408610656543	53.7140708927
5270.00000000	0.0241815583685	0.0329373692061	0.0408609600395	53.7150805891
5270.00000000	0.0241808259641	0.0329377553968	0.0408608379122	53.7162289036
5270.00000000	0.0241800754465	0.0329381985197	0.0408607509759	53.7174449409
5270.00000000	0.0241793116170	0.0329386667123	0.0408606763901	53.7186968325
5270.00000000	0.0241784844673	0.0329391158601	0.0408605490025	53.7200045026
5270.00000000	0.0241775873199	0.0329395347234	0.0408603558037	53.7213661792
5270.00000000	0.0241766997254	0.0329399296965	0.0408601490210	53.7226972481
5270.00000000	0.0241759381454	0.0329403149341	0.0408600089717	53.7238777992
5270.00000000	0.0241754020015	0.0329407136331	0.0408600131742	53.7248146773
5270.00000000	0.0241751547721	0.0329411334926	0.0408602053841	53.7254424994
5270.00000000	0.0241752199869	0.0329415547761	0.0408605836042	53.7257182879
5270.00000000	0.0241755557624	0.0329419143604	0.0408610721610	53.7256370276
5274.00000000	0.0184813605895	0.0258111587465	0.0317454973985	54.3964986541
5274.00000000	0.0184814464950	0.0258112665246	0.0317456350409	54.3964858373
5274.00000000	0.0184815124107	0.0258113536074	0.0317457442193	54.3964806096
5274.00000000	0.0184815416940	0.0258114110372	0.0317458079613	54.3964979809
5274.00000000	0.0184815331330	0.0258114399461	0.0317458264822	54.3965409188
5274.00000000	0.0184814988060	0.0258114341099	0.0317458017528	54.3965851596
5274.00000000	0.0184814598050	0.0258113866328	0.0317457404455	54.3965925063
5274.00000000	0.0184814330887	0.0258113223684	0.0317456726408	54.3965641871
5274.00000000	0.0184814194449	0.0258112855025	0.0317456347234	54.3965454727
5274.00000000	0.0184814104491	0.0258112917128	0.0317456345356	54.3965651990
5274.00000000	0.0184813925267	0.0258113128718	0.0317456413054	54.3966137315
5274.00000000	0.0184813451983	0.0258113149005	0.0317456154016	54.3966853154
5274.00000000	0.0184812758310	0.0258113163359	0.0317455761853	54.3967886173
5274.00000000	0.0184812313134	0.0258113787163	0.0317456009881	54.3969194895
5274.00000000	0.0184812224431	0.0258115186419	0.0317457095934	54.3970795283
5274.00000000	0.0184811919899	0.0258116683802	0.0317458136128	54.3972815480
5274.00000000	0.0184810963881	0.0258117553659	0.0317458286831	54.3975132357
5274.00000000	0.0184809660503	0.0258117854678	0.0317457772812	54.3977361298
5274.00000000	0.0184808612174	0.0258118058506	0.0317457328252	54.3979113851
5274.00000000	0.0184808083876	0.0258118395208	0.0317457294467	54.3980242883
5274.00000000	0.0184807968684	0.0258118793495	0.0317457551248	54.3980830398
5274.00000000	0.0184808172196	0.0258119157963	0.0317457966064	54.3980914690
5274.00000000	0.0184808677897	0.0258119461230	0.0317458507039	54.3980491225
5274.00000000	0.0184809342789	0.0258119681184	0.0317459072948	54.3979746619
5274.00000000	0.0184809996592	0.0258119899879	0.0317459631377	54.3979016964
5274.00000000	0.0184810520457	0.0258120279633	0.0317460245116	54.3978647213
5274.00000000	0.0184810725739	0.0258120977375	0.0317460931941	54.3979079074
5274.00000000	0.0184810473113	0.0258121965399	0.0317461588218	54.3980487882
5274.00000000	0.0184809848653	0.0258122903362	0.0317461987329	54.3982389737
5274.00000000	0.0184809050588	0.0258123470989	0.0317461984267	54.3984157252
5274.00000000	0.0184808248049	0.0258123762601	0.0317461754179	54.3985641333
5274.00000000	0.0184807548784	0.0258124160978	0.0317461671022	54.3987086038
5274.00000000	0.0184806864543	0.0258124896428	0.0317461870684	54.3988862842
5274.00000000	0.0184805875993	0.0258125889902	0.0317462102997	54.3991357301
5274.00000000	0.0184804326714	0.0258126965967	0.0317462076052	54.3994761387
5274.00000000	0.0184802274153	0.0258128057059	0.0317461768364	54.3998919821
5274.00000000	0.0184800042617	0.0258129148286	0.0317461356618	54.4003341050
5274.00000000	0.0184798001123	0.0258130167968	0.0317460997344	54.4007408238
5274.00000000	0.0184796433307	0.0258131028105	0.0317460784088	54.4010612687
5274.00000000	0.0184795542630	0.0258131582701	0.0317460716568	54.4012502427
5274.00000000	0.0184795332339	0.0258131619239	0.0317460623865	54.4012849419
5274.00000000	0.0184795463784	0.0258131141857	0.0317460312215	54.4012154986
5274.00000000	0.0184795485104	0.0258130441838	0.0317459755431	54.4011388262
5274.00000000	0.0184795061523	0.0258129671151	0.0317458882207	54.4011200192
5274.00000000	0.0184794086470	0.0258128773612	0.0317457584822	54.4011688155
5274.00000000	0.0184792728257	0.0258127899697	0.0317456083606	54.4012763241
5274.00000000	0.0184791212365	0.0258127350556	0.0317454754686	54.4014410951
5274.00000000	0.0184789654262	0.0258127393258	0.0317453882434	54.4016742414
5274.00000000	0.0184788203221	0.0258128304154	0.0317453778454	54.4019828894
5274.00000000	0.0184787083423	0.0258130245452	0.0317454705143	54.4023511780
5274.00000000	0.0184786246798	0.0258133000319	0.0317456458210	54.4027633780
5274.00000000	0.0184785174317	0.0258136015775	0.0317458285902	54.4032375629
5274.00000000	0.0184783261831	0.0258138716499	0.0317459368752	54.4038019555
5274.00000000	0.0184780323960	0.0258140732080	0.0317459297677	54.4044448526
5274.00000000	0.0184776743896	0.0258142096489	0.0317458323350	54.4051135923
5274.00000000	0.0184773265674	0.0258143299408	0.0317457277026	54.4057504255
5274.00000000	0.0184770344527	0.0258144750045	0.0317456756414	54.4063315268
5274.00000000	0.0184767778352	0.0258146388369	0.0317456595057	54.4068802487
5274.00000000	0.0184765255456	0.0258148053285	0.0317456480543	54.4074254126
5274.00000000	0.0184762856056	0.0258149776517	0.0317456485355	54.4079585774
5274.00000000	0.0184760923161	0.0258151618283	0.0317456858092	54.4084357260
5274.00000000	0.0184759654662	0.0258153500306	0.0317457650264	54.4088195904
5274.00000000	0.0184759018201	0.0258155236126	0.0317458691400	54.4090953330
5274.00000000	0.0184758865469	0.0258156707810	0.0317459799277	54.4092723338
5274.00000000	0.0184758829912	0.0258157840700	0.0317460699843	54.4093965496
5274.00000000	0.0184758380946	0.0258158412719	0.0317460903715	54.4095225269
5274.00000000	0.0184757096696	0.0258158285827	0.0317460053110	54.4096976844
5274.00000000	0.0184754989209	0.0258157838225	0.0317458462597	54.4099599816
5274.00000000	0.0184752750607	0.0258158014112	0.0317457302810	54.4103070149
5274.00000000	0.0184751249742	0.0258159637090	0.0317457749163	54.4106977694
5274.00000000	0.0184750503405	0.0258162369165	0.0317459536573	54.4110942737
5274.00000000	0.0184749525842	0.0258165087613	0.0317461178353	54.4115232793
5274.00000000	0.0184747349591	0.0258167267705	0.0317461684767	54.4120716690
5274.00000000	0.0184743824161	0.0258169337301	0.0317461316208	54.4128064740
5274.00000000	0.0184739416840	0.0258172016191	0.0317460930004	54.4137347124
5274.00000000	0.0184734578468	0.0258175596055	0.0317461025766	54.4148208457
5274.00000000	0.0184729368523	0.0258179693546	0.0317461326392	54.4160158793
5274.00000000	0.0184723571698	0.0258183562434	0.0317461099746	54.4172730457
5274.00000000	0.0184717158193	0.0258186681878	0.0317459904918	54.4185420298
5274.00000000	0.0184710727219	0.0258189106261	0.0317458134786	54.4197405975
5274.00000000	0.0184705186394	0.0258191105923	0.0317456537275	54.4207639137
5274.00000000	0.0184700962540	0.0258192808194	0.0317455464225	54.4215626909
5274.00000000	0.0184697891763	0.0258194337382	0.0317454921332	54.4221740346
5274.00000000	0.0184695562475	0.0258195774420	0.0317454734925	54.4226668577
5274.00000000	0.0184693704373	0.0258197154036	0.0317454775972	54.4230844842
5274.00000000	0.0184692294681	0.0258198510649	0.0317455059207	54.4234338708
5274.00000000	0.0184691164736	0.0258199643454	0.0317455323174	54.4237186903
5274.00000000	0.0184689935858	0.0258200258167	0.0317455108204	54.4239636314
5274.00000000	0.0184688343393	0.0258200371195	0.0317454273668	54.4242092681
5274.00000000	0.0184686487096	0.0258200489150	0.0317453289656	54.4244941534
5274.00000000	0.0184684653778	0.0258201247696	0.0317452840045	54.4248429301
5274.00000000	0.0184682765468	0.0258202801044	0.0317453004912	54.4252832352
5274.00000000	0.0184680276910	0.0258204947430	0.0317453302955	54.4258739247
5274.00000000	0.0184676714606	0.0258207553087	0.0317453349941	54.4266704629
5274.00000000	0.0184672020096	0.0258210454144	0.0317452978621	54.4276642281
5274.00000000	0.0184666461606	0.0258213483178	0.0317452208902	54.4287982696
5274.00000000	0.0184660518547	0.0258216848976	0.0317451489530	54.4300241312
5274.00000000	0.0184654847606	0.0258221093674	0.0317451643503	54.4313023201
5274.00000000	0.0184650058035	0.0258226577080	0.0317453317895	54.4325811528
5274.00000000	0.0184646289230	0.0258233006332	0.0317456355560	54.4338094014
