DevNumber	X [V]	Y [V]	R [V]	Theta [°]
4253.00000000	0.000151423685562	-0.000176699533813	0.000232705517336	-49.4048851953
4253.00000000	0.000151427025041	-0.000176709447421	0.000232715218069	-49.4058491203
4253.00000000	0.000151423942815	-0.000176717644058	0.000232719436616	-49.4077384614
4253.00000000	0.000151417785656	-0.000176722265883	0.000232718940080	-49.4096299756
4253.00000000	0.000151413282645	-0.000176724430960	0.000232717654378	-49.4108186926
4253.00000000	0.000151412381579	-0.000176724441276	0.000232717075952	-49.4109888134
4253.00000000	0.000151415483585	-0.000176723612364	0.000232718464751	-49.4102760669
4253.00000000	0.000151417890113	-0.000176721337167	0.000232718302796	-49.4094616745
4253.00000000	0.000151412338484	-0.000176713865759	0.000232709017007	-49.4093027510
4253.00000000	0.000151399815081	-0.000176706096112	0.000232694968596	-49.4103996076
4253.00000000	0.000151389553225	-0.000176704960803	0.000232687429824	-49.4121365665
4253.00000000	0.000151384405708	-0.000176711057831	0.000232688711052	-49.4140758726
4253.00000000	0.000151380185227	-0.000176720083688	0.000232692819954	-49.4163109635
4253.00000000	0.000151374818688	-0.000176727070658	0.000232694635169	-49.4184337097
4253.00000000	0.000151372486536	-0.000176726222633	0.000232692473978	-49.4187340011
4253.00000000	0.000151377539546	-0.000176718296512	0.000232689741503	-49.4165194284
4253.00000000	0.000151385372226	-0.000176710220530	0.000232688703988	-49.4137610036
4253.00000000	0.000151387026030	-0.000176707926441	0.000232688037762	-49.4130842383
4253.00000000	0.000151381190414	-0.000176712684197	0.000232687854362	-49.4149376659
4253.00000000	0.000151373390268	-0.000176725773554	0.000232692720813	-49.4184930639
4253.00000000	0.000151367078515	-0.000176745102756	0.000232703295649	-49.4227693484
4253.00000000	0.000151361875605	-0.000176759587903	0.000232710913586	-49.4260621511
4253.00000000	0.000151358084462	-0.000176761292376	0.000232709742414	-49.4270441077
4253.00000000	0.000151359074824	-0.000176754665865	0.000232705353262	-49.4257977020
4253.00000000	0.000151364565732	-0.000176749812051	0.000232705238057	-49.4239934856
4253.00000000	0.000151373314940	-0.000176750647622	0.000232711563766	-49.4224911395
4253.00000000	0.000151387323900	-0.000176753831039	0.000232723094308	-49.4203813666
4253.00000000	0.000151403062286	-0.000176753042418	0.000232732733567	-49.4173123132
4253.00000000	0.000151413461438	-0.000176747332867	0.000232735162750	-49.4144535846
4253.00000000	0.000151417753123	-0.000176740569738	0.000232732818812	-49.4125679819
4253.00000000	0.000151419068048	-0.000176735735812	0.000232730003397	-49.4115478787
4253.00000000	0.000151420591017	-0.000176734508441	0.000232730062214	-49.4110665528
4253.00000000	0.000151425722407	-0.000176737602219	0.000232735750250	-49.4106027758
4253.00000000	0.000151430879516	-0.000176743865667	0.000232743862050	-49.4106419040
4253.00000000	0.000151430055972	-0.000176749604516	0.000232747684302	-49.4117150328
4253.00000000	0.000151421565914	-0.000176752007736	0.000232743985664	-49.4136871337
4253.00000000	0.000151404727526	-0.000176750527163	0.000232731906642	-49.4165981265
4253.00000000	0.000151381132216	-0.000176745046549	0.000232712394751	-49.4201322662
4253.00000000	0.000151358569477	-0.000176739537524	0.000232693533813	-49.4234693363
4253.00000000	0.000151345365285	-0.000176739154173	0.000232684654008	-49.4258774757
4253.00000000	0.000151343123048	-0.000176741002661	0.000232684599653	-49.4265929052
4253.00000000	0.000151347853625	-0.000176739086622	0.000232686221201	-49.4254012564
4253.00000000	0.000151352895731	-0.000176736484874	0.000232687524658	-49.4240415340
4253.00000000	0.000151353558692	-0.000176742006385	0.000232692149738	-49.4248018796
4253.00000000	0.000151351395283	-0.000176758194863	0.000232703038883	-49.4277990834
4253.00000000	0.000151353281907	-0.000176775954497	0.000232717756161	-49.4302901426
4253.00000000	0.000151361383631	-0.000176785306160	0.000232730128967	-49.4302723858
4253.00000000	0.000151369838770	-0.000176784362181	0.000232734911006	-49.4285400851
4253.00000000	0.000151368825599	-0.000176777581029	0.000232729101140	-49.4276437450
4253.00000000	0.000151356134600	-0.000176772216870	0.000232716772361	-49.4291581464
4253.00000000	0.000151339393796	-0.000176775329000	0.000232708248796	-49.4327874347
4253.00000000	0.000151326350845	-0.000176784807315	0.000232706967144	-49.4367446197
4253.00000000	0.000151319290807	-0.000176795305870	0.000232710352043	-49.4397460525
4253.00000000	0.000151317334861	-0.000176801130481	0.000232713505342	-49.4410444059
4253.00000000	0.000151318384842	-0.000176798635677	0.000232712292689	-49.4404486042
4253.00000000	0.000151316018679	-0.000176792279552	0.000232705925189	-49.4398736055
4253.00000000	0.000151305859471	-0.000176786288578	0.000232694767753	-49.4408148309
4253.00000000	0.000151294130738	-0.000176778617193	0.000232681313157	-49.4417807219
4253.00000000	0.000151291562159	-0.000176766411620	0.000232670369961	-49.4403069357
4253.00000000	0.000151300471723	-0.000176750666376	0.000232664201819	-49.4361187899
4253.00000000	0.000151309844072	-0.000176735660873	0.000232658897825	-49.4319623242
4253.00000000	0.000151308083300	-0.000176727241168	0.000232651356847	-49.4309431926
4253.00000000	0.000151292223373	-0.000176727201230	0.000232641012093	-49.4339039177
4253.00000000	0.000151271411323	-0.000176733959447	0.000232632612300	-49.4388802775
4253.00000000	0.000151255121603	-0.000176745087531	0.000232630474739	-49.4437105318
4253.00000000	0.000151245776656	-0.000176757203673	0.000232633604637	-49.4473994529
4253.00000000	0.000151246023636	-0.000176765137426	0.000232639793404	-49.4486235993
4253.00000000	0.000151257412651	-0.000176766556104	0.000232648275812	-49.4467195590
4253.00000000	0.000151273047020	-0.000176762111221	0.000232655063813	-49.4430824379
4253.00000000	0.000151283854271	-0.000176755681610	0.000232657206088	-49.4400308273
4253.00000000	0.000151288166856	-0.000176753442801	0.000232658309486	-49.4388654599
4253.00000000	0.000151294466774	-0.000176757657410	0.000232665607965	-49.4383617293
4253.00000000	0.000151303170407	-0.000176765845696	0.000232677488339	-49.4380446517
4253.00000000	0.000151308631792	-0.000176773192945	0.000232686621444	-49.4381994511
4253.00000000	0.000151312619872	-0.000176774706839	0.000232690364886	-49.4376958262
4253.00000000	0.000151318826885	-0.000176764829640	0.000232686897714	-49.4349531678
4253.00000000	0.000151327716098	-0.000176744836627	0.000232677491249	-49.4300887050
4253.00000000	0.000151338100025	-0.000176726370614	0.000232670218527	-49.4251888563
4253.00000000	0.000151349867375	-0.000176721464408	0.000232674146258	-49.4222020598
4253.00000000	0.000151362082257	-0.000176730228703	0.000232688748509	-49.4213214079
4253.00000000	0.000151369487552	-0.000176741430285	0.000232702073349	-49.4217306526
4253.00000000	0.000151365523355	-0.000176746766106	0.000232703547436	-49.4233265773
4253.00000000	0.000151351287080	-0.000176746985760	0.000232694454330	-49.4260242076
4253.00000000	0.000151334402462	-0.000176743625174	0.000232680919734	-49.4286440169
4253.00000000	0.000151321594583	-0.000176738017570	0.000232668330122	-49.4301416584
4253.00000000	0.000151314660273	-0.000176733832946	0.000232660641539	-49.4307686011
4253.00000000	0.000151309808993	-0.000176733581186	0.000232657295214	-49.4316358044
4253.00000000	0.000151302886563	-0.000176733578839	0.000232652791454	-49.4329304452
4253.00000000	0.000151296179076	-0.000176731002039	0.000232646471894	-49.4337725987
4253.00000000	0.000151296387343	-0.000176733324548	0.000232648371644	-49.4341056082
4253.00000000	0.000151304935254	-0.000176746221391	0.000232663727745	-49.4345719285
4253.00000000	0.000151318645496	-0.000176764200360	0.000232686301710	-49.4348863313
4253.00000000	0.000151329775953	-0.000176780383963	0.000232705834143	-49.4353957370
4253.00000000	0.000151333361488	-0.000176794393138	0.000232718808316	-49.4369680804
4253.00000000	0.000151330039728	-0.000176806667390	0.000232725973105	-49.4395544150
4253.00000000	0.000151323444173	-0.000176812608171	0.000232726197848	-49.4417390835
4253.00000000	0.000151315526123	-0.000176806977668	0.000232716771630	-49.4423188024
4253.00000000	0.000151306948022	-0.000176790786013	0.000232698892432	-49.4413312517
4253.00000000	0.000151299982802	-0.000176773981913	0.000232681596774	-49.4399437548
4253.00000000	0.000151297274639	-0.000176766436767	0.000232674103588	-49.4392422571
5260.00000000	0.000241077913502	0.000572853484440	0.000621514018357	67.1768433334
5260.00000000	0.000241057188460	0.000572876689541	0.000621527368286	67.1794340570
5260.00000000	0.000241039575078	0.000572887362756	0.000621530375089	67.1813122568
5260.00000000	0.000241028730382	0.000572882864620	0.000621522023298	67.1820729320
5260.00000000	0.000241024748482	0.000572869209251	0.000621507892378	67.1819230961
5260.00000000	0.000241026569543	0.000572852046018	0.000621492778601	67.1811547284
5260.00000000	0.000241034617357	0.000572834870287	0.000621480068370	67.1798567481
5260.00000000	0.000241049744809	0.000572820967323	0.000621473120961	67.1780741408
5260.00000000	0.000241069993228	0.000572814201125	0.000621474738541	67.1761115620
5260.00000000	0.000241091108746	0.000572813664008	0.000621482434499	67.1742980922
5260.00000000	0.000241110628602	0.000572813861281	0.000621490188901	67.1726465176
5260.00000000	0.000241127516596	0.000572811126426	0.000621494220261	67.1711137333
5260.00000000	0.000241137156579	0.000572805819969	0.000621493069690	67.1701048313
5260.00000000	0.000241133682815	0.000572801077740	0.000621487351157	67.1702303649
5260.00000000	0.000241120632915	0.000572799909179	0.000621481210957	67.1712974167
5260.00000000	0.000241107815039	0.000572802684627	0.000621478796089	67.1724858399
5260.00000000	0.000241101391500	0.000572807621509	0.000621480854285	67.1732082344
5260.00000000	0.000241099831905	0.000572812356832	0.000621484613714	67.1735101167
5260.00000000	0.000241099968549	0.000572814510525	0.000621486651749	67.1735755325
5260.00000000	0.000241099843939	0.000572814395689	0.000621486497565	67.1735820137
5260.00000000	0.000241096805458	0.000572817261624	0.000621487960315	67.1739426968
5260.00000000	0.000241092128918	0.000572825893536	0.000621494102089	67.1746487759
5260.00000000	0.000241092225479	0.000572839025748	0.000621506243417	67.1751102068
5260.00000000	0.000241098901999	0.000572851978779	0.000621520772087	67.1750061260
5260.00000000	0.000241109009376	0.000572857200657	0.000621529505934	67.1743340734
5260.00000000	0.000241121230838	0.000572853071216	0.000621530441059	67.1731479917
5260.00000000	0.000241133977140	0.000572843221114	0.000621526307494	67.1717127214
5260.00000000	0.000241142696224	0.000572829806713	0.000621517326710	67.1704921177
5260.00000000	0.000241145024658	0.000572812011607	0.000621501829087	67.1696577719
5260.00000000	0.000241142795844	0.000572793268358	0.000621483689459	67.1691766917
5260.00000000	0.000241136293648	0.000572781033980	0.000621469890664	67.1692915377
5260.00000000	0.000241128409968	0.000572773552178	0.000621459936093	67.1696937887
5260.00000000	0.000241124976882	0.000572765321736	0.000621451018391	67.1696910867
5260.00000000	0.000241127060543	0.000572758633296	0.000621445662421	67.1692747633
5260.00000000	0.000241130772048	0.000572757327963	0.000621445899467	67.1689126841
5260.00000000	0.000241135433518	0.000572760221354	0.000621450374900	67.1686200904
5260.00000000	0.000241143653233	0.000572761726397	0.000621454951481	67.1679754805
5260.00000000	0.000241158373741	0.000572756734709	0.000621456063113	67.1665460704
5260.00000000	0.000241173382867	0.000572748660865	0.000621454446542	67.1649818641
5260.00000000	0.000241179078241	0.000572748866121	0.000621456845987	67.1645052712
5260.00000000	0.000241173852417	0.000572762666672	0.000621467536902	67.1654430763
5260.00000000	0.000241162179742	0.000572781197397	0.000621480085787	67.1670978504
5260.00000000	0.000241150890270	0.000572791801380	0.000621485478194	67.1684364416
5260.00000000	0.000241143383734	0.000572789314119	0.000621480273128	67.1689852890
5260.00000000	0.000241140548410	0.000572777398053	0.000621468190503	67.1687999397
5260.00000000	0.000241142945959	0.000572759016234	0.000621452179224	67.1679386230
5260.00000000	0.000241146604595	0.000572737824514	0.000621434067731	67.1668695704
5260.00000000	0.000241147314549	0.000572718668424	0.000621416688282	67.1661238588
5260.00000000	0.000241147111558	0.000572707107604	0.000621405954681	67.1657274563
5260.00000000	0.000241151029935	0.000572708354596	0.000621408624548	67.1654391021
5260.00000000	0.000241161899443	0.000572723696854	0.000621426982582	67.1650644218
5260.00000000	0.000241181309303	0.000572746317969	0.000621455363404	67.1642245246
5260.00000000	0.000241208582820	0.000572764135291	0.000621482369100	67.1625446826
5260.00000000	0.000241233378124	0.000572769693097	0.000621497115079	67.1606368574
5260.00000000	0.000241240616735	0.000572765814825	0.000621496350589	67.1598830722
5260.00000000	0.000241228043352	0.000572758300941	0.000621484545420	67.1606824607
5260.00000000	0.000241207410683	0.000572751186122	0.000621469980106	67.1621809262
5260.00000000	0.000241191849666	0.000572749015088	0.000621461939808	67.1634254238
5260.00000000	0.000241185605653	0.000572754345509	0.000621464429130	67.1641466947
5260.00000000	0.000241182797595	0.000572767221788	0.000621475206432	67.1648459938
5260.00000000	0.000241174153796	0.000572782415326	0.000621485854840	67.1661240156
5260.00000000	0.000241156204767	0.000572792896853	0.000621488550002	67.1680240671
5260.00000000	0.000241136000094	0.000572791851421	0.000621479746730	67.1697034379
5260.00000000	0.000241121614032	0.000572780240837	0.000621463463968	67.1705105205
5260.00000000	0.000241111752935	0.000572770607651	0.000621450759427	67.1710038688
5260.00000000	0.000241100527021	0.000572775996653	0.000621451370963	67.1721505554
5260.00000000	0.000241086716628	0.000572794292050	0.000621462875754	67.1739784726
5260.00000000	0.000241075856361	0.000572815499916	0.000621478209967	67.1756597938
5260.00000000	0.000241074757956	0.000572833503473	0.000621494377790	67.1763969577
5260.00000000	0.000241082727642	0.000572842896713	0.000621506126986	67.1760556669
5260.00000000	0.000241090945298	0.000572838667238	0.000621505416378	67.1752061628
5260.00000000	0.000241093074958	0.000572825802587	0.000621494385253	67.1745651373
5260.00000000	0.000241088781506	0.000572814481658	0.000621482285319	67.1745250860
5260.00000000	0.000241078982888	0.000572807515042	0.000621472063152	67.1751085583
5260.00000000	0.000241063236277	0.000572799612212	0.000621458670899	67.1761640079
5260.00000000	0.000241044150497	0.000572787555786	0.000621440155246	67.1773547245
5260.00000000	0.000241029228760	0.000572775072861	0.000621422861832	67.1781763859
5260.00000000	0.000241026414423	0.000572767231429	0.000621414542676	67.1781351335
5260.00000000	0.000241036266882	0.000572764648134	0.000621415983142	67.1772054483
5260.00000000	0.000241051651043	0.000572766325749	0.000621423496806	67.1759580629
5260.00000000	0.000241063345210	0.000572770775833	0.000621432134712	67.1751234427
5260.00000000	0.000241066419115	0.000572772564000	0.000621434975276	67.1749261785
5260.00000000	0.000241064266274	0.000572767131207	0.000621429132778	67.1749148173
5260.00000000	0.000241064958822	0.000572755766792	0.000621418926945	67.1744494954
5260.00000000	0.000241071463889	0.000572742840345	0.000621409536351	67.1734343254
5260.00000000	0.000241083941049	0.000572735470668	0.000621407584435	67.1721103790
5260.00000000	0.000241098324582	0.000572738921469	0.000621416345361	67.1710115029
5260.00000000	0.000241107858645	0.000572750598970	0.000621430807187	67.1706190480
5260.00000000	0.000241108681626	0.000572762493787	0.000621442089534	67.1709746134
5260.00000000	0.000241100548304	0.000572769292376	0.000621445200063	67.1719089393
5260.00000000	0.000241088508702	0.000572768012060	0.000621439349146	67.1728862302
5260.00000000	0.000241081407162	0.000572759370866	0.000621428629686	67.1731806231
5260.00000000	0.000241084892782	0.000572749710875	0.000621421078525	67.1725388844
5260.00000000	0.000241097738581	0.000572743986090	0.000621420785902	67.1712424744
5260.00000000	0.000241111676129	0.000572741629335	0.000621424021373	67.1699737760
5260.00000000	0.000241119128503	0.000572738379600	0.000621423917786	67.1692242346
5260.00000000	0.000241119044661	0.000572734769314	0.000621420557819	67.1691022009
5260.00000000	0.000241114724908	0.000572734348665	0.000621418494018	67.1694542360
5260.00000000	0.000241109085917	0.000572738297190	0.000621419945271	67.1700746837
5260.00000000	0.000241104375613	0.000572747681301	0.000621426766704	67.1708106556
5270.00000000	-0.00111297282595	-0.00844347415008	0.00851651127131	-97.5091270762
5270.00000000	-0.00111277069620	-0.00844351857880	0.00851652890636	-97.5077398293
5270.00000000	-0.00111258751576	-0.00844355888790	0.00851654493757	-97.5064825994
5270.00000000	-0.00111243181708	-0.00844359562496	0.00851656102107	-97.5054118145
5270.00000000	-0.00111230635095	-0.00844362308086	0.00851657185434	-97.5045508379
5270.00000000	-0.00111220876704	-0.00844363724935	0.00851657315709	-97.5038875101
5270.00000000	-0.00111213035686	-0.00844365169782	0.00851657724234	-97.5033518244
5270.00000000	-0.00111205563040	-0.00844367535608	0.00851659094027	-97.5028326192
5270.00000000	-0.00111197217089	-0.00844370302143	0.00851660747146	-97.5022516469
5270.00000000	-0.00111187253358	-0.00844373000903	0.00851662121949	-97.5015633671
5270.00000000	-0.00111174798836	-0.00844375799125	0.00851663270339	-97.5007080817
5270.00000000	-0.00111158702262	-0.00844378522613	0.00851663869457	-97.4996105313
5270.00000000	-0.00111138418765	-0.00844380456453	0.00851663139607	-97.4982406481
5270.00000000	-0.00111114484170	-0.00844381152920	0.00851660707089	-97.4966380943
5270.00000000	-0.00111088459438	-0.00844380821813	0.00851656983807	-97.4949051349
5270.00000000	-0.00111062449946	-0.00844380489317	0.00851653261913	-97.4931731891
5270.00000000	-0.00111036801730	-0.00844381096518	0.00851650519577	-97.4914570835
5270.00000000	-0.00111010056553	-0.00844382995368	0.00851648915647	-97.4896564702
5270.00000000	-0.00110981142309	-0.00844386184624	0.00851648309299	-97.4876998542
5270.00000000	-0.00110950269126	-0.00844390101974	0.00851648170626	-97.4856061869
5270.00000000	-0.00110918669068	-0.00844394219923	0.00851648137312	-97.4834622763
5270.00000000	-0.00110888409689	-0.00844399073304	0.00851649008923	-97.4814013516
5270.00000000	-0.00110861837554	-0.00844404624149	0.00851651053137	-97.4795802761
5270.00000000	-0.00110841060666	-0.00844409809111	0.00851653489662	-97.4781489776
5270.00000000	-0.00110828016898	-0.00844413971404	0.00851655919038	-97.4772424680
5270.00000000	-0.00110823648513	-0.00844417352417	0.00851658702846	-97.4769214819
5270.00000000	-0.00110826799944	-0.00844420387418	0.00851662122131	-97.4771051232
5270.00000000	-0.00110835131728	-0.00844422971856	0.00851665768846	-97.4776382520
5270.00000000	-0.00110847106384	-0.00844425279434	0.00851669615251	-97.4784167888
5270.00000000	-0.00110861414383	-0.00844428067854	0.00851674242289	-97.4793467465
5270.00000000	-0.00110875924183	-0.00844430980608	0.00851679019099	-97.4802890656
5270.00000000	-0.00110887985233	-0.00844432770890	0.00851682364395	-97.4810778719
5270.00000000	-0.00110895903961	-0.00844432229791	0.00851682858948	-97.4816107982
5270.00000000	-0.00110900504291	-0.00844428697452	0.00851679955695	-97.4819485872
5270.00000000	-0.00110904683290	-0.00844422534392	0.00851674389286	-97.4822813214
5270.00000000	-0.00110910768102	-0.00844415192886	0.00851667902681	-97.4827515054
5270.00000000	-0.00110919484466	-0.00844408532629	0.00851662434308	-97.4833912583
5270.00000000	-0.00110930327852	-0.00844403730186	0.00851659085075	-97.4841566174
5270.00000000	-0.00110942342743	-0.00844400852782	0.00851657797236	-97.4849832543
5270.00000000	-0.00110954210899	-0.00844399349267	0.00851657852637	-97.4857880644
5270.00000000	-0.00110964079949	-0.00844398151237	0.00851657950618	-97.4864568521
5270.00000000	-0.00110969932877	-0.00844396081630	0.00851656661264	-97.4868653963
5270.00000000	-0.00110971432925	-0.00844393775333	0.00851654570085	-97.4869856699
5270.00000000	-0.00110970461200	-0.00844393267214	0.00851653939682	-97.4869253078
5270.00000000	-0.00110968323755	-0.00844395325330	0.00851655701746	-97.4867646940
5270.00000000	-0.00110964152125	-0.00844398694106	0.00851658498263	-97.4864569079
5270.00000000	-0.00110957038613	-0.00844401727530	0.00851660579030	-97.4859558339
5270.00000000	-0.00110947481830	-0.00844403450110	0.00851661041895	-97.4853032798
5270.00000000	-0.00110936660890	-0.00844403413948	0.00851659596445	-97.4845818169
5270.00000000	-0.00110925211591	-0.00844401894664	0.00851656598799	-97.4838314340
5270.00000000	-0.00110913540916	-0.00844399901780	0.00851653102904	-97.4830704289
5270.00000000	-0.00110902086282	-0.00844398318291	0.00851650041199	-97.4823202417
5270.00000000	-0.00110891088867	-0.00844397576905	0.00851647874109	-97.4815931705
5270.00000000	-0.00110880657946	-0.00844397015826	0.00851645959682	-97.4809023036
5270.00000000	-0.00110871148741	-0.00844395172238	0.00851642893777	-97.4802841487
5270.00000000	-0.00110863001191	-0.00844391788082	0.00851638477767	-97.4797703099
5270.00000000	-0.00110856528138	-0.00844388047640	0.00851633926536	-97.4793712834
5270.00000000	-0.00110851010379	-0.00844385445733	0.00851630628541	-97.4790260056
5270.00000000	-0.00110844550560	-0.00844385315894	0.00851629658998	-97.4785962375
5270.00000000	-0.00110836252134	-0.00844388833105	0.00851632066247	-97.4780118896
5270.00000000	-0.00110827053421	-0.00844395846834	0.00851637823209	-97.4773368787
5270.00000000	-0.00110818181132	-0.00844404606010	0.00851645353372	-97.4766683710
5270.00000000	-0.00110810246802	-0.00844413328981	0.00851652969793	-97.4760627577
5270.00000000	-0.00110802762683	-0.00844420562222	0.00851659167814	-97.4755002250
5270.00000000	-0.00110795169885	-0.00844425846586	0.00851663419463	-97.4749475078
5270.00000000	-0.00110788427194	-0.00844429431258	0.00851666096528	-97.4744663756
5270.00000000	-0.00110783694326	-0.00844431513117	0.00851667545040	-97.4741324591
5270.00000000	-0.00110780456550	-0.00844432522539	0.00851668124726	-97.4739076557
5270.00000000	-0.00110776977685	-0.00844432627340	0.00851667776131	-97.4736746870
5270.00000000	-0.00110771538603	-0.00844431697628	0.00851666146870	-97.4733200171
5270.00000000	-0.00110763302228	-0.00844430407238	0.00851663796218	-97.4727819119
5270.00000000	-0.00110753038432	-0.00844429268283	0.00851661332135	-97.4721072417
5270.00000000	-0.00110742930893	-0.00844428037226	0.00851658797169	-97.4714437964
5270.00000000	-0.00110735218837	-0.00844426788813	0.00851656556574	-97.4709402886
5270.00000000	-0.00110730550394	-0.00844426206396	0.00851655372107	-97.4706339763
5270.00000000	-0.00110727906044	-0.00844425809620	0.00851654634890	-97.4704610562
5270.00000000	-0.00110726154944	-0.00844423827710	0.00851652442134	-97.4703615847
5270.00000000	-0.00110724990340	-0.00844420470622	0.00851648962126	-97.4703132632
5270.00000000	-0.00110724501709	-0.00844417929849	0.00851646379391	-97.4703028925
5270.00000000	-0.00110724365293	-0.00844417034635	0.00851645474039	-97.4703016230
5270.00000000	-0.00110723745459	-0.00844416713501	0.00851645075044	-97.4702630855
5270.00000000	-0.00110722587227	-0.00844416328810	0.00851644543037	-97.4701891897
5270.00000000	-0.00110721898143	-0.00844416408666	0.00851644532626	-97.4701425254
5270.00000000	-0.00110722173752	-0.00844417321382	0.00851645473428	-97.4701529270
5270.00000000	-0.00110723055779	-0.00844418609811	0.00851646865594	-97.4702004936
5270.00000000	-0.00110724103238	-0.00844419439425	0.00851647824348	-97.4702631084
5270.00000000	-0.00110725594692	-0.00844419646942	0.00851648224012	-97.4703607813
5270.00000000	-0.00110727863598	-0.00844420077114	0.00851648945523	-97.4705083666
5270.00000000	-0.00110730711280	-0.00844421809756	0.00851651033705	-97.4706831661
5270.00000000	-0.00110733423158	-0.00844425064590	0.00851654613509	-97.4708355909
5270.00000000	-0.00110735750008	-0.00844429494956	0.00851659308809	-97.4709520484
5270.00000000	-0.00110737518783	-0.00844435217763	0.00851665213018	-97.4710199733
5270.00000000	-0.00110738247165	-0.00844442142955	0.00851672174128	-97.4710079818
5270.00000000	-0.00110738180092	-0.00844449621180	0.00851679580148	-97.4709380939
5270.00000000	-0.00110737933572	-0.00844455351619	0.00851685229888	-97.4708715257
5270.00000000	-0.00110737619383	-0.00844456799840	0.00851686624964	-97.4708379009
5270.00000000	-0.00110737167166	-0.00844454564856	0.00851684350155	-97.4708272864
5270.00000000	-0.00110736779596	-0.00844451744683	0.00851681503529	-97.4708261026
5270.00000000	-0.00110737091668	-0.00844450846639	0.00851680653684	-97.4708547738
5270.00000000	-0.00110738180321	-0.00844451987573	0.00851681926482	-97.4709174100
5274.00000000	-0.000512682602644	-0.00429462234793	0.00432511555480	-96.8076279200
5274.00000000	-0.000512571775082	-0.00429466110135	0.00432514089945	-96.8061092686
5274.00000000	-0.000512446900633	-0.00429467767300	0.00432514255730	-96.8044406804
5274.00000000	-0.000512320195577	-0.00429466951939	0.00432511945079	-96.8027868116
5274.00000000	-0.000512197628752	-0.00429465354930	0.00432508907648	-96.8011996223
5274.00000000	-0.000512083666353	-0.00429464431228	0.00432506640993	-96.7997150346
5274.00000000	-0.000511985735403	-0.00429464895873	0.00432505942988	-96.7984195418
5274.00000000	-0.000511902522961	-0.00429466502930	0.00432506553788	-96.7972997444
5274.00000000	-0.000511828158993	-0.00429468355172	0.00432507512926	-96.7962925017
5274.00000000	-0.000511758637793	-0.00429469679187	0.00432508004983	-96.7953572463
5274.00000000	-0.000511691050141	-0.00429470436307	0.00432507957117	-96.7944563121
5274.00000000	-0.000511622776161	-0.00429471224455	0.00432507932049	-96.7935458634
5274.00000000	-0.000511556343792	-0.00429472247895	0.00432508162514	-96.7926559531
5274.00000000	-0.000511499584401	-0.00429473048380	0.00432508286086	-96.7918967785
5274.00000000	-0.000511455289734	-0.00429472774901	0.00432507490704	-96.7913183940
5274.00000000	-0.000511420436487	-0.00429471493357	0.00432505806013	-96.7908799947
5274.00000000	-0.000511387854875	-0.00429470348327	0.00432504283763	-96.7904693360
5274.00000000	-0.000511349536883	-0.00429470353430	0.00432503835780	-96.7899652008
5274.00000000	-0.000511300281029	-0.00429471847568	0.00432504737115	-96.7892938618
5274.00000000	-0.000511237252379	-0.00429474710858	0.00432506835263	-96.7884199116
5274.00000000	-0.000511156990677	-0.00429478364824	0.00432509514974	-96.7873068993
5274.00000000	-0.000511056626402	-0.00429482157035	0.00432512094588	-96.7859272995
5274.00000000	-0.000510941360056	-0.00429485419984	0.00432513972853	-96.7843599713
5274.00000000	-0.000510822205950	-0.00429487705616	0.00432514835048	-96.7827568063
5274.00000000	-0.000510706180076	-0.00429489281654	0.00432515029888	-96.7812058972
5274.00000000	-0.000510594199494	-0.00429490526078	0.00432514943507	-96.7797133892
5274.00000000	-0.000510487228146	-0.00429491366963	0.00432514515822	-96.7782930841
5274.00000000	-0.000510390460133	-0.00429491858500	0.00432513861900	-96.7770124581
5274.00000000	-0.000510310424504	-0.00429492506042	0.00432513560527	-96.7759494984
5274.00000000	-0.000510243754314	-0.00429493684705	0.00432513944387	-96.7750540548
5274.00000000	-0.000510182366527	-0.00429495520449	0.00432515043157	-96.7742178335
5274.00000000	-0.000510127549493	-0.00429497638153	0.00432516499508	-96.7734636468
5274.00000000	-0.000510085975255	-0.00429498707130	0.00432517070701	-96.7729000527
5274.00000000	-0.000510062969726	-0.00429498041101	0.00432516138011	-96.7726078286
5274.00000000	-0.000510059438229	-0.00429496212172	0.00432514280198	-96.7725899448
5274.00000000	-0.000510068286607	-0.00429493923415	0.00432512111762	-96.7727420987
5274.00000000	-0.000510086588165	-0.00429491392596	0.00432509814441	-96.7730223910
5274.00000000	-0.000510115121292	-0.00429488442946	0.00432507221898	-96.7734438254
5274.00000000	-0.000510150897203	-0.00429485443334	0.00432504665195	-96.7739613240
5274.00000000	-0.000510191449403	-0.00429483019898	0.00432502737021	-96.7745326570
5274.00000000	-0.000510230502801	-0.00429481021990	0.00432501213766	-96.7750776279
5274.00000000	-0.000510252401667	-0.00429479012597	0.00432499476758	-96.7753971131
5274.00000000	-0.000510249241535	-0.00429477809626	0.00432498244906	-96.7753743427
5274.00000000	-0.000510229494192	-0.00429478766778	0.00432498962404	-96.7750996051
5274.00000000	-0.000510202498087	-0.00429481679572	0.00432501536388	-96.7746989483
5274.00000000	-0.000510168598139	-0.00429484953751	0.00432504387821	-96.7742018293
5274.00000000	-0.000510130817825	-0.00429487462976	0.00432506433902	-96.7736656235
5274.00000000	-0.000510099663723	-0.00429488985966	0.00432507578818	-96.7732319985
5274.00000000	-0.000510079107897	-0.00429489808133	0.00432508152817	-96.7729487437
5274.00000000	-0.000510059091779	-0.00429490634181	0.00432508737045	-96.7726725289
5274.00000000	-0.000510026633624	-0.00429491928648	0.00432509639712	-96.7722253241
5274.00000000	-0.000509977010271	-0.00429493423596	0.00432510539088	-96.7715491841
5274.00000000	-0.000509916511776	-0.00429494677934	0.00432511071377	-96.7707337440
5274.00000000	-0.000509853215772	-0.00429495255293	0.00432510898517	-96.7698920769
5274.00000000	-0.000509792346904	-0.00429494205707	0.00432509138754	-96.7691077416
5274.00000000	-0.000509739332450	-0.00429491411291	0.00432505738971	-96.7684539668
5274.00000000	-0.000509697582295	-0.00429488391719	0.00432502248405	-96.7679518809
5274.00000000	-0.000509664376391	-0.00429486584424	0.00432500062388	-96.7675432642
5274.00000000	-0.000509634079371	-0.00429486162719	0.00432499286607	-96.7671512812
5274.00000000	-0.000509600425215	-0.00429487158943	0.00432499879342	-96.7666929997
5274.00000000	-0.000509560704640	-0.00429489802593	0.00432502036584	-96.7661292011
5274.00000000	-0.000509516530880	-0.00429493758146	0.00432505444172	-96.7654863516
5274.00000000	-0.000509471887496	-0.00429498525142	0.00432509652078	-96.7648246722
5274.00000000	-0.000509425868732	-0.00429502813349	0.00432513368385	-96.7641523830
5274.00000000	-0.000509373079621	-0.00429504924920	0.00432514843529	-96.7634250002
5274.00000000	-0.000509316522631	-0.00429504308847	0.00432513565707	-96.7626906059
5274.00000000	-0.000509266527725	-0.00429502044795	0.00432510728706	-96.7620682371
5274.00000000	-0.000509224984824	-0.00429499915648	0.00432508125234	-96.7615549439
5274.00000000	-0.000509185462858	-0.00429499007309	0.00432506757907	-96.7610491907
5274.00000000	-0.000509143327164	-0.00429499045054	0.00432506299351	-96.7604942960
5274.00000000	-0.000509099311097	-0.00429499260386	0.00432505995054	-96.7599118941
5274.00000000	-0.000509054275982	-0.00429499124110	0.00432505329644	-96.7593215677
5274.00000000	-0.000509007489052	-0.00429498063968	0.00432503726217	-96.7587225974
5274.00000000	-0.000508965329621	-0.00429495984806	0.00432501165353	-96.7582003858
5274.00000000	-0.000508936252543	-0.00429493793100	0.00432498646706	-96.7578520283
5274.00000000	-0.000508922552764	-0.00429492376329	0.00432497078570	-96.7576938851
5274.00000000	-0.000508922808871	-0.00429491607037	0.00432496317637	-96.7577092466
5274.00000000	-0.000508933784582	-0.00429491331511	0.00432496173178	-96.7578579344
5274.00000000	-0.000508949716444	-0.00429491456586	0.00432496484864	-96.7580655786
5274.00000000	-0.000508962093845	-0.00429491385986	0.00432496560409	-96.7582295118
5274.00000000	-0.000508965962249	-0.00429490442427	0.00432495668930	-96.7582951132
5274.00000000	-0.000508963855341	-0.00429489455231	0.00432494663799	-96.7582827859
5274.00000000	-0.000508966091330	-0.00429490207043	0.00432495436701	-96.7583004810
5274.00000000	-0.000508976599472	-0.00429492806408	0.00432498141666	-96.7583981977
5274.00000000	-0.000508987845806	-0.00429495413290	0.00432500862784	-96.7585055072
5274.00000000	-0.000508991793084	-0.00429496595196	0.00432502082930	-96.7585390092
5274.00000000	-0.000508988685766	-0.00429496432309	0.00432501884607	-96.7585006705
5274.00000000	-0.000508982674687	-0.00429495458174	0.00432500846500	-96.7584367788
5274.00000000	-0.000508978509674	-0.00429494277773	0.00432499625287	-96.7584003886
5274.00000000	-0.000508978627384	-0.00429493960793	0.00432499311895	-96.7584068789
5274.00000000	-0.000508983144131	-0.00429495874879	0.00432501265834	-96.7584364581
5274.00000000	-0.000508994186036	-0.00429500044690	0.00432505536615	-96.7585167108
5274.00000000	-0.000509017723051	-0.00429504787657	0.00432510523622	-96.7587524020
5274.00000000	-0.000509053936634	-0.00429508282024	0.00432514419911	-96.7591743157
5274.00000000	-0.000509093385810	-0.00429509486582	0.00432516080416	-96.7596744895
5274.00000000	-0.000509123120054	-0.00429508693951	0.00432515643293	-96.7600780030
5274.00000000	-0.000509134964337	-0.00429507392378	0.00432514490192	-96.7602541110
5274.00000000	-0.000509129349805	-0.00429507133928	0.00432514167448	-96.7601842819
5274.00000000	-0.000509116766659	-0.00429508612181	0.00432515487305	-96.7599956991
5274.00000000	-0.000509109306053	-0.00429511381586	0.00432518149638	-96.7598543716
