DevNumber	X [V]	Y [V]	R [V]	Theta [°]
4253.00000000	-0.000304248216420	0.000696200386817	0.000759777569950	113.605925419
4253.00000000	-0.000304280891340	0.000696200410936	0.000759790677109	113.608182520
4253.00000000	-0.000304309628398	0.000696181495177	0.000759784853865	113.610739488
4253.00000000	-0.000304320889398	0.000696152093694	0.000759762424234	113.612405674
4253.00000000	-0.000304313230632	0.000696129569759	0.000759738718396	113.612556833
4253.00000000	-0.000304292170244	0.000696119179599	0.000759720762569	113.611415373
4253.00000000	-0.000304269260160	0.000696119810930	0.000759712165130	113.609813124
4253.00000000	-0.000304254429069	0.000696126512054	0.000759712365565	113.608585815
4253.00000000	-0.000304247286289	0.000696136984004	0.000759719100532	113.607775925
4253.00000000	-0.000304242385813	0.000696149340811	0.000759728460726	113.607064078
4253.00000000	-0.000304237639051	0.000696162331128	0.000759738463089	113.606343739
4253.00000000	-0.000304237636504	0.000696173297697	0.000759748510951	113.606012377
4253.00000000	-0.000304243842872	0.000696179144570	0.000759756353879	113.606264685
4253.00000000	-0.000304254447711	0.000696175687000	0.000759757432423	113.607101923
4253.00000000	-0.000304265273146	0.000696163201684	0.000759750327293	113.608227053
4253.00000000	-0.000304277024597	0.000696149508127	0.000759742486217	113.609452687
4253.00000000	-0.000304284787393	0.000696144499099	0.000759741005517	113.610140406
4253.00000000	-0.000304285944903	0.000696151107469	0.000759747524310	113.610020791
4253.00000000	-0.000304284384774	0.000696163805438	0.000759758534548	113.609529460
4253.00000000	-0.000304285125050	0.000696177876255	0.000759771724081	113.609155638
4253.00000000	-0.000304287261703	0.000696187770903	0.000759781646258	113.609004444
4253.00000000	-0.000304288645941	0.000696190828774	0.000759785002562	113.609007741
4253.00000000	-0.000304286510827	0.000696185361667	0.000759779137954	113.609025321
4253.00000000	-0.000304279877597	0.000696178308122	0.000759770018236	113.608779997
4253.00000000	-0.000304269494129	0.000696175764793	0.000759763529358	113.608139305
4253.00000000	-0.000304256369061	0.000696178679566	0.000759760943979	113.607144316
4253.00000000	-0.000304244373417	0.000696180131829	0.000759757470979	113.606271533
4253.00000000	-0.000304234765654	0.000696179559695	0.000759753099348	113.605624886
4253.00000000	-0.000304226085723	0.000696181007028	0.000759750949839	113.604981365
4253.00000000	-0.000304210590101	0.000696187231962	0.000759750449211	113.603722577
4253.00000000	-0.000304187467848	0.000696199357441	0.000759752302331	113.601758582
4253.00000000	-0.000304162290512	0.000696212338343	0.000759754117481	113.599626752
4253.00000000	-0.000304141107960	0.000696217771251	0.000759750616029	113.597998868
4253.00000000	-0.000304123144891	0.000696214207282	0.000759740159318	113.596865063
4253.00000000	-0.000304108524861	0.000696211257000	0.000759731603441	113.595943740
4253.00000000	-0.000304092699779	0.000696213908964	0.000759727699307	113.594770000
4253.00000000	-0.000304075940937	0.000696223126740	0.000759729438725	113.593333524
4253.00000000	-0.000304062819261	0.000696236791541	0.000759736709625	113.592014204
4253.00000000	-0.000304050636814	0.000696253517905	0.000759747162510	113.590667421
4253.00000000	-0.000304034560794	0.000696270891063	0.000759756650447	113.589032064
4253.00000000	-0.000304017195004	0.000696284747131	0.000759762399665	113.587413742
4253.00000000	-0.000304009573234	0.000696290400991	0.000759764531372	113.586716376
4253.00000000	-0.000304010211400	0.000696290494443	0.000759764872370	113.586757661
4253.00000000	-0.000304010708486	0.000696286996169	0.000759761865264	113.586897578
4253.00000000	-0.000304004320092	0.000696282646207	0.000759755322485	113.586587321
4253.00000000	-0.000303994181874	0.000696283413695	0.000759751969263	113.585863474
4253.00000000	-0.000303984089128	0.000696290013554	0.000759753979534	113.584966779
4253.00000000	-0.000303975702678	0.000696297031326	0.000759757055678	113.584175408
4253.00000000	-0.000303967971341	0.000696299164132	0.000759755917102	113.583576709
4253.00000000	-0.000303959434548	0.000696296137426	0.000759749727769	113.583078009
4253.00000000	-0.000303946413715	0.000696285992009	0.000759735220375	113.582484159
4253.00000000	-0.000303928807643	0.000696272756049	0.000759716046251	113.581666604
4253.00000000	-0.000303917699435	0.000696256152176	0.000759696385060	113.581399763
4253.00000000	-0.000303922307408	0.000696237242389	0.000759680897897	113.582288829
4253.00000000	-0.000303936511483	0.000696221042303	0.000759671733552	113.583759473
4253.00000000	-0.000303949076130	0.000696213028580	0.000759669416289	113.584869791
4253.00000000	-0.000303955900266	0.000696217932546	0.000759676641016	113.585193498
4253.00000000	-0.000303956575613	0.000696236264574	0.000759693711944	113.584686985
4253.00000000	-0.000303952360551	0.000696258862310	0.000759712735730	113.583713764
4253.00000000	-0.000303949005668	0.000696279131994	0.000759729970251	113.582870286
4253.00000000	-0.000303949113493	0.000696291524221	0.000759741370662	113.582503845
4253.00000000	-0.000303949413351	0.000696296193988	0.000759745770399	113.582383678
4253.00000000	-0.000303947482388	0.000696293617850	0.000759742636890	113.582327942
4253.00000000	-0.000303941736186	0.000696289677191	0.000759736726477	113.582049675
4253.00000000	-0.000303936520021	0.000696292590846	0.000759737310042	113.581601241
4253.00000000	-0.000303937106179	0.000696304646552	0.000759748593498	113.581278036
4253.00000000	-0.000303941611824	0.000696319967566	0.000759764437592	113.581127228
4253.00000000	-0.000303939200623	0.000696334446884	0.000759776743256	113.580523767
4253.00000000	-0.000303928103285	0.000696344744612	0.000759781741894	113.579446133
4253.00000000	-0.000303912469170	0.000696345914282	0.000759776560085	113.578330297
4253.00000000	-0.000303898171098	0.000696336357050	0.000759762081540	113.577630356
4253.00000000	-0.000303886969662	0.000696323026664	0.000759745383529	113.577258239
4253.00000000	-0.000303881494406	0.000696313262262	0.000759734244222	113.577174334
4253.00000000	-0.000303881512848	0.000696308022718	0.000759729449444	113.577333660
4253.00000000	-0.000303887385795	0.000696304670012	0.000759728725747	113.577840737
4253.00000000	-0.000303895878356	0.000696300058735	0.000759727896471	113.578566849
4253.00000000	-0.000303905219127	0.000696293306664	0.000759725444564	113.579416174
4253.00000000	-0.000303915506087	0.000696287990889	0.000759724687697	113.580287572
4253.00000000	-0.000303929370114	0.000696289642824	0.000759731747870	113.581195997
4253.00000000	-0.000303943812153	0.000696295370843	0.000759742775157	113.582021378
4253.00000000	-0.000303953564973	0.000696294859952	0.000759746208714	113.582710872
4253.00000000	-0.000303954133269	0.000696281182505	0.000759733900943	113.583162822
4253.00000000	-0.000303944114382	0.000696261549722	0.000759711899530	113.583062710
4253.00000000	-0.000303927582143	0.000696246577401	0.000759691563551	113.582371761
4253.00000000	-0.000303914313846	0.000696240414657	0.000759680607335	113.581640578
4253.00000000	-0.000303911443092	0.000696240592963	0.000759679622296	113.581436764
4253.00000000	-0.000303920539568	0.000696243417995	0.000759685850515	113.581980295
4253.00000000	-0.000303937647647	0.000696246165056	0.000759695212577	113.583079938
4253.00000000	-0.000303958135752	0.000696249522080	0.000759706486274	113.584394772
4253.00000000	-0.000303974210733	0.000696250700722	0.000759713998190	113.585470279
4253.00000000	-0.000303978799726	0.000696249695934	0.000759714913484	113.585817779
4253.00000000	-0.000303974052298	0.000696247739100	0.000759711220578	113.585548698
4253.00000000	-0.000303967196293	0.000696247891528	0.000759708617089	113.585070225
4253.00000000	-0.000303961744860	0.000696249787572	0.000759708173599	113.584636218
4253.00000000	-0.000303955694139	0.000696253344155	0.000759709012219	113.584110682
4253.00000000	-0.000303948728207	0.000696254089878	0.000759706908650	113.583606703
4253.00000000	-0.000303946353163	0.000696248610402	0.000759700936611	113.583607879
4253.00000000	-0.000303948259621	0.000696239852230	0.000759693672713	113.584003926
4253.00000000	-0.000303946304664	0.000696236487003	0.000759689806404	113.583970344
4253.00000000	-0.000303941440607	0.000696239556468	0.000759690673438	113.583541518
5260.00000000	-0.000287044021607	-0.000433174902603	0.000519648695356	-123.530507484
5260.00000000	-0.000287041313616	-0.000433176808569	0.000519648788322	-123.530142508
5260.00000000	-0.000287034123964	-0.000433174628127	0.000519642999350	-123.529614491
5260.00000000	-0.000287031176375	-0.000433169659305	0.000519637229184	-123.529646192
5260.00000000	-0.000287042459002	-0.000433168918632	0.000519642844018	-123.530728318
5260.00000000	-0.000287064631493	-0.000433175275912	0.000519660391329	-123.532378975
5260.00000000	-0.000287084834610	-0.000433184956996	0.000519679621719	-123.533646089
5260.00000000	-0.000287097207424	-0.000433194919921	0.000519694761524	-123.534176355
5260.00000000	-0.000287097559300	-0.000433202504028	0.000519701277709	-123.533746786
5260.00000000	-0.000287087075713	-0.000433201640467	0.000519694766516	-123.532835948
5260.00000000	-0.000287072420012	-0.000433191460969	0.000519678185215	-123.532109027
5260.00000000	-0.000287057617207	-0.000433176357128	0.000519657417893	-123.531668458
5260.00000000	-0.000287048661009	-0.000433163026680	0.000519641358506	-123.531657211
5260.00000000	-0.000287048275864	-0.000433158331723	0.000519637232132	-123.531907772
5260.00000000	-0.000287050622767	-0.000433164655201	0.000519643799680	-123.531738329
5260.00000000	-0.000287046532519	-0.000433176209635	0.000519651171869	-123.530658658
5260.00000000	-0.000287036751812	-0.000433184824145	0.000519652950305	-123.529235052
5260.00000000	-0.000287027804838	-0.000433186743556	0.000519649608431	-123.528295822
5260.00000000	-0.000287023317117	-0.000433181643312	0.000519642878014	-123.528193951
5260.00000000	-0.000287023487566	-0.000433171944067	0.000519634886763	-123.528800329
5260.00000000	-0.000287027195762	-0.000433161435246	0.000519628174844	-123.529781206
5260.00000000	-0.000287031641870	-0.000433154300874	0.000519624683594	-123.530624402
5260.00000000	-0.000287033781210	-0.000433153035398	0.000519624810445	-123.530898117
5260.00000000	-0.000287032936994	-0.000433158649140	0.000519629023674	-123.530478601
5260.00000000	-0.000287030842096	-0.000433166823932	0.000519634680973	-123.529788156
5260.00000000	-0.000287029551887	-0.000433174667953	0.000519640507094	-123.529191832
5260.00000000	-0.000287027213808	-0.000433181457817	0.000519644875720	-123.528563408
5260.00000000	-0.000287020491246	-0.000433185429106	0.000519644473063	-123.527703654
5260.00000000	-0.000287011867518	-0.000433187901017	0.000519641770534	-123.526760462
5260.00000000	-0.000287004863025	-0.000433196166294	0.000519644792038	-123.525613292
5260.00000000	-0.000286998422337	-0.000433214837928	0.000519656800422	-123.523884272
5260.00000000	-0.000286991703328	-0.000433237782928	0.000519672218168	-123.521869550
5260.00000000	-0.000286986394697	-0.000433255831276	0.000519684333106	-123.520282709
5260.00000000	-0.000286980713568	-0.000433264580175	0.000519688489765	-123.519227865
5260.00000000	-0.000286974613267	-0.000433269594861	0.000519689301882	-123.518361849
5260.00000000	-0.000286975980475	-0.000433275085032	0.000519694634068	-123.518153275
5260.00000000	-0.000286986170056	-0.000433276515860	0.000519701453721	-123.519002739
5260.00000000	-0.000286996205186	-0.000433267871650	0.000519699788720	-123.520451370
5260.00000000	-0.000287000678279	-0.000433253476155	0.000519690257685	-123.521738962
5260.00000000	-0.000287004591690	-0.000433238501344	0.000519679934862	-123.523010434
5260.00000000	-0.000287011240525	-0.000433223582694	0.000519671169866	-123.524529958
5260.00000000	-0.000287019241036	-0.000433208879757	0.000519663331615	-123.526160634
5260.00000000	-0.000287025429929	-0.000433190995171	0.000519651840874	-123.527818611
5260.00000000	-0.000287022985613	-0.000433172858437	0.000519635371733	-123.528698503
5260.00000000	-0.000287009966679	-0.000433162976038	0.000519619942635	-123.528103722
5260.00000000	-0.000286991204267	-0.000433161289811	0.000519608173837	-123.526481773
5260.00000000	-0.000286974654214	-0.000433164145312	0.000519601413532	-123.524786526
5260.00000000	-0.000286964764058	-0.000433170383964	0.000519601152187	-123.523497430
5260.00000000	-0.000286964324836	-0.000433184159005	0.000519612393368	-123.522618185
5260.00000000	-0.000286976610193	-0.000433208515043	0.000519639483010	-123.522264346
5260.00000000	-0.000287001059600	-0.000433232488686	0.000519672971651	-123.523051894
5260.00000000	-0.000287030544565	-0.000433240804229	0.000519696188135	-123.525255554
5260.00000000	-0.000287053363558	-0.000433232252851	0.000519701662918	-123.527873473
5260.00000000	-0.000287061621974	-0.000433217842106	0.000519694211560	-123.529510012
5260.00000000	-0.000287056782155	-0.000433208574406	0.000519683812640	-123.529629600
5260.00000000	-0.000287044756516	-0.000433206146623	0.000519675146332	-123.528672213
5260.00000000	-0.000287025648900	-0.000433207043508	0.000519665340071	-123.526861416
5260.00000000	-0.000286998868053	-0.000433208957818	0.000519652144610	-123.524283303
5260.00000000	-0.000286973931488	-0.000433206959708	0.000519636707030	-123.522112824
5260.00000000	-0.000286962428649	-0.000433195632238	0.000519620911094	-123.521745212
5260.00000000	-0.000286967142519	-0.000433177447786	0.000519608354586	-123.523285896
5260.00000000	-0.000286978244668	-0.000433159539446	0.000519599556896	-123.525397084
5260.00000000	-0.000286982560184	-0.000433150250387	0.000519594196716	-123.526359522
5260.00000000	-0.000286979512383	-0.000433154158719	0.000519595771483	-123.525841320
5260.00000000	-0.000286977474125	-0.000433168243120	0.000519606387088	-123.524796185
5260.00000000	-0.000286978635953	-0.000433189370255	0.000519624641444	-123.523616372
5260.00000000	-0.000286979169879	-0.000433212338236	0.000519644083911	-123.522266831
5260.00000000	-0.000286977554829	-0.000433224947673	0.000519653704174	-123.521350577
5260.00000000	-0.000286979554631	-0.000433216683124	0.000519647918608	-123.522037630
5260.00000000	-0.000286986905039	-0.000433193206907	0.000519632406778	-123.524142839
5260.00000000	-0.000286992723270	-0.000433166331789	0.000519613215965	-123.526314333
5260.00000000	-0.000286991081863	-0.000433146091361	0.000519595436402	-123.527396177
5260.00000000	-0.000286986544296	-0.000433142206315	0.000519589691486	-123.527215689
5260.00000000	-0.000286987624173	-0.000433158295284	0.000519603700142	-123.526335058
5260.00000000	-0.000286995939354	-0.000433184601376	0.000519630222442	-123.525497329
5260.00000000	-0.000287002940329	-0.000433206127481	0.000519652034196	-123.524829965
5260.00000000	-0.000286999525610	-0.000433213264920	0.000519656098399	-123.524081467
5260.00000000	-0.000286992899683	-0.000433205249531	0.000519645756924	-123.523960520
5260.00000000	-0.000286996956489	-0.000433189567184	0.000519634923914	-123.525288413
5260.00000000	-0.000287018304719	-0.000433180102163	0.000519638824717	-123.527827097
5260.00000000	-0.000287046453796	-0.000433185475036	0.000519658851959	-123.530087124
5260.00000000	-0.000287065757058	-0.000433200150444	0.000519681748015	-123.530967461
5260.00000000	-0.000287070085014	-0.000433213442930	0.000519695219187	-123.530555696
5260.00000000	-0.000287066467879	-0.000433218744700	0.000519697640691	-123.529900401
5260.00000000	-0.000287061969672	-0.000433215501868	0.000519692452793	-123.529684483
5260.00000000	-0.000287059352022	-0.000433205382039	0.000519682571010	-123.530060199
5260.00000000	-0.000287060528806	-0.000433192174243	0.000519672211133	-123.530972726
5260.00000000	-0.000287059488863	-0.000433179013742	0.000519660666293	-123.531678675
5260.00000000	-0.000287049235012	-0.000433173980799	0.000519650806757	-123.531042792
5260.00000000	-0.000287030449269	-0.000433178991620	0.000519644607004	-123.529010988
5260.00000000	-0.000287006619590	-0.000433186468993	0.000519637678202	-123.526365300
5260.00000000	-0.000286984140158	-0.000433190982537	0.000519629025415	-123.524024145
5260.00000000	-0.000286970342532	-0.000433190778641	0.000519621235318	-123.522768250
5260.00000000	-0.000286973143469	-0.000433185150432	0.000519618090165	-123.523368460
5260.00000000	-0.000286990982193	-0.000433178696573	0.000519622562082	-123.525401264
5260.00000000	-0.000287008393603	-0.000433176037145	0.000519629961757	-123.527163668
5260.00000000	-0.000287012106399	-0.000433178405560	0.000519633986824	-123.527360698
5260.00000000	-0.000287002030726	-0.000433181570483	0.000519631060126	-123.526241820
5260.00000000	-0.000286985512068	-0.000433184666925	0.000519624518086	-123.524534857
5260.00000000	-0.000286968715212	-0.000433191452910	0.000519620898718	-123.522577600
5270.00000000	-0.000240520111455	-0.000207382650987	0.000317580679426	-139.231239480
5270.00000000	-0.000240517510572	-0.000207365413118	0.000317567453384	-139.233288470
5270.00000000	-0.000240494439913	-0.000207343692125	0.000317535796869	-139.233538600
5270.00000000	-0.000240455451731	-0.000207332773776	0.000317499139131	-139.230436663
5270.00000000	-0.000240413413252	-0.000207333808218	0.000317467978388	-139.225340826
5270.00000000	-0.000240381026543	-0.000207341218855	0.000317448293362	-139.220510365
5270.00000000	-0.000240362921331	-0.000207351085331	0.000317441028443	-139.217027472
5270.00000000	-0.000240358001995	-0.000207358036106	0.000317441843903	-139.215497559
5270.00000000	-0.000240355881641	-0.000207359186436	0.000317440989853	-139.215090359
5270.00000000	-0.000240343327034	-0.000207353956614	0.000317428067715	-139.214324842
5270.00000000	-0.000240318217574	-0.000207345380733	0.000317403453997	-139.212536131
5270.00000000	-0.000240289764575	-0.000207341226559	0.000317379197791	-139.209748460
5270.00000000	-0.000240270843382	-0.000207347309272	0.000317368846678	-139.206685467
5270.00000000	-0.000240266739928	-0.000207356512499	0.000317371752982	-139.204943619
5270.00000000	-0.000240272631820	-0.000207359742836	0.000317378324009	-139.205197075
5270.00000000	-0.000240281981395	-0.000207354455623	0.000317381947895	-139.207022424
5270.00000000	-0.000240285289162	-0.000207337945804	0.000317373666138	-139.209669050
5270.00000000	-0.000240274018335	-0.000207309418638	0.000317346496660	-139.212239114
5270.00000000	-0.000240251735651	-0.000207274896790	0.000317307074177	-139.214330341
5270.00000000	-0.000240223716553	-0.000207247499827	0.000317267962737	-139.214771144
5270.00000000	-0.000240195821172	-0.000207236306574	0.000317239529805	-139.213010792
5270.00000000	-0.000240176234919	-0.000207243085434	0.000317229128990	-139.209772891
5270.00000000	-0.000240168486135	-0.000207260064886	0.000317234355373	-139.206536812
5270.00000000	-0.000240170478867	-0.000207274579396	0.000317245346984	-139.204787378
5270.00000000	-0.000240176566857	-0.000207277552844	0.000317251898623	-139.205099200
5270.00000000	-0.000240183292665	-0.000207266217360	0.000317249584609	-139.207442667
5270.00000000	-0.000240188101850	-0.000207250685609	0.000317243078657	-139.210133816
5270.00000000	-0.000240192274226	-0.000207244024329	0.000317241885977	-139.211536959
5270.00000000	-0.000240196798886	-0.000207242095824	0.000317244051917	-139.212334499
5270.00000000	-0.000240200919232	-0.000207235253984	0.000317242702191	-139.213756198
5270.00000000	-0.000240205893556	-0.000207221416248	0.000317237429461	-139.216235355
5270.00000000	-0.000240215387809	-0.000207207892187	0.000317235784748	-139.219204909
5270.00000000	-0.000240233098406	-0.000207200467699	0.000317244346497	-139.222309484
5270.00000000	-0.000240254827826	-0.000207199712952	0.000317260308487	-139.224975719
5270.00000000	-0.000240272626467	-0.000207208175010	0.000317279313571	-139.225917645
5270.00000000	-0.000240279453193	-0.000207222562813	0.000317293879811	-139.224755210
5270.00000000	-0.000240272893640	-0.000207235624635	0.000317297443318	-139.222195492
5270.00000000	-0.000240256654621	-0.000207245149340	0.000317291367696	-139.218977828
5270.00000000	-0.000240239012492	-0.000207254796486	0.000317284310658	-139.215577791
5270.00000000	-0.000240222083143	-0.000207263447561	0.000317277143716	-139.212397879
5270.00000000	-0.000240203190595	-0.000207264407858	0.000317263467069	-139.210037744
5270.00000000	-0.000240184613373	-0.000207254651647	0.000317243028498	-139.209179912
5270.00000000	-0.000240172609229	-0.000207237128699	0.000317222492480	-139.210159637
5270.00000000	-0.000240166487747	-0.000207216864598	0.000317204619782	-139.212208508
5270.00000000	-0.000240162088462	-0.000207194916951	0.000317186951725	-139.214691085
5270.00000000	-0.000240154946310	-0.000207176316913	0.000317169394058	-139.216392387
5270.00000000	-0.000240148177855	-0.000207173428132	0.000317162382150	-139.215988839
5270.00000000	-0.000240150236368	-0.000207187591086	0.000317173192322	-139.214294528
5270.00000000	-0.000240164643696	-0.000207205008419	0.000317195478523	-139.213612396
5270.00000000	-0.000240190457524	-0.000207213731249	0.000317220721744	-139.215465203
5270.00000000	-0.000240218818603	-0.000207208345934	0.000317238678972	-139.219547576
5270.00000000	-0.000240237873952	-0.000207193491500	0.000317243406552	-139.223826884
5270.00000000	-0.000240244317488	-0.000207181323172	0.000317240339107	-139.226251166
5270.00000000	-0.000240247017383	-0.000207183374597	0.000317243723454	-139.226289039
5270.00000000	-0.000240254557381	-0.000207201172703	0.000317261057037	-139.224744185
5270.00000000	-0.000240266046237	-0.000207227213486	0.000317286764589	-139.222538071
5270.00000000	-0.000240273735642	-0.000207251686202	0.000317308571383	-139.220098617
5270.00000000	-0.000240268594426	-0.000207270925674	0.000317317245193	-139.216861734
5270.00000000	-0.000240247679022	-0.000207285346391	0.000317310828847	-139.212423209
5270.00000000	-0.000240220327071	-0.000207292929397	0.000317295074207	-139.208159959
5270.00000000	-0.000240203110208	-0.000207293748246	0.000317282574711	-139.206016814
5270.00000000	-0.000240205726993	-0.000207293983805	0.000317284709689	-139.206293342
5270.00000000	-0.000240223250528	-0.000207300167363	0.000317302016197	-139.207515346
5270.00000000	-0.000240243991864	-0.000207310454406	0.000317324439861	-139.208555842
5270.00000000	-0.000240259504683	-0.000207318738714	0.000317341596726	-139.209253241
5270.00000000	-0.000240271706640	-0.000207323220976	0.000317353763121	-139.210079762
5270.00000000	-0.000240284415627	-0.000207322136318	0.000317362676760	-139.211726953
5270.00000000	-0.000240297747392	-0.000207314179195	0.000317367572851	-139.214386902
5270.00000000	-0.000240311120759	-0.000207307023105	0.000317373024357	-139.216942177
5270.00000000	-0.000240327287105	-0.000207312020452	0.000317388529647	-139.218165375
5270.00000000	-0.000240345325951	-0.000207326282162	0.000317411504173	-139.218342929
5270.00000000	-0.000240360753133	-0.000207333444960	0.000317427864319	-139.219182796
5270.00000000	-0.000240370539941	-0.000207334289257	0.000317435826543	-139.220221207
5270.00000000	-0.000240376425675	-0.000207341827411	0.000317445206948	-139.219884810
5270.00000000	-0.000240384096080	-0.000207357327019	0.000317461138908	-139.218670774
5270.00000000	-0.000240397437037	-0.000207369428959	0.000317479145458	-139.218589613
5270.00000000	-0.000240408814203	-0.000207368822204	0.000317487364109	-139.220013622
5270.00000000	-0.000240410750285	-0.000207354312866	0.000317479353528	-139.222224638
5270.00000000	-0.000240407954450	-0.000207336936528	0.000317465887635	-139.224269851
5270.00000000	-0.000240408406219	-0.000207330665044	0.000317462133881	-139.225180244
5270.00000000	-0.000240412629803	-0.000207334998327	0.000317468162341	-139.225085828
5270.00000000	-0.000240412549165	-0.000207340828238	0.000317471908758	-139.224279548
5270.00000000	-0.000240401869483	-0.000207344107570	0.000317465963207	-139.222572538
5270.00000000	-0.000240383848686	-0.000207346236329	0.000317453707537	-139.220157319
5270.00000000	-0.000240362231057	-0.000207349887046	0.000317439723060	-139.217109857
5270.00000000	-0.000240342873483	-0.000207355140279	0.000317428497515	-139.214109597
5270.00000000	-0.000240334346797	-0.000207357888715	0.000317423836948	-139.212728588
5270.00000000	-0.000240342297746	-0.000207353333592	0.000317426881403	-139.214288627
5270.00000000	-0.000240360981020	-0.000207349329895	0.000317438412617	-139.217038626
5270.00000000	-0.000240379221738	-0.000207356439383	0.000317456868247	-139.218217459
5270.00000000	-0.000240392001724	-0.000207373037190	0.000317477386670	-139.217455818
5270.00000000	-0.000240400449388	-0.000207388735174	0.000317494037019	-139.216306543
5270.00000000	-0.000240399671802	-0.000207398493438	0.000317499822493	-139.214881512
5270.00000000	-0.000240386588143	-0.000207405694131	0.000317494619981	-139.212355281
5270.00000000	-0.000240370720994	-0.000207410488681	0.000317485738776	-139.209829559
5270.00000000	-0.000240362558406	-0.000207410429760	0.000317479520374	-139.208875242
5270.00000000	-0.000240363724287	-0.000207406702673	0.000317477968160	-139.209521950
5270.00000000	-0.000240373912645	-0.000207403483641	0.000317483578956	-139.211162976
5270.00000000	-0.000240391784406	-0.000207402442365	0.000317496430072	-139.213412156
5270.00000000	-0.000240413564780	-0.000207397044981	0.000317509395762	-139.216717078
5274.00000000	-0.00132084772397	-7.57021443235E-5	0.00132301531532	-176.719778193
5274.00000000	-0.00132084231300	-7.56880589695E-5	0.00132300910733	-176.720373781
5274.00000000	-0.00132083588501	-7.56788784389E-5	0.00132300216469	-176.720754789
5274.00000000	-0.00132082877009	-7.56775538565E-5	0.00132299498565	-176.720794434
5274.00000000	-0.00132082475570	-7.56798676607E-5	0.00132299111019	-176.720684448
5274.00000000	-0.00132083038590	-7.56848455607E-5	0.00132299701594	-176.720483168
5274.00000000	-0.00132084623616	-7.56940038342E-5	0.00132301336418	-176.720126469
5274.00000000	-0.00132086540104	-7.57012052022E-5	0.00132303290970	-176.719862599
5274.00000000	-0.00132087828389	-7.56992997178E-5	0.00132304566241	-176.719976905
5274.00000000	-0.00132088108319	-7.56871678150E-5	0.00132304776305	-176.720508363
5274.00000000	-0.00132087911144	-7.56750623716E-5	0.00132304510207	-176.721026858
5274.00000000	-0.00132087873126	-7.56768305521E-5	0.00132304482364	-176.720949469
5274.00000000	-0.00132088425082	-7.56993269109E-5	0.00132305162113	-176.719990514
5274.00000000	-0.00132089451351	-7.57322084197E-5	0.00132306374873	-176.718594329
5274.00000000	-0.00132090297536	-7.57600881979E-5	0.00132307379283	-176.717409948
5274.00000000	-0.00132090669176	-7.57782472636E-5	0.00132307854306	-176.716634077
5274.00000000	-0.00132090728118	-7.57856495647E-5	0.00132307955549	-176.716315510
5274.00000000	-0.00132090386171	-7.57786116042E-5	0.00132307573852	-176.716611306
5274.00000000	-0.00132090059935	-7.57562508004E-5	0.00132307120099	-176.717569963
5274.00000000	-0.00132089981769	-7.57258674450E-5	0.00132306868128	-176.718881624
5274.00000000	-0.00132089858451	-7.56948472641E-5	0.00132306567504	-176.720219704
5274.00000000	-0.00132089535845	-7.56704346240E-5	0.00132306105779	-176.721267180
5274.00000000	-0.00132089458731	-7.56598384665E-5	0.00132305968193	-176.721723391
5274.00000000	-0.00132090219233	-7.56631907474E-5	0.00132306746620	-176.721597291
5274.00000000	-0.00132091541969	-7.56698034392E-5	0.00132308105010	-176.721344156
5274.00000000	-0.00132092556666	-7.56671374012E-5	0.00132309102798	-176.721484549
5274.00000000	-0.00132092335357	-7.56549455422E-5	0.00132308812133	-176.722006167
5274.00000000	-0.00132090865563	-7.56446853289E-5	0.00132307286078	-176.722413364
5274.00000000	-0.00132088898300	-7.56404016324E-5	0.00132305297542	-176.722549861
5274.00000000	-0.00132087471184	-7.56350463238E-5	0.00132303842145	-176.722746067
5274.00000000	-0.00132086935379	-7.56201476111E-5	0.00132303222051	-176.723376956
5274.00000000	-0.00132086462543	-7.55958245881E-5	0.00132302610988	-176.724416878
5274.00000000	-0.00132084988891	-7.55687180016E-5	0.00132300984885	-176.725552403
5274.00000000	-0.00132082931291	-7.55445837489E-5	0.00132298792813	-176.726545001
5274.00000000	-0.00132081728188	-7.55286497068E-5	0.00132297500696	-176.727204199
5274.00000000	-0.00132081781605	-7.55225164784E-5	0.00132297519012	-176.727470706
5274.00000000	-0.00132082059025	-7.55203935998E-5	0.00132297783861	-176.727569353
5274.00000000	-0.00132081784474	-7.55140176776E-5	0.00132297473364	-176.727838245
5274.00000000	-0.00132081263233	-7.55078191595E-5	0.00132296917594	-176.728093371
5274.00000000	-0.00132080958417	-7.55109041680E-5	0.00132296630883	-176.727952447
5274.00000000	-0.00132081344181	-7.55227529299E-5	0.00132297083651	-176.727449668
5274.00000000	-0.00132082427508	-7.55314230589E-5	0.00132298214708	-176.727101577
5274.00000000	-0.00132083952623	-7.55221546600E-5	0.00132299684425	-176.727540022
5274.00000000	-0.00132084994523	-7.54961050836E-5	0.00132300575951	-176.728692077
5274.00000000	-0.00132084986116	-7.54688841675E-5	0.00132300412252	-176.729868813
5274.00000000	-0.00132084363991	-7.54545562932E-5	0.00132299709416	-176.730472939
5274.00000000	-0.00132083882219	-7.54623344455E-5	0.00132299272792	-176.730124734
5274.00000000	-0.00132084071596	-7.54880627356E-5	0.00132299608637	-176.729016995
5274.00000000	-0.00132085133142	-7.55158239384E-5	0.00132300826882	-176.727842925
5274.00000000	-0.00132086648309	-7.55360222150E-5	0.00132302454883	-176.727007085
5274.00000000	-0.00132087730860	-7.55459043259E-5	0.00132303592091	-176.726606591
5274.00000000	-0.00132088009817	-7.55476114662E-5	0.00132303880342	-176.726539680
5274.00000000	-0.00132087693887	-7.55466793405E-5	0.00132303559605	-176.726572169
5274.00000000	-0.00132087103732	-7.55519604578E-5	0.00132303000569	-176.726329242
5274.00000000	-0.00132086560539	-7.55679983848E-5	0.00132302549858	-176.725622393
5274.00000000	-0.00132086225006	-7.55905360218E-5	0.00132302343621	-176.724639656
5274.00000000	-0.00132086133491	-7.56112522142E-5	0.00132302370633	-176.723741708
5274.00000000	-0.00132086191543	-7.56282267168E-5	0.00132302525611	-176.723009237
5274.00000000	-0.00132086099979	-7.56447623063E-5	0.00132302528730	-176.722292041
5274.00000000	-0.00132085869268	-7.56608591921E-5	0.00132302390441	-176.721590366
5274.00000000	-0.00132085747275	-7.56747797041E-5	0.00132302348263	-176.720985480
5274.00000000	-0.00132085982080	-7.56888985348E-5	0.00132302663449	-176.720380858
5274.00000000	-0.00132086393460	-7.57040339575E-5	0.00132303160752	-176.719736663
5274.00000000	-0.00132086604505	-7.57188935004E-5	0.00132303456485	-176.719099434
5274.00000000	-0.00132086340071	-7.57344884220E-5	0.00132303281745	-176.718418628
5274.00000000	-0.00132085986776	-7.57531111584E-5	0.00132303035646	-176.717604707
5274.00000000	-0.00132086258251	-7.57733911875E-5	0.00132303422809	-176.716734625
5274.00000000	-0.00132087413193	-7.57883616651E-5	0.00132304661602	-176.716116024
5274.00000000	-0.00132088758109	-7.57949009641E-5	0.00132306041770	-176.715866664
5274.00000000	-0.00132089347139	-7.57972135036E-5	0.00132306643081	-176.715781297
5274.00000000	-0.00132089425251	-7.57955528124E-5	0.00132306711551	-176.715855033
5274.00000000	-0.00132089893774	-7.57884269132E-5	0.00132307138483	-176.716174738
5274.00000000	-0.00132090417673	-7.57811541055E-5	0.00132307619865	-176.716502165
5274.00000000	-0.00132090797443	-7.57799611917E-5	0.00132307992178	-176.716563159
5274.00000000	-0.00132091019474	-7.57865464664E-5	0.00132308251564	-176.716283960
5274.00000000	-0.00132090983404	-7.58010311861E-5	0.00132308298530	-176.715656838
5274.00000000	-0.00132090406392	-7.58195264454E-5	0.00132307828440	-176.714842903
5274.00000000	-0.00132089349837	-7.58334985846E-5	0.00132306853698	-176.714212611
5274.00000000	-0.00132088614225	-7.58419991270E-5	0.00132306168020	-176.713826837
5274.00000000	-0.00132089443657	-7.58510721846E-5	0.00132307048101	-176.713455163
5274.00000000	-0.00132091753488	-7.58621179854E-5	0.00132309417461	-176.713034962
5274.00000000	-0.00132093319756	-7.58709694427E-5	0.00132311031907	-176.712691180
5274.00000000	-0.00132092310231	-7.58752139153E-5	0.00132310048382	-176.712482610
5274.00000000	-0.00132089220449	-7.58707646504E-5	0.00132306938171	-176.712598238
5274.00000000	-0.00132085844638	-7.58592838425E-5	0.00132303502082	-176.713010777
5274.00000000	-0.00132083904527	-7.58485127470E-5	0.00132301503408	-176.713428298
5274.00000000	-0.00132084327550	-7.58402396857E-5	0.00132301878309	-176.713796492
5274.00000000	-0.00132087137323	-7.58297462676E-5	0.00132304623315	-176.714319924
5274.00000000	-0.00132091110123	-7.58185541491E-5	0.00132308525444	-176.714902402
5274.00000000	-0.00132094571416	-7.58116122413E-5	0.00132311941271	-176.715288409
5274.00000000	-0.00132096623174	-7.58120071625E-5	0.00132313991922	-176.715322243
5274.00000000	-0.00132097409242	-7.58177748055E-5	0.00132314809747	-176.715092403
5274.00000000	-0.00132097401122	-7.58267677221E-5	0.00132314853174	-176.714703424
5274.00000000	-0.00132096523614	-7.58374371370E-5	0.00132314038256	-176.714220391
5274.00000000	-0.00132094751443	-7.58451150630E-5	0.00132312313008	-176.713844472
5274.00000000	-0.00132092481789	-7.58453546312E-5	0.00132310048459	-176.713777775
5274.00000000	-0.00132089989766	-7.58422356057E-5	0.00132307542655	-176.713850760
5274.00000000	-0.00132087724150	-7.58400652662E-5	0.00132305268323	-176.713888352
5274.00000000	-0.00132086370471	-7.58402185506E-5	0.00132303917748	-176.713848121
5274.00000000	-0.00132086576873	-7.58429740703E-5	0.00132304139607	-176.713734110
