DevNumber	X [V]	Y [V]	R [V]	Theta [°]
4253.00000000	0.000102114641078	0.000551111926916	0.000560492422707	79.5028060113
4253.00000000	0.000102100332553	0.000551092331631	0.000560470548637	79.5038793073
4253.00000000	0.000102096756011	0.000551082330358	0.000560460063181	79.5040525640
4253.00000000	0.000102105007400	0.000551082739826	0.000560461968978	79.5032307678
4253.00000000	0.000102113093483	0.000551083776534	0.000560464461513	79.5024372760
4253.00000000	0.000102106867067	0.000551081629588	0.000560461216117	79.5030231588
4253.00000000	0.000102080598402	0.000551076739235	0.000560451622441	79.5055726172
4253.00000000	0.000102047810365	0.000551071103566	0.000560440109900	79.5087636430
4253.00000000	0.000102022261804	0.000551070778948	0.000560435139257	79.5113258788
4253.00000000	0.000102008444900	0.000551078992941	0.000560440700960	79.5128676941
4253.00000000	0.000102003218908	0.000551099631464	0.000560460043595	79.5137770507
4253.00000000	0.000102001114100	0.000551125370514	0.000560484969738	79.5144674949
4253.00000000	0.000102004097417	0.000551143168328	0.000560503013269	79.5144987214
4253.00000000	0.000102011142122	0.000551142504122	0.000560503642242	79.5137782670
4253.00000000	0.000102019352904	0.000551123458340	0.000560486409023	79.5125985928
4253.00000000	0.000102027594746	0.000551097637766	0.000560462520104	79.5112896464
4253.00000000	0.000102043694440	0.000551079207399	0.000560447328839	79.5093282415
4253.00000000	0.000102069191526	0.000551082444787	0.000560455155040	79.5068254841
4253.00000000	0.000102094089854	0.000551102531489	0.000560479440655	79.5046967440
4253.00000000	0.000102114355649	0.000551127069672	0.000560507260037	79.5031167100
4253.00000000	0.000102125280334	0.000551143252888	0.000560525162760	79.5023200669
4253.00000000	0.000102122763574	0.000551145670045	0.000560527080924	79.5026180346
4253.00000000	0.000102105275373	0.000551139544955	0.000560517872393	79.5042616781
4253.00000000	0.000102084637923	0.000551128462637	0.000560503216430	79.5061296194
4253.00000000	0.000102072089003	0.000551119617691	0.000560492233985	79.5072262890
4253.00000000	0.000102072335472	0.000551118375270	0.000560491057225	79.5071783860
4253.00000000	0.000102086355178	0.000551131250154	0.000560506270090	79.5060089121
4253.00000000	0.000102104625771	0.000551153171161	0.000560531152288	79.5045806886
4253.00000000	0.000102118674499	0.000551171555517	0.000560551788234	79.5035110432
4253.00000000	0.000102128110160	0.000551175997581	0.000560557874973	79.5026454571
4253.00000000	0.000102139039862	0.000551166145832	0.000560550179534	79.5013635298
4253.00000000	0.000102147652398	0.000551150281982	0.000560536150680	79.5002024639
4253.00000000	0.000102147566357	0.000551137722004	0.000560523785337	79.4999771513
4253.00000000	0.000102134562280	0.000551136553404	0.000560520266637	79.5012623867
4253.00000000	0.000102111811817	0.000551140775733	0.000560520273307	79.5036276266
4253.00000000	0.000102087099688	0.000551140280457	0.000560515284952	79.5061022033
4253.00000000	0.000102067677331	0.000551130914157	0.000560502538170	79.5078800116
4253.00000000	0.000102055457325	0.000551124520791	0.000560494026540	79.5089892874
4253.00000000	0.000102046558602	0.000551128544158	0.000560496362439	79.5099586245
4253.00000000	0.000102040371352	0.000551136990858	0.000560503541539	79.5107377282
4253.00000000	0.000102041802155	0.000551144147904	0.000560510839463	79.5107271030
4253.00000000	0.000102059752453	0.000551156182577	0.000560525941116	79.5091468756
4253.00000000	0.000102087673698	0.000551173045961	0.000560547607002	79.5066544855
4253.00000000	0.000102114302004	0.000551186471894	0.000560565658485	79.5042282268
4253.00000000	0.000102128521248	0.000551191869564	0.000560573556213	79.5028997036
4253.00000000	0.000102130256561	0.000551189919637	0.000560571955073	79.5026889967
4253.00000000	0.000102124871040	0.000551181926240	0.000560563114287	79.5030813928
4253.00000000	0.000102120625121	0.000551166326967	0.000560547002541	79.5032176385
4253.00000000	0.000102122448630	0.000551151434711	0.000560532691730	79.5027570431
4253.00000000	0.000102129868356	0.000551141935546	0.000560524703405	79.5018344038
4253.00000000	0.000102135068587	0.000551140240037	0.000560523983808	79.5012801651
4253.00000000	0.000102130264644	0.000551142925053	0.000560525748554	79.5018130032
4253.00000000	0.000102115637864	0.000551146500433	0.000560526599223	79.5033496826
4253.00000000	0.000102100499988	0.000551145176489	0.000560522539837	79.5048465049
4253.00000000	0.000102096185426	0.000551141380942	0.000560518021891	79.5052094871
4253.00000000	0.000102097737396	0.000551139191247	0.000560516151516	79.5050127292
4253.00000000	0.000102097728447	0.000551133650812	0.000560510702138	79.5049104689
4253.00000000	0.000102093996177	0.000551119871388	0.000560496473401	79.5050290369
4253.00000000	0.000102090232462	0.000551101251234	0.000560477479187	79.5050606356
4253.00000000	0.000102085159573	0.000551085044002	0.000560460619069	79.5052687651
4253.00000000	0.000102080137269	0.000551072290008	0.000560447163646	79.5055361242
4253.00000000	0.000102071948663	0.000551064493986	0.000560438006595	79.5062141047
4253.00000000	0.000102060246852	0.000551063452911	0.000560434851808	79.5073710399
4253.00000000	0.000102051204439	0.000551072051014	0.000560441659529	79.5084400932
4253.00000000	0.000102049739622	0.000551086010114	0.000560455118542	79.5088471917
4253.00000000	0.000102055882650	0.000551100260340	0.000560470249103	79.5084949546
4253.00000000	0.000102061951970	0.000551109855310	0.000560480788841	79.5080634880
4253.00000000	0.000102064614486	0.000551115222861	0.000560486551488	79.5078957792
4253.00000000	0.000102059655255	0.000551121958719	0.000560492271680	79.5085196436
4253.00000000	0.000102051137442	0.000551130398244	0.000560499019198	79.5095328923
4253.00000000	0.000102043951535	0.000551139728111	0.000560506884835	79.5104288117
4253.00000000	0.000102039488186	0.000551140959928	0.000560507283503	79.5109003604
4253.00000000	0.000102036961870	0.000551133801061	0.000560499784352	79.5110210690
4253.00000000	0.000102033899751	0.000551124903961	0.000560490478478	79.5111632902
4253.00000000	0.000102029744809	0.000551120600805	0.000560485490853	79.5115008535
4253.00000000	0.000102021623425	0.000551120311948	0.000560483728478	79.5123118198
4253.00000000	0.000102012588147	0.000551123965041	0.000560485675983	79.5132879978
4253.00000000	0.000102007003308	0.000551130824211	0.000560491404144	79.5139769865
4253.00000000	0.000102012797264	0.000551140213121	0.000560501690742	79.5135692777
4253.00000000	0.000102026932657	0.000551152547995	0.000560516392400	79.5123779769
4253.00000000	0.000102039187210	0.000551160910820	0.000560526846228	79.5113018692
4253.00000000	0.000102044254727	0.000551164295584	0.000560531096951	79.5108555209
4253.00000000	0.000102044596565	0.000551160197964	0.000560527130037	79.5107449118
4253.00000000	0.000102045896130	0.000551148462252	0.000560515827037	79.5103958980
4253.00000000	0.000102048447258	0.000551133969836	0.000560502041294	79.5098697661
4253.00000000	0.000102049578477	0.000551122316600	0.000560490788794	79.5095391756
4253.00000000	0.000102045027267	0.000551116585037	0.000560484324395	79.5098899707
4253.00000000	0.000102035504637	0.000551123303796	0.000560489197214	79.5109721947
4253.00000000	0.000102029033843	0.000551140689015	0.000560505114013	79.5119461217
4253.00000000	0.000102038159967	0.000551156119117	0.000560521947589	79.5113159537
4253.00000000	0.000102059726553	0.000551156818287	0.000560526561484	79.5091613104
4253.00000000	0.000102080660834	0.000551145916352	0.000560519653918	79.5068542932
4253.00000000	0.000102088566705	0.000551135739502	0.000560511087141	79.5058702108
4253.00000000	0.000102082843515	0.000551132015902	0.000560506383454	79.5063761319
4253.00000000	0.000102069824609	0.000551137318007	0.000560509225969	79.5077833890
4253.00000000	0.000102060654150	0.000551149273097	0.000560519311319	79.5089276471
4253.00000000	0.000102056808838	0.000551165123397	0.000560534196529	79.5096091330
4253.00000000	0.000102048829711	0.000551178407888	0.000560545806307	79.5106583088
4253.00000000	0.000102032097154	0.000551187390769	0.000560551593158	79.5125071713
4253.00000000	0.000102009803958	0.000551188708774	0.000560548831756	79.5147722973
5260.00000000	-0.000553878047395	0.00331701750157	0.00336294305588	99.4798302134
5260.00000000	-0.000553888285608	0.00331702837504	0.00336295546710	99.4799717516
5260.00000000	-0.000553889448972	0.00331704098519	0.00336296809665	99.4799559163
5260.00000000	-0.000553884046249	0.00331704564384	0.00336297180185	99.4798520533
5260.00000000	-0.000553876638676	0.00331703580258	0.00336296087495	99.4797551869
5260.00000000	-0.000553867093473	0.00331701101664	0.00336293485541	99.4796643326
5260.00000000	-0.000553855335580	0.00331698187647	0.00336290417669	99.4795485108
5260.00000000	-0.000553850020170	0.00331696054634	0.00336288226241	99.4795190381
5260.00000000	-0.000553858723289	0.00331694825922	0.00336287157646	99.4796997729
5260.00000000	-0.000553875092605	0.00331693796638	0.00336286412022	99.4800037440
5260.00000000	-0.000553880304503	0.00331692713588	0.00336285429605	99.4801217232
5260.00000000	-0.000553866679681	0.00331692351385	0.00336284847943	99.4799029198
5260.00000000	-0.000553846171943	0.00331693551836	0.00336285694242	99.4795245977
5260.00000000	-0.000553833002106	0.00331695767680	0.00336287662930	99.4792411004
5260.00000000	-0.000553833249002	0.00331697643166	0.00336289516873	99.4791926246
5260.00000000	-0.000553846382054	0.00331699021951	0.00336291093121	99.4793746370
5260.00000000	-0.000553867300694	0.00331700305900	0.00336292704057	99.4796901442
5260.00000000	-0.000553887668088	0.00331701695265	0.00336294409901	99.4799934268
5260.00000000	-0.000553900467705	0.00331703379521	0.00336296281970	99.4801612576
5260.00000000	-0.000553906535453	0.00331704918690	0.00336297900057	99.4802200321
5260.00000000	-0.000553908055567	0.00331705680022	0.00336298676029	99.4802242128
5260.00000000	-0.000553908165670	0.00331705514959	0.00336298515034	99.4802306949
5260.00000000	-0.000553904867052	0.00331704582610	0.00336297541088	99.4802014263
5260.00000000	-0.000553896686705	0.00331703357089	0.00336296197569	99.4800983488
5260.00000000	-0.000553883986899	0.00331702333784	0.00336294979069	99.4799136480
5260.00000000	-0.000553871904204	0.00331701713389	0.00336294168145	99.4797280105
5260.00000000	-0.000553866408202	0.00331701214831	0.00336293585876	99.4796496412
5260.00000000	-0.000553864579277	0.00331700696426	0.00336293044429	99.4796334531
5260.00000000	-0.000553861618604	0.00331700714303	0.00336293013301	99.4795831979
5260.00000000	-0.000553853794697	0.00331701398043	0.00336293558848	99.4794325332
5260.00000000	-0.000553841018152	0.00331702609304	0.00336294543150	99.4791838395
5260.00000000	-0.000553826260831	0.00331704521080	0.00336296185790	99.4788822059
5260.00000000	-0.000553818561330	0.00331707060143	0.00336298563389	99.4786815794
5260.00000000	-0.000553824635069	0.00331709850145	0.00336301415322	99.4787053669
5260.00000000	-0.000553840385520	0.00331712162765	0.00336303955749	99.4789051580
5260.00000000	-0.000553858430500	0.00331713566817	0.00336305637807	99.4791689960
5260.00000000	-0.000553874330397	0.00331714097347	0.00336306422950	99.4794212949
5260.00000000	-0.000553887936526	0.00331713975737	0.00336306527088	99.4796533462
5260.00000000	-0.000553897171187	0.00331713983775	0.00336306687109	99.4798083010
5260.00000000	-0.000553898602692	0.00331714553296	0.00336307272429	99.4798163756
5260.00000000	-0.000553892685217	0.00331715483069	0.00336308092045	99.4796908492
5260.00000000	-0.000553885385974	0.00331716554955	0.00336309029078	99.4795381167
5260.00000000	-0.000553879897404	0.00331717447932	0.00336309819467	99.4794208314
5260.00000000	-0.000553877563751	0.00331717641839	0.00336309972293	99.4793761761
5260.00000000	-0.000553878503373	0.00331716894734	0.00336309250865	99.4794129279
5260.00000000	-0.000553881577328	0.00331715582531	0.00336308007206	99.4795014009
5260.00000000	-0.000553883207968	0.00331713874812	0.00336306349662	99.4795767188
5260.00000000	-0.000553880307115	0.00331711506644	0.00336303966058	99.4795944208
5260.00000000	-0.000553875978820	0.00331709151309	0.00336301571601	99.4795877757
5260.00000000	-0.000553879802536	0.00331708098438	0.00336300596083	99.4796815740
5260.00000000	-0.000553893083399	0.00331708545751	0.00336301256023	99.4798921992
5260.00000000	-0.000553909158485	0.00331709996647	0.00336302951867	99.4801216173
5260.00000000	-0.000553925165220	0.00331712356225	0.00336305542861	99.4803243857
5260.00000000	-0.000553941667306	0.00331714598060	0.00336308025883	99.4805387790
5260.00000000	-0.000553955186451	0.00331715240902	0.00336308882625	99.4807479150
5260.00000000	-0.000553960032567	0.00331714388100	0.00336308121295	99.4808532806
5260.00000000	-0.000553960035929	0.00331713393164	0.00336307140006	99.4808812576
5260.00000000	-0.000553957407143	0.00331713147411	0.00336306854308	99.4808439798
5260.00000000	-0.000553952533053	0.00331713297248	0.00336306921814	99.4807578706
5260.00000000	-0.000553948675015	0.00331713004324	0.00336306569342	99.4807012600
5260.00000000	-0.000553946595161	0.00331711981297	0.00336305526031	99.4806950184
5260.00000000	-0.000553945240194	0.00331710509298	0.00336304051819	99.4807135570
5260.00000000	-0.000553945583540	0.00331709192820	0.00336302758978	99.4807562704
5260.00000000	-0.000553949518836	0.00331708386381	0.00336302028376	99.4808450311
5260.00000000	-0.000553960361856	0.00331708516162	0.00336302334990	99.4810235982
5260.00000000	-0.000553976355687	0.00331709737065	0.00336303802670	99.4812580989
5260.00000000	-0.000553986630096	0.00331711509892	0.00336305720525	99.4813809985
5260.00000000	-0.000553982976084	0.00331712946583	0.00336307077399	99.4812792770
5260.00000000	-0.000553967484470	0.00331713655155	0.00336307521109	99.4809990708
5260.00000000	-0.000553949587145	0.00331713810410	0.00336307379443	99.4806939670
5260.00000000	-0.000553939058790	0.00331713916456	0.00336307310624	99.4805140723
5260.00000000	-0.000553940500099	0.00331714322410	0.00336307734773	99.4805269004
5260.00000000	-0.000553946062293	0.00331715114132	0.00336308607298	99.4805981505
5260.00000000	-0.000553949724955	0.00331716961045	0.00336310489314	99.4806078702
5260.00000000	-0.000553953228057	0.00331719793915	0.00336313341192	99.4805872412
5260.00000000	-0.000553958947205	0.00331722434920	0.00336316040326	99.4806092341
5260.00000000	-0.000553967840958	0.00331724340293	0.00336318066168	99.4807052136
5260.00000000	-0.000553977665838	0.00331725816870	0.00336319684409	99.4808288708
5260.00000000	-0.000553983219083	0.00331727547558	0.00336321482928	99.4808736184
5260.00000000	-0.000553983145425	0.00331729666994	0.00336323572201	99.4808129066
5260.00000000	-0.000553984030266	0.00331731717393	0.00336325609168	99.4807702386
5260.00000000	-0.000553994359670	0.00331732927691	0.00336326973079	99.4809098422
5260.00000000	-0.000554012570862	0.00331733205862	0.00336327547427	99.4812080393
5260.00000000	-0.000554027471489	0.00331733429131	0.00336328013098	99.4814521488
5260.00000000	-0.000554036325358	0.00331734035047	0.00336328756586	99.4815839161
5260.00000000	-0.000554043367424	0.00331734573359	0.00336329403549	99.4816871365
5260.00000000	-0.000554046266880	0.00331734741051	0.00336329616713	99.4817311497
5260.00000000	-0.000554043913839	0.00331734146838	0.00336328991856	99.4817082874
5260.00000000	-0.000554034741611	0.00331732724189	0.00336327437547	99.4815940911
5260.00000000	-0.000554019265619	0.00331730625188	0.00336325112286	99.4813929513
5260.00000000	-0.000554002719568	0.00331728175887	0.00336322423888	99.4811836584
5260.00000000	-0.000553991362152	0.00331726209403	0.00336320297184	99.4810480001
5260.00000000	-0.000553987252971	0.00331724749146	0.00336318789187	99.4810199297
5260.00000000	-0.000553990353739	0.00331722979847	0.00336317095133	99.4811216840
5260.00000000	-0.000553997524929	0.00331720557044	0.00336314823553	99.4813101765
5260.00000000	-0.000554003777444	0.00331718489319	0.00336312887072	99.4814732695
5260.00000000	-0.000554004043122	0.00331717586351	0.00336312000816	99.4815030748
5260.00000000	-0.000553997655010	0.00331717250912	0.00336311564728	99.4814051442
5260.00000000	-0.000553989076577	0.00331716513768	0.00336310696345	99.4812816808
5260.00000000	-0.000553982030167	0.00331715465806	0.00336309546627	99.4811926834
5270.00000000	-0.00419627745691	-0.00300228250171	0.00515969424631	-144.417670686
5270.00000000	-0.00419629127936	-0.00300230799946	0.00515972032429	-144.417529727
5270.00000000	-0.00419628495776	-0.00300232913614	0.00515972748199	-144.417297996
5270.00000000	-0.00419625811468	-0.00300232964715	0.00515970594852	-144.417119936
5270.00000000	-0.00419621314068	-0.00300229757918	0.00515965071259	-144.417118943
5270.00000000	-0.00419615618542	-0.00300223813762	0.00515956980449	-144.417287749
5270.00000000	-0.00419609505877	-0.00300216764054	0.00515947907100	-144.417529452
5270.00000000	-0.00419603888009	-0.00300209647484	0.00515939197265	-144.417809176
5270.00000000	-0.00419599323867	-0.00300203617015	0.00515931976387	-144.418058904
5270.00000000	-0.00419596355221	-0.00300199866801	0.00515927379911	-144.418205788
5270.00000000	-0.00419595324485	-0.00300199431930	0.00515926288592	-144.418178460
5270.00000000	-0.00419596511550	-0.00300202313358	0.00515928930620	-144.417994920
5270.00000000	-0.00419600475186	-0.00300206926585	0.00515934838469	-144.417834389
5270.00000000	-0.00419606270438	-0.00300211461152	0.00515942190170	-144.417799319
5270.00000000	-0.00419612211330	-0.00300215529095	0.00515949388804	-144.417815804
5270.00000000	-0.00419617203093	-0.00300220580558	0.00515956387810	-144.417682135
5270.00000000	-0.00419621095126	-0.00300227255420	0.00515963437049	-144.417330799
5270.00000000	-0.00419623536564	-0.00300233729667	0.00515969189844	-144.416903861
5270.00000000	-0.00419624047396	-0.00300237890695	0.00515972026531	-144.416561088
5270.00000000	-0.00419623609902	-0.00300239271316	0.00515972474099	-144.416408137
5270.00000000	-0.00419623628815	-0.00300238265540	0.00515971904229	-144.416500190
5270.00000000	-0.00419624305078	-0.00300235786327	0.00515971011592	-144.416767782
5270.00000000	-0.00419624574663	-0.00300232096717	0.00515969083919	-144.417118409
5270.00000000	-0.00419624168329	-0.00300227431033	0.00515966038602	-144.417513514
5270.00000000	-0.00419623773661	-0.00300223270086	0.00515963296488	-144.417863794
5270.00000000	-0.00419623277081	-0.00300221418984	0.00515961815530	-144.417998885
5270.00000000	-0.00419622364251	-0.00300221750571	0.00515961266081	-144.417909957
5270.00000000	-0.00419621413331	-0.00300222942710	0.00515961186385	-144.417740849
5270.00000000	-0.00419621444573	-0.00300224430770	0.00515962077653	-144.417608478
5270.00000000	-0.00419622720484	-0.00300226080502	0.00515964075262	-144.417541930
5270.00000000	-0.00419625439400	-0.00300228362264	0.00515967614197	-144.417511544
5270.00000000	-0.00419630057662	-0.00300231583752	0.00515973244631	-144.417519015
5270.00000000	-0.00419635213836	-0.00300234599654	0.00515979192915	-144.417579808
5270.00000000	-0.00419638560358	-0.00300236035762	0.00515982750205	-144.417666343
5270.00000000	-0.00419639234612	-0.00300235128419	0.00515982770606	-144.417791848
5270.00000000	-0.00419638005764	-0.00300233272489	0.00515980691297	-144.417880057
5270.00000000	-0.00419636485596	-0.00300231978896	0.00515978702269	-144.417898658
5270.00000000	-0.00419636237048	-0.00300231264826	0.00515978084634	-144.417947086
5270.00000000	-0.00419637990935	-0.00300230396743	0.00515979005933	-144.418138805
5270.00000000	-0.00419641713617	-0.00300229857778	0.00515981719937	-144.418428007
5270.00000000	-0.00419646684785	-0.00300230219847	0.00515985973608	-144.418716499
5270.00000000	-0.00419651534964	-0.00300231094710	0.00515990427264	-144.418950861
5270.00000000	-0.00419654626296	-0.00300231677949	0.00515993280785	-144.419097917
5270.00000000	-0.00419654546861	-0.00300231911079	0.00515993351829	-144.419071731
5270.00000000	-0.00419651220455	-0.00300232377797	0.00515990918047	-144.418814667
5270.00000000	-0.00419646489795	-0.00300233837506	0.00515987919995	-144.418377195
5270.00000000	-0.00419642197696	-0.00300236397061	0.00515985918614	-144.417868730
5270.00000000	-0.00419639306031	-0.00300238695719	0.00515984904405	-144.417474307
5270.00000000	-0.00419637833154	-0.00300239215760	0.00515984009146	-144.417332177
5270.00000000	-0.00419637132642	-0.00300238304315	0.00515982909087	-144.417369226
5270.00000000	-0.00419636435612	-0.00300237422496	0.00515981829099	-144.417403824
5270.00000000	-0.00419635631346	-0.00300237604712	0.00515981281035	-144.417335403
5270.00000000	-0.00419635482990	-0.00300239189828	0.00515982082725	-144.417182668
5270.00000000	-0.00419635917336	-0.00300241534703	0.00515983800404	-144.416998972
5270.00000000	-0.00419636280346	-0.00300243399954	0.00515985180987	-144.416853982
5270.00000000	-0.00419636239693	-0.00300243527408	0.00515985222089	-144.416839845
5270.00000000	-0.00419635557188	-0.00300241939010	0.00515983742764	-144.416939190
5270.00000000	-0.00419633875351	-0.00300239838625	0.00515981152794	-144.417020202
5270.00000000	-0.00419631752504	-0.00300239153534	0.00515979027698	-144.416944906
5270.00000000	-0.00419629664196	-0.00300240194348	0.00515977934970	-144.416715978
5270.00000000	-0.00419627017109	-0.00300241274541	0.00515976410726	-144.416447387
5270.00000000	-0.00419623670998	-0.00300241670528	0.00515973919868	-144.416195416
5270.00000000	-0.00419621367451	-0.00300241018683	0.00515971667169	-144.416105437
5270.00000000	-0.00419621886976	-0.00300239488397	0.00515971199217	-144.416277205
5270.00000000	-0.00419625270638	-0.00300237959984	0.00515973061674	-144.416633871
5270.00000000	-0.00419630365563	-0.00300237140836	0.00515976728583	-144.417037054
5270.00000000	-0.00419635346233	-0.00300237034631	0.00515980717442	-144.417368463
5270.00000000	-0.00419638698916	-0.00300237435811	0.00515983677543	-144.417548859
5270.00000000	-0.00419640719168	-0.00300238450061	0.00515985910737	-144.417587798
5270.00000000	-0.00419642739818	-0.00300239925049	0.00515988412346	-144.417585153
5270.00000000	-0.00419645029401	-0.00300241085790	0.00515990949821	-144.417628264
5270.00000000	-0.00419646920949	-0.00300240982357	0.00515992427995	-144.417759819
5270.00000000	-0.00419648385383	-0.00300239480580	0.00515992745156	-144.417990058
5270.00000000	-0.00419650057989	-0.00300238094841	0.00515993299146	-144.418223268
5270.00000000	-0.00419652663599	-0.00300238043457	0.00515995388356	-144.418396256
5270.00000000	-0.00419656357248	-0.00300239077939	0.00515998994282	-144.418541479
5270.00000000	-0.00419660117108	-0.00300240084190	0.00516002637634	-144.418693527
5270.00000000	-0.00419662511857	-0.00300240104734	0.00516004597217	-144.418846392
5270.00000000	-0.00419663401906	-0.00300239313751	0.00516004860850	-144.418975326
5270.00000000	-0.00419664042410	-0.00300239142719	0.00516005282252	-144.419032153
5270.00000000	-0.00419666270637	-0.00300240273058	0.00516007752147	-144.419074036
5270.00000000	-0.00419669558455	-0.00300241649233	0.00516011226843	-144.419162175
5270.00000000	-0.00419671545811	-0.00300241679045	0.00516012860498	-144.419287878
5270.00000000	-0.00419671652738	-0.00300240347313	0.00516012172595	-144.419415048
5270.00000000	-0.00419670723523	-0.00300238718496	0.00516010469144	-144.419502106
5270.00000000	-0.00419670317839	-0.00300238206245	0.00516009841151	-144.419522156
5270.00000000	-0.00419671458651	-0.00300238808503	0.00516011119393	-144.419541472
5270.00000000	-0.00419673978019	-0.00300239042938	0.00516013304800	-144.419683066
5270.00000000	-0.00419677566294	-0.00300238200066	0.00516015732734	-144.419991002
5270.00000000	-0.00419681403193	-0.00300236518040	0.00516017874643	-144.420390777
5270.00000000	-0.00419683627526	-0.00300234345356	0.00516018419579	-144.420730681
5270.00000000	-0.00419683404045	-0.00300232098755	0.00516016930686	-144.420919125
5270.00000000	-0.00419680620167	-0.00300230016108	0.00516013454782	-144.420927354
5270.00000000	-0.00419675205539	-0.00300228274276	0.00516008037553	-144.420734848
5270.00000000	-0.00419668050748	-0.00300227815676	0.00516001951667	-144.420314028
5270.00000000	-0.00419661027974	-0.00300229234636	0.00515997065622	-144.419732168
5270.00000000	-0.00419656133953	-0.00300232072140	0.00515994736316	-144.419159726
5270.00000000	-0.00419654640556	-0.00300235364677	0.00515995437522	-144.418765899
5270.00000000	-0.00419655336040	-0.00300238374679	0.00515997754547	-144.418539009
5270.00000000	-0.00419655479537	-0.00300240935201	0.00515999361119	-144.418317049
5274.00000000	-0.00142989484390	0.000105581769297	0.00143378756258	175.777010094
5274.00000000	-0.00142988465402	0.000105567199600	0.00143377632755	175.777560754
5274.00000000	-0.00142986898664	0.000105552831049	0.00143375964482	175.778087291
5274.00000000	-0.00142984602882	0.000105541651713	0.00143373592631	175.778465291
5274.00000000	-0.00142981130295	0.000105535207641	0.00143370082029	175.778619963
5274.00000000	-0.00142977417859	0.000105532726272	0.00143366361399	175.778609648
5274.00000000	-0.00142975172090	0.000105532115447	0.00143364117226	175.778567926
5274.00000000	-0.00142974958697	0.000105538934890	0.00143363954612	175.778289847
5274.00000000	-0.00142975554078	0.000105554317286	0.00143364661625	175.777694273
5274.00000000	-0.00142975888286	0.000105569373161	0.00143365105784	175.777104033
5274.00000000	-0.00142975910011	0.000105575902452	0.00143365175532	175.776844438
5274.00000000	-0.00142975849250	0.000105575711707	0.00143365113531	175.776850252
5274.00000000	-0.00142975712764	0.000105576640671	0.00143364984257	175.776809210
5274.00000000	-0.00142975117603	0.000105585928633	0.00143364459113	175.776421507
5274.00000000	-0.00142974552644	0.000105600281693	0.00143364001405	175.775832813
5274.00000000	-0.00142974667515	0.000105598819140	0.00143364105191	175.775894487
5274.00000000	-0.00142975990171	0.000105571931624	0.00143365226233	175.777005060
5274.00000000	-0.00142978954911	0.000105531902967	0.00143367888221	175.778687678
5274.00000000	-0.00142983292686	0.000105495335765	0.00143371945115	175.780272652
5274.00000000	-0.00142988521565	0.000105469449659	0.00143376969376	175.781458051
5274.00000000	-0.00142993332226	0.000105457490215	0.00143381679037	175.782076070
5274.00000000	-0.00142996377728	0.000105461142534	0.00143384743154	175.782020029
5274.00000000	-0.00142997093615	0.000105474828823	0.00143385557772	175.781495656
5274.00000000	-0.00142996477791	0.000105487036302	0.00143385033420	175.780991073
5274.00000000	-0.00142996585439	0.000105486710012	0.00143385138376	175.781007240
5274.00000000	-0.00142997902195	0.000105468364457	0.00143386316611	175.781777034
5274.00000000	-0.00142999082964	0.000105439628291	0.00143387282841	175.782956890
5274.00000000	-0.00142998610920	0.000105418174147	0.00143386654329	175.783797983
5274.00000000	-0.00142996953130	0.000105410992855	0.00143384948229	175.784035464
5274.00000000	-0.00142995853055	0.000105405453094	0.00143383810406	175.784223915
5274.00000000	-0.00142996154571	0.000105392119194	0.00143384013091	175.784764149
5274.00000000	-0.00142997184880	0.000105381391335	0.00143384961764	175.785221930
5274.00000000	-0.00142997593568	0.000105388625569	0.00143385422517	175.784945640
5274.00000000	-0.00142996402425	0.000105415898454	0.00143384435079	175.783823791
5274.00000000	-0.00142993558920	0.000105456849650	0.00143381900406	175.782108260
5274.00000000	-0.00142990423109	0.000105494052139	0.00143379046765	175.780533471
5274.00000000	-0.00142988646825	0.000105520563276	0.00143377470383	175.779424691
5274.00000000	-0.00142989057312	0.000105545347097	0.00143378062178	175.778449055
5274.00000000	-0.00142991310083	0.000105577378131	0.00143380544660	175.777238815
5274.00000000	-0.00142994394531	0.000105610289395	0.00143383863107	175.776018018
5274.00000000	-0.00142996701948	0.000105637758729	0.00143386366607	175.774991264
5274.00000000	-0.00142996568977	0.000105660485801	0.00143386401454	175.774081666
5274.00000000	-0.00142994173040	0.000105677830633	0.00143384139856	175.773319906
5274.00000000	-0.00142991111728	0.000105683788243	0.00143381130781	175.772992323
5274.00000000	-0.00142988385799	0.000105671540514	0.00143378321995	175.773400135
5274.00000000	-0.00142986528107	0.000105643419587	0.00143376262126	175.774466129
5274.00000000	-0.00142985580859	0.000105611305027	0.00143375080859	175.775718116
5274.00000000	-0.00142985054771	0.000105590355399	0.00143374401897	175.776537552
5274.00000000	-0.00142984512210	0.000105588683961	0.00143373848500	175.776588197
5274.00000000	-0.00142984126729	0.000105596422480	0.00143373521059	175.776268441
5274.00000000	-0.00142983576975	0.000105601954863	0.00143373013546	175.776031771
5274.00000000	-0.00142982237311	0.000105600851634	0.00143371669395	175.776036307
5274.00000000	-0.00142980806981	0.000105587692147	0.00143370146029	175.776518676
5274.00000000	-0.00142980658317	0.000105560714183	0.00143369799109	175.777589510
5274.00000000	-0.00142982536674	0.000105528150215	0.00143371432645	175.778942606
5274.00000000	-0.00142985442219	0.000105505478646	0.00143374163456	175.779931624
5274.00000000	-0.00142987807238	0.000105498413362	0.00143376470075	175.780282747
5274.00000000	-0.00142988606348	0.000105505478270	0.00143377319004	175.780024685
5274.00000000	-0.00142987988589	0.000105524031351	0.00143376839457	175.779267117
5274.00000000	-0.00142987086915	0.000105546623711	0.00143376106525	175.778340213
5274.00000000	-0.00142987275626	0.000105566340863	0.00143376439885	175.777559970
5274.00000000	-0.00142989380288	0.000105578831564	0.00143378630806	175.777124107
5274.00000000	-0.00142993159627	0.000105591437533	0.00143382492714	175.776732947
5274.00000000	-0.00142996824997	0.000105611096465	0.00143386292916	175.776057389
5274.00000000	-0.00142998678976	0.000105635851746	0.00143388324213	175.775125458
5274.00000000	-0.00142998506798	0.000105654990977	0.00143388293517	175.774357693
5274.00000000	-0.00142997368409	0.000105657930367	0.00143387179881	175.774207040
5274.00000000	-0.00142996484974	0.000105644008823	0.00143386196270	175.774735807
5274.00000000	-0.00142995896058	0.000105622494347	0.00143385450457	175.775575835
5274.00000000	-0.00142995097682	0.000105605442228	0.00143384528647	175.776231877
5274.00000000	-0.00142994340070	0.000105597660166	0.00143383715778	175.776519705
5274.00000000	-0.00142994095877	0.000105596155384	0.00143383461167	175.776572486
5274.00000000	-0.00142994581203	0.000105596050197	0.00143383944400	175.776590960
5274.00000000	-0.00142995438535	0.000105591135129	0.00143384763208	175.776812060
5274.00000000	-0.00142996372788	0.000105580247216	0.00143385614747	175.777273443
5274.00000000	-0.00142997397349	0.000105565742883	0.00143386529735	175.777881594
5274.00000000	-0.00142998453428	0.000105556607540	0.00143387515694	175.778276709
5274.00000000	-0.00142999094327	0.000105561144458	0.00143388188253	175.778114765
5274.00000000	-0.00142998889112	0.000105577706825	0.00143388105535	175.777448716
5274.00000000	-0.00142997647478	0.000105602375532	0.00143387048932	175.776429128
5274.00000000	-0.00142996221035	0.000105631546801	0.00143385841237	175.775224655
5274.00000000	-0.00142995301583	0.000105656445121	0.00143385107730	175.774205370
5274.00000000	-0.00142995180409	0.000105669130887	0.00143385080369	175.773696265
5274.00000000	-0.00142996012292	0.000105670450398	0.00143385919714	175.773668180
5274.00000000	-0.00142996774818	0.000105659712560	0.00143386601037	175.774118541
5274.00000000	-0.00142997341129	0.000105634954003	0.00143386983387	175.775121850
5274.00000000	-0.00142998594065	0.000105606294507	0.00143388021811	175.776300813
5274.00000000	-0.00142999944899	0.000105584220207	0.00143389206417	175.777220222
5274.00000000	-0.00143000154294	0.000105568472853	0.00143389299297	175.777853911
5274.00000000	-0.00142999182862	0.000105558069002	0.00143388253907	175.778239926
5274.00000000	-0.00142997273624	0.000105555325925	0.00143386329656	175.778293076
5274.00000000	-0.00142994920780	0.000105561371945	0.00143384027706	175.777982922
5274.00000000	-0.00142993080077	0.000105570058450	0.00143382255954	175.777582598
5274.00000000	-0.00142992137242	0.000105574477526	0.00143381348215	175.777378749
5274.00000000	-0.00142992320114	0.000105569692705	0.00143381495361	175.777574814
5274.00000000	-0.00142993655224	0.000105550968570	0.00143382688997	175.778360281
5274.00000000	-0.00142995427079	0.000105519963409	0.00143384227837	175.779647995
5274.00000000	-0.00142997129545	0.000105490443205	0.00143385708472	175.780874465
5274.00000000	-0.00142998288402	0.000105474118289	0.00143386744095	175.781559091
5274.00000000	-0.00142998306666	0.000105467684349	0.00143386714984	175.781816025
