DevNumber	X [V]	Y [V]	R [V]	Theta [°]
4253.00000000	-0.000508028529601	0.000200449448128	0.000546143724804	158.467623947
4253.00000000	-0.000508048181992	0.000200458629571	0.000546165375499	158.467484662
4253.00000000	-0.000508062471030	0.000200467928113	0.000546182080144	158.467127459
4253.00000000	-0.000508062351172	0.000200471947752	0.000546183444013	158.466730606
4253.00000000	-0.000508049438389	0.000200472130507	0.000546171499584	158.466215575
4253.00000000	-0.000508037385470	0.000200469620802	0.000546159366760	158.465996373
4253.00000000	-0.000508036371230	0.000200466089871	0.000546157127282	158.466301883
4253.00000000	-0.000508041553710	0.000200461808268	0.000546160376511	158.466919255
4253.00000000	-0.000508043224997	0.000200458773992	0.000546160817467	158.467279706
4253.00000000	-0.000508036835523	0.000200459220359	0.000546155037764	158.466990124
4253.00000000	-0.000508023864650	0.000200463225965	0.000546144442449	158.466099774
4253.00000000	-0.000508015430812	0.000200466165811	0.000546137676395	158.465488112
4253.00000000	-0.000508019520094	0.000200463430354	0.000546140476165	158.465912530
4253.00000000	-0.000508031198836	0.000200455872620	0.000546148565739	158.467099776
4253.00000000	-0.000508041479777	0.000200446827024	0.000546154809224	158.468378363
4253.00000000	-0.000508046534524	0.000200434993010	0.000546155168120	158.469727824
4253.00000000	-0.000508050976714	0.000200422508662	0.000546154718846	158.471117167
4253.00000000	-0.000508053195902	0.000200415593656	0.000546154245655	158.471877427
4253.00000000	-0.000508051443997	0.000200416703773	0.000546153023336	158.471701648
4253.00000000	-0.000508047798698	0.000200423381607	0.000546152082901	158.470909629
4253.00000000	-0.000508047387579	0.000200431122627	0.000546154541264	158.470138368
4253.00000000	-0.000508051697162	0.000200436702698	0.000546160597973	158.469759743
4253.00000000	-0.000508060620943	0.000200438605124	0.000546169597265	158.469917654
4253.00000000	-0.000508072511925	0.000200437973019	0.000546180426601	158.470437118
4253.00000000	-0.000508082232184	0.000200436604611	0.000546188966502	158.470944847
4253.00000000	-0.000508083457833	0.000200436021807	0.000546189892767	158.471048901
4253.00000000	-0.000508082848610	0.000200433360148	0.000546188349300	158.471285180
4253.00000000	-0.000508090551864	0.000200433694990	0.000546195638010	158.471549040
4253.00000000	-0.000508105235698	0.000200445447316	0.000546213610132	158.470967495
4253.00000000	-0.000508122207460	0.000200468518711	0.000546237864587	158.469369621
4253.00000000	-0.000508136061659	0.000200491720900	0.000546259267480	158.467639113
4253.00000000	-0.000508142398189	0.000200501936488	0.000546268911227	158.466886351
4253.00000000	-0.000508140616538	0.000200496222308	0.000546265156619	158.467375272
4253.00000000	-0.000508133592405	0.000200484301121	0.000546254247331	158.468267990
4253.00000000	-0.000508123039377	0.000200474255938	0.000546240744031	158.468841853
4253.00000000	-0.000508114274787	0.000200464919326	0.000546229164475	158.469415454
4253.00000000	-0.000508111157223	0.000200453070503	0.000546221916046	158.470451592
4253.00000000	-0.000508110795524	0.000200434940209	0.000546214926365	158.472206773
4253.00000000	-0.000508104388611	0.000200416082130	0.000546202046593	158.473800339
4253.00000000	-0.000508090244175	0.000200408303552	0.000546186034569	158.474014973
4253.00000000	-0.000508079025106	0.000200415868705	0.000546178373960	158.472844881
4253.00000000	-0.000508079744142	0.000200433167812	0.000546185390840	158.471184440
4253.00000000	-0.000508089175312	0.000200452385441	0.000546201216492	158.469672229
4253.00000000	-0.000508097157176	0.000200466500154	0.000546213821515	158.468602230
4253.00000000	-0.000508097011833	0.000200474063709	0.000546216462269	158.467858615
4253.00000000	-0.000508093155790	0.000200472562571	0.000546212324380	158.467856635
4253.00000000	-0.000508095869334	0.000200458069459	0.000546209529435	158.469375292
4253.00000000	-0.000508105575837	0.000200434707124	0.000546209985277	158.472028600
4253.00000000	-0.000508114433389	0.000200414326520	0.000546210746592	158.474358270
4253.00000000	-0.000508116336322	0.000200403286262	0.000546208466048	158.475508831
4253.00000000	-0.000508110960940	0.000200400618918	0.000546202486894	158.475562235
4253.00000000	-0.000508098249102	0.000200401830282	0.000546191106044	158.474954774
4253.00000000	-0.000508082107272	0.000200402857495	0.000546176466924	158.474233233
4253.00000000	-0.000508067242645	0.000200404524874	0.000546163250905	158.473498345
4253.00000000	-0.000508058141012	0.000200406422256	0.000546155480363	158.472962823
4253.00000000	-0.000508057076178	0.000200408420469	0.000546155223035	158.472726828
4253.00000000	-0.000508057721420	0.000200412834537	0.000546157442998	158.472320901
4253.00000000	-0.000508050962539	0.000200422343437	0.000546154645028	158.471132745
4253.00000000	-0.000508037441311	0.000200434091432	0.000546146378531	158.469465711
4253.00000000	-0.000508023022734	0.000200443626984	0.000546136465754	158.467979986
4253.00000000	-0.000508014685660	0.000200447415279	0.000546130100927	158.467289264
4253.00000000	-0.000508016728546	0.000200445514497	0.000546131303594	158.467553425
4253.00000000	-0.000508025128949	0.000200442872563	0.000546138148095	158.468134708
4253.00000000	-0.000508030977027	0.000200445813388	0.000546144667395	158.468072891
4253.00000000	-0.000508034889110	0.000200448795105	0.000546149400816	158.467932542
4253.00000000	-0.000508039696578	0.000200448194583	0.000546153652383	158.468176249
4253.00000000	-0.000508044728465	0.000200446413300	0.000546157679362	158.468543819
4253.00000000	-0.000508048445977	0.000200448624387	0.000546161948948	158.468471180
4253.00000000	-0.000508049594516	0.000200449803635	0.000546163450137	158.468400324
4253.00000000	-0.000508052451589	0.000200444800742	0.000546164271726	158.468998534
4253.00000000	-0.000508058859899	0.000200434686292	0.000546166520936	158.470232276
4253.00000000	-0.000508063657175	0.000200424114443	0.000546167103909	158.471448626
4253.00000000	-0.000508062272794	0.000200418791653	0.000546163862851	158.471914767
4253.00000000	-0.000508056709064	0.000200418536943	0.000546158593794	158.471725440
4253.00000000	-0.000508052412999	0.000200415369810	0.000546153435227	158.471869132
4253.00000000	-0.000508052375759	0.000200408822554	0.000546150998051	158.472506643
4253.00000000	-0.000508056132812	0.000200407741118	0.000546154096192	158.472756810
4253.00000000	-0.000508059249597	0.000200417450166	0.000546160558291	158.471929298
4253.00000000	-0.000508055231865	0.000200431561516	0.000546161999298	158.470397537
4253.00000000	-0.000508044054090	0.000200442511473	0.000546155620041	158.468898620
4253.00000000	-0.000508031632025	0.000200444105800	0.000546144649967	158.468264751
4253.00000000	-0.000508022186842	0.000200436380158	0.000546133028496	158.468655020
4253.00000000	-0.000508018365975	0.000200422770858	0.000546124479625	158.469836062
4253.00000000	-0.000508023474337	0.000200412068791	0.000546125304115	158.471077190
4253.00000000	-0.000508031371240	0.000200406150836	0.000546130478418	158.471958769
4253.00000000	-0.000508034447550	0.000200401405443	0.000546131598794	158.472540319
4253.00000000	-0.000508027645877	0.000200398591026	0.000546124238851	158.472553143
4253.00000000	-0.000508012856189	0.000200404039764	0.000546112480362	158.471451982
4253.00000000	-0.000507999438010	0.000200413377795	0.000546103425202	158.470023997
4253.00000000	-0.000507997928701	0.000200416362099	0.000546103116418	158.469674624
4253.00000000	-0.000508009237561	0.000200409396392	0.000546111079918	158.470789875
4253.00000000	-0.000508026488920	0.000200403886455	0.000546125105768	158.471991797
4253.00000000	-0.000508047414079	0.000200405990117	0.000546145343134	158.472592058
4253.00000000	-0.000508069414515	0.000200410183013	0.000546167347450	158.473029782
4253.00000000	-0.000508082949721	0.000200409350934	0.000546179633215	158.473631991
4253.00000000	-0.000508084205361	0.000200403107611	0.000546178510450	158.474289583
4253.00000000	-0.000508075506998	0.000200393975229	0.000546167067956	158.474845983
4253.00000000	-0.000508063076869	0.000200389452624	0.000546153845360	158.474808893
4253.00000000	-0.000508053260111	0.000200392032935	0.000546145660034	158.474179204
4253.00000000	-0.000508045483464	0.000200399327133	0.000546141102265	158.473167989
5260.00000000	0.000349644093711	-0.000551893680226	0.000653328115529	-57.6443007713
5260.00000000	0.000349644327270	-0.000551880808761	0.000653317367495	-57.6436793511
5260.00000000	0.000349649433947	-0.000551868326012	0.000653309555965	-57.6427151377
5260.00000000	0.000349652499896	-0.000551856998839	0.000653301628538	-57.6419563269
5260.00000000	0.000349649689988	-0.000551853411550	0.000653297094397	-57.6419961121
5260.00000000	0.000349639058019	-0.000551857964469	0.000653295250128	-57.6429974844
5260.00000000	0.000349618866450	-0.000551862826570	0.000653288551199	-57.6447216135
5260.00000000	0.000349597778991	-0.000551857912620	0.000653273115012	-57.6460533156
5260.00000000	0.000349588843464	-0.000551842672206	0.000653255458716	-57.6460000316
5260.00000000	0.000349594335298	-0.000551824481749	0.000653243031291	-57.6447393032
5260.00000000	0.000349609465324	-0.000551809706142	0.000653238647078	-57.6429247121
5260.00000000	0.000349627404101	-0.000551804107385	0.000653243518625	-57.6413327964
5260.00000000	0.000349639858107	-0.000551814252277	0.000653258753783	-57.6408863337
5260.00000000	0.000349641581083	-0.000551838338431	0.000653280021878	-57.6418893322
5260.00000000	0.000349632568100	-0.000551866134989	0.000653298678725	-57.6438617932
5260.00000000	0.000349618070448	-0.000551886899732	0.000653308461050	-57.6459104522
5260.00000000	0.000349604998466	-0.000551894791061	0.000653308132012	-57.6472492689
5260.00000000	0.000349599236692	-0.000551894629079	0.000653304911892	-57.6476685422
5260.00000000	0.000349602617635	-0.000551892269899	0.000653304728156	-57.6473073363
5260.00000000	0.000349605443738	-0.000551886782706	0.000653301605093	-57.6468404320
5260.00000000	0.000349596713858	-0.000551878135044	0.000653289628174	-57.6470813557
5260.00000000	0.000349579831800	-0.000551870019853	0.000653273738654	-57.6479512829
5260.00000000	0.000349568246014	-0.000551866119754	0.000653264244203	-57.6486266587
5260.00000000	0.000349566095867	-0.000551865888275	0.000653262898090	-57.6487751065
5260.00000000	0.000349568477662	-0.000551870819368	0.000653268338315	-57.6488300601
5260.00000000	0.000349573795646	-0.000551879851283	0.000653278814025	-57.6488599230
5260.00000000	0.000349583779235	-0.000551888150448	0.000653291167328	-57.6485097199
5260.00000000	0.000349598873649	-0.000551897422573	0.000653307077491	-57.6478265406
5260.00000000	0.000349619171576	-0.000551911700490	0.000653330001049	-57.6469928167
5260.00000000	0.000349644339446	-0.000551928501972	0.000653357662690	-57.6459168120
5260.00000000	0.000349671133830	-0.000551937143253	0.000653379301736	-57.6443374570
5260.00000000	0.000349695755532	-0.000551928385124	0.000653385080747	-57.6421025627
5260.00000000	0.000349712050524	-0.000551909883862	0.000653378173943	-57.6400271902
5260.00000000	0.000349719018779	-0.000551898182200	0.000653372019306	-57.6389617921
5260.00000000	0.000349721812114	-0.000551901449026	0.000653376273907	-57.6389082184
5260.00000000	0.000349726041377	-0.000551915445291	0.000653390360174	-57.6392518863
5260.00000000	0.000349735101613	-0.000551930588286	0.000653408000859	-57.6392915322
5260.00000000	0.000349745378854	-0.000551941487904	0.000653422708589	-57.6390418789
5260.00000000	0.000349744750238	-0.000551946950074	0.000653426985986	-57.6393447975
5260.00000000	0.000349729622384	-0.000551947781770	0.000653419591514	-57.6405043223
5260.00000000	0.000349707627219	-0.000551949214555	0.000653409029615	-57.6422007527
5260.00000000	0.000349685689738	-0.000551951326411	0.000653399072799	-57.6439248335
5260.00000000	0.000349668922391	-0.000551948574821	0.000653387775010	-57.6450377488
5260.00000000	0.000349658759481	-0.000551939117678	0.000653374347296	-57.6453467753
5260.00000000	0.000349652892264	-0.000551926679528	0.000653360700259	-57.6451976923
5260.00000000	0.000349649282707	-0.000551917577432	0.000653351079571	-57.6450379196
5260.00000000	0.000349649255167	-0.000551915174632	0.000653349035071	-57.6449271930
5260.00000000	0.000349651223622	-0.000551916008619	0.000653350793028	-57.6448205093
5260.00000000	0.000349653744450	-0.000551917363044	0.000653353286237	-57.6446973313
5260.00000000	0.000349657183770	-0.000551918210898	0.000653355843077	-57.6444823386
5260.00000000	0.000349659923284	-0.000551914256170	0.000653353968469	-57.6440937940
5260.00000000	0.000349662806921	-0.000551900845710	0.000653344183443	-57.6432507803
5260.00000000	0.000349666303635	-0.000551882858128	0.000653330860279	-57.6421474920
5260.00000000	0.000349669612183	-0.000551870923532	0.000653322549683	-57.6413422159
5260.00000000	0.000349672271134	-0.000551869112216	0.000653322442763	-57.6410602193
5260.00000000	0.000349672286506	-0.000551872050543	0.000653324933032	-57.6411970005
5260.00000000	0.000349670943205	-0.000551871912094	0.000653324097122	-57.6412900143
5260.00000000	0.000349673615737	-0.000551868554200	0.000653322691062	-57.6409344182
5260.00000000	0.000349680969715	-0.000551865911621	0.000653324394914	-57.6402655960
5260.00000000	0.000349687442565	-0.000551866946730	0.000653328733779	-57.6398346803
5260.00000000	0.000349693473247	-0.000551876860155	0.000653340335511	-57.6398532667
5260.00000000	0.000349701127144	-0.000551896853016	0.000653361320171	-57.6402247130
5260.00000000	0.000349706549372	-0.000551919618413	0.000653383452395	-57.6408915703
5260.00000000	0.000349704398957	-0.000551936186302	0.000653396296592	-57.6418284423
5260.00000000	0.000349692959574	-0.000551941897460	0.000653394998563	-57.6429438274
5260.00000000	0.000349677092344	-0.000551937534232	0.000653382820868	-57.6439144210
5260.00000000	0.000349661019541	-0.000551925110227	0.000653363724035	-57.6445219830
5260.00000000	0.000349645422481	-0.000551911296347	0.000653343707781	-57.6450291077
5260.00000000	0.000349631997370	-0.000551900078992	0.000653327047333	-57.6454972185
5260.00000000	0.000349620661696	-0.000551889301997	0.000653311877088	-57.6458312234
5260.00000000	0.000349616648864	-0.000551876633443	0.000653299027783	-57.6455339367
5260.00000000	0.000349628366505	-0.000551863679793	0.000653294356121	-57.6440578331
5260.00000000	0.000349652578255	-0.000551849672016	0.000653295481375	-57.6416066063
5260.00000000	0.000349679545570	-0.000551833668035	0.000653296396567	-57.6388575434
5260.00000000	0.000349699061705	-0.000551822077930	0.000653297052993	-57.6368676829
5260.00000000	0.000349702329528	-0.000551821663830	0.000653298452432	-57.6366061634
5260.00000000	0.000349690293187	-0.000551826413675	0.000653296021707	-57.6377207997
5260.00000000	0.000349672652479	-0.000551829433465	0.000653289130117	-57.6391694140
5260.00000000	0.000349658568138	-0.000551832970534	0.000653284579368	-57.6403788696
5260.00000000	0.000349649987619	-0.000551839203387	0.000653285251813	-57.6413071322
5260.00000000	0.000349644285074	-0.000551844776215	0.000653286907201	-57.6419911957
5260.00000000	0.000349639147777	-0.000551845874886	0.000653285085768	-57.6424233662
5260.00000000	0.000349637124471	-0.000551841828908	0.000653280585155	-57.6423833485
5260.00000000	0.000349644019812	-0.000551836123985	0.000653279456531	-57.6416047094
5260.00000000	0.000349657293000	-0.000551835711865	0.000653286212496	-57.6406020203
5260.00000000	0.000349664468316	-0.000551845083597	0.000653297969301	-57.6405103690
5260.00000000	0.000349658019750	-0.000551860356800	0.000653307419353	-57.6417050174
5260.00000000	0.000349643247238	-0.000551873428722	0.000653310555301	-57.6434129752
5260.00000000	0.000349630466627	-0.000551878431462	0.000653307941408	-57.6445946251
5260.00000000	0.000349627517959	-0.000551874262471	0.000653302841638	-57.6446174060
5260.00000000	0.000349634432933	-0.000551865531205	0.000653299166711	-57.6436952968
5260.00000000	0.000349644671718	-0.000551857768974	0.000653298089418	-57.6425724186
5260.00000000	0.000349652215965	-0.000551854730291	0.000653299560289	-57.6418708784
5260.00000000	0.000349652977671	-0.000551859252236	0.000653303787738	-57.6420267031
5260.00000000	0.000349645333617	-0.000551866580846	0.000653305887295	-57.6429369915
5260.00000000	0.000349633751853	-0.000551872047073	0.000653304306411	-57.6440515854
5260.00000000	0.000349625442812	-0.000551876489991	0.000653303612776	-57.6448756934
5260.00000000	0.000349623711036	-0.000551880472589	0.000653306050289	-57.6451909147
5260.00000000	0.000349628227423	-0.000551879852535	0.000653307943504	-57.6448272144
5260.00000000	0.000349635085619	-0.000551870598785	0.000653303796789	-57.6438847966
5270.00000000	0.00166309682134	0.000940900471777	0.00191080735160	29.4991012671
5270.00000000	0.00166307674477	0.000940907028369	0.00191079310629	29.4995688140
5270.00000000	0.00166306226893	0.000940910678455	0.00191078230449	29.4998778158
5270.00000000	0.00166306212152	0.000940911234547	0.00191078245002	29.4998945053
5270.00000000	0.00166307131567	0.000940912757867	0.00191079120233	29.4997985051
5270.00000000	0.00166308117871	0.000940915269623	0.00191080102354	29.4997184254
5270.00000000	0.00166308743314	0.000940917037631	0.00191080733774	29.4996722183
5270.00000000	0.00166308884626	0.000940914455032	0.00191080729595	29.4995839530
5270.00000000	0.00166309107656	0.000940908141808	0.00191080612838	29.4993862607
5270.00000000	0.00166309700123	0.000940902448317	0.00191080848144	29.4991501945
5270.00000000	0.00166309869727	0.000940896058055	0.00191080681099	29.4989583799
5270.00000000	0.00166309107061	0.000940883852118	0.00191079416273	29.4987524350
5270.00000000	0.00166308185897	0.000940867894822	0.00191077828780	29.4984719847
5270.00000000	0.00166307673129	0.000940857424356	0.00191076866918	29.4982744298
5270.00000000	0.00166307459745	0.000940857282799	0.00191076674225	29.4983022414
5270.00000000	0.00166307405282	0.000940862040433	0.00191076861087	29.4984344507
5270.00000000	0.00166307258669	0.000940864851552	0.00191076871900	29.4985294644
5270.00000000	0.00166307152691	0.000940868593660	0.00191076963922	29.4986427760
5270.00000000	0.00166307259042	0.000940875512606	0.00191077397178	29.4988076475
5270.00000000	0.00166307461090	0.000940881585477	0.00191077872066	29.4989363072
5270.00000000	0.00166307210902	0.000940883092978	0.00191077728541	29.4990125912
5270.00000000	0.00166306193325	0.000940877592604	0.00191076572036	29.4990192873
5270.00000000	0.00166305215211	0.000940869338759	0.00191075314294	29.4989482946
5270.00000000	0.00166305442102	0.000940866219392	0.00191075358172	29.4988333819
5270.00000000	0.00166306932582	0.000940869482915	0.00191076816133	29.4986984835
5270.00000000	0.00166308439284	0.000940876733779	0.00191078484552	29.4986652552
5270.00000000	0.00166308754678	0.000940888232663	0.00191079325271	29.4989187885
5270.00000000	0.00166307478003	0.000940903103324	0.00191078946350	29.4994953879
5270.00000000	0.00166305112124	0.000940916105552	0.00191077527448	29.5001840551
5270.00000000	0.00166302770485	0.000940924082379	0.00191075882201	29.5007379996
5270.00000000	0.00166301639766	0.000940935277050	0.00191075449351	29.5011971243
5270.00000000	0.00166302118500	0.000940957858452	0.00191076978025	29.5017157611
5270.00000000	0.00166303465063	0.000940985902125	0.00191079531013	29.5022487921
5270.00000000	0.00166305025864	0.000941003766634	0.00191081769187	29.5024845293
5270.00000000	0.00166306362160	0.000941001873167	0.00191082838968	29.5022377937
5270.00000000	0.00166306526067	0.000940983187321	0.00191082061431	29.5017259470
5270.00000000	0.00166305019217	0.000940958956339	0.00191079556708	29.5013160860
5270.00000000	0.00166302593250	0.000940939164285	0.00191076470636	29.5011577794
5270.00000000	0.00166300866630	0.000940924335353	0.00191074237642	29.5010257292
5270.00000000	0.00166300426139	0.000940909455867	0.00191073121541	29.5007024418
5270.00000000	0.00166300657804	0.000940891610617	0.00191072444417	29.5002024961
5270.00000000	0.00166300720662	0.000940873575781	0.00191071611048	29.4997225249
5270.00000000	0.00166300630901	0.000940860421597	0.00191070885190	29.4993924662
5270.00000000	0.00166300910326	0.000940856907920	0.00191070955373	29.4992595024
5270.00000000	0.00166301357100	0.000940867679118	0.00191071874617	29.4994746518
5270.00000000	0.00166301396767	0.000940887684010	0.00191072894221	29.4999909008
5270.00000000	0.00166301205873	0.000940902499937	0.00191073457651	29.5004057647
5270.00000000	0.00166301813823	0.000940902255290	0.00191073974735	29.5003096093
5270.00000000	0.00166304021722	0.000940888117272	0.00191075200205	29.4996146126
5270.00000000	0.00166307292003	0.000940870483847	0.00191077178248	29.4986715377
5270.00000000	0.00166310289373	0.000940859109634	0.00191079227006	29.4979321321
5270.00000000	0.00166311693274	0.000940854959007	0.00191080244553	29.4976165292
5270.00000000	0.00166311171641	0.000940851750533	0.00191079632555	29.4976098087
5270.00000000	0.00166309260539	0.000940846912303	0.00191077730949	29.4977657021
5270.00000000	0.00166306771550	0.000940841583677	0.00191075302222	29.4979941238
5270.00000000	0.00166304385411	0.000940837939939	0.00191073045978	29.4982513396
5270.00000000	0.00166302624526	0.000940843201411	0.00191071772433	29.4986486604
5270.00000000	0.00166302284480	0.000940857068440	0.00191072159289	29.4990607884
5270.00000000	0.00166304024477	0.000940866492709	0.00191074137780	29.4990498326
5270.00000000	0.00166306909746	0.000940861668029	0.00191076411451	29.4984978974
5270.00000000	0.00166309101820	0.000940847525711	0.00191077623009	29.4978051453
5270.00000000	0.00166310003545	0.000940833639802	0.00191077724126	29.4973096051
5270.00000000	0.00166309980318	0.000940829958155	0.00191077522632	29.4972169476
5270.00000000	0.00166309264050	0.000940843793143	0.00191077580422	29.4976837776
5270.00000000	0.00166307847987	0.000940868431962	0.00191077561123	29.4985358954
5270.00000000	0.00166305642660	0.000940890769299	0.00191076741594	29.4994444864
5270.00000000	0.00166303172852	0.000940906599063	0.00191075371470	29.5002223014
5270.00000000	0.00166301316436	0.000940917921478	0.00191074313286	29.5007919179
5270.00000000	0.00166300310873	0.000940923742252	0.00191073724734	29.5010923153
5270.00000000	0.00166300174158	0.000940924678352	0.00191073651842	29.5011369340
5270.00000000	0.00166301107377	0.000940923449907	0.00191074403573	29.5009670709
5270.00000000	0.00166302400814	0.000940919504904	0.00191075335048	29.5006731216
5270.00000000	0.00166302948650	0.000940911164634	0.00191075401156	29.5003745609
5270.00000000	0.00166302047368	0.000940899706632	0.00191074052498	29.5002086078
5270.00000000	0.00166300182218	0.000940889416122	0.00191071922425	29.5002154481
5270.00000000	0.00166298731522	0.000940884746993	0.00191070429887	29.5003078018
5270.00000000	0.00166298329334	0.000940888833723	0.00191070281084	29.5004738500
5270.00000000	0.00166298828908	0.000940897747545	0.00191071154834	29.5006327222
5270.00000000	0.00166299961292	0.000940899466225	0.00191072225038	29.5005103662
5270.00000000	0.00166301469333	0.000940889759151	0.00191073059563	29.5000343444
5270.00000000	0.00166303195471	0.000940876090231	0.00191073888837	29.4994227240
5270.00000000	0.00166304693394	0.000940863148062	0.00191074555289	29.4988637728
5270.00000000	0.00166305483059	0.000940851192292	0.00191074653882	29.4984351444
5270.00000000	0.00166305689878	0.000940839367210	0.00191074251627	29.4980959844
5270.00000000	0.00166305200929	0.000940827252353	0.00191073229532	29.4978519897
5270.00000000	0.00166303848371	0.000940814468310	0.00191071422826	29.4977180389
5270.00000000	0.00166302259967	0.000940802062772	0.00191069429484	29.4976287874
5270.00000000	0.00166301801058	0.000940794446368	0.00191068655038	29.4974977585
5270.00000000	0.00166302983228	0.000940794384616	0.00191069680933	29.4973215981
5270.00000000	0.00166304520653	0.000940794974518	0.00191071048122	29.4971099952
5270.00000000	0.00166304582520	0.000940793231118	0.00191071016128	29.4970553582
5270.00000000	0.00166302657356	0.000940791129100	0.00191069237005	29.4972847444
5270.00000000	0.00166299897691	0.000940790636176	0.00191066810784	29.4976793495
5270.00000000	0.00166298281799	0.000940795250423	0.00191065631555	29.4980383775
5270.00000000	0.00166298711248	0.000940810858975	0.00191066773894	29.4983823521
5270.00000000	0.00166300233909	0.000940831287997	0.00191069105098	29.4986907148
5270.00000000	0.00166301518778	0.000940845225449	0.00191070909692	29.4988647559
5270.00000000	0.00166302181037	0.000940850756430	0.00191071758448	29.4989113241
5270.00000000	0.00166302355190	0.000940849370568	0.00191071841784	29.4988494395
5270.00000000	0.00166301987289	0.000940841831385	0.00191071150342	29.4987069947
5274.00000000	0.00202612120318	-0.000353532655766	0.00205673344619	-9.89774689410
5274.00000000	0.00202611003685	-0.000353541440344	0.00205672395607	-9.89804144047
5274.00000000	0.00202609689710	-0.000353549329119	0.00205671236796	-9.89832085610
5274.00000000	0.00202608429013	-0.000353553358803	0.00205670064137	-9.89849181682
5274.00000000	0.00202607231196	-0.000353556388911	0.00205668936241	-9.89863233628
5274.00000000	0.00202606151306	-0.000353562198692	0.00205667972302	-9.89884349403
5274.00000000	0.00202604976885	-0.000353574768596	0.00205667031457	-9.89924470435
5274.00000000	0.00202603295036	-0.000353589214258	0.00205665623000	-9.89972169992
5274.00000000	0.00202601730268	-0.000353595408067	0.00205664188019	-9.89996662986
5274.00000000	0.00202601895060	-0.000353593676455	0.00205664320587	-9.89991121426
5274.00000000	0.00202604110964	-0.000353591171767	0.00205666460433	-9.89973634194
5274.00000000	0.00202606775481	-0.000353590033494	0.00205669065707	-9.89957748638
5274.00000000	0.00202608452077	-0.000353589734596	0.00205670712201	-9.89948898474
5274.00000000	0.00202608869772	-0.000353592409977	0.00205671169672	-9.89954240083
5274.00000000	0.00202608676302	-0.000353603221201	0.00205671164953	-9.89984836109
5274.00000000	0.00202608134323	-0.000353622882229	0.00205670969080	-9.90041388020
5274.00000000	0.00202606989681	-0.000353648999747	0.00205670290557	-9.90118545502
5274.00000000	0.00202605995357	-0.000353670270155	0.00205669676798	-9.90181681379
5274.00000000	0.00202606136435	-0.000353675599451	0.00205669907419	-9.90195630809
5274.00000000	0.00202607094113	-0.000353665288623	0.00205670673526	-9.90162746973
5274.00000000	0.00202607734508	-0.000353648233510	0.00205671011115	-9.90112874868
5274.00000000	0.00202607907944	-0.000353633426031	0.00205670927361	-9.90071407818
5274.00000000	0.00202608340448	-0.000353625439403	0.00205671216102	-9.90047418401
5274.00000000	0.00202609238378	-0.000353619074381	0.00205671991223	-9.90025649976
5274.00000000	0.00202609877260	-0.000353604541097	0.00205672370721	-9.89982706316
5274.00000000	0.00202609468955	-0.000353585630807	0.00205671643387	-9.89932766229
5274.00000000	0.00202608215449	-0.000353577665650	0.00205670271610	-9.89916910609
5274.00000000	0.00202606809979	-0.000353586242984	0.00205669034524	-9.89947180944
5274.00000000	0.00202605204809	-0.000353601832157	0.00205667721271	-9.89997651133
5274.00000000	0.00202603087284	-0.000353613490264	0.00205665835719	-9.90039787784
5274.00000000	0.00202600982933	-0.000353617803036	0.00205663836860	-9.90061703528
5274.00000000	0.00202600310625	-0.000353615998183	0.00205663143531	-9.90059970670
5274.00000000	0.00202601455710	-0.000353607994939	0.00205664133958	-9.90032521547
5274.00000000	0.00202603462143	-0.000353594004187	0.00205665869969	-9.89984515038
5274.00000000	0.00202605136767	-0.000353577439981	0.00205667234885	-9.89931035979
5274.00000000	0.00202605894948	-0.000353569059469	0.00205667837704	-9.89904405625
5274.00000000	0.00202605938101	-0.000353574714276	0.00205667977429	-9.89919717804
5274.00000000	0.00202606020591	-0.000353583680596	0.00205668212837	-9.89943929540
5274.00000000	0.00202606412831	-0.000353583086152	0.00205668589017	-9.89940419586
5274.00000000	0.00202607045223	-0.000353571184249	0.00205669007382	-9.89904727883
5274.00000000	0.00202607849952	-0.000353554978175	0.00205669521534	-9.89856398869
5274.00000000	0.00202608604030	-0.000353545092544	0.00205670094451	-9.89825658121
5274.00000000	0.00202609278207	-0.000353548478779	0.00205670816802	-9.89831722595
5274.00000000	0.00202609986067	-0.000353564551147	0.00205671790415	-9.89872440518
5274.00000000	0.00202610855005	-0.000353587033540	0.00205673032915	-9.89929977633
5274.00000000	0.00202611767519	-0.000353608501858	0.00205674300930	-9.89984522447
5274.00000000	0.00202612677081	-0.000353624564085	0.00205675473106	-9.90024245050
5274.00000000	0.00202613529525	-0.000353631650843	0.00205676434701	-9.90039609967
5274.00000000	0.00202614214540	-0.000353627623244	0.00205677040267	-9.90025276323
5274.00000000	0.00202614446046	-0.000353618847380	0.00205677117441	-9.90000084503
5274.00000000	0.00202613970623	-0.000353618139554	0.00205676636928	-9.90000419082
5274.00000000	0.00202612880602	-0.000353627874714	0.00205675730516	-9.90032355462
5274.00000000	0.00202611729101	-0.000353639425227	0.00205674794761	-9.90069568397
5274.00000000	0.00202610529273	-0.000353644841423	0.00205673705930	-9.90090178934
5274.00000000	0.00202609111310	-0.000353639708489	0.00205672220827	-9.90082884712
5274.00000000	0.00202607700201	-0.000353624056510	0.00205670561613	-9.90046689981
5274.00000000	0.00202607106172	-0.000353601632975	0.00205669590897	-9.89987997708
5274.00000000	0.00202607713782	-0.000353581886721	0.00205669849978	-9.89930897250
5274.00000000	0.00202608851517	-0.000353579163841	0.00205670923964	-9.89917975872
5274.00000000	0.00202609461296	-0.000353594924979	0.00205671795627	-9.89958309002
5274.00000000	0.00202608476208	-0.000353616854800	0.00205671202241	-9.90023209338
5274.00000000	0.00202606412159	-0.000353632978478	0.00205669446158	-9.90077344359
5274.00000000	0.00202605650166	-0.000353638040955	0.00205668782559	-9.90094887469
5274.00000000	0.00202607343214	-0.000353635165724	0.00205670400954	-9.90078887121
5274.00000000	0.00202609937908	-0.000353627681858	0.00205672828329	-9.90045920857
5274.00000000	0.00202611173557	-0.000353617777712	0.00205673875291	-9.90012822725
5274.00000000	0.00202610177176	-0.000353601093161	0.00205672606893	-9.89971807721
5274.00000000	0.00202607890186	-0.000353573452368	0.00205669878757	-9.89906905701
5274.00000000	0.00202605739476	-0.000353543021941	0.00205667236944	-9.89833693513
5274.00000000	0.00202603874798	-0.000353524395844	0.00205665079845	-9.89791505732
5274.00000000	0.00202602097606	-0.000353524525710	0.00205663331338	-9.89800372712
5274.00000000	0.00202600311194	-0.000353541024739	0.00205661855135	-9.89854208403
5274.00000000	0.00202598863785	-0.000353562974615	0.00205660806614	-9.89921380880
5274.00000000	0.00202598184172	-0.000353579627561	0.00205660423417	-9.89970339254
5274.00000000	0.00202598309984	-0.000353588555550	0.00205660700851	-9.89994239120
5274.00000000	0.00202598661962	-0.000353596341933	0.00205661181459	-9.90013922529
5274.00000000	0.00202598774615	-0.000353605849334	0.00205661455899	-9.90039475439
5274.00000000	0.00202599006881	-0.000353611925486	0.00205661789177	-9.90055038491
5274.00000000	0.00202600049399	-0.000353615632883	0.00205662879915	-9.90060219426
5274.00000000	0.00202602003782	-0.000353620445520	0.00205664887940	-9.90064065638
5274.00000000	0.00202604166097	-0.000353624368607	0.00205667085506	-9.90064474532
5274.00000000	0.00202605678138	-0.000353626986962	0.00205668620049	-9.90064417576
5274.00000000	0.00202606572428	-0.000353629453993	0.00205669543439	-9.90066904329
5274.00000000	0.00202607523678	-0.000353629088270	0.00205670474234	-9.90061344250
5274.00000000	0.00202608695724	-0.000353620840580	0.00205671487017	-9.90033096122
5274.00000000	0.00202609908035	-0.000353609283921	0.00205672482580	-9.89995574636
5274.00000000	0.00202611097095	-0.000353602974963	0.00205673545467	-9.89972566056
5274.00000000	0.00202611959690	-0.000353604578753	0.00205674422792	-9.89972835990
5274.00000000	0.00202612034120	-0.000353613010861	0.00205674641083	-9.89995619490
5274.00000000	0.00202610963311	-0.000353625366306	0.00205673798649	-9.90034654920
5274.00000000	0.00202609298891	-0.000353635365742	0.00205672330944	-9.90070068444
5274.00000000	0.00202608176418	-0.000353638634982	0.00205671281400	-9.90084416802
5274.00000000	0.00202608354481	-0.000353630459170	0.00205671316236	-9.90061126967
5274.00000000	0.00202609374917	-0.000353612518467	0.00205672013012	-9.90007004603
5274.00000000	0.00202610023074	-0.000353591610593	0.00205672292059	-9.89946522766
5274.00000000	0.00202609707441	-0.000353573516763	0.00205671670064	-9.89898379340
5274.00000000	0.00202608867282	-0.000353559242325	0.00205670597023	-9.89863229205
5274.00000000	0.00202607685355	-0.000353547165787	0.00205669225090	-9.89835747185
5274.00000000	0.00202606019374	-0.000353542921263	0.00205667510945	-9.89832076820
5274.00000000	0.00202603926784	-0.000353550709402	0.00205665583386	-9.89863471841
