DevNumber	X [V]	Y [V]	R [V]	Theta [°]
4253.00000000	0.0267681094390	-0.0227345798364	0.0351196925282	-40.3417721710
4253.00000000	0.0267681260189	-0.0227345824810	0.0351197068773	-40.3417579493
4253.00000000	0.0267681431068	-0.0227345854135	0.0351197218000	-40.3417435493
4253.00000000	0.0267681606851	-0.0227345885240	0.0351197372117	-40.3417288526
4253.00000000	0.0267681787332	-0.0227345916998	0.0351197530237	-40.3417137409
4253.00000000	0.0267681972258	-0.0227345948253	0.0351197691421	-40.3416980973
4253.00000000	0.0267682161327	-0.0227345977831	0.0351197854675	-40.3416818076
4253.00000000	0.0267682354176	-0.0227346004542	0.0351198018956	-40.3416647622
4253.00000000	0.0267682550385	-0.0227346027185	0.0351198183164	-40.3416468562
4253.00000000	0.0267682749476	-0.0227346044569	0.0351198346164	-40.3416279918
4253.00000000	0.0267682950929	-0.0227346055523	0.0351198506802	-40.3416080785
4253.00000000	0.0267683154191	-0.0227346058929	0.0351198663933	-40.3415870355
4253.00000000	0.0267683358692	-0.0227346053747	0.0351198816448	-40.3415647939
4253.00000000	0.0267683563857	-0.0227346039041	0.0351198963306	-40.3415412978
4253.00000000	0.0267683769122	-0.0227346014002	0.0351199103550	-40.3415165064
4253.00000000	0.0267683973936	-0.0227345977963	0.0351199236329	-40.3414903946
4253.00000000	0.0267684177770	-0.0227345930402	0.0351199360903	-40.3414629538
4253.00000000	0.0267684380113	-0.0227345870944	0.0351199476640	-40.3414341909
4253.00000000	0.0267684580481	-0.0227345799358	0.0351199583019	-40.3414041287
4253.00000000	0.0267684778406	-0.0227345715551	0.0351199679626	-40.3413728047
4253.00000000	0.0267684973461	-0.0227345619565	0.0351199766163	-40.3413402696
4253.00000000	0.0267685165257	-0.0227345511580	0.0351199842446	-40.3413065865
4253.00000000	0.0267685353465	-0.0227345391907	0.0351199908429	-40.3412718290
4253.00000000	0.0267685537823	-0.0227345260986	0.0351199964197	-40.3412360794
4253.00000000	0.0267685718152	-0.0227345119375	0.0351200009974	-40.3411994261
4253.00000000	0.0267685894356	-0.0227344967728	0.0351200046111	-40.3411619604
4253.00000000	0.0267686066432	-0.0227344806772	0.0351200073075	-40.3411237732
4253.00000000	0.0267686234460	-0.0227344637281	0.0351200091429	-40.3410849521
4253.00000000	0.0267686398610	-0.0227344460056	0.0351200101821	-40.3410455789
4253.00000000	0.0267686559140	-0.0227344275910	0.0351200104973	-40.3410057274
4253.00000000	0.0267686716390	-0.0227344085659	0.0351200101674	-40.3409654631
4253.00000000	0.0267686870784	-0.0227343890117	0.0351200092773	-40.3409248426
4253.00000000	0.0267687022812	-0.0227343690092	0.0351200079167	-40.3408839143
4253.00000000	0.0267687173023	-0.0227343486378	0.0351200061788	-40.3408427194
4253.00000000	0.0267687322003	-0.0227343279758	0.0351200041589	-40.3408012930
4253.00000000	0.0267687470359	-0.0227343070988	0.0351200019524	-40.3407596653
4253.00000000	0.0267687618700	-0.0227342860791	0.0351199996523	-40.3407178616
4253.00000000	0.0267687767619	-0.0227342649837	0.0351199973473	-40.3406759027
4253.00000000	0.0267687917675	-0.0227342438724	0.0351199951188	-40.3406338039
4253.00000000	0.0267688069375	-0.0227342227960	0.0351199930380	-40.3405915749
4253.00000000	0.0267688223155	-0.0227342017943	0.0351199911643	-40.3405492192
4253.00000000	0.0267688379378	-0.0227341808947	0.0351199895428	-40.3405067325
4253.00000000	0.0267688538318	-0.0227341601108	0.0351199882034	-40.3404641026
4253.00000000	0.0267688700166	-0.0227341394420	0.0351199871602	-40.3404213089
4253.00000000	0.0267688865029	-0.0227341188731	0.0351199864115	-40.3403783208
4253.00000000	0.0267689032940	-0.0227340983743	0.0351199859404	-40.3403350981
4253.00000000	0.0267689203856	-0.0227340779017	0.0351199857154	-40.3402915906
4253.00000000	0.0267689377665	-0.0227340573974	0.0351199856904	-40.3402477382
4253.00000000	0.0267689554192	-0.0227340367906	0.0351199858063	-40.3402034713
4253.00000000	0.0267689733191	-0.0227340159986	0.0351199859906	-40.3401587130
4253.00000000	0.0267689914345	-0.0227339949287	0.0351199861595	-40.3401133816
4253.00000000	0.0267690097274	-0.0227339734818	0.0351199862195	-40.3400673939
4253.00000000	0.0267690281531	-0.0227339515555	0.0351199860705	-40.3400206698
4253.00000000	0.0267690466619	-0.0227339290489	0.0351199856092	-40.3399731363
4253.00000000	0.0267690652004	-0.0227339058668	0.0351199847332	-40.3399247316
4253.00000000	0.0267690837129	-0.0227338819239	0.0351199833451	-40.3398754081
4253.00000000	0.0267691021441	-0.0227338571482	0.0351199813559	-40.3398251352
4253.00000000	0.0267691204403	-0.0227338314844	0.0351199786889	-40.3397739002
4253.00000000	0.0267691385525	-0.0227338048950	0.0351199752826	-40.3397217086
4253.00000000	0.0267691564381	-0.0227337773630	0.0351199710934	-40.3396685842
4253.00000000	0.0267691740623	-0.0227337488917	0.0351199660970	-40.3396145677
4253.00000000	0.0267691914007	-0.0227337195062	0.0351199602909	-40.3395597163
4253.00000000	0.0267692084398	-0.0227336892535	0.0351199536954	-40.3395041026
4253.00000000	0.0267692251783	-0.0227336582027	0.0351199463542	-40.3394478138
4253.00000000	0.0267692416287	-0.0227336264448	0.0351199383357	-40.3393909499
4253.00000000	0.0267692578172	-0.0227335940922	0.0351199297327	-40.3393336231
4253.00000000	0.0267692737836	-0.0227335612765	0.0351199206607	-40.3392759549
4253.00000000	0.0267692895800	-0.0227335281466	0.0351199112557	-40.3392180755
4253.00000000	0.0267693052690	-0.0227334948644	0.0351199016704	-40.3391601201
4253.00000000	0.0267693209209	-0.0227334616018	0.0351198920694	-40.3391022283
4253.00000000	0.0267693366105	-0.0227334285359	0.0351198826246	-40.3390445411
4253.00000000	0.0267693524141	-0.0227333958450	0.0351198735094	-40.3389871999
4253.00000000	0.0267693684058	-0.0227333637054	0.0351198648945	-40.3389303456
4253.00000000	0.0267693846546	-0.0227333322872	0.0351198569426	-40.3388741169
4253.00000000	0.0267694012216	-0.0227333017515	0.0351198498045	-40.3388186493
4253.00000000	0.0267694181581	-0.0227332722472	0.0351198436157	-40.3387640743
4253.00000000	0.0267694355034	-0.0227332439082	0.0351198384928	-40.3387105166
4253.00000000	0.0267694532827	-0.0227332168505	0.0351198345302	-40.3386580939
4253.00000000	0.0267694715062	-0.0227331911691	0.0351198317970	-40.3386069136
4253.00000000	0.0267694901671	-0.0227331669358	0.0351198303347	-40.3385570721
4253.00000000	0.0267695092420	-0.0227331441975	0.0351198301557	-40.3385086525
4253.00000000	0.0267695286910	-0.0227331229757	0.0351198312434	-40.3384617238
4253.00000000	0.0267695484589	-0.0227331032669	0.0351198335537	-40.3384163395
4253.00000000	0.0267695684776	-0.0227330850441	0.0351198370170	-40.3383725384
4253.00000000	0.0267695886681	-0.0227330682589	0.0351198415418	-40.3383303436
4253.00000000	0.0267696089436	-0.0227330528447	0.0351198470189	-40.3382897640
4253.00000000	0.0267696292130	-0.0227330387205	0.0351198533264	-40.3382507949
4253.00000000	0.0267696493854	-0.0227330257945	0.0351198603355	-40.3382134184
4253.00000000	0.0267696693740	-0.0227330139695	0.0351198679173	-40.3381776051
4253.00000000	0.0267696891012	-0.0227330031471	0.0351198759489	-40.3381433146
4253.00000000	0.0267697085022	-0.0227329932323	0.0351198843192	-40.3381104973
4253.00000000	0.0267697275282	-0.0227329841377	0.0351198929346	-40.3380790959
4253.00000000	0.0267697461495	-0.0227329757873	0.0351199017233	-40.3380490473
4253.00000000	0.0267697643560	-0.0227329681182	0.0351199106368	-40.3380202841
4253.00000000	0.0267697821576	-0.0227329610828	0.0351199196520	-40.3379927364
4253.00000000	0.0267697995837	-0.0227329546488	0.0351199287701	-40.3379663332
4253.00000000	0.0267698166798	-0.0227329487971	0.0351199380136	-40.3379410027
4253.00000000	0.0267698335051	-0.0227329435205	0.0351199474230	-40.3379166730
4253.00000000	0.0267698501290	-0.0227329388185	0.0351199570509	-40.3378932709
4253.00000000	0.0267698666268	-0.0227329346945	0.0351199669567	-40.3378707205
5260.00000000	-0.0451104685937	0.00287740241293	0.0452021439911	176.350293500
5260.00000000	-0.0451104734554	0.00287739828159	0.0452021485800	176.350299118
5260.00000000	-0.0451104808981	0.00287739456559	0.0452021557710	176.350304419
5260.00000000	-0.0451104909378	0.00287739128343	0.0452021655814	176.350309381
5260.00000000	-0.0451105035449	0.00287738844787	0.0452021779824	176.350313986
5260.00000000	-0.0451105186445	0.00287738606603	0.0452021928997	176.350318217
5260.00000000	-0.0451105361171	0.00287738414034	0.0452022102143	176.350322063
5260.00000000	-0.0451105558014	0.00287738266897	0.0452022297651	176.350325512
5260.00000000	-0.0451105774978	0.00287738164684	0.0452022513525	176.350328556
5260.00000000	-0.0451106009725	0.00287738106668	0.0452022747426	176.350331184
5260.00000000	-0.0451106259625	0.00287738092010	0.0452022996725	176.350333385
5260.00000000	-0.0451106521814	0.00287738119888	0.0452023258561	176.350335148
5260.00000000	-0.0451106793265	0.00287738189649	0.0452023529905	176.350336456
5260.00000000	-0.0451107070854	0.00287738300950	0.0452023807639	176.350337288
5260.00000000	-0.0451107351432	0.00287738453827	0.0452024088621	176.350337618
5260.00000000	-0.0451107631893	0.00287738648750	0.0452024369754	176.350337415
5260.00000000	-0.0451107909242	0.00287738886592	0.0452024648055	176.350336644
5260.00000000	-0.0451108180661	0.00287739168565	0.0452024920718	176.350335267
5260.00000000	-0.0451108443565	0.00287739496134	0.0452025185175	176.350333245
5260.00000000	-0.0451108695654	0.00287739870877	0.0452025439138	176.350330539
5260.00000000	-0.0451108934960	0.00287740294371	0.0452025680655	176.350327112
5260.00000000	-0.0451109159888	0.00287740768130	0.0452025908142	176.350322934
5260.00000000	-0.0451109369249	0.00287741293554	0.0452026120423	176.350317977
5260.00000000	-0.0451109562285	0.00287741871856	0.0452026316748	176.350312219
5260.00000000	-0.0451109738679	0.00287742504025	0.0452026496809	176.350305646
5260.00000000	-0.0451109898539	0.00287743190756	0.0452026660716	176.350298249
5260.00000000	-0.0451110042375	0.00287743932395	0.0452026808982	176.350290028
5260.00000000	-0.0451110171061	0.00287744728819	0.0452026942476	176.350280992
5260.00000000	-0.0451110285786	0.00287745579340	0.0452027062382	176.350271159
5260.00000000	-0.0451110388003	0.00287746482609	0.0452027170142	176.350260558
5260.00000000	-0.0451110479383	0.00287747436567	0.0452027267410	176.350249228
5260.00000000	-0.0451110561765	0.00287748438340	0.0452027356001	176.350237221
5260.00000000	-0.0451110637104	0.00287749484238	0.0452027437846	176.350224598
5260.00000000	-0.0451110707435	0.00287750569752	0.0452027514944	176.350211435
5260.00000000	-0.0451110774824	0.00287751689554	0.0452027589325	176.350197813
5260.00000000	-0.0451110841320	0.00287752837552	0.0452027662993	176.350183828
5260.00000000	-0.0451110908904	0.00287754006947	0.0452027737885	176.350169581
5260.00000000	-0.0451110979432	0.00287755190288	0.0452027815802	176.350155181
5260.00000000	-0.0451111054570	0.00287756379580	0.0452027898360	176.350140744
5260.00000000	-0.0451111135734	0.00287757566399	0.0452027986914	176.350126386
5260.00000000	-0.0451111224018	0.00287758742022	0.0452028082503	176.350112227
5260.00000000	-0.0451111320148	0.00287759897579	0.0452028185794	176.350098385
5260.00000000	-0.0451111424433	0.00287761024180	0.0452028297040	176.350084976
5260.00000000	-0.0451111536738	0.00287762113037	0.0452028416049	176.350072109
5260.00000000	-0.0451111656481	0.00287763155538	0.0452028542185	176.350059888
5260.00000000	-0.0451111782647	0.00287764143402	0.0452028674384	176.350048410
5260.00000000	-0.0451111913846	0.00287765068739	0.0452028811208	176.350037763
5260.00000000	-0.0451112048371	0.00287765924228	0.0452028950905	176.350028027
5260.00000000	-0.0451112184286	0.00287766703252	0.0452029091504	176.350019270
5260.00000000	-0.0451112319522	0.00287767400066	0.0452029230902	176.350011546
5260.00000000	-0.0451112451974	0.00287768009926	0.0452029366968	176.350004901
5260.00000000	-0.0451112579610	0.00287768529216	0.0452029497651	176.349999362
5260.00000000	-0.0451112700554	0.00287768955519	0.0452029621063	176.349994945
5260.00000000	-0.0451112813163	0.00287769287650	0.0452029735558	176.349991653
5260.00000000	-0.0451112916076	0.00287769525674	0.0452029839778	176.349989472
5260.00000000	-0.0451113008242	0.00287769670869	0.0452029932681	176.349988379
5260.00000000	-0.0451113088920	0.00287769725642	0.0452030013544	176.349988338
5260.00000000	-0.0451113157675	0.00287769693444	0.0452030081955	176.349989300
5260.00000000	-0.0451113214366	0.00287769578558	0.0452030137800	176.349991210
5260.00000000	-0.0451113259126	0.00287769385947	0.0452030181242	176.349994008
5260.00000000	-0.0451113292344	0.00287769121057	0.0452030212707	176.349997627
5260.00000000	-0.0451113314651	0.00287768789644	0.0452030232858	176.350001999
5260.00000000	-0.0451113326897	0.00287768397637	0.0452030242585	176.350007056
5260.00000000	-0.0451113330136	0.00287767951038	0.0452030242973	176.350012732
5260.00000000	-0.0451113325582	0.00287767455841	0.0452030235277	176.350018959
5260.00000000	-0.0451113314581	0.00287766917955	0.0452030220873	176.350025674
5260.00000000	-0.0451113298547	0.00287766343114	0.0452030201212	176.350032816
5260.00000000	-0.0451113278913	0.00287765736810	0.0452030177759	176.350040327
5260.00000000	-0.0451113257067	0.00287765104194	0.0452030151929	176.350048153
5260.00000000	-0.0451113234294	0.00287764450021	0.0452030125038	176.350056245
5260.00000000	-0.0451113211739	0.00287763778642	0.0452030098255	176.350064555
5260.00000000	-0.0451113190371	0.00287763093984	0.0452030072572	176.350073043
5260.00000000	-0.0451113170962	0.00287762399595	0.0452030048782	176.350081670
5260.00000000	-0.0451113154064	0.00287761698708	0.0452030027456	176.350090400
5260.00000000	-0.0451113140007	0.00287760994294	0.0452030008943	176.350099197
5260.00000000	-0.0451113128880	0.00287760289181	0.0452029993350	176.350108027
5260.00000000	-0.0451113120529	0.00287759586086	0.0452029980541	176.350116853
5260.00000000	-0.0451113114550	0.00287758887730	0.0452029970127	176.350125639
5260.00000000	-0.0451113110282	0.00287758196885	0.0452029961470	176.350134343
5260.00000000	-0.0451113106816	0.00287757516382	0.0452029953680	176.350142923
5260.00000000	-0.0451113103017	0.00287756849141	0.0452029945641	176.350151333
5260.00000000	-0.0451113097549	0.00287756198224	0.0452029936040	176.350159522
5260.00000000	-0.0451113088928	0.00287755566785	0.0452029923417	176.350167440
5260.00000000	-0.0451113075575	0.00287754958150	0.0452029906217	176.350175031
5260.00000000	-0.0451113055890	0.00287754375810	0.0452029882864	176.350182239
5260.00000000	-0.0451113028316	0.00287753823420	0.0452029851830	176.350189004
5260.00000000	-0.0451112991416	0.00287753304830	0.0452029811704	176.350195266
5260.00000000	-0.0451112943937	0.00287752824007	0.0452029761260	176.350200965
5260.00000000	-0.0451112884867	0.00287752385008	0.0452029699515	176.350206042
5260.00000000	-0.0451112813477	0.00287751991911	0.0452029625768	176.350210438
5260.00000000	-0.0451112729354	0.00287751648743	0.0452029539630	176.350214100
5260.00000000	-0.0451112632409	0.00287751359412	0.0452029441041	176.350216978
5260.00000000	-0.0451112522900	0.00287751127675	0.0452029330279	176.350219026
5260.00000000	-0.0451112401426	0.00287750957103	0.0452029207965	176.350220203
5260.00000000	-0.0451112268933	0.00287750851029	0.0452029075065	176.350220476
5260.00000000	-0.0451112126706	0.00287750812532	0.0452028932882	176.350219815
5260.00000000	-0.0451111976344	0.00287750844378	0.0452028783027	176.350218199
5260.00000000	-0.0451111819727	0.00287750948956	0.0452028627394	176.350215613
5260.00000000	-0.0451111658963	0.00287751128216	0.0452028468098	176.350212048
5260.00000000	-0.0451111496325	0.00287751383564	0.0452028307415	176.350207506
5270.00000000	-0.0369936789585	-0.0375672080870	0.0527240685677	-134.559284342
5270.00000000	-0.0369936684104	-0.0375672186589	0.0527240686994	-134.559268113
5270.00000000	-0.0369936590509	-0.0375672309443	0.0527240708860	-134.559251499
5270.00000000	-0.0369936508483	-0.0375672448926	0.0527240750692	-134.559234512
5270.00000000	-0.0369936437480	-0.0375672604246	0.0527240811543	-134.559217171
5270.00000000	-0.0369936376744	-0.0375672774344	0.0527240890127	-134.559199499
5270.00000000	-0.0369936325313	-0.0375672957919	0.0527240984842	-134.559181519
5270.00000000	-0.0369936282052	-0.0375673153473	0.0527241093826	-134.559163259
5270.00000000	-0.0369936245675	-0.0375673359361	0.0527241215003	-134.559144743
5270.00000000	-0.0369936214785	-0.0375673573845	0.0527241346155	-134.559125997
5270.00000000	-0.0369936187923	-0.0375673795152	0.0527241484994	-134.559107043
5270.00000000	-0.0369936163610	-0.0375674021531	0.0527241629236	-134.559087900
5270.00000000	-0.0369936140407	-0.0375674251292	0.0527241776667	-134.559068584
5270.00000000	-0.0369936116952	-0.0375674482847	0.0527241925199	-134.559049112
5270.00000000	-0.0369936091992	-0.0375674714726	0.0527242072906	-134.559029499
5270.00000000	-0.0369936064404	-0.0375674945587	0.0527242218044	-134.559009760
5270.00000000	-0.0369936033197	-0.0375675174223	0.0527242359058	-134.558989911
5270.00000000	-0.0369935997508	-0.0375675399556	0.0527242494573	-134.558969966
5270.00000000	-0.0369935956585	-0.0375675620640	0.0527242623389	-134.558949940
5270.00000000	-0.0369935909765	-0.0375675836653	0.0527242744453	-134.558929845
5270.00000000	-0.0369935856440	-0.0375676046902	0.0527242856847	-134.558909684
5270.00000000	-0.0369935796040	-0.0375676250827	0.0527242959771	-134.558889459
5270.00000000	-0.0369935728011	-0.0375676448008	0.0527243052536	-134.558869157
5270.00000000	-0.0369935651798	-0.0375676638163	0.0527243134552	-134.558848756
5270.00000000	-0.0369935566837	-0.0375676821157	0.0527243205328	-134.558828225
5270.00000000	-0.0369935472557	-0.0375676996995	0.0527243264469	-134.558807518
5270.00000000	-0.0369935368386	-0.0375677165830	0.0527243311677	-134.558786578
5270.00000000	-0.0369935253753	-0.0375677327949	0.0527243346762	-134.558765341
5270.00000000	-0.0369935128113	-0.0375677483778	0.0527243369640	-134.558743731
5270.00000000	-0.0369934990956	-0.0375677633871	0.0527243380352	-134.558721666
5270.00000000	-0.0369934841845	-0.0375677778910	0.0527243379074	-134.558699062
5270.00000000	-0.0369934680438	-0.0375677919705	0.0527243366146	-134.558675829
5270.00000000	-0.0369934506528	-0.0375678057190	0.0527243342086	-134.558651880
5270.00000000	-0.0369934320066	-0.0375678192424	0.0527243307615	-134.558627130
5270.00000000	-0.0369934121187	-0.0375678326580	0.0527243263665	-134.558601502
5270.00000000	-0.0369933910221	-0.0375678460931	0.0527243211373	-134.558574923
5270.00000000	-0.0369933687691	-0.0375678596827	0.0527243152069	-134.558547330
5270.00000000	-0.0369933454305	-0.0375678735664	0.0527243087242	-134.558518673
5270.00000000	-0.0369933210931	-0.0375678878843	0.0527243018501	-134.558488911
5270.00000000	-0.0369932958568	-0.0375679027727	0.0527242947519	-134.558458018
5270.00000000	-0.0369932698311	-0.0375679183594	0.0527242875974	-134.558425981
5270.00000000	-0.0369932431307	-0.0375679347586	0.0527242805485	-134.558392803
5270.00000000	-0.0369932158716	-0.0375679520671	0.0527242737554	-134.558358498
5270.00000000	-0.0369931881670	-0.0375679703611	0.0527242673521	-134.558323098
5270.00000000	-0.0369931601250	-0.0375679896935	0.0527242614519	-134.558286644
5270.00000000	-0.0369931318469	-0.0375680100931	0.0527242561464	-134.558249194
5270.00000000	-0.0369931034257	-0.0375680315648	0.0527242515046	-134.558210815
5270.00000000	-0.0369930749463	-0.0375680540901	0.0527242475727	-134.558171588
5270.00000000	-0.0369930464853	-0.0375680776287	0.0527242443756	-134.558131603
5270.00000000	-0.0369930181099	-0.0375681021195	0.0527242419171	-134.558090957
5270.00000000	-0.0369929898782	-0.0375681274830	0.0527242401814	-134.558049758
5270.00000000	-0.0369929618384	-0.0375681536227	0.0527242391334	-134.558008116
5270.00000000	-0.0369929340286	-0.0375681804275	0.0527242387207	-134.557966144
5270.00000000	-0.0369929064767	-0.0375682077727	0.0527242388741	-134.557923960
5270.00000000	-0.0369928791992	-0.0375682355218	0.0527242395077	-134.557881681
5270.00000000	-0.0369928522015	-0.0375682635268	0.0527242405201	-134.557839423
5270.00000000	-0.0369928254782	-0.0375682916309	0.0527242417956	-134.557797302
5270.00000000	-0.0369927990137	-0.0375683196704	0.0527242432068	-134.557755431
5270.00000000	-0.0369927727847	-0.0375683474795	0.0527242446190	-134.557713918
5270.00000000	-0.0369927467632	-0.0375683748942	0.0527242458957	-134.557672866
5270.00000000	-0.0369927209211	-0.0375684017579	0.0527242469059	-134.557632373
5270.00000000	-0.0369926952348	-0.0375684279275	0.0527242475307	-134.557592530
5270.00000000	-0.0369926696899	-0.0375684532784	0.0527242476714	-134.557553421
5270.00000000	-0.0369926442856	-0.0375684777097	0.0527242472556	-134.557515122
5270.00000000	-0.0369926190370	-0.0375685011476	0.0527242462411	-134.557477701
5270.00000000	-0.0369925939767	-0.0375685235478	0.0527242446194	-134.557441216
5270.00000000	-0.0369925691536	-0.0375685448964	0.0527242424148	-134.557405718
5270.00000000	-0.0369925446317	-0.0375685652095	0.0527242396837	-134.557371242
5270.00000000	-0.0369925204858	-0.0375685845315	0.0527242365103	-134.557337813
5270.00000000	-0.0369924967980	-0.0375686029315	0.0527242330013	-134.557305441
5270.00000000	-0.0369924736531	-0.0375686205004	0.0527242292811	-134.557274124
5270.00000000	-0.0369924511342	-0.0375686373453	0.0527242254841	-134.557243843
5270.00000000	-0.0369924293191	-0.0375686535850	0.0527242217497	-134.557214569
5270.00000000	-0.0369924082769	-0.0375686693451	0.0527242182160	-134.557186259
5270.00000000	-0.0369923880657	-0.0375686847529	0.0527242150143	-134.557158861
5270.00000000	-0.0369923687312	-0.0375686999340	0.0527242122660	-134.557132315
5270.00000000	-0.0369923503063	-0.0375687150080	0.0527242100798	-134.557106554
5270.00000000	-0.0369923328122	-0.0375687300862	0.0527242085496	-134.557081512
5270.00000000	-0.0369923162584	-0.0375687452686	0.0527242077534	-134.557057118
5270.00000000	-0.0369923006442	-0.0375687606412	0.0527242077519	-134.557033306
5270.00000000	-0.0369922859590	-0.0375687762742	0.0527242085878	-134.557010015
5270.00000000	-0.0369922721847	-0.0375687922213	0.0527242102867	-134.556987190
5270.00000000	-0.0369922592975	-0.0375688085199	0.0527242128584	-134.556964784
5270.00000000	-0.0369922472714	-0.0375688251917	0.0527242163002	-134.556942761
5270.00000000	-0.0369922360800	-0.0375688422446	0.0527242205993	-134.556921093
5270.00000000	-0.0369922256991	-0.0375688596741	0.0527242257352	-134.556899765
5270.00000000	-0.0369922161072	-0.0375688774653	0.0527242316827	-134.556878773
5270.00000000	-0.0369922072863	-0.0375688955955	0.0527242384125	-134.556858119
5270.00000000	-0.0369921992211	-0.0375689140364	0.0527242458939	-134.556837814
5270.00000000	-0.0369921918986	-0.0375689327572	0.0527242540960	-134.556817870
5270.00000000	-0.0369921853080	-0.0375689517276	0.0527242629894	-134.556798303
5270.00000000	-0.0369921794397	-0.0375689709199	0.0527242725477	-134.556779125
5270.00000000	-0.0369921742855	-0.0375689903116	0.0527242827490	-134.556760349
5270.00000000	-0.0369921698374	-0.0375690098874	0.0527242935770	-134.556741979
5270.00000000	-0.0369921660879	-0.0375690296411	0.0527243050220	-134.556724015
5270.00000000	-0.0369921630295	-0.0375690495774	0.0527243170819	-134.556706446
5270.00000000	-0.0369921606536	-0.0375690697131	0.0527243297628	-134.556689254
5270.00000000	-0.0369921589504	-0.0375690900774	0.0527243430785	-134.556672408
5270.00000000	-0.0369921579077	-0.0375691107119	0.0527243570501	-134.556655868
5270.00000000	-0.0369921575098	-0.0375691316693	0.0527243717043	-134.556639581
5274.00000000	0.0256523024749	0.0278197458602	0.0378414968254	47.3211643520
5274.00000000	0.0256523018621	0.0278197466547	0.0378414969941	47.3211658496
5274.00000000	0.0256523015072	0.0278197491745	0.0378414986060	47.3211688310
5274.00000000	0.0256523014343	0.0278197535615	0.0378415017818	47.3211734148
5274.00000000	0.0256523016534	0.0278197599338	0.0378415066150	47.3211797114
5274.00000000	0.0256523021589	0.0278197683837	0.0378415131697	47.3211878216
5274.00000000	0.0256523029286	0.0278197789741	0.0378415214772	47.3211978346
5274.00000000	0.0256523039240	0.0278197917369	0.0378415315347	47.3212098262
5274.00000000	0.0256523050900	0.0278198066712	0.0378415433043	47.3212238568
5274.00000000	0.0256523063565	0.0278198237431	0.0378415567135	47.3212399695
5274.00000000	0.0256523076410	0.0278198428858	0.0378415716573	47.3212581875
5274.00000000	0.0256523088515	0.0278198640010	0.0378415880012	47.3212785124
5274.00000000	0.0256523098903	0.0278198869615	0.0378416055851	47.3213009223
5274.00000000	0.0256523106583	0.0278199116132	0.0378416242288	47.3213253696
5274.00000000	0.0256523110586	0.0278199377794	0.0378416437367	47.3213517806
5274.00000000	0.0256523110015	0.0278199652660	0.0378416639053	47.3213800558
5274.00000000	0.0256523104077	0.0278199938666	0.0378416845290	47.3214100720
5274.00000000	0.0256523092116	0.0278200233704	0.0378417054084	47.3214416853
5274.00000000	0.0256523073641	0.0278200535682	0.0378417263565	47.3214747362
5274.00000000	0.0256523048334	0.0278200842596	0.0378417472043	47.3215090542
5274.00000000	0.0256523016055	0.0278201152585	0.0378417678057	47.3215444637
5274.00000000	0.0256522976845	0.0278201463980	0.0378417880405	47.3215807890
5274.00000000	0.0256522930904	0.0278201775338	0.0378418078163	47.3216178597
5274.00000000	0.0256522878588	0.0278202085470	0.0378418270699	47.3216555142
5274.00000000	0.0256522820389	0.0278202393463	0.0378418457675	47.3216936038
5274.00000000	0.0256522756921	0.0278202698678	0.0378418639037	47.3217319949
5274.00000000	0.0256522688893	0.0278203000749	0.0378418814995	47.3217705707
5274.00000000	0.0256522617087	0.0278203299560	0.0378418985998	47.3218092326
5274.00000000	0.0256522542334	0.0278203595226	0.0378419152689	47.3218478995
5274.00000000	0.0256522465485	0.0278203888052	0.0378419315873	47.3218865083
5274.00000000	0.0256522387397	0.0278204178507	0.0378419476473	47.3219250116
5274.00000000	0.0256522308903	0.0278204467175	0.0378419635486	47.3219633767
5274.00000000	0.0256522230795	0.0278204754720	0.0378419793934	47.3220015835
5274.00000000	0.0256522153788	0.0278205041839	0.0378419952815	47.3220396240
5274.00000000	0.0256522078494	0.0278205329215	0.0378420113047	47.3220775001
5274.00000000	0.0256522005391	0.0278205617481	0.0378420275418	47.3221152238
5274.00000000	0.0256521934796	0.0278205907180	0.0378420440544	47.3221528153
5274.00000000	0.0256521866852	0.0278206198741	0.0378420608835	47.3221903027
5274.00000000	0.0256521801516	0.0278206492447	0.0378420780471	47.3222277200
5274.00000000	0.0256521738557	0.0278206788416	0.0378420955383	47.3222651050
5274.00000000	0.0256521677556	0.0278207086587	0.0378421133241	47.3223024979
5274.00000000	0.0256521617918	0.0278207386702	0.0378421313452	47.3223399385
5274.00000000	0.0256521558878	0.0278207688305	0.0378421495162	47.3223774654
5274.00000000	0.0256521499519	0.0278207990752	0.0378421677277	47.3224151143
5274.00000000	0.0256521438789	0.0278208293211	0.0378421858472	47.3224529171
5274.00000000	0.0256521375516	0.0278208594680	0.0378422037216	47.3224909012
5274.00000000	0.0256521308429	0.0278208894000	0.0378422211794	47.3225290894
5274.00000000	0.0256521236179	0.0278209189872	0.0378422380338	47.3225674983
5274.00000000	0.0256521157367	0.0278209480884	0.0378422540859	47.3226061388
5274.00000000	0.0256521070567	0.0278209765543	0.0378422691297	47.3226450163
5274.00000000	0.0256520974374	0.0278210042319	0.0378422829572	47.3226841302
5274.00000000	0.0256520867441	0.0278210309691	0.0378422953653	47.3227234746
5274.00000000	0.0256520748525	0.0278210566206	0.0378423061628	47.3227630384
5274.00000000	0.0256520616534	0.0278210810515	0.0378423151769	47.3228028049
5274.00000000	0.0256520470567	0.0278211041430	0.0378423222588	47.3228427524
5274.00000000	0.0256520309945	0.0278211257956	0.0378423272893	47.3228828543
5274.00000000	0.0256520134233	0.0278211459324	0.0378423301828	47.3229230803
5274.00000000	0.0256519943260	0.0278211645026	0.0378423308899	47.3229633971
5274.00000000	0.0256519737121	0.0278211814829	0.0378423294002	47.3230037702
5274.00000000	0.0256519516188	0.0278211968783	0.0378423257424	47.3230441636
5274.00000000	0.0256519281103	0.0278212107228	0.0378423199851	47.3230845405
5274.00000000	0.0256519032776	0.0278212230784	0.0378423122357	47.3231248631
5274.00000000	0.0256518772382	0.0278212340340	0.0378423026390	47.3231650923
5274.00000000	0.0256518501334	0.0278212437034	0.0378422913745	47.3232051874
5274.00000000	0.0256518221255	0.0278212522228	0.0378422786524	47.3232451075
5274.00000000	0.0256517933937	0.0278212597467	0.0378422647077	47.3232848115
5274.00000000	0.0256517641282	0.0278212664433	0.0378422497930	47.3233242608
5274.00000000	0.0256517345237	0.0278212724895	0.0378422341705	47.3233634198
5274.00000000	0.0256517047737	0.0278212780649	0.0378422181031	47.3234022576
5274.00000000	0.0256516750641	0.0278212833463	0.0378422018470	47.3234407488
5274.00000000	0.0256516455686	0.0278212885031	0.0378421856444	47.3234788738
5274.00000000	0.0256516164441	0.0278212936929	0.0378421697177	47.3235166197
5274.00000000	0.0256515878279	0.0278212990585	0.0378421542647	47.3235539802
5274.00000000	0.0256515598347	0.0278213047248	0.0378421394552	47.3235909559
5274.00000000	0.0256515325558	0.0278213107966	0.0378421254279	47.3236275528
5274.00000000	0.0256515060590	0.0278213173580	0.0378421122908	47.3236637816
5274.00000000	0.0256514803892	0.0278213244717	0.0378421001204	47.3236996565
5274.00000000	0.0256514555710	0.0278213321789	0.0378420889635	47.3237351928
5274.00000000	0.0256514316094	0.0278213404996	0.0378420788383	47.3237704053
5274.00000000	0.0256514084924	0.0278213494327	0.0378420697360	47.3238053059
5274.00000000	0.0256513861928	0.0278213589565	0.0378420616219	47.3238399031
5274.00000000	0.0256513646706	0.0278213690302	0.0378420544392	47.3238741993
5274.00000000	0.0256513438756	0.0278213795954	0.0378420481107	47.3239081905
5274.00000000	0.0256513237511	0.0278213905788	0.0378420425443	47.3239418644
5274.00000000	0.0256513042375	0.0278214018950	0.0378420376365	47.3239752001
5274.00000000	0.0256512852751	0.0278214134501	0.0378420332782	47.3240081672
5274.00000000	0.0256512668083	0.0278214251458	0.0378420293591	47.3240407271
5274.00000000	0.0256512487867	0.0278214368832	0.0378420257724	47.3240728340
5274.00000000	0.0256512311685	0.0278214485670	0.0378420224198	47.3241044371
5274.00000000	0.0256512139204	0.0278214601103	0.0378420192149	47.3241354840
5274.00000000	0.0256511970195	0.0278214714383	0.0378420160870	47.3241659233
5274.00000000	0.0256511804533	0.0278214824917	0.0378420129840	47.3241957084
5274.00000000	0.0256511642191	0.0278214932296	0.0378420098742	47.3242247999
5274.00000000	0.0256511483233	0.0278215036306	0.0378420067461	47.3242531691
5274.00000000	0.0256511327798	0.0278215136940	0.0378420036086	47.3242807996
5274.00000000	0.0256511176069	0.0278215234381	0.0378420004875	47.3243076900
5274.00000000	0.0256511028254	0.0278215328995	0.0378419974240	47.3243338544
5274.00000000	0.0256510884563	0.0278215421305	0.0378419944706	47.3243593233
5274.00000000	0.0256510745181	0.0278215511963	0.0378419916878	47.3243841431
5274.00000000	0.0256510610258	0.0278215601717	0.0378419891409	47.3244083737
