DevNumber	X [V]	Y [V]	R [V]	Theta [°]
4253.00000000	-0.00789372243546	-0.00717915683794	0.0106701052849	-137.714210202
4253.00000000	-0.00789372478183	-0.00717916005045	0.0106701091823	-137.714205918
4253.00000000	-0.00789372676108	-0.00717916278771	0.0106701124882	-137.714202195
4253.00000000	-0.00789372836166	-0.00717916498684	0.0106701151520	-137.714199241
4253.00000000	-0.00789372957505	-0.00717916658972	0.0106701171281	-137.714197258
4253.00000000	-0.00789373039594	-0.00717916754548	0.0106701183784	-137.714196427
4253.00000000	-0.00789373082235	-0.00717916781276	0.0106701188737	-137.714196906
4253.00000000	-0.00789373085576	-0.00717916736186	0.0106701185951	-137.714198818
4253.00000000	-0.00789373050108	-0.00717916617651	0.0106701175351	-137.714202245
4253.00000000	-0.00789372976667	-0.00717916425493	0.0106701156989	-137.714207225
4253.00000000	-0.00789372866405	-0.00717916160994	0.0106701131036	-137.714213749
4253.00000000	-0.00789372720735	-0.00717915826806	0.0106701097774	-137.714221761
4253.00000000	-0.00789372541263	-0.00717915426764	0.0106701057581	-137.714231169
4253.00000000	-0.00789372329727	-0.00717914965657	0.0106701010907	-137.714241844
4253.00000000	-0.00789372087928	-0.00717914448948	0.0106700958253	-137.714253634
4253.00000000	-0.00789371817691	-0.00717913882503	0.0106700900149	-137.714266373
4253.00000000	-0.00789371520849	-0.00717913272356	0.0106700837136	-137.714279887
4253.00000000	-0.00789371199208	-0.00717912624496	0.0106700769751	-137.714294003
4253.00000000	-0.00789370854511	-0.00717911944690	0.0106700698511	-137.714308555
4253.00000000	-0.00789370488395	-0.00717911238354	0.0106700623902	-137.714323387
4253.00000000	-0.00789370102321	-0.00717910510434	0.0106700546364	-137.714338355
4253.00000000	-0.00789369697513	-0.00717909765325	0.0106700466283	-137.714353330
4253.00000000	-0.00789369274919	-0.00717909006827	0.0106700383986	-137.714368193
4253.00000000	-0.00789368835196	-0.00717908238124	0.0106700299735	-137.714382844
4253.00000000	-0.00789368378711	-0.00717907461778	0.0106700213729	-137.714397192
4253.00000000	-0.00789367905559	-0.00717906679754	0.0106700126109	-137.714411164
4253.00000000	-0.00789367415563	-0.00717905893455	0.0106700036955	-137.714424697
4253.00000000	-0.00789366908300	-0.00717905103792	0.0106699946297	-137.714437740
4253.00000000	-0.00789366383114	-0.00717904311262	0.0106699854120	-137.714450249
4253.00000000	-0.00789365839162	-0.00717903516025	0.0106699760373	-137.714462188
4253.00000000	-0.00789365275468	-0.00717902717984	0.0106699664976	-137.714473525
4253.00000000	-0.00789364691008	-0.00717901916838	0.0106699567835	-137.714484235
4253.00000000	-0.00789364084808	-0.00717901112155	0.0106699468847	-137.714494300
4253.00000000	-0.00789363456026	-0.00717900303436	0.0106699367917	-137.714503710
4253.00000000	-0.00789362804066	-0.00717899490228	0.0106699264970	-137.714512460
4253.00000000	-0.00789362128697	-0.00717898672201	0.0106699159967	-137.714520556
4253.00000000	-0.00789361430152	-0.00717897849268	0.0106699052920	-137.714528010
4253.00000000	-0.00789360709242	-0.00717897021661	0.0106698943903	-137.714534842
4253.00000000	-0.00789359967434	-0.00717896190011	0.0106698833069	-137.714541079
4253.00000000	-0.00789359206901	-0.00717895355361	0.0106698720647	-137.714546759
4253.00000000	-0.00789358430554	-0.00717894519182	0.0106698606952	-137.714551928
4253.00000000	-0.00789357642027	-0.00717893683355	0.0106698492381	-137.714556643
4253.00000000	-0.00789356845641	-0.00717892850123	0.0106698377402	-137.714560971
4253.00000000	-0.00789356046321	-0.00717892022078	0.0106698262555	-137.714564987
4253.00000000	-0.00789355249495	-0.00717891202109	0.0106698148436	-137.714568772
4253.00000000	-0.00789354460930	-0.00717890393346	0.0106698035682	-137.714572411
4253.00000000	-0.00789353686569	-0.00717889599104	0.0106697924956	-137.714575986
4253.00000000	-0.00789352932330	-0.00717888822794	0.0106697816926	-137.714579575
4253.00000000	-0.00789352203920	-0.00717888067848	0.0106697712243	-137.714583249
4253.00000000	-0.00789351506657	-0.00717887337630	0.0106697611529	-137.714587066
4253.00000000	-0.00789350845327	-0.00717886635351	0.0106697515352	-137.714591072
4253.00000000	-0.00789350224057	-0.00717885964028	0.0106697424222	-137.714595294
4253.00000000	-0.00789349646225	-0.00717885326441	0.0106697338576	-137.714599747
4253.00000000	-0.00789349114401	-0.00717884725108	0.0106697258772	-137.714604421
4253.00000000	-0.00789348630313	-0.00717884162290	0.0106697185091	-137.714609290
4253.00000000	-0.00789348194878	-0.00717883639988	0.0106697117736	-137.714614307
4253.00000000	-0.00789347808261	-0.00717883159952	0.0106697056836	-137.714619409
4253.00000000	-0.00789347469975	-0.00717882723703	0.0106697002458	-137.714624517
4253.00000000	-0.00789347179007	-0.00717882332543	0.0106696954614	-137.714629544
4253.00000000	-0.00789346933946	-0.00717881987571	0.0106696913273	-137.714634395
4253.00000000	-0.00789346733124	-0.00717881689680	0.0106696878374	-137.714638973
4253.00000000	-0.00789346574714	-0.00717881439533	0.0106696849824	-137.714643187
4253.00000000	-0.00789346456810	-0.00717881237522	0.0106696827510	-137.714646953
4253.00000000	-0.00789346377474	-0.00717881083716	0.0106696811292	-137.714650197
4253.00000000	-0.00789346334759	-0.00717880977770	0.0106696801004	-137.714652862
4253.00000000	-0.00789346326699	-0.00717880918855	0.0106696796443	-137.714654912
4253.00000000	-0.00789346351291	-0.00717880905553	0.0106696797368	-137.714656329
4253.00000000	-0.00789346406471	-0.00717880935807	0.0106696803486	-137.714657120
4253.00000000	-0.00789346490084	-0.00717881006847	0.0106696814451	-137.714657319
4253.00000000	-0.00789346599879	-0.00717881115204	0.0106696829864	-137.714656981
4253.00000000	-0.00789346733528	-0.00717881256711	0.0106696849273	-137.714656188
4253.00000000	-0.00789346888672	-0.00717881426592	0.0106696872180	-137.714655045
4253.00000000	-0.00789347062967	-0.00717881619526	0.0106696898056	-137.714653678
4253.00000000	-0.00789347254159	-0.00717881829779	0.0106696926346	-137.714652233
4253.00000000	-0.00789347460136	-0.00717882051316	0.0106696956490	-137.714650874
4253.00000000	-0.00789347678986	-0.00717882277949	0.0106696987929	-137.714649777
4253.00000000	-0.00789347909053	-0.00717882503480	0.0106697020124	-137.714649130
4253.00000000	-0.00789348148959	-0.00717882721846	0.0106697052564	-137.714649123
4253.00000000	-0.00789348397638	-0.00717882927250	0.0106697084782	-137.714649948
4253.00000000	-0.00789348654338	-0.00717883114271	0.0106697116356	-137.714651792
4253.00000000	-0.00789348918617	-0.00717883277938	0.0106697146919	-137.714654839
4253.00000000	-0.00789349190287	-0.00717883413776	0.0106697176157	-137.714659258
4253.00000000	-0.00789349469329	-0.00717883517814	0.0106697203800	-137.714665207
4253.00000000	-0.00789349755758	-0.00717883586567	0.0106697229616	-137.714672824
4253.00000000	-0.00789350049494	-0.00717883616987	0.0106697253394	-137.714682228
4253.00000000	-0.00789350350212	-0.00717883606424	0.0106697274930	-137.714693513
4253.00000000	-0.00789350657233	-0.00717883552569	0.0106697294020	-137.714706745
4253.00000000	-0.00789350969475	-0.00717883453429	0.0106697310450	-137.714721965
4253.00000000	-0.00789351285448	-0.00717883307333	0.0106697323996	-137.714739185
4253.00000000	-0.00789351603314	-0.00717883112946	0.0106697334433	-137.714758392
4253.00000000	-0.00789351920964	-0.00717882869328	0.0106697341542	-137.714779547
4253.00000000	-0.00789352236117	-0.00717882575978	0.0106697345120	-137.714802587
4253.00000000	-0.00789352546421	-0.00717882232926	0.0106697344995	-137.714827427
4253.00000000	-0.00789352849547	-0.00717881840789	0.0106697341036	-137.714853958
4253.00000000	-0.00789353143282	-0.00717881400842	0.0106697333166	-137.714882048
4253.00000000	-0.00789353425639	-0.00717880915070	0.0106697321372	-137.714911548
4253.00000000	-0.00789353694936	-0.00717880386194	0.0106697305711	-137.714942288
4253.00000000	-0.00789353949883	-0.00717879817691	0.0106697286322	-137.714974085
4253.00000000	-0.00789354189617	-0.00717879213762	0.0106697263424	-137.715006739
4253.00000000	-0.00789354413718	-0.00717878579301	0.0106697237315	-137.715040041
5260.00000000	-0.00387445798281	-0.00517149392553	0.00646187078812	-126.840371648
5260.00000000	-0.00387445503287	-0.00517149263941	0.00646186799008	-126.840357552
5260.00000000	-0.00387445167778	-0.00517149136667	0.00646186495983	-126.840340511
5260.00000000	-0.00387444795605	-0.00517149009528	0.00646186171082	-126.840320860
5260.00000000	-0.00387444390718	-0.00517148880883	0.00646185825361	-126.840298968
5260.00000000	-0.00387443957020	-0.00517148748713	0.00646185459545	-126.840275219
5260.00000000	-0.00387443498244	-0.00517148610708	0.00646185074022	-126.840250000
5260.00000000	-0.00387443017848	-0.00517148464387	0.00646184668881	-126.840223689
5260.00000000	-0.00387442518971	-0.00517148307237	0.00646184243993	-126.840196643
5260.00000000	-0.00387442004411	-0.00517148136898	0.00646183799146	-126.840169184
5260.00000000	-0.00387441476629	-0.00517147951318	0.00646183334175	-126.840141598
5260.00000000	-0.00387440937789	-0.00517147748926	0.00646182849118	-126.840114121
5260.00000000	-0.00387440389789	-0.00517147528735	0.00646182344324	-126.840086940
5260.00000000	-0.00387439834332	-0.00517147290405	0.00646181820543	-126.840060194
5260.00000000	-0.00387439272989	-0.00517147034237	0.00646181278957	-126.840033979
5260.00000000	-0.00387438707262	-0.00517146761097	0.00646180721159	-126.840008355
5260.00000000	-0.00387438138647	-0.00517146472301	0.00646180149101	-126.839983358
5260.00000000	-0.00387437568667	-0.00517146169475	0.00646179564995	-126.839959010
5260.00000000	-0.00387436998900	-0.00517145854383	0.00646178971201	-126.839935329
5260.00000000	-0.00387436430966	-0.00517145528771	0.00646178370087	-126.839912338
5260.00000000	-0.00387435866519	-0.00517145194205	0.00646177763897	-126.839890070
5260.00000000	-0.00387435307200	-0.00517144851939	0.00646177154619	-126.839868576
5260.00000000	-0.00387434754595	-0.00517144502809	0.00646176543874	-126.839847922
5260.00000000	-0.00387434210189	-0.00517144147161	0.00646175932829	-126.839828197
5260.00000000	-0.00387433675279	-0.00517143784797	0.00646175322102	-126.839809503
5260.00000000	-0.00387433150913	-0.00517143414935	0.00646174711698	-126.839791956
5260.00000000	-0.00387432637793	-0.00517143036204	0.00646174100937	-126.839775678
5260.00000000	-0.00387432136192	-0.00517142646649	0.00646173488420	-126.839760793
5260.00000000	-0.00387431645899	-0.00517142243793	0.00646172872039	-126.839747418
5260.00000000	-0.00387431166169	-0.00517141824706	0.00646172249001	-126.839735655
5260.00000000	-0.00387430695746	-0.00517141386132	0.00646171615948	-126.839725589
5260.00000000	-0.00387430232875	-0.00517140924624	0.00646170969068	-126.839717277
5260.00000000	-0.00387429775378	-0.00517140436677	0.00646170304251	-126.839710753
5260.00000000	-0.00387429320728	-0.00517139918869	0.00646169617243	-126.839706018
5260.00000000	-0.00387428866156	-0.00517139367986	0.00646168903811	-126.839703048
5260.00000000	-0.00387428408768	-0.00517138781135	0.00646168159904	-126.839701789
5260.00000000	-0.00387427945664	-0.00517138155854	0.00646167381815	-126.839702168
5260.00000000	-0.00387427474090	-0.00517137490179	0.00646166566319	-126.839704094
5260.00000000	-0.00387426991550	-0.00517136782682	0.00646165710777	-126.839707465
5260.00000000	-0.00387426495948	-0.00517136032492	0.00646164813236	-126.839712178
5260.00000000	-0.00387425985662	-0.00517135239273	0.00646163872453	-126.839718138
5260.00000000	-0.00387425459625	-0.00517134403194	0.00646162887926	-126.839725258
5260.00000000	-0.00387424917336	-0.00517133524898	0.00646161859866	-126.839733469
5260.00000000	-0.00387424358870	-0.00517132605490	0.00646160789205	-126.839742718
5260.00000000	-0.00387423784851	-0.00517131646542	0.00646159677575	-126.839752966
5260.00000000	-0.00387423196420	-0.00517130650119	0.00646158527311	-126.839764183
5260.00000000	-0.00387422595194	-0.00517129618794	0.00646157341443	-126.839776348
5260.00000000	-0.00387421983207	-0.00517128555695	0.00646156123694	-126.839789439
5260.00000000	-0.00387421362858	-0.00517127464520	0.00646154878462	-126.839803429
5260.00000000	-0.00387420736837	-0.00517126349552	0.00646153610786	-126.839818281
5260.00000000	-0.00387420108063	-0.00517125215675	0.00646152326328	-126.839833943
5260.00000000	-0.00387419479618	-0.00517124068376	0.00646151031324	-126.839850343
5260.00000000	-0.00387418854699	-0.00517122913701	0.00646149732532	-126.839867385
5260.00000000	-0.00387418236573	-0.00517121758225	0.00646148437172	-126.839884951
5260.00000000	-0.00387417628556	-0.00517120608948	0.00646147152834	-126.839902906
5260.00000000	-0.00387417033971	-0.00517119473220	0.00646145887393	-126.839921093
5260.00000000	-0.00387416456150	-0.00517118358616	0.00646144648908	-126.839939347
5260.00000000	-0.00387415898403	-0.00517117272830	0.00646143445524	-126.839957494
5260.00000000	-0.00387415364027	-0.00517116223546	0.00646142285366	-126.839975358
5260.00000000	-0.00387414856297	-0.00517115218291	0.00646141176422	-126.839992773
5260.00000000	-0.00387414378473	-0.00517114264282	0.00646140126421	-126.840009585
5260.00000000	-0.00387413933820	-0.00517113368272	0.00646139142726	-126.840025668
5260.00000000	-0.00387413525626	-0.00517112536421	0.00646138232239	-126.840040927
5260.00000000	-0.00387413157227	-0.00517111774189	0.00646137401330	-126.840055309
5260.00000000	-0.00387412832024	-0.00517111086268	0.00646136655792	-126.840068806
5260.00000000	-0.00387412553463	-0.00517110476526	0.00646136000787	-126.840081456
5260.00000000	-0.00387412324982	-0.00517109947993	0.00646135440803	-126.840093342
5260.00000000	-0.00387412149923	-0.00517109502850	0.00646134979586	-126.840104586
5260.00000000	-0.00387412031424	-0.00517109142443	0.00646134620099	-126.840115338
5260.00000000	-0.00387411972302	-0.00517108867308	0.00646134364456	-126.840125771
5260.00000000	-0.00387411974934	-0.00517108677186	0.00646134213878	-126.840136066
5260.00000000	-0.00387412041171	-0.00517108571065	0.00646134168662	-126.840146409
5260.00000000	-0.00387412172243	-0.00517108547199	0.00646134228151	-126.840156980
5260.00000000	-0.00387412368707	-0.00517108603165	0.00646134390738	-126.840167947
5260.00000000	-0.00387412630398	-0.00517108735916	0.00646134653887	-126.840179460
5260.00000000	-0.00387412956424	-0.00517108941855	0.00646135014181	-126.840191648
5260.00000000	-0.00387413345141	-0.00517109216924	0.00646135467392	-126.840204609
5260.00000000	-0.00387413794194	-0.00517109556693	0.00646136008558	-126.840218412
5260.00000000	-0.00387414300524	-0.00517109956456	0.00646136632080	-126.840233090
5260.00000000	-0.00387414860394	-0.00517110411312	0.00646137331796	-126.840248639
5260.00000000	-0.00387415469432	-0.00517110916251	0.00646138101075	-126.840265014
5260.00000000	-0.00387416122682	-0.00517111466226	0.00646138932905	-126.840282132
5260.00000000	-0.00387416814673	-0.00517112056197	0.00646139819974	-126.840299873
5260.00000000	-0.00387417539506	-0.00517112681178	0.00646140754752	-126.840318083
5260.00000000	-0.00387418290958	-0.00517113336241	0.00646141729566	-126.840336583
5260.00000000	-0.00387419062583	-0.00517114016508	0.00646142736647	-126.840355174
5260.00000000	-0.00387419847839	-0.00517114717123	0.00646143768186	-126.840373651
5260.00000000	-0.00387420640224	-0.00517115433232	0.00646144816398	-126.840391810
5260.00000000	-0.00387421433425	-0.00517116159959	0.00646145873598	-126.840409462
5260.00000000	-0.00387422221480	-0.00517116892410	0.00646146932294	-126.840426444
5260.00000000	-0.00387422998945	-0.00517117625694	0.00646147985306	-126.840442631
5260.00000000	-0.00387423761016	-0.00517118354973	0.00646149025884	-126.840457938
5260.00000000	-0.00387424503638	-0.00517119075529	0.00646150047818	-126.840472329
5260.00000000	-0.00387425223540	-0.00517119782838	0.00646151045528	-126.840485811
5260.00000000	-0.00387425918258	-0.00517120472645	0.00646152014132	-126.840498437
5260.00000000	-0.00387426586082	-0.00517121141008	0.00646152949448	-126.840510294
5260.00000000	-0.00387427226022	-0.00517121784315	0.00646153847993	-126.840521505
5260.00000000	-0.00387427837730	-0.00517122399283	0.00646154706931	-126.840532219
5260.00000000	-0.00387428421418	-0.00517122982946	0.00646155524014	-126.840542609
5260.00000000	-0.00387428977752	-0.00517123532637	0.00646156297507	-126.840552863
5270.00000000	0.0335690979936	-0.0152567177279	0.0368734562515	-24.4411777235
5270.00000000	0.0335691251958	-0.0152567296818	0.0368734859620	-24.4411771447
5270.00000000	0.0335691512479	-0.0152567402681	0.0368735140598	-24.4411753707
5270.00000000	0.0335691760599	-0.0152567494385	0.0368735404426	-24.4411723911
5270.00000000	0.0335691995598	-0.0152567571653	0.0368735650336	-24.4411682129
5270.00000000	0.0335692216962	-0.0152567634416	0.0368735877831	-24.4411628596
5270.00000000	0.0335692424390	-0.0152567682808	0.0368736086694	-24.4411563691
5270.00000000	0.0335692617800	-0.0152567717158	0.0368736276984	-24.4411487937
5270.00000000	0.0335692797320	-0.0152567737977	0.0368736449031	-24.4411401971
5270.00000000	0.0335692963276	-0.0152567745939	0.0368736603409	-24.4411306539
5270.00000000	0.0335693116165	-0.0152567741857	0.0368736740908	-24.4411202470
5270.00000000	0.0335693256631	-0.0152567726662	0.0368736862500	-24.4411090669
5270.00000000	0.0335693385434	-0.0152567701381	0.0368736969300	-24.4410972097
5270.00000000	0.0335693503418	-0.0152567667114	0.0368737062533	-24.4410847770
5270.00000000	0.0335693611486	-0.0152567625029	0.0368737143504	-24.4410718758
5270.00000000	0.0335693710574	-0.0152567576336	0.0368737213565	-24.4410586173
5270.00000000	0.0335693801625	-0.0152567522284	0.0368737274092	-24.4410451173
5270.00000000	0.0335693885571	-0.0152567464132	0.0368737326455	-24.4410314942
5270.00000000	0.0335693963309	-0.0152567403136	0.0368737371990	-24.4410178679
5270.00000000	0.0335694035680	-0.0152567340516	0.0368737411966	-24.4410043569
5270.00000000	0.0335694103455	-0.0152567277422	0.0368737447562	-24.4409910743
5270.00000000	0.0335694167325	-0.0152567214907	0.0368737479842	-24.4409781247
5270.00000000	0.0335694227892	-0.0152567153898	0.0368737509739	-24.4409656005
5270.00000000	0.0335694285663	-0.0152567095173	0.0368737538035	-24.4409535792
5270.00000000	0.0335694341043	-0.0152567039341	0.0368737565352	-24.4409421208
5270.00000000	0.0335694394330	-0.0152566986822	0.0368737592134	-24.4409312657
5270.00000000	0.0335694445706	-0.0152566937845	0.0368737618641	-24.4409210343
5270.00000000	0.0335694495239	-0.0152566892433	0.0368737644946	-24.4409114260
5270.00000000	0.0335694542895	-0.0152566850420	0.0368737670948	-24.4409024190
5270.00000000	0.0335694588553	-0.0152566811452	0.0368737696391	-24.4408939712
5270.00000000	0.0335694632031	-0.0152566775014	0.0368737720897	-24.4408860215
5270.00000000	0.0335694673113	-0.0152566740454	0.0368737743998	-24.4408784914
5270.00000000	0.0335694711578	-0.0152566707008	0.0368737765179	-24.4408712872
5270.00000000	0.0335694747231	-0.0152566673838	0.0368737783912	-24.4408643028
5270.00000000	0.0335694779921	-0.0152566640064	0.0368737799699	-24.4408574236
5270.00000000	0.0335694809569	-0.0152566604809	0.0368737812103	-24.4408505303
5270.00000000	0.0335694836187	-0.0152566567236	0.0368737820790	-24.4408435039
5270.00000000	0.0335694859891	-0.0152566526587	0.0368737825551	-24.4408362299
5270.00000000	0.0335694880911	-0.0152566482218	0.0368737826329	-24.4408286020
5270.00000000	0.0335694899586	-0.0152566433612	0.0368737823220	-24.4408205256
5270.00000000	0.0335694916351	-0.0152566380397	0.0368737816465	-24.4408119200
5270.00000000	0.0335694931709	-0.0152566322342	0.0368737806427	-24.4408027203
5270.00000000	0.0335694946200	-0.0152566259359	0.0368737793559	-24.4407928791
5270.00000000	0.0335694960364	-0.0152566191484	0.0368737778371	-24.4407823670
5270.00000000	0.0335694974706	-0.0152566118869	0.0368737761382	-24.4407711728
5270.00000000	0.0335694989659	-0.0152566041752	0.0368737743089	-24.4407593025
5270.00000000	0.0335695005553	-0.0152565960439	0.0368737723915	-24.4407467781
5270.00000000	0.0335695022588	-0.0152565875266	0.0368737704183	-24.4407336345
5270.00000000	0.0335695040817	-0.0152565786583	0.0368737684085	-24.4407199175
5270.00000000	0.0335695060152	-0.0152565694723	0.0368737663681	-24.4407056799
5270.00000000	0.0335695080377	-0.0152565599987	0.0368737642897	-24.4406909782
5270.00000000	0.0335695101184	-0.0152565502638	0.0368737621560	-24.4406758696
5270.00000000	0.0335695122216	-0.0152565402908	0.0368737599445	-24.4406604096
5270.00000000	0.0335695143127	-0.0152565301009	0.0368737576321	-24.4406446508
5270.00000000	0.0335695163628	-0.0152565197154	0.0368737552015	-24.4406286415
5270.00000000	0.0335695183531	-0.0152565091573	0.0368737526450	-24.4406124265
5270.00000000	0.0335695202784	-0.0152564984542	0.0368737499693	-24.4405960481
5270.00000000	0.0335695221492	-0.0152564876401	0.0368737471982	-24.4405795477
5270.00000000	0.0335695239927	-0.0152564767576	0.0368737443739	-24.4405629682
5270.00000000	0.0335695258527	-0.0152564658593	0.0368737415580	-24.4405463557
5270.00000000	0.0335695277878	-0.0152564550088	0.0368737388304	-24.4405297625
5270.00000000	0.0335695298696	-0.0152564442815	0.0368737362872	-24.4405132493
5270.00000000	0.0335695321798	-0.0152564337647	0.0368737340391	-24.4404968870
5270.00000000	0.0335695348065	-0.0152564235562	0.0368737322066	-24.4404807573
5270.00000000	0.0335695378394	-0.0152564137621	0.0368737309156	-24.4404649527
5270.00000000	0.0335695413649	-0.0152564044929	0.0368737302901	-24.4404495739
5270.00000000	0.0335695454599	-0.0152563958584	0.0368737304455	-24.4404347269
5270.00000000	0.0335695501857	-0.0152563879618	0.0368737314807	-24.4404205182
5270.00000000	0.0335695555832	-0.0152563808936	0.0368737334701	-24.4404070495
5270.00000000	0.0335695616678	-0.0152563747258	0.0368737364576	-24.4403944128
5270.00000000	0.0335695684263	-0.0152563695074	0.0368737404514	-24.4403826858
5270.00000000	0.0335695758148	-0.0152563652606	0.0368737454207	-24.4403719284
5270.00000000	0.0335695837574	-0.0152563619786	0.0368737512937	-24.4403621793
5270.00000000	0.0335695921469	-0.0152563596238	0.0368737579571	-24.4403534547
5270.00000000	0.0335696008452	-0.0152563581289	0.0368737652575	-24.4403457478
5270.00000000	0.0335696096864	-0.0152563573971	0.0368737730037	-24.4403390287
5270.00000000	0.0335696184802	-0.0152563573061	0.0368737809718	-24.4403332466
5270.00000000	0.0335696270174	-0.0152563577117	0.0368737889118	-24.4403283318
5270.00000000	0.0335696350757	-0.0152563584528	0.0368737965547	-24.4403241996
5270.00000000	0.0335696424268	-0.0152563593579	0.0368738036216	-24.4403207540
5270.00000000	0.0335696488422	-0.0152563602508	0.0368738098315	-24.4403178926
5270.00000000	0.0335696540996	-0.0152563609572	0.0368738149101	-24.4403155120
5270.00000000	0.0335696579885	-0.0152563613105	0.0368738185967	-24.4403135116
5270.00000000	0.0335696603153	-0.0152563611575	0.0368738206516	-24.4403117993
5270.00000000	0.0335696609067	-0.0152563603622	0.0368738208611	-24.4403102941
5270.00000000	0.0335696596132	-0.0152563588093	0.0368738190409	-24.4403089289
5270.00000000	0.0335696563099	-0.0152563564063	0.0368738150394	-24.4403076533
5270.00000000	0.0335696508975	-0.0152563530854	0.0368738087380	-24.4403064352
5270.00000000	0.0335696433024	-0.0152563488038	0.0368738000520	-24.4403052612
5270.00000000	0.0335696334764	-0.0152563435436	0.0368737889301	-24.4403041372
5270.00000000	0.0335696213952	-0.0152563373113	0.0368737753528	-24.4403030879
5270.00000000	0.0335696070572	-0.0152563301364	0.0368737593310	-24.4403021561
5270.00000000	0.0335695904828	-0.0152563220709	0.0368737409047	-24.4403014021
5270.00000000	0.0335695717134	-0.0152563131874	0.0368737201418	-24.4403009022
5270.00000000	0.0335695508112	-0.0152563035781	0.0368736971368	-24.4403007467
5270.00000000	0.0335695278581	-0.0152562933521	0.0368736720095	-24.4403010374
5270.00000000	0.0335695029553	-0.0152562826331	0.0368736449032	-24.4403018841
5270.00000000	0.0335694762220	-0.0152562715566	0.0368736159825	-24.4403034018
5270.00000000	0.0335694477943	-0.0152562602657	0.0368735854306	-24.4403057056
5270.00000000	0.0335694178236	-0.0152562489087	0.0368735534466	-24.4403089080
5274.00000000	0.00414863252362	0.00370558000788	0.00556259606756	41.7713930491
5274.00000000	0.00414863134988	0.00370558257560	0.00556259690269	41.7714208279
5274.00000000	0.00414862994576	0.00370558485835	0.00556259737616	41.7714479984
5274.00000000	0.00414862827945	0.00370558681816	0.00556259743896	41.7714744871
5274.00000000	0.00414862632166	0.00370558842128	0.00556259704676	41.7715002357
5274.00000000	0.00414862404720	0.00370558963926	0.00556259616183	41.7715251986
5274.00000000	0.00414862143621	0.00370559044982	0.00556259475449	41.7715493409
5274.00000000	0.00414861847498	0.00370559083740	0.00556259280418	41.7715726370
5274.00000000	0.00414861515655	0.00370559079355	0.00556259030007	41.7715950699
5274.00000000	0.00414861148074	0.00370559031701	0.00556258724118	41.7716166311
5274.00000000	0.00414860745375	0.00370558941353	0.00556258363595	41.7716373223
5274.00000000	0.00414860308747	0.00370558809557	0.00556257950158	41.7716571576
5274.00000000	0.00414859839820	0.00370558638165	0.00556257486254	41.7716761674
5274.00000000	0.00414859340554	0.00370558429586	0.00556256974951	41.7716944022
5274.00000000	0.00414858813094	0.00370558186695	0.00556256419764	41.7717119359
5274.00000000	0.00414858259654	0.00370557912779	0.00556255824533	41.7717288689
5274.00000000	0.00414857682413	0.00370557611464	0.00556255193298	41.7717453304
5274.00000000	0.00414857083417	0.00370557286655	0.00556254530188	41.7717614797
5274.00000000	0.00414856464512	0.00370556942470	0.00556253839322	41.7717775068
5274.00000000	0.00414855827285	0.00370556583168	0.00556253124721	41.7717936298
5274.00000000	0.00414855173020	0.00370556213077	0.00556252390226	41.7718100932
5274.00000000	0.00414854502686	0.00370555836519	0.00556251639437	41.7718271624
5274.00000000	0.00414853816949	0.00370555457747	0.00556250875687	41.7718451184
5274.00000000	0.00414853116185	0.00370555080891	0.00556250102006	41.7718642529
5274.00000000	0.00414852400516	0.00370554709912	0.00556249321125	41.7718848616
5274.00000000	0.00414851669815	0.00370554348551	0.00556248535439	41.7719072407
5274.00000000	0.00414850923708	0.00370554000270	0.00556247746977	41.7719316818
5274.00000000	0.00414850161601	0.00370553668191	0.00556246957376	41.7719584655
5274.00000000	0.00414849382708	0.00370553355035	0.00556246167862	41.7719878548
5274.00000000	0.00414848586124	0.00370553063087	0.00556245379282	41.7720200873
5274.00000000	0.00414847770899	0.00370552794125	0.00556244592112	41.7720553648
5274.00000000	0.00414846936155	0.00370552549387	0.00556243806522	41.7720938427
5274.00000000	0.00414846081171	0.00370552329505	0.00556243022396	41.7721356190
5274.00000000	0.00414845205480	0.00370552134440	0.00556242239359	41.7721807229
5274.00000000	0.00414844308897	0.00370551963421	0.00556241456761	41.7722291076
5274.00000000	0.00414843391572	0.00370551814890	0.00556240673674	41.7722806434
5274.00000000	0.00414842453995	0.00370551686479	0.00556239888887	41.7723351146
5274.00000000	0.00414841497047	0.00370551575025	0.00556239100950	41.7723922179
5274.00000000	0.00414840522021	0.00370551476618	0.00556238308223	41.7724515641
5274.00000000	0.00414839530659	0.00370551386699	0.00556237508967	41.7725126836
5274.00000000	0.00414838525142	0.00370551300167	0.00556236701412	41.7725750347
5274.00000000	0.00414837508073	0.00370551211517	0.00556235883831	41.7726380160
5274.00000000	0.00414836482414	0.00370551115002	0.00556235054605	41.7727009828
5274.00000000	0.00414835451409	0.00370551004790	0.00556234212268	41.7727632643
5274.00000000	0.00414834418502	0.00370550875127	0.00556233355554	41.7728241823
5274.00000000	0.00414833387208	0.00370550720473	0.00556232483397	41.7728830699
5274.00000000	0.00414832361030	0.00370550535609	0.00556231594930	41.7729392859
5274.00000000	0.00414831343331	0.00370550315729	0.00556230689460	41.7729922303
5274.00000000	0.00414830337258	0.00370550056506	0.00556229766451	41.7730413546
5274.00000000	0.00414829345648	0.00370549754167	0.00556228825506	41.7730861743
5274.00000000	0.00414828370996	0.00370549405553	0.00556227866381	41.7731262755
5274.00000000	0.00414827415434	0.00370549008214	0.00556226889034	41.7731613238
5274.00000000	0.00414826480734	0.00370548560486	0.00556225893677	41.7731910695
5274.00000000	0.00414825568360	0.00370548061605	0.00556224880893	41.7732153538
5274.00000000	0.00414824679495	0.00370547511796	0.00556223851715	41.7732341123
5274.00000000	0.00414823815103	0.00370546912357	0.00556222807726	41.7732473788
5274.00000000	0.00414822975994	0.00370546265706	0.00556221751140	41.7732552834
5274.00000000	0.00414822162895	0.00370545575424	0.00556220684886	41.7732580513
5274.00000000	0.00414821376517	0.00370544846250	0.00556219612651	41.7732559977
5274.00000000	0.00414820617617	0.00370544084037	0.00556218538899	41.7732495204
5274.00000000	0.00414819887024	0.00370543295661	0.00556217468829	41.7732390906
5274.00000000	0.00414819185667	0.00370542488903	0.00556216408316	41.7732252422
5274.00000000	0.00414818514572	0.00370541672289	0.00556215363806	41.7732085600
5274.00000000	0.00414817874840	0.00370540854939	0.00556214342197	41.7731896689
5274.00000000	0.00414817267611	0.00370540046378	0.00556213350683	41.7731692224
5274.00000000	0.00414816694002	0.00370539256350	0.00556212396589	41.7731478926
5274.00000000	0.00414816155059	0.00370538494617	0.00556211487198	41.7731263575
5274.00000000	0.00414815651681	0.00370537770763	0.00556210629566	41.7731052917
5274.00000000	0.00414815184584	0.00370537093983	0.00556209830351	41.7730853526
5274.00000000	0.00414814754216	0.00370536472882	0.00556209095620	41.7730671704
5274.00000000	0.00414814360701	0.00370535915271	0.00556208430671	41.7730513367
5274.00000000	0.00414814003785	0.00370535427997	0.00556207839874	41.7730383951
5274.00000000	0.00414813682779	0.00370535016783	0.00556207326528	41.7730288325
5274.00000000	0.00414813396537	0.00370534686118	0.00556206892768	41.7730230724
5274.00000000	0.00414813143429	0.00370534439182	0.00556206539499	41.7730214709
5274.00000000	0.00414812921369	0.00370534277814	0.00556206266388	41.7730243126
5274.00000000	0.00414812727860	0.00370534202531	0.00556206071919	41.7730318084
5274.00000000	0.00414812560093	0.00370534212588	0.00556205953501	41.7730440939
5274.00000000	0.00414812415039	0.00370534306070	0.00556205907596	41.7730612300
5274.00000000	0.00414812289559	0.00370534479995	0.00556205929881	41.7730832028
5274.00000000	0.00414812180486	0.00370534730442	0.00556206015378	41.7731099285
5274.00000000	0.00414812084698	0.00370535052659	0.00556206158596	41.7731412562
5274.00000000	0.00414811999188	0.00370535441154	0.00556206353633	41.7731769704
5274.00000000	0.00414811921110	0.00370535889781	0.00556206594271	41.7732167942
5274.00000000	0.00414811847843	0.00370536391789	0.00556206874059	41.7732603888
5274.00000000	0.00414811777020	0.00370536939882	0.00556207186372	41.7733073561
5274.00000000	0.00414811706556	0.00370537526261	0.00556207524459	41.7733572400
5274.00000000	0.00414811634646	0.00370538142700	0.00556207881491	41.7734095324
5274.00000000	0.00414811559758	0.00370538780628	0.00556208250621	41.7734636800
5274.00000000	0.00414811480608	0.00370539431256	0.00556208625031	41.7735190957
5274.00000000	0.00414811396140	0.00370540085685	0.00556208998010	41.7735751683
5274.00000000	0.00414811305521	0.00370540735045	0.00556209363024	41.7736312734
5274.00000000	0.00414811208104	0.00370541370629	0.00556209713791	41.7736867866
5274.00000000	0.00414811103433	0.00370541984030	0.00556210044372	41.7737410935
5274.00000000	0.00414810991223	0.00370542567276	0.00556210349241	41.7737936010
5274.00000000	0.00414810871341	0.00370543112950	0.00556210623359	41.7738437485
5274.00000000	0.00414810743780	0.00370543614299	0.00556210862221	41.7738910178
5274.00000000	0.00414810608616	0.00370544065318	0.00556211061885	41.7739349422
5274.00000000	0.00414810465952	0.00370544460807	0.00556211218961	41.7739751154
5274.00000000	0.00414810315830	0.00370544796402	0.00556211330575	41.7740111990
