DevNumber	X [V]	Y [V]	R [V]	Theta [°]
4253.00000000	0.00568465826290	-0.000426579563864	0.00570064116484	-4.29146047532
4253.00000000	0.00568465421897	-0.000426579581782	0.00570063713359	-4.29146369635
4253.00000000	0.00568465004406	-0.000426579811538	0.00570063298758	-4.29146913905
4253.00000000	0.00568464576307	-0.000426580262271	0.00570062875232	-4.29147687631
4253.00000000	0.00568464139677	-0.000426580938397	0.00570062444886	-4.29148693677
4253.00000000	0.00568463696197	-0.000426581839066	0.00570062009388	-4.29149929928
4253.00000000	0.00568463247234	-0.000426582957781	0.00570061570056	-4.29151388843
4253.00000000	0.00568462793919	-0.000426584282232	0.00570061127922	-4.29153057237
4253.00000000	0.00568462337273	-0.000426585794286	0.00570060683872	-4.29154916165
4253.00000000	0.00568461878306	-0.000426587469995	0.00570060238732	-4.29156940867
4253.00000000	0.00568461418097	-0.000426589279678	0.00570059793355	-4.29159100784
4253.00000000	0.00568460957847	-0.000426591188184	0.00570059348678	-4.29161359782
4253.00000000	0.00568460498906	-0.000426593155169	0.00570058905743	-4.29163676412
4253.00000000	0.00568460042785	-0.000426595135946	0.00570058465724	-4.29166004747
4253.00000000	0.00568459591166	-0.000426597082334	0.00570058029936	-4.29168295233
4253.00000000	0.00568459145897	-0.000426598944324	0.00570057599850	-4.29170496355
4253.00000000	0.00568458708987	-0.000426600671527	0.00570057177091	-4.29172556102
4253.00000000	0.00568458282582	-0.000426602214983	0.00570056763431	-4.29174423786
4253.00000000	0.00568457868953	-0.000426603528593	0.00570056360793	-4.29176051494
4253.00000000	0.00568457470455	-0.000426604570421	0.00570055971209	-4.29177395424
4253.00000000	0.00568457089469	-0.000426605303615	0.00570055596778	-4.29178416849
4253.00000000	0.00568456728325	-0.000426605696918	0.00570055239591	-4.29179082687
4253.00000000	0.00568456389211	-0.000426605725135	0.00570054901638	-4.29179366040
4253.00000000	0.00568456074063	-0.000426605369389	0.00570054584712	-4.29179246529
4253.00000000	0.00568455784462	-0.000426604617154	0.00570054290293	-4.29178710412
4253.00000000	0.00568455521539	-0.000426603462277	0.00570054019465	-4.29177750670
4253.00000000	0.00568455285881	-0.000426601904703	0.00570053772812	-4.29176366806
4253.00000000	0.00568455077474	-0.000426599950152	0.00570053550362	-4.29174564562
4253.00000000	0.00568454895658	-0.000426597609737	0.00570053351542	-4.29172355574
4253.00000000	0.00568454739119	-0.000426594899440	0.00570053175159	-4.29169756848
4253.00000000	0.00568454605919	-0.000426591839495	0.00570053019434	-4.29166790122
4253.00000000	0.00568454493563	-0.000426588453705	0.00570052882056	-4.29163481129
4253.00000000	0.00568454399092	-0.000426584768639	0.00570052760274	-4.29159858725
4253.00000000	0.00568454319210	-0.000426580813040	0.00570052651015	-4.29155954197
4253.00000000	0.00568454250374	-0.000426576617006	0.00570052550972	-4.29151800376
4253.00000000	0.00568454188908	-0.000426572211361	0.00570052456711	-4.29147430923
4253.00000000	0.00568454131091	-0.000426567626911	0.00570052364750	-4.29142879512
4253.00000000	0.00568454073246	-0.000426562893881	0.00570052271651	-4.29138179201
4253.00000000	0.00568454011809	-0.000426558041341	0.00570052174076	-4.29133361808
4253.00000000	0.00568453943398	-0.000426553097018	0.00570052068859	-4.29128457665
4253.00000000	0.00568453864868	-0.000426548087174	0.00570051953062	-4.29123495462
4253.00000000	0.00568453773350	-0.000426543036498	0.00570051824008	-4.29118502099
4253.00000000	0.00568453666312	-0.000426537968501	0.00570051679350	-4.29113503044
4253.00000000	0.00568453541589	-0.000426532905517	0.00570051517093	-4.29108522313
4253.00000000	0.00568453397415	-0.000426527869212	0.00570051335640	-4.29103582945
4253.00000000	0.00568453232439	-0.000426522880907	0.00570051133803	-4.29098707328
4253.00000000	0.00568453045725	-0.000426517961778	0.00570050910806	-4.29093917390
4253.00000000	0.00568452836713	-0.000426513133328	0.00570050666253	-4.29089235101
4253.00000000	0.00568452605189	-0.000426508417692	0.00570050400096	-4.29084682810
4253.00000000	0.00568452351207	-0.000426503838021	0.00570050112562	-4.29080283677
4253.00000000	0.00568452075050	-0.000426499418765	0.00570049804114	-4.29076061999
4253.00000000	0.00568451777166	-0.000426495185862	0.00570049475396	-4.29072043432
4253.00000000	0.00568451458129	-0.000426491166751	0.00570049127183	-4.29068255048
4253.00000000	0.00568451118605	-0.000426487390264	0.00570048760357	-4.29064725244
4253.00000000	0.00568450759306	-0.000426483886592	0.00570048375851	-4.29061483745
4253.00000000	0.00568450380980	-0.000426480687137	0.00570047974649	-4.29058561461
4253.00000000	0.00568449984383	-0.000426477824532	0.00570047557747	-4.29055990534
4253.00000000	0.00568449570287	-0.000426475332678	0.00570047126169	-4.29053804361
4253.00000000	0.00568449139518	-0.000426473246398	0.00570046680999	-4.29052037225
4253.00000000	0.00568448692983	-0.000426471601313	0.00570046223408	-4.29050724148
4253.00000000	0.00568448231713	-0.000426470433079	0.00570045754690	-4.29049900091
4253.00000000	0.00568447756920	-0.000426469776681	0.00570045276317	-4.29049599212
4253.00000000	0.00568447270043	-0.000426469665532	0.00570044789973	-4.29049853918
4253.00000000	0.00568446772790	-0.000426470130364	0.00570044297592	-4.29050693729
4253.00000000	0.00568446267221	-0.000426471198309	0.00570043801429	-4.29052144293
4253.00000000	0.00568445755779	-0.000426472891521	0.00570043304088	-4.29054225978
4253.00000000	0.00568445241338	-0.000426475226361	0.00570042808556	-4.29056953024
4253.00000000	0.00568444727215	-0.000426478212333	0.00570042318214	-4.29060332462
4253.00000000	0.00568444217150	-0.000426481851516	0.00570041836805	-4.29064363568
4253.00000000	0.00568443715286	-0.000426486138030	0.00570041368418	-4.29069037332
4253.00000000	0.00568443226119	-0.000426491057774	0.00570040917430	-4.29074336242
4253.00000000	0.00568442754448	-0.000426496588160	0.00570040488459	-4.29080234050
4253.00000000	0.00568442305325	-0.000426502698202	0.00570040086309	-4.29086695901
4253.00000000	0.00568441883975	-0.000426509348751	0.00570039715899	-4.29093678625
4253.00000000	0.00568441495714	-0.000426516492946	0.00570039382181	-4.29101131256
4253.00000000	0.00568441145859	-0.000426524077069	0.00570039090053	-4.29108995953
4253.00000000	0.00568440839604	-0.000426532041282	0.00570038844249	-4.29117208833
4253.00000000	0.00568440581914	-0.000426540320789	0.00570038649233	-4.29125701214
4253.00000000	0.00568440377387	-0.000426548847047	0.00570038509079	-4.29134400936
4253.00000000	0.00568440230128	-0.000426557549251	0.00570038427350	-4.29143233940
4253.00000000	0.00568440143608	-0.000426566355907	0.00570038406974	-4.29152125955
4253.00000000	0.00568440120542	-0.000426575196319	0.00570038450127	-4.29161004077
4253.00000000	0.00568440162785	-0.000426584002178	0.00570038558148	-4.29169798442
4253.00000000	0.00568440271253	-0.000426592709052	0.00570038731471	-4.29178443775
4253.00000000	0.00568440445899	-0.000426601257862	0.00570038969603	-4.29186880897
4253.00000000	0.00568440685717	-0.000426609596174	0.00570039271150	-4.29195058006
4253.00000000	0.00568440988790	-0.000426617679446	0.00570039633868	-4.29202931897
4253.00000000	0.00568441352362	-0.000426625471550	0.00570040054738	-4.29210468431
4253.00000000	0.00568441772949	-0.000426632944994	0.00570040530077	-4.29217642671
4253.00000000	0.00568442246445	-0.000426640080520	0.00570041055650	-4.29224438402
4253.00000000	0.00568442768251	-0.000426646866490	0.00570041626782	-4.29230847419
4253.00000000	0.00568443333388	-0.000426653297762	0.00570042238468	-4.29236868316
4253.00000000	0.00568443936614	-0.000426659374501	0.00570042885485	-4.29242505197
4253.00000000	0.00568444572549	-0.000426665100652	0.00570043562494	-4.29247766067
4253.00000000	0.00568445235752	-0.000426670482369	0.00570044264119	-4.29252661187
4253.00000000	0.00568445920821	-0.000426675526710	0.00570044985023	-4.29257201697
4253.00000000	0.00568446622475	-0.000426680240355	0.00570045719990	-4.29261398264
4253.00000000	0.00568447335632	-0.000426684628750	0.00570046463993	-4.29265260174
4253.00000000	0.00568448055497	-0.000426688695481	0.00570047212279	-4.29268794626
4253.00000000	0.00568448777651	-0.000426692442032	0.00570047960450	-4.29272006435
5260.00000000	0.0194444280929	0.00366668868794	0.0197871268706	10.6790186310
5260.00000000	0.0194444180278	0.00366668242870	0.0197871158200	10.6790062212
5260.00000000	0.0194444075411	0.00366667609253	0.0197871043407	10.6789938188
5260.00000000	0.0194443966930	0.00366666972169	0.0197870925000	10.6789815116
5260.00000000	0.0194443855398	0.00366666336221	0.0197870803614	10.6789694005
5260.00000000	0.0194443741326	0.00366665706294	0.0197870679846	10.6789575970
5260.00000000	0.0194443625182	0.00366665087494	0.0197870554247	10.6789462212
5260.00000000	0.0194443507389	0.00366664485004	0.0197870427329	10.6789353980
5260.00000000	0.0194443388335	0.00366663903977	0.0197870299570	10.6789252531
5260.00000000	0.0194443268383	0.00366663349361	0.0197870171418	10.6789159080
5260.00000000	0.0194443147883	0.00366662825780	0.0197870043303	10.6789074753
5260.00000000	0.0194443027187	0.00366662337340	0.0197869915646	10.6789000531
5260.00000000	0.0194442906654	0.00366661887551	0.0197869788866	10.6788937219
5260.00000000	0.0194442786660	0.00366661479179	0.0197869663383	10.6788885403
5260.00000000	0.0194442667593	0.00366661114219	0.0197869539615	10.6788845443
5260.00000000	0.0194442549860	0.00366660793867	0.0197869417985	10.6788817459
5260.00000000	0.0194442433873	0.00366660518517	0.0197869298904	10.6788801344
5260.00000000	0.0194442320051	0.00366660287844	0.0197869182779	10.6788796781
5260.00000000	0.0194442208812	0.00366660100897	0.0197869070002	10.6788803273
5260.00000000	0.0194442100578	0.00366659956161	0.0197868960961	10.6788820164
5260.00000000	0.0194441995766	0.00366659851723	0.0197868856029	10.6788846686
5260.00000000	0.0194441894794	0.00366659785366	0.0197868755576	10.6788881983
5260.00000000	0.0194441798075	0.00366659754650	0.0197868659962	10.6788925141
5260.00000000	0.0194441706008	0.00366659757028	0.0197868569535	10.6788975218
5260.00000000	0.0194441618980	0.00366659789880	0.0197868484622	10.6789031264
5260.00000000	0.0194441537340	0.00366659850564	0.0197868405521	10.6789092337
5260.00000000	0.0194441461402	0.00366659936400	0.0197868332488	10.6789157509
5260.00000000	0.0194441391418	0.00366660044687	0.0197868265723	10.6789225874
5260.00000000	0.0194441327574	0.00366660172682	0.0197868205357	10.6789296552
5260.00000000	0.0194441269976	0.00366660317618	0.0197868151442	10.6789368700
5260.00000000	0.0194441218652	0.00366660476764	0.0197868103956	10.6789441524
5260.00000000	0.0194441173547	0.00366660647453	0.0197868062795	10.6789514296
5260.00000000	0.0194441134539	0.00366660827214	0.0197868027793	10.6789586379
5260.00000000	0.0194441101448	0.00366661013779	0.0197867998733	10.6789657221
5260.00000000	0.0194441074058	0.00366661205165	0.0197867975364	10.6789726377
5260.00000000	0.0194441052128	0.00366661399629	0.0197867957417	10.6789793480
5260.00000000	0.0194441035411	0.00366661595630	0.0197867944622	10.6789858222
5260.00000000	0.0194441023673	0.00366661791743	0.0197867936721	10.6789920324
5260.00000000	0.0194441016701	0.00366661986573	0.0197867933480	10.6789979505
5260.00000000	0.0194441014310	0.00366662178724	0.0197867934691	10.6790035464
5260.00000000	0.0194441016352	0.00366662366761	0.0197867940183	10.6790087874
5260.00000000	0.0194441022710	0.00366662549205	0.0197867949811	10.6790136378
5260.00000000	0.0194441033287	0.00366662724633	0.0197867963456	10.6790180620
5260.00000000	0.0194441048003	0.00366662891673	0.0197867981012	10.6790220255
5260.00000000	0.0194441066774	0.00366663049153	0.0197868002377	10.6790254994
5260.00000000	0.0194441089504	0.00366663196120	0.0197868027436	10.6790284617
5260.00000000	0.0194441116074	0.00366663331979	0.0197868056063	10.6790309019
5260.00000000	0.0194441146338	0.00366663456477	0.0197868088111	10.6790328205
5260.00000000	0.0194441180126	0.00366663569762	0.0197868123412	10.6790342310
5260.00000000	0.0194441217243	0.00366663672321	0.0197868161787	10.6790351577
5260.00000000	0.0194441257476	0.00366663764927	0.0197868203040	10.6790356340
5260.00000000	0.0194441300592	0.00366663848567	0.0197868246959	10.6790357004
5260.00000000	0.0194441346340	0.00366663924414	0.0197868293319	10.6790354039
5260.00000000	0.0194441394447	0.00366663993792	0.0197868341879	10.6790347967
5260.00000000	0.0194441444617	0.00366664058172	0.0197868392373	10.6790339366
5260.00000000	0.0194441496526	0.00366664119203	0.0197868444514	10.6790328879
5260.00000000	0.0194441549822	0.00366664178697	0.0197868497989	10.6790317210
5260.00000000	0.0194441604129	0.00366664238680	0.0197868552467	10.6790305138
5260.00000000	0.0194441659056	0.00366664301418	0.0197868607606	10.6790293517
5260.00000000	0.0194441714213	0.00366664369394	0.0197868663067	10.6790283263
5260.00000000	0.0194441769220	0.00366664445353	0.0197868718529	10.6790275362
5260.00000000	0.0194441823720	0.00366664532260	0.0197868773695	10.6790270847
5260.00000000	0.0194441877384	0.00366664633325	0.0197868828303	10.6790270809
5260.00000000	0.0194441929923	0.00366664751890	0.0197868882129	10.6790276356
5260.00000000	0.0194441981083	0.00366664891428	0.0197868934989	10.6790288610
5260.00000000	0.0194442030653	0.00366665055359	0.0197868986738	10.6790308658
5260.00000000	0.0194442078470	0.00366665246969	0.0197869037278	10.6790337522
5260.00000000	0.0194442124418	0.00366665469277	0.0197869086549	10.6790376125
5260.00000000	0.0194442168434	0.00366665724878	0.0197869134539	10.6790425238
5260.00000000	0.0194442210507	0.00366666015857	0.0197869181276	10.6790485460
5260.00000000	0.0194442250677	0.00366666343644	0.0197869226824	10.6790557177
5260.00000000	0.0194442289025	0.00366666708962	0.0197869271277	10.6790640551
5260.00000000	0.0194442325666	0.00366667111813	0.0197869314749	10.6790735520
5260.00000000	0.0194442360734	0.00366667551430	0.0197869357356	10.6790841796
5260.00000000	0.0194442394366	0.00366668026396	0.0197869399207	10.6790958900
5260.00000000	0.0194442426700	0.00366668534685	0.0197869440400	10.6791086183
5260.00000000	0.0194442457854	0.00366669073842	0.0197869481006	10.6791222883
5260.00000000	0.0194442487927	0.00366669641101	0.0197869521069	10.6791368159
5260.00000000	0.0194442516989	0.00366670233554	0.0197869560607	10.6791521146
5260.00000000	0.0194442545078	0.00366670848305	0.0197869599601	10.6791681000
5260.00000000	0.0194442572195	0.00366671482611	0.0197869638003	10.6791846940
5260.00000000	0.0194442598306	0.00366672133964	0.0197869675732	10.6792018270
5260.00000000	0.0194442623341	0.00366672800186	0.0197869712679	10.6792194409
5260.00000000	0.0194442647197	0.00366673479429	0.0197869748709	10.6792374885
5260.00000000	0.0194442669745	0.00366674170192	0.0197869783667	10.6792559341
5260.00000000	0.0194442690834	0.00366674871315	0.0197869817384	10.6792747528
5260.00000000	0.0194442710297	0.00366675581944	0.0197869849678	10.6792939292
5260.00000000	0.0194442727952	0.00366676301497	0.0197869880362	10.6793134565
5260.00000000	0.0194442743614	0.00366677029633	0.0197869909246	10.6793333351
5260.00000000	0.0194442757091	0.00366677766245	0.0197869936139	10.6793535720
5260.00000000	0.0194442768190	0.00366678511381	0.0197869960854	10.6793741791
5260.00000000	0.0194442776725	0.00366679265211	0.0197869983211	10.6793951712
5260.00000000	0.0194442782525	0.00366680027983	0.0197870003046	10.6794165644
5260.00000000	0.0194442785441	0.00366680799896	0.0197870020216	10.6794383725
5260.00000000	0.0194442785364	0.00366681581033	0.0197870034615	10.6794606037
5260.00000000	0.0194442782233	0.00366682371236	0.0197870046182	10.6794832567
5260.00000000	0.0194442776057	0.00366683170015	0.0197870054916	10.6795063171
5260.00000000	0.0194442766925	0.00366683976411	0.0197870060886	10.6795297529
5260.00000000	0.0194442755012	0.00366684788929	0.0197870064236	10.6795535122
5260.00000000	0.0194442740582	0.00366685605437	0.0197870065187	10.6795775200
5270.00000000	0.00260999060176	0.0171928129614	0.0173897920766	81.3680020447
5270.00000000	0.00260998783721	0.0171928115530	0.0173897902692	81.3680103536
5270.00000000	0.00260998485043	0.0171928096270	0.0173897879168	81.3680191306
5270.00000000	0.00260998163654	0.0171928071650	0.0173897850002	81.3680283822
5270.00000000	0.00260997818754	0.0171928041542	0.0173897815060	81.3680381285
5270.00000000	0.00260997449329	0.0171928005898	0.0173897774274	81.3680483997
5270.00000000	0.00260997054309	0.0171927964745	0.0173897727659	81.3680592324
5270.00000000	0.00260996632712	0.0171927918207	0.0173897675320	81.3680706645
5270.00000000	0.00260996183753	0.0171927866492	0.0173897617453	81.3680827319
5270.00000000	0.00260995706963	0.0171927809894	0.0173897554340	81.3680954644
5270.00000000	0.00260995202225	0.0171927748778	0.0173897486341	81.3681088840
5270.00000000	0.00260994669825	0.0171927683559	0.0173897413870	81.3681230018
5270.00000000	0.00260994110412	0.0171927614676	0.0173897337371	81.3681378183
5270.00000000	0.00260993524950	0.0171927542562	0.0173897257288	81.3681533236
5270.00000000	0.00260992914677	0.0171927467626	0.0173897174040	81.3681694975
5270.00000000	0.00260992280968	0.0171927390222	0.0173897088003	81.3681863129
5270.00000000	0.00260991625319	0.0171927310641	0.0173896999483	81.3682037354
5270.00000000	0.00260990949247	0.0171927229094	0.0173896908712	81.3682217258
5270.00000000	0.00260990254285	0.0171927145712	0.0173896815845	81.3682402410
5270.00000000	0.00260989541978	0.0171927060554	0.0173896720961	81.3682592333
5270.00000000	0.00260988813899	0.0171926973614	0.0173896624079	81.3682786514
5270.00000000	0.00260988071689	0.0171926884836	0.0173896525166	81.3682984388
5270.00000000	0.00260987317073	0.0171926794129	0.0173896424161	81.3683185350
5270.00000000	0.00260986551934	0.0171926701387	0.0173896320986	81.3683388734
5270.00000000	0.00260985778379	0.0171926606500	0.0173896215564	81.3683593799
5270.00000000	0.00260984998768	0.0171926509374	0.0173896107838	81.3683799730
5270.00000000	0.00260984215833	0.0171926409947	0.0173895997787	81.3684005607
5270.00000000	0.00260983432696	0.0171926308203	0.0173895885442	81.3684210403
5270.00000000	0.00260982652950	0.0171926204183	0.0173895770898	81.3684412970
5270.00000000	0.00260981880673	0.0171926097985	0.0173895654313	81.3684612027
5270.00000000	0.00260981120413	0.0171925989772	0.0173895535915	81.3684806174
5270.00000000	0.00260980377126	0.0171925879757	0.0173895415991	81.3684993900
5270.00000000	0.00260979656074	0.0171925768196	0.0173895294872	81.3685173619
5270.00000000	0.00260978962670	0.0171925655371	0.0173895172919	81.3685343707
5270.00000000	0.00260978302348	0.0171925541580	0.0173895050506	81.3685502541
5270.00000000	0.00260977680434	0.0171925427114	0.0173894928003	81.3685648530
5270.00000000	0.00260977101982	0.0171925312253	0.0173894805761	81.3685780166
5270.00000000	0.00260976571724	0.0171925197256	0.0173894684109	81.3685896035
5270.00000000	0.00260976093922	0.0171925082367	0.0173894563351	81.3685994871
5270.00000000	0.00260975672330	0.0171924967819	0.0173894443773	81.3686075564
5270.00000000	0.00260975310092	0.0171924853837	0.0173894325646	81.3686137203
5270.00000000	0.00260975009672	0.0171924740649	0.0173894209230	81.3686179096
5270.00000000	0.00260974772807	0.0171924628482	0.0173894094779	81.3686200791
5270.00000000	0.00260974600468	0.0171924517569	0.0173893982536	81.3686202086
5270.00000000	0.00260974492827	0.0171924408141	0.0173893872732	81.3686183041
5270.00000000	0.00260974449240	0.0171924300418	0.0173893765575	81.3686143972
5270.00000000	0.00260974468315	0.0171924194605	0.0173893661247	81.3686085436
5270.00000000	0.00260974547937	0.0171924090880	0.0173893559891	81.3686008208
5270.00000000	0.00260974685387	0.0171923989394	0.0173893461617	81.3685913249
5270.00000000	0.00260974877483	0.0171923890268	0.0173893366497	81.3685801656
5270.00000000	0.00260975120697	0.0171923793594	0.0173893274568	81.3685674624
5270.00000000	0.00260975411383	0.0171923699439	0.0173893185842	81.3685533372
5270.00000000	0.00260975745920	0.0171923607841	0.0173893100302	81.3685379100
5270.00000000	0.00260976120888	0.0171923518813	0.0173893017910	81.3685212928
5270.00000000	0.00260976533205	0.0171923432338	0.0173892938602	81.3685035852
5270.00000000	0.00260976980227	0.0171923348364	0.0173892862288	81.3684848707
5270.00000000	0.00260977459747	0.0171923266802	0.0173892788847	81.3684652168
5270.00000000	0.00260977969995	0.0171923187524	0.0173892718124	81.3684446748
5270.00000000	0.00260978509545	0.0171923110361	0.0173892649933	81.3684232829
5270.00000000	0.00260979077163	0.0171923035116	0.0173892584059	81.3684010714
5270.00000000	0.00260979671746	0.0171922961570	0.0173892520269	81.3683780656
5270.00000000	0.00260980292201	0.0171922889505	0.0173892458333	81.3683542901
5270.00000000	0.00260980937434	0.0171922818726	0.0173892398039	81.3683297711
5270.00000000	0.00260981606389	0.0171922749082	0.0173892339224	81.3683045354
5270.00000000	0.00260982298068	0.0171922680489	0.0173892281788	81.3682786115
5270.00000000	0.00260983011646	0.0171922612944	0.0173892225718	81.3682520259
5270.00000000	0.00260983746529	0.0171922546531	0.0173892171086	81.3682248023
5270.00000000	0.00260984502422	0.0171922481423	0.0173892118061	81.3681969588
5270.00000000	0.00260985279373	0.0171922417878	0.0173892066896	81.3681685066
5270.00000000	0.00260986077775	0.0171922356224	0.0173892017924	81.3681394491
5270.00000000	0.00260986898365	0.0171922296850	0.0173891971538	81.3681097815
5270.00000000	0.00260987742149	0.0171922240189	0.0173891928182	81.3680794925
5270.00000000	0.00260988610350	0.0171922186703	0.0173891888333	81.3680485651
5270.00000000	0.00260989504265	0.0171922136870	0.0173891852481	81.3680169807
5270.00000000	0.00260990425164	0.0171922091162	0.0173891821113	81.3679847213
5270.00000000	0.00260991374159	0.0171922050034	0.0173891794693	81.3679517731
5270.00000000	0.00260992352044	0.0171922013894	0.0173891773640	81.3679181304
5270.00000000	0.00260993359215	0.0171921983093	0.0173891758304	81.3678837977
5270.00000000	0.00260994395518	0.0171921957896	0.0173891748947	81.3678487932
5270.00000000	0.00260995460188	0.0171921938468	0.0173891745718	81.3678131498
5270.00000000	0.00260996551795	0.0171921924850	0.0173891748639	81.3677769163
5270.00000000	0.00260997668161	0.0171921916955	0.0173891757588	81.3677401593
5270.00000000	0.00260998806373	0.0171921914554	0.0173891772299	81.3677029623
5270.00000000	0.00260999962771	0.0171921917287	0.0173891792358	81.3676654268
5270.00000000	0.00261001133011	0.0171921924664	0.0173891817216	81.3676276701
5270.00000000	0.00261002312144	0.0171921936079	0.0173891846200	81.3675898234
5270.00000000	0.00261003494720	0.0171921950827	0.0173891878530	81.3675520294
5270.00000000	0.00261004674924	0.0171921968119	0.0173891913341	81.3675144385
5270.00000000	0.00261005846706	0.0171921987111	0.0173891949706	81.3674772060
5270.00000000	0.00261007003922	0.0171922006924	0.0173891986664	81.3674404886
5270.00000000	0.00261008140474	0.0171922026681	0.0173892023256	81.3674044416
5270.00000000	0.00261009250408	0.0171922045528	0.0173892058550	81.3673692168
5270.00000000	0.00261010328008	0.0171922062672	0.0173892091673	81.3673349610
5270.00000000	0.00261011367877	0.0171922077402	0.0173892121846	81.3673018150
5270.00000000	0.00261012364996	0.0171922089122	0.0173892148400	81.3672699127
5270.00000000	0.00261013314785	0.0171922097361	0.0173892170801	81.3672393800
5270.00000000	0.00261014213167	0.0171922101784	0.0173892188659	81.3672103334
5270.00000000	0.00261015056639	0.0171922102208	0.0173892201738	81.3671828776
5270.00000000	0.00261015842370	0.0171922098594	0.0173892209959	81.3671571031
5270.00000000	0.00261016568248	0.0171922091050	0.0173892213397	81.3671330840
5274.00000000	-0.00414320877639	0.0156109715317	0.0161514275260	104.863834619
5274.00000000	-0.00414320456958	0.0156109713340	0.0161514262558	104.863820375
5274.00000000	-0.00414320018672	0.0156109709637	0.0161514247735	104.863805685
5274.00000000	-0.00414319567619	0.0156109704388	0.0161514231092	104.863790697
5274.00000000	-0.00414319109383	0.0156109697686	0.0161514212859	104.863775595
5274.00000000	-0.00414318650265	0.0156109689527	0.0161514193196	104.863760596
5274.00000000	-0.00414318197204	0.0156109679815	0.0161514172187	104.863745945
5274.00000000	-0.00414317757646	0.0156109668364	0.0161514149844	104.863731916
5274.00000000	-0.00414317339365	0.0156109654911	0.0161514126111	104.863718799
5274.00000000	-0.00414316950261	0.0156109639128	0.0161514100875	104.863706894
5274.00000000	-0.00414316598118	0.0156109620637	0.0161514073970	104.863696502
5274.00000000	-0.00414316290357	0.0156109599031	0.0161514045192	104.863687916
5274.00000000	-0.00414316033806	0.0156109573891	0.0161514014311	104.863681408
5274.00000000	-0.00414315834524	0.0156109544806	0.0161513981088	104.863677221
5274.00000000	-0.00414315697645	0.0156109511393	0.0161513945282	104.863675569
5274.00000000	-0.00414315627298	0.0156109473312	0.0161513906671	104.863676622
5274.00000000	-0.00414315626542	0.0156109430281	0.0161513865060	104.863680512
5274.00000000	-0.00414315697377	0.0156109382082	0.0161513820291	104.863687327
5274.00000000	-0.00414315840765	0.0156109328576	0.0161513772253	104.863697112
5274.00000000	-0.00414316056713	0.0156109269700	0.0161513720887	104.863709874
5274.00000000	-0.00414316344364	0.0156109205469	0.0161513666184	104.863725582
5274.00000000	-0.00414316702093	0.0156109135965	0.0161513608182	104.863744172
5274.00000000	-0.00414317127604	0.0156109061329	0.0161513546959	104.863765553
5274.00000000	-0.00414317617995	0.0156108981748	0.0161513482620	104.863789609
5274.00000000	-0.00414318169791	0.0156108897435	0.0161513415283	104.863816201
5274.00000000	-0.00414318778930	0.0156108808614	0.0161513345061	104.863845170
5274.00000000	-0.00414319440716	0.0156108715507	0.0161513272045	104.863876333
5274.00000000	-0.00414320149769	0.0156108618314	0.0161513196293	104.863909490
5274.00000000	-0.00414320899987	0.0156108517204	0.0161513117812	104.863944413
5274.00000000	-0.00414321684519	0.0156108412312	0.0161513036555	104.863980858
5274.00000000	-0.00414322495807	0.0156108303726	0.0161512952414	104.864018557
5274.00000000	-0.00414323325656	0.0156108191497	0.0161512865229	104.864057223
5274.00000000	-0.00414324165374	0.0156108075637	0.0161512774786	104.864096558
5274.00000000	-0.00414325005951	0.0156107956123	0.0161512680835	104.864136255
5274.00000000	-0.00414325838268	0.0156107832903	0.0161512583090	104.864176006
5274.00000000	-0.00414326653308	0.0156107705908	0.0161512481252	104.864215509
5274.00000000	-0.00414327442366	0.0156107575053	0.0161512375018	104.864254472
5274.00000000	-0.00414328197233	0.0156107440259	0.0161512264099	104.864292621
5274.00000000	-0.00414328910322	0.0156107301455	0.0161512148233	104.864329703
5274.00000000	-0.00414329574761	0.0156107158595	0.0161512027199	104.864365485
5274.00000000	-0.00414330184430	0.0156107011666	0.0161511900827	104.864399760
5274.00000000	-0.00414330733981	0.0156106860701	0.0161511769011	104.864432342
5274.00000000	-0.00414331218852	0.0156106705787	0.0161511631720	104.864463065
5274.00000000	-0.00414331635288	0.0156106547077	0.0161511489004	104.864491786
5274.00000000	-0.00414331980401	0.0156106384796	0.0161511341007	104.864518388
5274.00000000	-0.00414332252235	0.0156106219241	0.0161511187966	104.864542775
5274.00000000	-0.00414332449856	0.0156106050784	0.0161511030216	104.864564881
5274.00000000	-0.00414332573427	0.0156105879854	0.0161510868176	104.864584674
5274.00000000	-0.00414332624264	0.0156105706939	0.0161510702351	104.864602153
5274.00000000	-0.00414332604874	0.0156105532564	0.0161510533315	104.864617357
5274.00000000	-0.00414332518952	0.0156105357293	0.0161510361705	104.864630362
5274.00000000	-0.00414332371332	0.0156105181716	0.0161510188218	104.864641279
5274.00000000	-0.00414332167885	0.0156105006447	0.0161510013594	104.864650254
5274.00000000	-0.00414331915372	0.0156104832110	0.0161509838614	104.864657462
5274.00000000	-0.00414331621270	0.0156104659341	0.0161509664082	104.864663101
5274.00000000	-0.00414331293584	0.0156104488769	0.0161509490812	104.864667388
5274.00000000	-0.00414330940681	0.0156104321014	0.0161509319617	104.864670555
5274.00000000	-0.00414330571111	0.0156104156673	0.0161509151296	104.864672839
5274.00000000	-0.00414330193440	0.0156103996321	0.0161508986621	104.864674483
5274.00000000	-0.00414329816081	0.0156103840502	0.0161508826336	104.864675724
5274.00000000	-0.00414329447104	0.0156103689732	0.0161508671146	104.864676794
5274.00000000	-0.00414329094052	0.0156103544500	0.0161508521717	104.864677906
5274.00000000	-0.00414328763756	0.0156103405273	0.0161508378677	104.864679251
5274.00000000	-0.00414328462174	0.0156103272509	0.0161508242619	104.864680993
5274.00000000	-0.00414328194257	0.0156103146660	0.0161508114108	104.864683260
5274.00000000	-0.00414327963847	0.0156103028188	0.0161507993690	104.864686141
5274.00000000	-0.00414327773620	0.0156102917562	0.0161507881886	104.864689687
5274.00000000	-0.00414327625094	0.0156102815265	0.0161507779203	104.864693904
5274.00000000	-0.00414327518684	0.0156102721789	0.0161507686124	104.864698762
5274.00000000	-0.00414327453817	0.0156102637619	0.0161507603107	104.864704198
5274.00000000	-0.00414327429046	0.0156102563224	0.0161507530566	104.864710119
5274.00000000	-0.00414327442208	0.0156102499036	0.0161507468864	104.864716412
5274.00000000	-0.00414327490555	0.0156102445431	0.0161507418293	104.864722948
5274.00000000	-0.00414327570920	0.0156102402713	0.0161507379067	104.864729592
5274.00000000	-0.00414327679843	0.0156102371103	0.0161507351308	104.864736203
5274.00000000	-0.00414327813731	0.0156102350732	0.0161507335054	104.864742648
5274.00000000	-0.00414327968991	0.0156102341642	0.0161507330252	104.864748799
5274.00000000	-0.00414328142142	0.0156102343788	0.0161507336767	104.864754541
5274.00000000	-0.00414328329929	0.0156102357031	0.0161507354385	104.864759774
5274.00000000	-0.00414328529414	0.0156102381143	0.0161507382808	104.864764420
5274.00000000	-0.00414328738037	0.0156102415796	0.0161507421653	104.864768420
5274.00000000	-0.00414328953693	0.0156102460559	0.0161507470450	104.864771740
5274.00000000	-0.00414329174763	0.0156102514899	0.0161507528643	104.864774375
5274.00000000	-0.00414329400165	0.0156102578188	0.0161507595596	104.864776344
5274.00000000	-0.00414329629372	0.0156102649708	0.0161507670603	104.864777694
5274.00000000	-0.00414329862446	0.0156102728673	0.0161507752904	104.864778499
5274.00000000	-0.00414330100016	0.0156102814237	0.0161507841700	104.864778858
5274.00000000	-0.00414330343238	0.0156102905522	0.0161507936169	104.864778890
5274.00000000	-0.00414330593717	0.0156103001625	0.0161508035482	104.864778732
5274.00000000	-0.00414330853381	0.0156103101642	0.0161508138813	104.864778533
5274.00000000	-0.00414331124323	0.0156103204682	0.0161508245355	104.864778446
5274.00000000	-0.00414331408670	0.0156103309879	0.0161508354327	104.864778622
5274.00000000	-0.00414331708459	0.0156103416415	0.0161508464988	104.864779206
5274.00000000	-0.00414332025575	0.0156103523526	0.0161508576650	104.864780331
5274.00000000	-0.00414332361736	0.0156103630525	0.0161508688691	104.864782120
5274.00000000	-0.00414332718528	0.0156103736808	0.0161508800571	104.864784681
5274.00000000	-0.00414333097431	0.0156103841872	0.0161508911839	104.864788111
5274.00000000	-0.00414333499865	0.0156103945319	0.0161509022148	104.864792495
5274.00000000	-0.00414333927237	0.0156104046864	0.0161509131258	104.864797907
5274.00000000	-0.00414334380967	0.0156104146338	0.0161509239044	104.864804412
