DevNumber	X [V]	Y [V]	R [V]	Theta [°]
4253.00000000	0.00933175899901	-0.0414489203917	0.0424864063867	-77.3120488603
4253.00000000	0.00933175939352	-0.0414489333105	0.0424864190766	-77.3120521678
4253.00000000	0.00933175991139	-0.0414489463474	0.0424864319089	-77.3120553480
4253.00000000	0.00933176053410	-0.0414489595075	0.0424864448844	-77.3120584268
4253.00000000	0.00933176124311	-0.0414489727918	0.0424864580001	-77.3120614288
4253.00000000	0.00933176202043	-0.0414489861953	0.0424864712471	-77.3120643762
4253.00000000	0.00933176284807	-0.0414489997053	0.0424864846089	-77.3120672890
4253.00000000	0.00933176370833	-0.0414490132990	0.0424864980596	-77.3120701837
4253.00000000	0.00933176458347	-0.0414490269444	0.0424865115640	-77.3120730741
4253.00000000	0.00933176545531	-0.0414490406000	0.0424865250776	-77.3120759718
4253.00000000	0.00933176630592	-0.0414490542175	0.0424865385495	-77.3120788863
4253.00000000	0.00933176711731	-0.0414490677440	0.0424865519239	-77.3120818253
4253.00000000	0.00933176787250	-0.0414490811241	0.0424865651431	-77.3120847949
4253.00000000	0.00933176855500	-0.0414490943021	0.0424865781492	-77.3120878003
4253.00000000	0.00933176914952	-0.0414491072240	0.0424865908862	-77.3120908456
4253.00000000	0.00933176964130	-0.0414491198390	0.0424866033011	-77.3120939351
4253.00000000	0.00933177001584	-0.0414491321004	0.0424866153453	-77.3120970742
4253.00000000	0.00933177025760	-0.0414491439669	0.0424866269752	-77.3121002709
4253.00000000	0.00933177034900	-0.0414491554030	0.0424866381521	-77.3121035380
4253.00000000	0.00933177026923	-0.0414491663793	0.0424866488429	-77.3121068941
4253.00000000	0.00933176999377	-0.0414491768726	0.0424866590194	-77.3121103646
4253.00000000	0.00933176949377	-0.0414491868649	0.0424866686579	-77.3121139821
4253.00000000	0.00933176873684	-0.0414491963422	0.0424866777375	-77.3121177851
4253.00000000	0.00933176768760	-0.0414492052927	0.0424866862390	-77.3121218167
4253.00000000	0.00933176630868	-0.0414492137044	0.0424866941424	-77.3121261223
4253.00000000	0.00933176456206	-0.0414492215629	0.0424867014254	-77.3121307479
4253.00000000	0.00933176241002	-0.0414492288494	0.0424867080613	-77.3121357374
4253.00000000	0.00933175981603	-0.0414492355391	0.0424867140179	-77.3121411316
4253.00000000	0.00933175674591	-0.0414492416006	0.0424867192571	-77.3121469661
4253.00000000	0.00933175316902	-0.0414492469963	0.0424867237354	-77.3121532702
4253.00000000	0.00933174905943	-0.0414492516825	0.0424867274045	-77.3121600649
4253.00000000	0.00933174439796	-0.0414492556106	0.0424867302129	-77.3121673611
4253.00000000	0.00933173917269	-0.0414492587282	0.0424867321067	-77.3121751591
4253.00000000	0.00933173338065	-0.0414492609796	0.0424867330310	-77.3121834461
4253.00000000	0.00933172702841	-0.0414492623087	0.0424867329324	-77.3121921969
4253.00000000	0.00933172013220	-0.0414492626606	0.0424867317610	-77.3122013740
4253.00000000	0.00933171271787	-0.0414492619845	0.0424867294729	-77.3122109282
4253.00000000	0.00933170482022	-0.0414492602361	0.0424867260326	-77.3122208007
4253.00000000	0.00933169648200	-0.0414492573812	0.0424867214160	-77.3122309251
4253.00000000	0.00933168775257	-0.0414492533965	0.0424867156113	-77.3122412295
4253.00000000	0.00933167868651	-0.0414492482712	0.0424867086200	-77.3122516390
4253.00000000	0.00933166934187	-0.0414492420078	0.0424867004570	-77.3122620779
4253.00000000	0.00933165977916	-0.0414492346208	0.0424866911501	-77.3122724709
4253.00000000	0.00933165005957	-0.0414492261370	0.0424866807387	-77.3122827455
4253.00000000	0.00933164024449	-0.0414492165945	0.0424866692735	-77.3122928320
4253.00000000	0.00933163039493	-0.0414492060427	0.0424866568160	-77.3123026650
4253.00000000	0.00933162057116	-0.0414491945416	0.0424866434380	-77.3123121829
4253.00000000	0.00933161083297	-0.0414491821621	0.0424866292220	-77.3123213281
4253.00000000	0.00933160124016	-0.0414491689865	0.0424866142612	-77.3123300461
4253.00000000	0.00933159185222	-0.0414491551075	0.0424865986591	-77.3123382863
4253.00000000	0.00933158272816	-0.0414491406289	0.0424865825301	-77.3123460018
4253.00000000	0.00933157392574	-0.0414491256650	0.0424865659983	-77.3123531503
4253.00000000	0.00933156549996	-0.0414491103385	0.0424865491954	-77.3123596960
4253.00000000	0.00933155750197	-0.0414490947788	0.0424865322590	-77.3123656098
4253.00000000	0.00933154997700	-0.0414490791191	0.0424865153290	-77.3123708716
4253.00000000	0.00933154296342	-0.0414490634916	0.0424864985426	-77.3123754701
4253.00000000	0.00933153649165	-0.0414490480237	0.0424864820309	-77.3123794031
4253.00000000	0.00933153058386	-0.0414490328327	0.0424864659133	-77.3123826762
4253.00000000	0.00933152525411	-0.0414490180221	0.0424864502937	-77.3123853014
4253.00000000	0.00933152050904	-0.0414490036781	0.0424864352578	-77.3123872956
4253.00000000	0.00933151634902	-0.0414489898680	0.0424864208712	-77.3123886782
4253.00000000	0.00933151276948	-0.0414489766389	0.0424864071790	-77.3123894693
4253.00000000	0.00933150976191	-0.0414489640191	0.0424863942068	-77.3123896882
4253.00000000	0.00933150731462	-0.0414489520182	0.0424863819614	-77.3123893534
4253.00000000	0.00933150541315	-0.0414489406278	0.0424863704315	-77.3123884813
4253.00000000	0.00933150404011	-0.0414489298231	0.0424863595890	-77.3123870874
4253.00000000	0.00933150317529	-0.0414489195634	0.0424863493899	-77.3123851863
4253.00000000	0.00933150279560	-0.0414489097941	0.0424863397758	-77.3123827923
4253.00000000	0.00933150287470	-0.0414489004481	0.0424863306754	-77.3123799200
4253.00000000	0.00933150338310	-0.0414488914474	0.0424863220062	-77.3123765852
4253.00000000	0.00933150428780	-0.0414488827037	0.0424863136746	-77.3123728051
4253.00000000	0.00933150555235	-0.0414488741188	0.0424863055771	-77.3123685986
4253.00000000	0.00933150713692	-0.0414488655840	0.0424862975988	-77.3123639859
4253.00000000	0.00933150899869	-0.0414488569794	0.0424862896132	-77.3123589879
4253.00000000	0.00933151109171	-0.0414488481715	0.0424862814801	-77.3123536254
4253.00000000	0.00933151336736	-0.0414488390120	0.0424862730440	-77.3123479184
4253.00000000	0.00933151577471	-0.0414488293369	0.0424862641339	-77.3123418855
4253.00000000	0.00933151826086	-0.0414488189669	0.0424862545632	-77.3123355431
4253.00000000	0.00933152077173	-0.0414488077091	0.0424862441317	-77.3123289051
4253.00000000	0.00933152325243	-0.0414487953597	0.0424862326287	-77.3123219836
4253.00000000	0.00933152564868	-0.0414487817090	0.0424862198377	-77.3123147877
4253.00000000	0.00933152790759	-0.0414487665448	0.0424862055399	-77.3123073242
4253.00000000	0.00933152997867	-0.0414487496576	0.0424861895199	-77.3122995975
4253.00000000	0.00933153181489	-0.0414487308448	0.0424861715697	-77.3122916094
4253.00000000	0.00933153337361	-0.0414487099151	0.0424861514935	-77.3122833593
4253.00000000	0.00933153461788	-0.0414486866929	0.0424861291116	-77.3122748439
4253.00000000	0.00933153551731	-0.0414486610220	0.0424861042652	-77.3122660570
4253.00000000	0.00933153604952	-0.0414486327703	0.0424860768202	-77.3122569887
4253.00000000	0.00933153620071	-0.0414486018324	0.0424860466709	-77.3122476260
4253.00000000	0.00933153596634	-0.0414485681326	0.0424860137426	-77.3122379525
4253.00000000	0.00933153535118	-0.0414485316262	0.0424859779925	-77.3122279487
4253.00000000	0.00933153436935	-0.0414484923000	0.0424859394109	-77.3122175920
4253.00000000	0.00933153304381	-0.0414484501720	0.0424858980205	-77.3122068576
4253.00000000	0.00933153140581	-0.0414484052920	0.0424858538766	-77.3121957192
4253.00000000	0.00933152949372	-0.0414483577398	0.0424858070656	-77.3121841498
4253.00000000	0.00933152735176	-0.0414483076248	0.0424857577039	-77.3121721237
4253.00000000	0.00933152502873	-0.0414482550836	0.0424857059355	-77.3121596171
4253.00000000	0.00933152257610	-0.0414482002782	0.0424856519297	-77.3121466104
4253.00000000	0.00933152004658	-0.0414481433923	0.0424855958773	-77.3121330886
4253.00000000	0.00933151749236	-0.0414480846278	0.0424855379868	-77.3121190427
5260.00000000	-0.00433229357048	0.0244229930820	0.0248042608973	100.058829098
5260.00000000	-0.00433228853745	0.0244230065931	0.0248042733217	100.058812200
5260.00000000	-0.00433228336491	0.0244230202204	0.0248042858361	100.058794938
5260.00000000	-0.00433227805810	0.0244230338753	0.0248042983542	100.058777359
5260.00000000	-0.00433227262886	0.0244230474653	0.0248043107871	100.058759528
5260.00000000	-0.00433226709666	0.0244230608963	0.0248043230454	100.058741527
5260.00000000	-0.00433226148835	0.0244230740735	0.0248043350406	100.058723455
5260.00000000	-0.00433225583795	0.0244230869023	0.0248043466853	100.058705428
5260.00000000	-0.00433225018566	0.0244230992894	0.0248043578948	100.058687575
5260.00000000	-0.00433224457688	0.0244231111438	0.0248043685874	100.058670036
5260.00000000	-0.00433223905999	0.0244231223785	0.0248043786858	100.058652955
5260.00000000	-0.00433223368472	0.0244231329110	0.0248043881176	100.058636481
5260.00000000	-0.00433222850035	0.0244231426663	0.0248043968175	100.058620754
5260.00000000	-0.00433222355350	0.0244231515782	0.0248044047284	100.058605907
5260.00000000	-0.00433221888655	0.0244231595912	0.0248044118031	100.058592060
5260.00000000	-0.00433221453581	0.0244231666627	0.0248044180060	100.058579312
5260.00000000	-0.00433221053015	0.0244231727640	0.0248044233140	100.058567740
5260.00000000	-0.00433220688956	0.0244231778814	0.0248044277169	100.058557395
5260.00000000	-0.00433220362399	0.0244231820157	0.0248044312173	100.058548300
5260.00000000	-0.00433220073228	0.0244231851818	0.0248044338296	100.058540446
5260.00000000	-0.00433219820157	0.0244231874073	0.0248044355789	100.058533792
5260.00000000	-0.00433219600746	0.0244231887304	0.0248044364985	100.058528268
5260.00000000	-0.00433219411438	0.0244231891980	0.0248044366283	100.058523774
5260.00000000	-0.00433219247759	0.0244231888635	0.0248044360130	100.058520186
5260.00000000	-0.00433219104501	0.0244231877847	0.0248044347006	100.058517363
5260.00000000	-0.00433218975982	0.0244231860228	0.0248044327413	100.058515151
5260.00000000	-0.00433218856317	0.0244231836403	0.0248044301864	100.058513390
5260.00000000	-0.00433218739659	0.0244231806994	0.0248044270870	100.058511923
5260.00000000	-0.00433218620500	0.0244231772603	0.0248044234927	100.058510601
5260.00000000	-0.00433218493823	0.0244231733800	0.0248044194507	100.058509285
5260.00000000	-0.00433218355321	0.0244231691102	0.0248044150047	100.058507857
5260.00000000	-0.00433218201514	0.0244231644966	0.0248044101934	100.058506221
5260.00000000	-0.00433218029836	0.0244231595775	0.0248044050500	100.058504300
5260.00000000	-0.00433217838697	0.0244231543825	0.0248043996010	100.058502049
5260.00000000	-0.00433217627474	0.0244231489319	0.0248043938653	100.058499444
5260.00000000	-0.00433217396525	0.0244231432376	0.0248043878551	100.058496489
5260.00000000	-0.00433217147128	0.0244231373028	0.0248043815760	100.058493210
5260.00000000	-0.00433216881402	0.0244231311251	0.0248043750292	100.058489659
5260.00000000	-0.00433216602232	0.0244231246977	0.0248043682130	100.058485903
5260.00000000	-0.00433216313160	0.0244231180123	0.0248043611255	100.058482025
5260.00000000	-0.00433216018278	0.0244231110614	0.0248043537663	100.058478123
5260.00000000	-0.00433215722108	0.0244231038403	0.0248043461390	100.058474300
5260.00000000	-0.00433215429469	0.0244230963491	0.0248043382518	100.058470666
5260.00000000	-0.00433215145389	0.0244230885934	0.0248043301191	100.058467334
5260.00000000	-0.00433214874948	0.0244230805845	0.0248043217610	100.058464414
5260.00000000	-0.00433214623173	0.0244230723395	0.0248043132030	100.058462014
5260.00000000	-0.00433214394908	0.0244230638805	0.0248043044754	100.058460235
5260.00000000	-0.00433214194716	0.0244230552335	0.0248042956116	100.058459170
5260.00000000	-0.00433214026776	0.0244230464273	0.0248042866475	100.058458903
5260.00000000	-0.00433213894814	0.0244230374927	0.0248042776197	100.058459506
5260.00000000	-0.00433213802014	0.0244230284611	0.0248042685648	100.058461039
5260.00000000	-0.00433213750984	0.0244230193648	0.0248042595192	100.058463548
5260.00000000	-0.00433213743726	0.0244230102360	0.0248042505180	100.058467066
5260.00000000	-0.00433213781623	0.0244230011070	0.0248042415955	100.058471611
5260.00000000	-0.00433213865434	0.0244229920097	0.0248042327845	100.058477188
5260.00000000	-0.00433213995348	0.0244229829760	0.0248042241165	100.058483787
5260.00000000	-0.00433214171012	0.0244229740364	0.0248042156211	100.058491389
5260.00000000	-0.00433214391636	0.0244229652198	0.0248042073253	100.058499964
5260.00000000	-0.00433214656061	0.0244229565515	0.0248041992521	100.058509475
5260.00000000	-0.00433214962839	0.0244229480518	0.0248041914189	100.058519881
5260.00000000	-0.00433215310280	0.0244229397346	0.0248041838363	100.058531139
5260.00000000	-0.00433215696508	0.0244229316056	0.0248041765069	100.058543203
5260.00000000	-0.00433216119478	0.0244229236623	0.0248041694243	100.058556028
5260.00000000	-0.00433216577020	0.0244229158931	0.0248041625736	100.058569569
5260.00000000	-0.00433217066819	0.0244229082768	0.0248041559299	100.058583781
5260.00000000	-0.00433217586475	0.0244229007830	0.0248041494589	100.058598624
5260.00000000	-0.00433218133496	0.0244228933722	0.0248041431174	100.058614055
5260.00000000	-0.00433218705359	0.0244228859963	0.0248041368537	100.058630038
5260.00000000	-0.00433219299519	0.0244228786013	0.0248041306101	100.058646535
5260.00000000	-0.00433219913440	0.0244228711280	0.0248041243239	100.058663513
5260.00000000	-0.00433220544614	0.0244228635144	0.0248041179297	100.058680940
5260.00000000	-0.00433221190575	0.0244228556973	0.0248041113609	100.058698786
5260.00000000	-0.00433221848874	0.0244228476134	0.0248041045511	100.058717020
5260.00000000	-0.00433222517121	0.0244228392007	0.0248040974349	100.058735613
5260.00000000	-0.00433223192962	0.0244228303991	0.0248040899490	100.058754535
5260.00000000	-0.00433223874088	0.0244228211513	0.0248040820329	100.058773758
5260.00000000	-0.00433224558246	0.0244228114033	0.0248040736297	100.058793251
5260.00000000	-0.00433225243193	0.0244228011052	0.0248040646863	100.058812985
5260.00000000	-0.00433225926710	0.0244227902115	0.0248040551538	100.058832926
5260.00000000	-0.00433226606553	0.0244227786816	0.0248040449886	100.058853040
5260.00000000	-0.00433227280421	0.0244227664800	0.0248040341514	100.058873290
5260.00000000	-0.00433227945978	0.0244227535764	0.0248040226087	100.058893633
5260.00000000	-0.00433228600810	0.0244227399467	0.0248040103322	100.058914026
5260.00000000	-0.00433229242439	0.0244227255725	0.0248039972996	100.058934419
5260.00000000	-0.00433229868403	0.0244227104414	0.0248039834945	100.058954761
5260.00000000	-0.00433230476285	0.0244226945466	0.0248039689056	100.058975000
5260.00000000	-0.00433231063811	0.0244226778862	0.0248039535276	100.058995084
5260.00000000	-0.00433231628910	0.0244226604629	0.0248039373591	100.059014967
5260.00000000	-0.00433232169827	0.0244226422833	0.0248039204038	100.059034604
5260.00000000	-0.00433232685186	0.0244226233580	0.0248039026695	100.059053962
5260.00000000	-0.00433233174055	0.0244226037019	0.0248038841694	100.059073011
5260.00000000	-0.00433233636012	0.0244225833349	0.0248038649223	100.059091735
5260.00000000	-0.00433234071173	0.0244225622838	0.0248038449549	100.059110126
5260.00000000	-0.00433234480181	0.0244225405842	0.0248038243033	100.059128184
5260.00000000	-0.00433234864189	0.0244225182827	0.0248038030153	100.059145916
5260.00000000	-0.00433235224834	0.0244224954383	0.0248037811520	100.059163336
5260.00000000	-0.00433235564129	0.0244224721239	0.0248037587887	100.059180460
5260.00000000	-0.00433235884422	0.0244224484269	0.0248037360154	100.059197306
5260.00000000	-0.00433236188292	0.0244224244486	0.0248037129364	100.059213892
5260.00000000	-0.00433236478465	0.0244224003030	0.0248036896688	100.059230233
5270.00000000	0.00344319475716	0.0136800355922	0.0141066992575	75.8723965235
5270.00000000	0.00344320501426	0.0136800444669	0.0141067103673	75.8723649214
5270.00000000	0.00344321563435	0.0136800534669	0.0141067216873	75.8723320138
5270.00000000	0.00344322654976	0.0136800626202	0.0141067332280	75.8722980950
5270.00000000	0.00344323768706	0.0136800719444	0.0141067449886	75.8722634717
5270.00000000	0.00344324896842	0.0136800814454	0.0141067569558	75.8722284564
5270.00000000	0.00344326031301	0.0136800911171	0.0141067691040	75.8721933613
5270.00000000	0.00344327163869	0.0136801009414	0.0141067813956	75.8721584921
5270.00000000	0.00344328286404	0.0136801108891	0.0141067937824	75.8721241405
5270.00000000	0.00344329391071	0.0136801209210	0.0141068062073	75.8720905761
5270.00000000	0.00344330470587	0.0136801309899	0.0141068186065	75.8720580390
5270.00000000	0.00344331518457	0.0136801410416	0.0141068309120	75.8720267316
5270.00000000	0.00344332529183	0.0136801510178	0.0141068430534	75.8719968122
5270.00000000	0.00344333498445	0.0136801608571	0.0141068549610	75.8719683903
5270.00000000	0.00344334423201	0.0136801704975	0.0141068665671	75.8719415243
5270.00000000	0.00344335301737	0.0136801798782	0.0141068778084	75.8719162212
5270.00000000	0.00344336133623	0.0136801889410	0.0141068886276	75.8718924405
5270.00000000	0.00344336919597	0.0136801976315	0.0141068989738	75.8718700991
5270.00000000	0.00344337661370	0.0136802058999	0.0141069088027	75.8718490801
5270.00000000	0.00344338361366	0.0136802137006	0.0141069180761	75.8718292430
5270.00000000	0.00344339022414	0.0136802209916	0.0141069267601	75.8718104346
5270.00000000	0.00344339647419	0.0136802277327	0.0141069348228	75.8717925007
5270.00000000	0.00344340239053	0.0136802338843	0.0141069422326	75.8717752968
5270.00000000	0.00344340799481	0.0136802394060	0.0141069489552	75.8717586975
5270.00000000	0.00344341330171	0.0136802442553	0.0141069549532	75.8717426029
5270.00000000	0.00344341831764	0.0136802483875	0.0141069601847	75.8717269434
5270.00000000	0.00344342304020	0.0136802517559	0.0141069646040	75.8717116822
5270.00000000	0.00344342745836	0.0136802543125	0.0141069681617	75.8716968152
5270.00000000	0.00344343155322	0.0136802560089	0.0141069708063	75.8716823687
5270.00000000	0.00344343529896	0.0136802567976	0.0141069724855	75.8716683974
5270.00000000	0.00344343866401	0.0136802566332	0.0141069731474	75.8716549806
5270.00000000	0.00344344161235	0.0136802554733	0.0141069727423	75.8716422181
5270.00000000	0.00344344410451	0.0136802532800	0.0141069712237	75.8716302279
5270.00000000	0.00344344609887	0.0136802500204	0.0141069685495	75.8716191412
5270.00000000	0.00344344755262	0.0136802456676	0.0141069646832	75.8716091000
5270.00000000	0.00344344842303	0.0136802402016	0.0141069595950	75.8716002528
5270.00000000	0.00344344866877	0.0136802336107	0.0141069532635	75.8715927507
5270.00000000	0.00344344825108	0.0136802258926	0.0141069456769	75.8715867441
5270.00000000	0.00344344713534	0.0136802170554	0.0141069368347	75.8715823774
5270.00000000	0.00344344529215	0.0136802071187	0.0141069267486	75.8715797858
5270.00000000	0.00344344269851	0.0136801961139	0.0141069154436	75.8715790911
5270.00000000	0.00344343933889	0.0136801840845	0.0141069029580	75.8715803975
5270.00000000	0.00344343520635	0.0136801710852	0.0141068893431	75.8715837867
5270.00000000	0.00344343030361	0.0136801571817	0.0141068746635	75.8715893131
5270.00000000	0.00344342464372	0.0136801424495	0.0141068589954	75.8715970000
5270.00000000	0.00344341825075	0.0136801269720	0.0141068424255	75.8716068355
5270.00000000	0.00344341115978	0.0136801108389	0.0141068250496	75.8716187702
5270.00000000	0.00344340341691	0.0136800941443	0.0141068069699	75.8716327159
5270.00000000	0.00344339507889	0.0136800769843	0.0141067882938	75.8716485445
5270.00000000	0.00344338621251	0.0136800594559	0.0141067691314	75.8716660888
5270.00000000	0.00344337689377	0.0136800416551	0.0141067495943	75.8716851449
5270.00000000	0.00344336720672	0.0136800236760	0.0141067297945	75.8717054749
5270.00000000	0.00344335724181	0.0136800056097	0.0141067098423	75.8717268130
5270.00000000	0.00344334709413	0.0136799875434	0.0141066898455	75.8717488710
5270.00000000	0.00344333686112	0.0136799695589	0.0141066699072	75.8717713463
5270.00000000	0.00344332664000	0.0136799517311	0.0141066501238	75.8717939301
5270.00000000	0.00344331652522	0.0136799341264	0.0141066305827	75.8718163164
5270.00000000	0.00344330660604	0.0136799168020	0.0141066113611	75.8718382102
5270.00000000	0.00344329696425	0.0136798998048	0.0141065925245	75.8718593358
5270.00000000	0.00344328767241	0.0136798831715	0.0141065741263	75.8718794440
5270.00000000	0.00344327879240	0.0136798669291	0.0141065562077	75.8718983175
5270.00000000	0.00344327037448	0.0136798510953	0.0141065387981	75.8719157761
5270.00000000	0.00344326245677	0.0136798356797	0.0141065219161	75.8719316792
5270.00000000	0.00344325506550	0.0136798206850	0.0141065055708	75.8719459260
5270.00000000	0.00344324821526	0.0136798061073	0.0141064897619	75.8719584553
5270.00000000	0.00344324190997	0.0136797919367	0.0141064744810	75.8719692418
5270.00000000	0.00344323614382	0.0136797781577	0.0141064597112	75.8719782929
5270.00000000	0.00344323090237	0.0136797647486	0.0141064454284	75.8719856441
5270.00000000	0.00344322616386	0.0136797516827	0.0141064316011	75.8719913546
5270.00000000	0.00344322190053	0.0136797389285	0.0141064181920	75.8719955025
5270.00000000	0.00344321807974	0.0136797264503	0.0141064051587	75.8719981809
5270.00000000	0.00344321466497	0.0136797142096	0.0141063924546	75.8719994954
5270.00000000	0.00344321161647	0.0136797021656	0.0141063800308	75.8719995624
5270.00000000	0.00344320889175	0.0136796902773	0.0141063678371	75.8719985084
5270.00000000	0.00344320644575	0.0136796785049	0.0141063558237	75.8719964714
5270.00000000	0.00344320423127	0.0136796668115	0.0141063439435	75.8719936009
5270.00000000	0.00344320219931	0.0136796551657	0.0141063321540	75.8719900587
5270.00000000	0.00344320029979	0.0136796435436	0.0141063204197	75.8719860183
5270.00000000	0.00344319848254	0.0136796319305	0.0141063087143	75.8719816627
5270.00000000	0.00344319669861	0.0136796203225	0.0141062970220	75.8719771809
5270.00000000	0.00344319490173	0.0136796087270	0.0141062853387	75.8719727626
5270.00000000	0.00344319304963	0.0136795971620	0.0141062736714	75.8719685919
5270.00000000	0.00344319110532	0.0136795856544	0.0141062620373	75.8719648414
5270.00000000	0.00344318903791	0.0136795742373	0.0141062504608	75.8719616654
5270.00000000	0.00344318682334	0.0136795629462	0.0141062389707	75.8719591940
5270.00000000	0.00344318444434	0.0136795518153	0.0141062275958	75.8719575291
5270.00000000	0.00344318189025	0.0136795408733	0.0141062163614	75.8719567412
5270.00000000	0.00344317915645	0.0136795301397	0.0141062052851	75.8719568677
5270.00000000	0.00344317624336	0.0136795196212	0.0141061943737	75.8719579136
5270.00000000	0.00344317315578	0.0136795093101	0.0141061836209	75.8719598526
5270.00000000	0.00344316990185	0.0136794991832	0.0141061730061	75.8719626294
5270.00000000	0.00344316649244	0.0136794892019	0.0141061624944	75.8719661629
5270.00000000	0.00344316294037	0.0136794793137	0.0141061520383	75.8719703506
5270.00000000	0.00344315926009	0.0136794694552	0.0141061415797	75.8719750729
5270.00000000	0.00344315546722	0.0136794595562	0.0141061310543	75.8719801984
5270.00000000	0.00344315157842	0.0136794495442	0.0141061203960	75.8719855899
5270.00000000	0.00344314761135	0.0136794393498	0.0141061095416	75.8719911087
5270.00000000	0.00344314358451	0.0136794289112	0.0141060984357	75.8719966209
5270.00000000	0.00344313951734	0.0136794181787	0.0141060870352	75.8720020006
5270.00000000	0.00344313543013	0.0136794071189	0.0141060753122	75.8720071347
5274.00000000	-0.00307991439678	-0.0241533681627	0.0243489438435	-97.2668486618
5274.00000000	-0.00307992558000	-0.0241533879031	0.0243489648399	-97.2668688902
5274.00000000	-0.00307993702570	-0.0241534077137	0.0243489859391	-97.2668897102
5274.00000000	-0.00307994865270	-0.0241534275388	0.0243490070758	-97.2669109491
5274.00000000	-0.00307996037767	-0.0241534473308	0.0243490281919	-97.2669324265
5274.00000000	-0.00307997211724	-0.0241534670489	0.0243490492366	-97.2669539600
5274.00000000	-0.00307998378931	-0.0241534866587	0.0243490701653	-97.2669753680
5274.00000000	-0.00307999531432	-0.0241535061315	0.0243490909395	-97.2669964736
5274.00000000	-0.00308000661610	-0.0241535254431	0.0243491115256	-97.2670171060
5274.00000000	-0.00308001762235	-0.0241535445732	0.0243491318943	-97.2670371026
5274.00000000	-0.00308002826508	-0.0241535635044	0.0243491520196	-97.2670563099
5274.00000000	-0.00308003848066	-0.0241535822211	0.0243491718782	-97.2670745839
5274.00000000	-0.00308004820947	-0.0241536007089	0.0243491914482	-97.2670917898
5274.00000000	-0.00308005739618	-0.0241536189535	0.0243492107083	-97.2671078027
5274.00000000	-0.00308006598980	-0.0241536369395	0.0243492296369	-97.2671225082
5274.00000000	-0.00308007394408	-0.0241536546498	0.0243492482110	-97.2671358034
5274.00000000	-0.00308008121805	-0.0241536720641	0.0243492664056	-97.2671475987
5274.00000000	-0.00308008777770	-0.0241536891586	0.0243492841926	-97.2671578218
5274.00000000	-0.00308009359643	-0.0241537059054	0.0243493015408	-97.2671664190
5274.00000000	-0.00308009865666	-0.0241537222724	0.0243493184165	-97.2671733587
5274.00000000	-0.00308010295051	-0.0241537382239	0.0243493347830	-97.2671786332
5274.00000000	-0.00308010648010	-0.0241537537213	0.0243493506024	-97.2671822590
5274.00000000	-0.00308010925754	-0.0241537687233	0.0243493658352	-97.2671842766
5274.00000000	-0.00308011130440	-0.0241537831862	0.0243493804408	-97.2671847494
5274.00000000	-0.00308011265100	-0.0241537970637	0.0243493943772	-97.2671837618
5274.00000000	-0.00308011333540	-0.0241538103067	0.0243494076004	-97.2671814175
5274.00000000	-0.00308011340195	-0.0241538228626	0.0243494200638	-97.2671778355
5274.00000000	-0.00308011290047	-0.0241538346753	0.0243494317182	-97.2671731489
5274.00000000	-0.00308011188485	-0.0241538456851	0.0243494425111	-97.2671675011
5274.00000000	-0.00308011041262	-0.0241538558285	0.0243494523868	-97.2671610455
5274.00000000	-0.00308010854387	-0.0241538650383	0.0243494612863	-97.2671539422
5274.00000000	-0.00308010634058	-0.0241538732439	0.0243494691473	-97.2671463570
5274.00000000	-0.00308010386603	-0.0241538803719	0.0243494759049	-97.2671384593
5274.00000000	-0.00308010118352	-0.0241538863470	0.0243494814927	-97.2671304194
5274.00000000	-0.00308009835567	-0.0241538910951	0.0243494858450	-97.2671224055
5274.00000000	-0.00308009544357	-0.0241538945460	0.0243494888998	-97.2671145810
5274.00000000	-0.00308009250636	-0.0241538966376	0.0243494906031	-97.2671071025
5274.00000000	-0.00308008960050	-0.0241538973203	0.0243494909127	-97.2671001166
5274.00000000	-0.00308008677948	-0.0241538965614	0.0243494898030	-97.2670937578
5274.00000000	-0.00308008409310	-0.0241538943490	0.0243494872686	-97.2670881459
5274.00000000	-0.00308008158673	-0.0241538906945	0.0243494833264	-97.2670833834
5274.00000000	-0.00308007930074	-0.0241538856348	0.0243494780182	-97.2670795535
5274.00000000	-0.00308007726932	-0.0241538792325	0.0243494714103	-97.2670767175
5274.00000000	-0.00308007551937	-0.0241538715750	0.0243494635930	-97.2670749121
5274.00000000	-0.00308007406935	-0.0241538627732	0.0243494546785	-97.2670741474
5274.00000000	-0.00308007292834	-0.0241538529570	0.0243494447968	-97.2670744059
5274.00000000	-0.00308007209528	-0.0241538422704	0.0243494340906	-97.2670756422
5274.00000000	-0.00308007155853	-0.0241538308659	0.0243494227099	-97.2670777839
5274.00000000	-0.00308007129630	-0.0241538188985	0.0243494108055	-97.2670807339
5274.00000000	-0.00308007127659	-0.0241538065209	0.0243493985248	-97.2670843721
5274.00000000	-0.00308007145861	-0.0241537938791	0.0243493860075	-97.2670885599
5274.00000000	-0.00308007179392	-0.0241537811101	0.0243493733835	-97.2670931432
5274.00000000	-0.00308007222821	-0.0241537683406	0.0243493607715	-97.2670979578
5274.00000000	-0.00308007270316	-0.0241537556864	0.0243493482791	-97.2671028329
5274.00000000	-0.00308007315875	-0.0241537432523	0.0243493360024	-97.2671075974
5274.00000000	-0.00308007353539	-0.0241537311330	0.0243493240281	-97.2671120839
5274.00000000	-0.00308007377589	-0.0241537194136	0.0243493124333	-97.2671161336
5274.00000000	-0.00308007382712	-0.0241537081700	0.0243493012865	-97.2671195999
5274.00000000	-0.00308007364148	-0.0241536974697	0.0243492906487	-97.2671223515
5274.00000000	-0.00308007317751	-0.0241536873726	0.0243492805740	-97.2671242740
5274.00000000	-0.00308007240049	-0.0241536779316	0.0243492711106	-97.2671252704
5274.00000000	-0.00308007128264	-0.0241536691939	0.0243492623016	-97.2671252620
5274.00000000	-0.00308006980288	-0.0241536612017	0.0243492541864	-97.2671241868
5274.00000000	-0.00308006794665	-0.0241536539928	0.0243492468006	-97.2671219998
5274.00000000	-0.00308006570501	-0.0241536476008	0.0243492401764	-97.2671186700
5274.00000000	-0.00308006307302	-0.0241536420545	0.0243492343418	-97.2671141774
5274.00000000	-0.00308006004806	-0.0241536373776	0.0243492293198	-97.2671085087
5274.00000000	-0.00308005662848	-0.0241536335876	0.0243492251277	-97.2671016549
5274.00000000	-0.00308005281203	-0.0241536306956	0.0243492217762	-97.2670936074
5274.00000000	-0.00308004859459	-0.0241536287056	0.0243492192686	-97.2670843554
5274.00000000	-0.00308004396989	-0.0241536276142	0.0243492176010	-97.2670738854
5274.00000000	-0.00308003892889	-0.0241536274104	0.0243492167612	-97.2670621794
5274.00000000	-0.00308003345996	-0.0241536280751	0.0243492167288	-97.2670492161
5274.00000000	-0.00308002754898	-0.0241536295801	0.0243492174739	-97.2670349708
5274.00000000	-0.00308002117978	-0.0241536318868	0.0243492189565	-97.2670194173
5274.00000000	-0.00308001433522	-0.0241536349456	0.0243492211250	-97.2670025304
5274.00000000	-0.00308000699814	-0.0241536386943	0.0243492239155	-97.2669842885
5274.00000000	-0.00307999915286	-0.0241536430582	0.0243492272519	-97.2669646773
5274.00000000	-0.00307999078644	-0.0241536479495	0.0243492310456	-97.2669436927
5274.00000000	-0.00307998189010	-0.0241536532686	0.0243492351967	-97.2669213438
5274.00000000	-0.00307997246003	-0.0241536589051	0.0243492395951	-97.2668976546
5274.00000000	-0.00307996249820	-0.0241536647394	0.0243492441224	-97.2668726653
5274.00000000	-0.00307995201208	-0.0241536706446	0.0243492486538	-97.2668464312
5274.00000000	-0.00307994101498	-0.0241536764884	0.0243492530596	-97.2668190226
5274.00000000	-0.00307992952535	-0.0241536821354	0.0243492572080	-97.2667905229
5274.00000000	-0.00307991756600	-0.0241536874487	0.0243492609659	-97.2667610262
5274.00000000	-0.00307990516370	-0.0241536922912	0.0243492642007	-97.2667306357
5274.00000000	-0.00307989234890	-0.0241536965281	0.0243492667827	-97.2666994625
5274.00000000	-0.00307987915480	-0.0241537000282	0.0243492685858	-97.2666676234
5274.00000000	-0.00307986561719	-0.0241537026665	0.0243492694905	-97.2666352389
5274.00000000	-0.00307985177282	-0.0241537043263	0.0243492693859	-97.2666024296
5274.00000000	-0.00307983765856	-0.0241537049019	0.0243492681715	-97.2665693131
5274.00000000	-0.00307982331015	-0.0241537043000	0.0243492657596	-97.2665360004
5274.00000000	-0.00307980876102	-0.0241537024428	0.0243492620771	-97.2665025929
5274.00000000	-0.00307979404173	-0.0241536992691	0.0243492570672	-97.2664691799
5274.00000000	-0.00307977917949	-0.0241536947363	0.0243492506909	-97.2664358378
5274.00000000	-0.00307976419791	-0.0241536888211	0.0243492429283	-97.2664026286
5274.00000000	-0.00307974911719	-0.0241536815204	0.0243492337788	-97.2663696002
5274.00000000	-0.00307973395418	-0.0241536728518	0.0243492232620	-97.2663367869
5274.00000000	-0.00307971872284	-0.0241536628539	0.0243492114179	-97.2663042097
