DevNumber	X [V]	Y [V]	R [V]	Theta [°]
4253.00000000	0.00216320638247	-0.00831476315853	0.00859155097964	-75.4169546178
4253.00000000	0.00216320709158	-0.00831476002559	0.00859154812617	-75.4169447807
4253.00000000	0.00216320784826	-0.00831475700380	0.00859154539225	-75.4169348231
4253.00000000	0.00216320867632	-0.00831475410104	0.00859154279149	-75.4169246048
4253.00000000	0.00216320959894	-0.00831475132411	0.00859154033633	-75.4169139874
4253.00000000	0.00216321063815	-0.00831474867936	0.00859153803843	-75.4169028395
4253.00000000	0.00216321181425	-0.00831474617311	0.00859153590906	-75.4168910406
4253.00000000	0.00216321314546	-0.00831474381241	0.00859153395958	-75.4168784851
4253.00000000	0.00216321464734	-0.00831474160548	0.00859153220190	-75.4168650863
4253.00000000	0.00216321633268	-0.00831473956229	0.00859153064888	-75.4168507783
4253.00000000	0.00216321821112	-0.00831473769514	0.00859152931485	-75.4168355197
4253.00000000	0.00216322028925	-0.00831473601887	0.00859152821583	-75.4168192927
4253.00000000	0.00216322257052	-0.00831473455111	0.00859152736974	-75.4168021048
4253.00000000	0.00216322505551	-0.00831473331211	0.00859152679634	-75.4167839861
4253.00000000	0.00216322774225	-0.00831473232432	0.00859152651686	-75.4167649873
4253.00000000	0.00216323062637	-0.00831473161151	0.00859152655320	-75.4167451762
4253.00000000	0.00216323370143	-0.00831473119745	0.00859152692673	-75.4167246345
4253.00000000	0.00216323695909	-0.00831473110429	0.00859152765681	-75.4167034530
4253.00000000	0.00216324038941	-0.00831473135093	0.00859152875922	-75.4166817279
4253.00000000	0.00216324398113	-0.00831473195117	0.00859153024447	-75.4166595547
4253.00000000	0.00216324772195	-0.00831473291218	0.00859153211641	-75.4166370251
4253.00000000	0.00216325159863	-0.00831473423310	0.00859153437088	-75.4166142230
4253.00000000	0.00216325559733	-0.00831473590425	0.00859153699502	-75.4165912215
4253.00000000	0.00216325970386	-0.00831473790669	0.00859153996693	-75.4165680803
4253.00000000	0.00216326390429	-0.00831474021256	0.00859154325613	-75.4165448426
4253.00000000	0.00216326818539	-0.00831474278577	0.00859154682437	-75.4165215332
4253.00000000	0.00216327253525	-0.00831474558336	0.00859155062708	-75.4164981568
4253.00000000	0.00216327694383	-0.00831474855699	0.00859155461495	-75.4164746970
4253.00000000	0.00216328140330	-0.00831475165474	0.00859155873575	-75.4164511173
4253.00000000	0.00216328590821	-0.00831475482326	0.00859156293649	-75.4164273632
4253.00000000	0.00216329045550	-0.00831475800974	0.00859156716527	-75.4164033656
4253.00000000	0.00216329504411	-0.00831476116402	0.00859157137330	-75.4163790474
4253.00000000	0.00216329967450	-0.00831476424040	0.00859157551646	-75.4163543288
4253.00000000	0.00216330434805	-0.00831476719920	0.00859157955671	-75.4163291341
4253.00000000	0.00216330906635	-0.00831477000782	0.00859158346287	-75.4163033985
4253.00000000	0.00216331383056	-0.00831477264144	0.00859158721124	-75.4162770728
4253.00000000	0.00216331864109	-0.00831477508331	0.00859159078570	-75.4162501261
4253.00000000	0.00216332349729	-0.00831477732428	0.00859159417724	-75.4162225475
4253.00000000	0.00216332839736	-0.00831477936184	0.00859159738296	-75.4161943441
4253.00000000	0.00216333333841	-0.00831478119840	0.00859160040448	-75.4161655387
4253.00000000	0.00216333831649	-0.00831478283936	0.00859160324603	-75.4161361660
4253.00000000	0.00216334332669	-0.00831478429078	0.00859160591224	-75.4161062676
4253.00000000	0.00216334836298	-0.00831478555751	0.00859160840629	-75.4160758908
4253.00000000	0.00216335341776	-0.00831478664133	0.00859161072797	-75.4160450875
4253.00000000	0.00216335848158	-0.00831478753970	0.00859161287246	-75.4160139145
4253.00000000	0.00216336354265	-0.00831478824515	0.00859161482955	-75.4159824353
4253.00000000	0.00216336858662	-0.00831478874542	0.00859161658377	-75.4159507219
4253.00000000	0.00216337359658	-0.00831478902442	0.00859161811529	-75.4159188565
4253.00000000	0.00216337855315	-0.00831478906372	0.00859161940139	-75.4158869331
4253.00000000	0.00216338343489	-0.00831478884413	0.00859162041811	-75.4158550581
4253.00000000	0.00216338821858	-0.00831478834732	0.00859162114184	-75.4158233502
4253.00000000	0.00216339287948	-0.00831478755684	0.00859162155046	-75.4157919418
4253.00000000	0.00216339739150	-0.00831478645897	0.00859162162411	-75.4157609780
4253.00000000	0.00216340172702	-0.00831478504323	0.00859162134568	-75.4157306195
4253.00000000	0.00216340585709	-0.00831478330243	0.00859162070094	-75.4157010413
4253.00000000	0.00216340975142	-0.00831478123253	0.00859161967835	-75.4156724317
4253.00000000	0.00216341337880	-0.00831477883216	0.00859161826871	-75.4156449901
4253.00000000	0.00216341670749	-0.00831477610217	0.00859161646487	-75.4156189227
4253.00000000	0.00216341970584	-0.00831477304521	0.00859161426141	-75.4155944382
4253.00000000	0.00216342234287	-0.00831476966564	0.00859161165477	-75.4155717439
4253.00000000	0.00216342458889	-0.00831476596970	0.00859160864348	-75.4155510419
4253.00000000	0.00216342641619	-0.00831476196625	0.00859160522915	-75.4155325258
4253.00000000	0.00216342779955	-0.00831475766798	0.00859160141773	-75.4155163798
4253.00000000	0.00216342871691	-0.00831475309287	0.00859159722104	-75.4155027765
4253.00000000	0.00216342914963	-0.00831474826560	0.00859159265828	-75.4154918775
4253.00000000	0.00216342908279	-0.00831474321892	0.00859158775739	-75.4154838342
4253.00000000	0.00216342850536	-0.00831473799442	0.00859158255583	-75.4154787876
4253.00000000	0.00216342741036	-0.00831473264253	0.00859157710067	-75.4154768674
4253.00000000	0.00216342579492	-0.00831472722215	0.00859157144817	-75.4154781911
4253.00000000	0.00216342366073	-0.00831472179941	0.00859156566275	-75.4154828588
4253.00000000	0.00216342101409	-0.00831471644569	0.00859155981510	-75.4154909498
4253.00000000	0.00216341786624	-0.00831471123545	0.00859155398009	-75.4155025165
4253.00000000	0.00216341423350	-0.00831470624341	0.00859154823416	-75.4155175792
4253.00000000	0.00216341013726	-0.00831470154166	0.00859154265245	-75.4155361206
4253.00000000	0.00216340560387	-0.00831469719683	0.00859153730609	-75.4155580829
4253.00000000	0.00216340066409	-0.00831469326776	0.00859153225975	-75.4155833662
4253.00000000	0.00216339535255	-0.00831468980362	0.00859152756976	-75.4156118296
4253.00000000	0.00216338970694	-0.00831468684252	0.00859152328247	-75.4156432938
4253.00000000	0.00216338376718	-0.00831468441088	0.00859151943353	-75.4156775457
4253.00000000	0.00216337757475	-0.00831468252330	0.00859151604748	-75.4157143419
4253.00000000	0.00216337117191	-0.00831468118310	0.00859151313821	-75.4157534152
4253.00000000	0.00216336460122	-0.00831468038339	0.00859151070975	-75.4157944796
4253.00000000	0.00216335790511	-0.00831468010855	0.00859150875767	-75.4158372347
4253.00000000	0.00216335112569	-0.00831468033606	0.00859150727078	-75.4158813712
4253.00000000	0.00216334430457	-0.00831468103847	0.00859150623300	-75.4159265743
4253.00000000	0.00216333748266	-0.00831468218542	0.00859150562523	-75.4159725290
4253.00000000	0.00216333069978	-0.00831468374536	0.00859150542699	-75.4160189252
4253.00000000	0.00216332399436	-0.00831468568699	0.00859150561764	-75.4160654625
4253.00000000	0.00216331740285	-0.00831468798031	0.00859150617735	-75.4161118552
4253.00000000	0.00216331095905	-0.00831469059756	0.00859150708774	-75.4161578384
4253.00000000	0.00216330469366	-0.00831469351368	0.00859150833231	-75.4162031721
4253.00000000	0.00216329863392	-0.00831469670679	0.00859150989671	-75.4162476436
4253.00000000	0.00216329280337	-0.00831470015819	0.00859151176881	-75.4162910696
4253.00000000	0.00216328722185	-0.00831470385254	0.00859151393874	-75.4163332963
4253.00000000	0.00216328190569	-0.00831470777797	0.00859151639913	-75.4163741984
4253.00000000	0.00216327686796	-0.00831471192627	0.00859151914532	-75.4164136778
4253.00000000	0.00216327211907	-0.00831471629304	0.00859152217566	-75.4164516597
4253.00000000	0.00216326766713	-0.00831472087752	0.00859152549148	-75.4164880907
4253.00000000	0.00216326351855	-0.00831472568216	0.00859152909674	-75.4165229334
4253.00000000	0.00216325967866	-0.00831473071191	0.00859153299760	-75.4165561618
5260.00000000	-0.0344125240497	-0.0141708382937	0.0372160512336	-157.618476314
5260.00000000	-0.0344125202085	-0.0141708476845	0.0372160512574	-157.618460694
5260.00000000	-0.0344125169202	-0.0141708572434	0.0372160518567	-157.618445158
5260.00000000	-0.0344125142486	-0.0141708669358	0.0372160530769	-157.618429794
5260.00000000	-0.0344125122339	-0.0141708767150	0.0372160549377	-157.618414692
5260.00000000	-0.0344125108928	-0.0141708865238	0.0372160574324	-157.618399942
5260.00000000	-0.0344125102175	-0.0141708962957	0.0372160605290	-157.618385636
5260.00000000	-0.0344125101769	-0.0141709059573	0.0372160641703	-157.618371858
5260.00000000	-0.0344125107169	-0.0141709154298	0.0372160682764	-157.618358690
5260.00000000	-0.0344125117622	-0.0141709246309	0.0372160727466	-157.618346204
5260.00000000	-0.0344125132190	-0.0141709334766	0.0372160774618	-157.618334466
5260.00000000	-0.0344125149774	-0.0141709418830	0.0372160822887	-157.618323529
5260.00000000	-0.0344125169170	-0.0141709497683	0.0372160870847	-157.618313441
5260.00000000	-0.0344125189115	-0.0141709570550	0.0372160917036	-157.618304237
5260.00000000	-0.0344125208337	-0.0141709636717	0.0372160960005	-157.618295945
5260.00000000	-0.0344125225611	-0.0141709695547	0.0372160998378	-157.618288583
5260.00000000	-0.0344125239800	-0.0141709746496	0.0372161030898	-157.618282161
5260.00000000	-0.0344125249900	-0.0141709789127	0.0372161056470	-157.618276685
5260.00000000	-0.0344125255059	-0.0141709823121	0.0372161074184	-157.618272148
5260.00000000	-0.0344125254591	-0.0141709848276	0.0372161083331	-157.618268539
5260.00000000	-0.0344125247983	-0.0141709864521	0.0372161083405	-157.618265840
5260.00000000	-0.0344125234883	-0.0141709871901	0.0372161074103	-157.618264021
5260.00000000	-0.0344125215105	-0.0141709870587	0.0372161055315	-157.618263049
5260.00000000	-0.0344125188615	-0.0141709860866	0.0372161027118	-157.618262879
5260.00000000	-0.0344125155535	-0.0141709843140	0.0372160989781	-157.618263464
5260.00000000	-0.0344125116132	-0.0141709817916	0.0372160943742	-157.618264745
5260.00000000	-0.0344125070818	-0.0141709785805	0.0372160889614	-157.618266659
5260.00000000	-0.0344125020129	-0.0141709747506	0.0372160828161	-157.618269140
5260.00000000	-0.0344124964714	-0.0141709703791	0.0372160760274	-157.618272115
5260.00000000	-0.0344124905294	-0.0141709655492	0.0372160686940	-157.618275507
5260.00000000	-0.0344124842634	-0.0141709603464	0.0372160609188	-157.618279240
5260.00000000	-0.0344124777495	-0.0141709548561	0.0372160528051	-157.618283238
5260.00000000	-0.0344124710603	-0.0141709491598	0.0372160444508	-157.618287425
5260.00000000	-0.0344124642613	-0.0141709433319	0.0372160359449	-157.618291736
5260.00000000	-0.0344124574095	-0.0141709374368	0.0372160273646	-157.618296111
5260.00000000	-0.0344124505519	-0.0141709315270	0.0372160187732	-157.618300504
5260.00000000	-0.0344124437256	-0.0141709256413	0.0372160102200	-157.618304881
5260.00000000	-0.0344124369575	-0.0141709198046	0.0372160017394	-157.618309223
5260.00000000	-0.0344124302644	-0.0141709140280	0.0372159933509	-157.618313522
5260.00000000	-0.0344124236517	-0.0141709083091	0.0372159850587	-157.618317787
5260.00000000	-0.0344124171133	-0.0141709026335	0.0372159768517	-157.618322034
5260.00000000	-0.0344124106291	-0.0141708969759	0.0372159687017	-157.618326287
5260.00000000	-0.0344124041637	-0.0141708913014	0.0372159605626	-157.618330575
5260.00000000	-0.0344123976636	-0.0141708855667	0.0372159523686	-157.618334928
5260.00000000	-0.0344123910563	-0.0141708797215	0.0372159440334	-157.618339375
5260.00000000	-0.0344123842492	-0.0141708737099	0.0372159354500	-157.618343943
5260.00000000	-0.0344123771310	-0.0141708674720	0.0372159264928	-157.618348650
5260.00000000	-0.0344123695741	-0.0141708609468	0.0372159170205	-157.618353509
5260.00000000	-0.0344123614386	-0.0141708540744	0.0372159068810	-157.618358524
5260.00000000	-0.0344123525774	-0.0141708467985	0.0372158959170	-157.618363687
5260.00000000	-0.0344123428418	-0.0141708390697	0.0372158839718	-157.618368982
5260.00000000	-0.0344123320865	-0.0141708308463	0.0372158708955	-157.618374384
5260.00000000	-0.0344123201756	-0.0141708220970	0.0372158565503	-157.618379856
5260.00000000	-0.0344123069874	-0.0141708128022	0.0372158408164	-157.618385357
5260.00000000	-0.0344122924194	-0.0141708029553	0.0372158235964	-157.618390835
5260.00000000	-0.0344122763916	-0.0141707925636	0.0372158048191	-157.618396232
5260.00000000	-0.0344122588490	-0.0141707816489	0.0372157844420	-157.618401486
5260.00000000	-0.0344122397626	-0.0141707702467	0.0372157624517	-157.618406530
5260.00000000	-0.0344122191288	-0.0141707584062	0.0372157388638	-157.618411289
5260.00000000	-0.0344121969693	-0.0141707461886	0.0372157137214	-157.618415692
5260.00000000	-0.0344121733297	-0.0141707336656	0.0372156870942	-157.618419661
5260.00000000	-0.0344121482790	-0.0141707209172	0.0372156590763	-157.618423124
5260.00000000	-0.0344121219083	-0.0141707080297	0.0372156297850	-157.618426012
5260.00000000	-0.0344120943312	-0.0141706950937	0.0372155993596	-157.618428261
5260.00000000	-0.0344120656829	-0.0141706822009	0.0372155679602	-157.618429820
5260.00000000	-0.0344120361202	-0.0141706694430	0.0372155357667	-157.618430652
5260.00000000	-0.0344120058204	-0.0141706569091	0.0372155029769	-157.618430733
5260.00000000	-0.0344119749801	-0.0141706446849	0.0372154698051	-157.618430055
5260.00000000	-0.0344119438126	-0.0141706328506	0.0372154364794	-157.618428631
5260.00000000	-0.0344119125447	-0.0141706214802	0.0372154032374	-157.618426488
5260.00000000	-0.0344118814125	-0.0141706106399	0.0372153703227	-157.618423670
5260.00000000	-0.0344118506561	-0.0141706003871	0.0372153379792	-157.618420235
5260.00000000	-0.0344118205148	-0.0141705907697	0.0372153064465	-157.618416257
5260.00000000	-0.0344117912212	-0.0141705818259	0.0372152759540	-157.618411817
5260.00000000	-0.0344117629960	-0.0141705735839	0.0372152467168	-157.618407003
5260.00000000	-0.0344117360438	-0.0141705660624	0.0372152189310	-157.618401911
5260.00000000	-0.0344117105485	-0.0141705592714	0.0372151927704	-157.618396632
5260.00000000	-0.0344116866694	-0.0141705532121	0.0372151683829	-157.618391260
5260.00000000	-0.0344116645379	-0.0141705478779	0.0372151458876	-157.618385879
5260.00000000	-0.0344116442554	-0.0141705432538	0.0372151253722	-157.618380572
5260.00000000	-0.0344116258905	-0.0141705393171	0.0372151068918	-157.618375410
5260.00000000	-0.0344116094790	-0.0141705360375	0.0372150904677	-157.618370458
5260.00000000	-0.0344115950230	-0.0141705333779	0.0372150760881	-157.618365770
5260.00000000	-0.0344115824925	-0.0141705312951	0.0372150637085	-157.618361389
5260.00000000	-0.0344115718275	-0.0141705297409	0.0372150532550	-157.618357349
5260.00000000	-0.0344115629400	-0.0141705286640	0.0372150446270	-157.618353672
5260.00000000	-0.0344115557178	-0.0141705280109	0.0372150377002	-157.618350368
5260.00000000	-0.0344115500279	-0.0141705277280	0.0372150323312	-157.618347435
5260.00000000	-0.0344115457207	-0.0141705277632	0.0372150283619	-157.618344860
5260.00000000	-0.0344115426344	-0.0141705280680	0.0372150256241	-157.618342617
5260.00000000	-0.0344115406000	-0.0141705285989	0.0372150239451	-157.618340668
5260.00000000	-0.0344115394467	-0.0141705293194	0.0372150231531	-157.618338967
5260.00000000	-0.0344115390065	-0.0141705302004	0.0372150230815	-157.618337454
5260.00000000	-0.0344115391192	-0.0141705312216	0.0372150235745	-157.618336067
5260.00000000	-0.0344115396378	-0.0141705323711	0.0372150244918	-157.618334734
5260.00000000	-0.0344115404323	-0.0141705336460	0.0372150257119	-157.618333385
5260.00000000	-0.0344115413942	-0.0141705350516	0.0372150271366	-157.618331948
5260.00000000	-0.0344115424391	-0.0141705366010	0.0372150286927	-157.618330355
5260.00000000	-0.0344115435078	-0.0141705383133	0.0372150303329	-157.618328544
5260.00000000	-0.0344115445659	-0.0141705402120	0.0372150320343	-157.618326461
5270.00000000	-0.0140053584342	0.00308835276663	0.0143418265113	167.564590972
5270.00000000	-0.0140053504763	0.00308835712390	0.0143418196784	167.564567127
5270.00000000	-0.0140053422799	0.00308836076524	0.0143418124584	167.564545870
5270.00000000	-0.0140053338550	0.00308836370207	0.0143418048636	167.564527164
5270.00000000	-0.0140053252097	0.00308836593875	0.0143417969028	167.564511001
5270.00000000	-0.0140053163510	0.00308836747379	0.0143417885825	167.564497391
5270.00000000	-0.0140053072866	0.00308836830160	0.0143417799090	167.564486364
5270.00000000	-0.0140052980255	0.00308836841473	0.0143417708896	167.564477955
5270.00000000	-0.0140052885788	0.00308836780616	0.0143417615335	167.564472202
5270.00000000	-0.0140052789605	0.00308836647152	0.0143417518534	167.564469135
5270.00000000	-0.0140052691874	0.00308836441112	0.0143417418659	167.564468765
5270.00000000	-0.0140052592799	0.00308836163148	0.0143417315922	167.564471086
5270.00000000	-0.0140052492617	0.00308835814664	0.0143417210587	167.564476063
5270.00000000	-0.0140052391606	0.00308835397902	0.0143417102971	167.564483632
5270.00000000	-0.0140052290080	0.00308834915981	0.0143416993449	167.564493699
5270.00000000	-0.0140052188392	0.00308834372903	0.0143416882452	167.564506138
5270.00000000	-0.0140052086923	0.00308833773501	0.0143416770456	167.564520793
5270.00000000	-0.0140051986075	0.00308833123345	0.0143416657974	167.564537482
5270.00000000	-0.0140051886258	0.00308832428610	0.0143416545538	167.564555999
5270.00000000	-0.0140051787875	0.00308831695883	0.0143416433685	167.564576121
5270.00000000	-0.0140051691306	0.00308830931967	0.0143416322931	167.564597617
5270.00000000	-0.0140051596898	0.00308830143688	0.0143416213763	167.564620248
5270.00000000	-0.0140051504949	0.00308829337725	0.0143416106616	167.564643781
5270.00000000	-0.0140051415709	0.00308828520480	0.0143416001871	167.564667988
5270.00000000	-0.0140051329370	0.00308827697968	0.0143415899846	167.564692649
5270.00000000	-0.0140051246082	0.00308826875731	0.0143415800806	167.564717562
5270.00000000	-0.0140051165954	0.00308826058793	0.0143415704966	167.564742541
5270.00000000	-0.0140051089072	0.00308825251628	0.0143415612507	167.564767417
5270.00000000	-0.0140051015511	0.00308824458167	0.0143415523585	167.564792044
5270.00000000	-0.0140050945339	0.00308823681802	0.0143415438342	167.564816296
5270.00000000	-0.0140050878623	0.00308822925431	0.0143415356904	167.564840066
5270.00000000	-0.0140050815419	0.00308822191513	0.0143415279379	167.564863261
5270.00000000	-0.0140050755771	0.00308821482126	0.0143415205854	167.564885806
5270.00000000	-0.0140050699694	0.00308820799046	0.0143415136384	167.564907631
5270.00000000	-0.0140050647168	0.00308820143805	0.0143415070981	167.564928676
5270.00000000	-0.0140050598122	0.00308819517742	0.0143415009604	167.564948882
5270.00000000	-0.0140050552429	0.00308818922038	0.0143414952156	167.564968191
5270.00000000	-0.0140050509899	0.00308818357754	0.0143414898472	167.564986548
5270.00000000	-0.0140050470276	0.00308817825844	0.0143414848325	167.565003891
5270.00000000	-0.0140050433239	0.00308817327170	0.0143414801419	167.565020160
5270.00000000	-0.0140050398402	0.00308816862506	0.0143414757393	167.565035291
5270.00000000	-0.0140050365320	0.00308816432505	0.0143414715828	167.565049221
5270.00000000	-0.0140050333497	0.00308816037673	0.0143414676250	167.565061888
5270.00000000	-0.0140050302395	0.00308815678325	0.0143414638139	167.565073232
5270.00000000	-0.0140050271441	0.00308815354550	0.0143414600940	167.565083200
5270.00000000	-0.0140050240046	0.00308815066155	0.0143414564071	167.565091751
5270.00000000	-0.0140050207605	0.00308814812617	0.0143414526932	167.565098852
5270.00000000	-0.0140050173525	0.00308814593054	0.0143414488924	167.565104486
5270.00000000	-0.0140050137227	0.00308814406211	0.0143414449454	167.565108653
5270.00000000	-0.0140050098163	0.00308814250460	0.0143414407953	167.565111369
5270.00000000	-0.0140050055820	0.00308814123816	0.0143414363876	167.565112667
5270.00000000	-0.0140050009727	0.00308814023983	0.0143414316714	167.565112597
5270.00000000	-0.0140049959455	0.00308813948369	0.0143414265994	167.565111222
5270.00000000	-0.0140049904632	0.00308813894148	0.0143414211288	167.565108621
5270.00000000	-0.0140049844940	0.00308813858287	0.0143414152225	167.565104885
5270.00000000	-0.0140049780128	0.00308813837584	0.0143414088488	167.565100117
5270.00000000	-0.0140049710015	0.00308813828699	0.0143414019828	167.565094432
5270.00000000	-0.0140049634493	0.00308813828177	0.0143413946066	167.565087956
5270.00000000	-0.0140049553530	0.00308813832490	0.0143413867096	167.565080822
5270.00000000	-0.0140049467182	0.00308813838063	0.0143413782893	167.565073176
5270.00000000	-0.0140049375590	0.00308813841348	0.0143413693521	167.565065169
5270.00000000	-0.0140049278995	0.00308813838894	0.0143413599139	167.565056955
5270.00000000	-0.0140049177737	0.00308813827489	0.0143413500010	167.565048689
5270.00000000	-0.0140049072265	0.00308813804291	0.0143413396514	167.565040520
5270.00000000	-0.0140048963144	0.00308813766988	0.0143413289149	167.565032588
5270.00000000	-0.0140048851052	0.00308813713922	0.0143413178544	167.565025015
5270.00000000	-0.0140048736786	0.00308813644218	0.0143413065458	167.565017905
5270.00000000	-0.0140048621258	0.00308813557846	0.0143412950780	167.565011336
5270.00000000	-0.0140048505490	0.00308813455635	0.0143412835526	167.565005364
5270.00000000	-0.0140048390596	0.00308813339256	0.0143412720822	167.565000020
5270.00000000	-0.0140048277771	0.00308813211132	0.0143412607884	167.564995313
5270.00000000	-0.0140048168263	0.00308813074329	0.0143412498000	167.564991229
5270.00000000	-0.0140048063352	0.00308812932396	0.0143412392494	167.564987741
5270.00000000	-0.0140047964318	0.00308812789197	0.0143412292700	167.564984809
5270.00000000	-0.0140047872421	0.00308812648730	0.0143412199934	167.564982383
5270.00000000	-0.0140047788876	0.00308812514987	0.0143412115469	167.564980414
5270.00000000	-0.0140047714835	0.00308812391816	0.0143412040513	167.564978849
5270.00000000	-0.0140047651369	0.00308812282801	0.0143411976188	167.564977643
5270.00000000	-0.0140047599447	0.00308812191176	0.0143411923511	167.564976751
5270.00000000	-0.0140047559925	0.00308812119765	0.0143411883379	167.564976137
5270.00000000	-0.0140047533530	0.00308812070969	0.0143411856551	167.564975769
5270.00000000	-0.0140047520848	0.00308812046782	0.0143411843646	167.564975622
5270.00000000	-0.0140047522321	0.00308812048817	0.0143411845129	167.564975670
5270.00000000	-0.0140047538236	0.00308812078333	0.0143411861306	167.564975887
5270.00000000	-0.0140047568718	0.00308812136261	0.0143411892320	167.564976249
5270.00000000	-0.0140047613726	0.00308812223227	0.0143411938144	167.564976728
5270.00000000	-0.0140047673046	0.00308812339584	0.0143411998579	167.564977292
5270.00000000	-0.0140047746294	0.00308812485465	0.0143412073250	167.564977902
5270.00000000	-0.0140047832910	0.00308812660823	0.0143412161610	167.564978512
5270.00000000	-0.0140047932173	0.00308812865513	0.0143412262952	167.564979066
5270.00000000	-0.0140048043208	0.00308813099334	0.0143412376417	167.564979496
5270.00000000	-0.0140048165008	0.00308813362101	0.0143412501018	167.564979722
5270.00000000	-0.0140048296454	0.00308813653670	0.0143412635659	167.564979655
5270.00000000	-0.0140048436344	0.00308813973963	0.0143412779164	167.564979193
5270.00000000	-0.0140048583422	0.00308814322958	0.0143412930307	167.564978230
5270.00000000	-0.0140048736409	0.00308814700658	0.0143413087838	167.564976656
5270.00000000	-0.0140048894030	0.00308815107030	0.0143413250512	167.564974362
5270.00000000	-0.0140049055041	0.00308815541935	0.0143413417110	167.564971246
5270.00000000	-0.0140049218246	0.00308816005043	0.0143413586459	167.564967218
5270.00000000	-0.0140049382521	0.00308816495768	0.0143413757447	167.564962205
5274.00000000	0.0254442242819	-0.00776850685947	0.0266037262077	-16.9782238209
5274.00000000	0.0254441901015	-0.00776858830586	0.0266037173002	-16.9784130807
5274.00000000	0.0254441564544	-0.00776866890204	0.0266037086547	-16.9786002540
5274.00000000	0.0254441233724	-0.00776874870196	0.0266037003175	-16.9787854318
5274.00000000	0.0254440908724	-0.00776882776037	0.0266036923206	-16.9789687164
5274.00000000	0.0254440589594	-0.00776890613325	0.0266036846853	-16.9791502198
5274.00000000	0.0254440276307	-0.00776898387865	0.0266036774259	-16.9793300633
5274.00000000	0.0254439968803	-0.00776906105691	0.0266036705541	-16.9795083751
5274.00000000	0.0254439667019	-0.00776913773101	0.0266036640824	-16.9796852888
5274.00000000	0.0254439370919	-0.00776921396650	0.0266036580265	-16.9798609415
5274.00000000	0.0254439080522	-0.00776928983116	0.0266036524080	-16.9800354719
5274.00000000	0.0254438795903	-0.00776936539430	0.0266036472544	-16.9802090177
5274.00000000	0.0254438517206	-0.00776944072566	0.0266036425997	-16.9803817138
5274.00000000	0.0254438244623	-0.00776951589339	0.0266036384821	-16.9805536884
5274.00000000	0.0254437978377	-0.00776959096216	0.0266036349420	-16.9807250606
5274.00000000	0.0254437718702	-0.00776966599062	0.0266036320188	-16.9808959364
5274.00000000	0.0254437465811	-0.00776974102864	0.0266036297473	-16.9810664054
5274.00000000	0.0254437219870	-0.00776981611546	0.0266036281552	-16.9812365376
5274.00000000	0.0254436980981	-0.00776989127785	0.0266036272598	-16.9814063820
5274.00000000	0.0254436749163	-0.00776996652883	0.0266036270667	-16.9815759641
5274.00000000	0.0254436524346	-0.00777004186731	0.0266036275690	-16.9817452861
5274.00000000	0.0254436306364	-0.00777011727875	0.0266036287466	-16.9819143284
5274.00000000	0.0254436094962	-0.00777019273586	0.0266036305670	-16.9820830509
5274.00000000	0.0254435889796	-0.00777026820079	0.0266036329864	-16.9822513971
5274.00000000	0.0254435690448	-0.00777034362684	0.0266036359511	-16.9824192973
5274.00000000	0.0254435496428	-0.00777041896129	0.0266036393988	-16.9825866736
5274.00000000	0.0254435307184	-0.00777049414814	0.0266036432604	-16.9827534454
5274.00000000	0.0254435122104	-0.00777056913024	0.0266036474606	-16.9829195335
5274.00000000	0.0254434940519	-0.00777064385211	0.0266036519194	-16.9830848656
5274.00000000	0.0254434761708	-0.00777071826231	0.0266036565525	-16.9832493813
5274.00000000	0.0254434584896	-0.00777079231540	0.0266036612729	-16.9834130355
5274.00000000	0.0254434409268	-0.00777086597404	0.0266036659914	-16.9835758028
5274.00000000	0.0254434233966	-0.00777093921046	0.0266036706180	-16.9837376798
5274.00000000	0.0254434058105	-0.00777101200772	0.0266036750631	-16.9838986873
5274.00000000	0.0254433880787	-0.00777108436019	0.0266036792391	-16.9840588704
5274.00000000	0.0254433701105	-0.00777115627340	0.0266036830609	-16.9842182973
5274.00000000	0.0254433518159	-0.00777122776295	0.0266036864470	-16.9843770569
5274.00000000	0.0254433331062	-0.00777129885265	0.0266036893195	-16.9845352540
5274.00000000	0.0254433138955	-0.00777136957207	0.0266036916050	-16.9846930035
5274.00000000	0.0254432941021	-0.00777143995332	0.0266036932344	-16.9848504232
5274.00000000	0.0254432736491	-0.00777151002805	0.0266036941439	-16.9850076263
5274.00000000	0.0254432524667	-0.00777157982453	0.0266036942746	-16.9851647153
5274.00000000	0.0254432304924	-0.00777164936542	0.0266036935734	-16.9853217761
5274.00000000	0.0254432076714	-0.00777171866533	0.0266036919923	-16.9854788732
5274.00000000	0.0254431839564	-0.00777178772967	0.0266036894876	-16.9856360476
5274.00000000	0.0254431593073	-0.00777185655386	0.0266036860196	-16.9857933150
5274.00000000	0.0254431336911	-0.00777192512341	0.0266036815525	-16.9859506666
5274.00000000	0.0254431070814	-0.00777199341489	0.0266036760542	-16.9861080704
5274.00000000	0.0254430794590	-0.00777206139759	0.0266036694974	-16.9862654755
5274.00000000	0.0254430508131	-0.00777212903512	0.0266036618610	-16.9864228137
5274.00000000	0.0254430211416	-0.00777219628806	0.0266036531317	-16.9865800052
5274.00000000	0.0254429904520	-0.00777226311568	0.0266036433047	-16.9867369613
5274.00000000	0.0254429587623	-0.00777232947826	0.0266036323854	-16.9868935890
5274.00000000	0.0254429261013	-0.00777239533912	0.0266036203909	-16.9870497945
5274.00000000	0.0254428925090	-0.00777246066638	0.0266036073500	-16.9872054870
5274.00000000	0.0254428580366	-0.00777252543385	0.0266035933041	-16.9873605805
5274.00000000	0.0254428227459	-0.00777258962205	0.0266035783065	-16.9875149960
5274.00000000	0.0254427867079	-0.00777265321823	0.0266035624215	-16.9876686624
5274.00000000	0.0254427500019	-0.00777271621645	0.0266035457231	-16.9878215177
5274.00000000	0.0254427127127	-0.00777277861713	0.0266035282926	-16.9879735094
5274.00000000	0.0254426749290	-0.00777284042649	0.0266035102165	-16.9881245946
5274.00000000	0.0254426367413	-0.00777290165671	0.0266034915851	-16.9882747413
5274.00000000	0.0254425982408	-0.00777296232560	0.0266034724906	-16.9884239288
5274.00000000	0.0254425595185	-0.00777302245672	0.0266034530271	-16.9885721486
5274.00000000	0.0254425206649	-0.00777308207918	0.0266034332896	-16.9887194034
5274.00000000	0.0254424817696	-0.00777314122704	0.0266034133737	-16.9888657072
5274.00000000	0.0254424429206	-0.00777319993759	0.0266033933745	-16.9890110813
5274.00000000	0.0254424042052	-0.00777325824990	0.0266033733868	-16.9891555512
5274.00000000	0.0254423657104	-0.00777331620226	0.0266033535052	-16.9892991412
5274.00000000	0.0254423275237	-0.00777337383040	0.0266033338236	-16.9894418697
5274.00000000	0.0254422897344	-0.00777343116538	0.0266033144366	-16.9895837445
5274.00000000	0.0254422524342	-0.00777348823248	0.0266032954392	-16.9897247600
5274.00000000	0.0254422157174	-0.00777354504977	0.0266032769269	-16.9898648940
5274.00000000	0.0254421796807	-0.00777360162762	0.0266032589953	-16.9900041070
5274.00000000	0.0254421444220	-0.00777365796877	0.0266032417386	-16.9901423430
5274.00000000	0.0254421100387	-0.00777371406840	0.0266032252488	-16.9902795308
5274.00000000	0.0254420766260	-0.00777376991495	0.0266032096134	-16.9904155867
5274.00000000	0.0254420442746	-0.00777382549018	0.0266031949138	-16.9905504160
5274.00000000	0.0254420130693	-0.00777388076934	0.0266031812240	-16.9906839143
5274.00000000	0.0254419830873	-0.00777393572126	0.0266031686085	-16.9908159689
5274.00000000	0.0254419543973	-0.00777399030776	0.0266031571220	-16.9909464577
5274.00000000	0.0254419270580	-0.00777404448361	0.0266031468075	-16.9910752508
5274.00000000	0.0254419011172	-0.00777409819621	0.0266031376951	-16.9912022096
5274.00000000	0.0254418766100	-0.00777415138517	0.0266031298008	-16.9913271877
5274.00000000	0.0254418535585	-0.00777420398295	0.0266031231260	-16.9914500320
5274.00000000	0.0254418319717	-0.00777425591478	0.0266031176576	-16.9915705829
5274.00000000	0.0254418118455	-0.00777430709993	0.0266031133679	-16.9916886766
5274.00000000	0.0254417931640	-0.00777435745238	0.0266031102166	-16.9918041459
5274.00000000	0.0254417759006	-0.00777440688259	0.0266031081521	-16.9919168231
5274.00000000	0.0254417600210	-0.00777445529902	0.0266031071148	-16.9920265414
5274.00000000	0.0254417454855	-0.00777450261043	0.0266031070402	-16.9921331375
5274.00000000	0.0254417322530	-0.00777454872780	0.0266031078627	-16.9922364543
5274.00000000	0.0254417202834	-0.00777459356674	0.0266031095195	-16.9923363430
5274.00000000	0.0254417095415	-0.00777463704951	0.0266031119541	-16.9924326656
5274.00000000	0.0254416999997	-0.00777467910714	0.0266031151201	-16.9925252975
5274.00000000	0.0254416916406	-0.00777471968031	0.0266031189834	-16.9926141273
5274.00000000	0.0254416844588	-0.00777475872088	0.0266031235247	-16.9926990595
5274.00000000	0.0254416784612	-0.00777479619151	0.0266031287398	-16.9927800126
5274.00000000	0.0254416736669	-0.00777483206576	0.0266031346390	-16.9928569203
5274.00000000	0.0254416701052	-0.00777486632715	0.0266031412458	-16.9929297301
