DevNumber	X [V]	Y [V]	R [V]	Theta [°]
4253.00000000	0.00243702856136	-0.0175644057820	0.0177326664290	-82.1007493759
4253.00000000	0.00243702467050	-0.0175644113641	0.0177326714234	-82.1007643071
4253.00000000	0.00243702073496	-0.0175644169523	0.0177326764177	-82.1007793839
4253.00000000	0.00243701679749	-0.0175644225336	0.0177326814049	-82.1007944639
4253.00000000	0.00243701289566	-0.0175644280961	0.0177326863785	-82.1008094215
4253.00000000	0.00243700906177	-0.0175644336296	0.0177326913325	-82.1008241486
4253.00000000	0.00243700532276	-0.0175644391250	0.0177326962619	-82.1008385553
4253.00000000	0.00243700170052	-0.0175644445749	0.0177327011623	-82.1008525680
4253.00000000	0.00243699821269	-0.0175644499731	0.0177327060300	-82.1008661276
4253.00000000	0.00243699487287	-0.0175644553142	0.0177327108615	-82.1008791881
4253.00000000	0.00243699169155	-0.0175644605935	0.0177327156535	-82.1008917139
4253.00000000	0.00243698867685	-0.0175644658060	0.0177327204022	-82.1009036768
4253.00000000	0.00243698583487	-0.0175644709458	0.0177327251026	-82.1009150546
4253.00000000	0.00243698317035	-0.0175644760060	0.0177327297487	-82.1009258291
4253.00000000	0.00243698068708	-0.0175644809780	0.0177327343322	-82.1009359844
4253.00000000	0.00243697838792	-0.0175644858516	0.0177327388436	-82.1009455068
4253.00000000	0.00243697627570	-0.0175644906164	0.0177327432729	-82.1009543825
4253.00000000	0.00243697435258	-0.0175644952625	0.0177327476106	-82.1009626003
4253.00000000	0.00243697262072	-0.0175644997822	0.0177327518494	-82.1009701499
4253.00000000	0.00243697108215	-0.0175645041718	0.0177327559859	-82.1009770231
4253.00000000	0.00243696973850	-0.0175645084327	0.0177327600217	-82.1009832154
4253.00000000	0.00243696859090	-0.0175645125724	0.0177327639645	-82.1009887264
4253.00000000	0.00243696763923	-0.0175645166056	0.0177327678286	-82.1009935629
4253.00000000	0.00243696688165	-0.0175645205533	0.0177327716348	-82.1009977405
4253.00000000	0.00243696631339	-0.0175645244434	0.0177327754098	-82.1010012864
4253.00000000	0.00243696592644	-0.0175645283079	0.0177327791845	-82.1010042408
4253.00000000	0.00243696570922	-0.0175645321817	0.0177327829916	-82.1010066561
4253.00000000	0.00243696564624	-0.0175645360996	0.0177327868637	-82.1010085974
4253.00000000	0.00243696571839	-0.0175645400936	0.0177327908298	-82.1010101400
4253.00000000	0.00243696590293	-0.0175645441911	0.0177327949137	-82.1010113688
4253.00000000	0.00243696617377	-0.0175645484118	0.0177327991316	-82.1010123761
4253.00000000	0.00243696650177	-0.0175645527671	0.0177328034906	-82.1010132603
4253.00000000	0.00243696685532	-0.0175645572587	0.0177328079883	-82.1010141233
4253.00000000	0.00243696720095	-0.0175645618783	0.0177328126115	-82.1010150684
4253.00000000	0.00243696750393	-0.0175645666075	0.0177328173374	-82.1010161986
4253.00000000	0.00243696772872	-0.0175645714188	0.0177328221340	-82.1010176156
4253.00000000	0.00243696784027	-0.0175645762773	0.0177328269617	-82.1010194159
4253.00000000	0.00243696780470	-0.0175645811419	0.0177328317754	-82.1010216898
4253.00000000	0.00243696759072	-0.0175645859679	0.0177328365261	-82.1010245176
4253.00000000	0.00243696717078	-0.0175645907087	0.0177328411642	-82.1010279666
4253.00000000	0.00243696652228	-0.0175645953178	0.0177328456405	-82.1010320887
4253.00000000	0.00243696562783	-0.0175645997508	0.0177328499085	-82.1010369196
4253.00000000	0.00243696447628	-0.0175646039668	0.0177328539262	-82.1010424771
4253.00000000	0.00243696306227	-0.0175646079301	0.0177328576577	-82.1010487623
4253.00000000	0.00243696138654	-0.0175646116118	0.0177328610740	-82.1010557601
4253.00000000	0.00243695945515	-0.0175646149903	0.0177328641551	-82.1010634415
4253.00000000	0.00243695727906	-0.0175646180529	0.0177328668896	-82.1010717657
4253.00000000	0.00243695487351	-0.0175646207957	0.0177328692758	-82.1010806823
4253.00000000	0.00243695225739	-0.0175646232234	0.0177328713209	-82.1010901329
4253.00000000	0.00243694945223	-0.0175646253497	0.0177328730415	-82.1011000546
4253.00000000	0.00243694648191	-0.0175646271957	0.0177328744618	-82.1011103805
4253.00000000	0.00243694337185	-0.0175646287893	0.0177328756129	-82.1011210415
4253.00000000	0.00243694014886	-0.0175646301643	0.0177328765320	-82.1011319669
4253.00000000	0.00243693684106	-0.0175646313596	0.0177328772614	-82.1011430839
4253.00000000	0.00243693347845	-0.0175646324188	0.0177328778484	-82.1011543159
4253.00000000	0.00243693009269	-0.0175646333891	0.0177328783442	-82.1011655825
4253.00000000	0.00243692671730	-0.0175646343205	0.0177328788029	-82.1011767986
4253.00000000	0.00243692338713	-0.0175646352642	0.0177328792800	-82.1011878755
4253.00000000	0.00243692013751	-0.0175646362713	0.0177328798309	-82.1011987227
4253.00000000	0.00243691700340	-0.0175646373901	0.0177328805085	-82.1012092499
4253.00000000	0.00243691401814	-0.0175646386653	0.0177328813613	-82.1012193701
4253.00000000	0.00243691121155	-0.0175646401352	0.0177328824316	-82.1012290050
4253.00000000	0.00243690860898	-0.0175646418311	0.0177328837537	-82.1012380872
4253.00000000	0.00243690622964	-0.0175646437761	0.0177328853533	-82.1012465656
4253.00000000	0.00243690408540	-0.0175646459848	0.0177328872464	-82.1012544088
4253.00000000	0.00243690217979	-0.0175646484633	0.0177328894395	-82.1012616080
4253.00000000	0.00243690050802	-0.0175646512096	0.0177328919300	-82.1012681777
4253.00000000	0.00243689905689	-0.0175646542150	0.0177328947075	-82.1012741563
4253.00000000	0.00243689780572	-0.0175646574652	0.0177328977549	-82.1012796037
4253.00000000	0.00243689672835	-0.0175646609421	0.0177329010507	-82.1012845955
4253.00000000	0.00243689579534	-0.0175646646256	0.0177329045711	-82.1012892171
4253.00000000	0.00243689497676	-0.0175646684965	0.0177329082928	-82.1012935556
4253.00000000	0.00243689424483	-0.0175646725381	0.0177329121954	-82.1012976926
4253.00000000	0.00243689357685	-0.0175646767389	0.0177329162646	-82.1013016956
4253.00000000	0.00243689295726	-0.0175646810938	0.0177329204930	-82.1013056122
4253.00000000	0.00243689237935	-0.0175646856048	0.0177329248818	-82.1013094647
4253.00000000	0.00243689184678	-0.0175646902811	0.0177329294406	-82.1013132454
4253.00000000	0.00243689137353	-0.0175646951375	0.0177329341858	-82.1013169163
4253.00000000	0.00243689098388	-0.0175647001938	0.0177329391406	-82.1013204085
4253.00000000	0.00243689071178	-0.0175647054731	0.0177329443324	-82.1013236233
4253.00000000	0.00243689059897	-0.0175647110004	0.0177329497918	-82.1013264386
4253.00000000	0.00243689069366	-0.0175647168013	0.0177329555507	-82.1013287112
4253.00000000	0.00243689104805	-0.0175647229006	0.0177329616408	-82.1013302852
4253.00000000	0.00243689171604	-0.0175647293206	0.0177329680917	-82.1013309980
4253.00000000	0.00243689275071	-0.0175647360798	0.0177329749290	-82.1013306878
4253.00000000	0.00243689420261	-0.0175647431923	0.0177329821735	-82.1013291992
4253.00000000	0.00243689611722	-0.0175647506666	0.0177329898400	-82.1013263905
4253.00000000	0.00243689853368	-0.0175647585056	0.0177329979367	-82.1013221375
4253.00000000	0.00243690148319	-0.0175647667060	0.0177330064647	-82.1013163390
4253.00000000	0.00243690498794	-0.0175647752585	0.0177330154177	-82.1013089200
4253.00000000	0.00243690906059	-0.0175647841470	0.0177330247814	-82.1012998326
4253.00000000	0.00243691370400	-0.0175647933487	0.0177330345340	-82.1012890577
4253.00000000	0.00243691891129	-0.0175648028344	0.0177330446453	-82.1012766043
4253.00000000	0.00243692466655	-0.0175648125680	0.0177330550774	-82.1012625071
4253.00000000	0.00243693094515	-0.0175648225066	0.0177330657846	-82.1012468263
4253.00000000	0.00243693771446	-0.0175648326015	0.0177330767139	-82.1012296444
4253.00000000	0.00243694493453	-0.0175648427978	0.0177330878057	-82.1012110649
4253.00000000	0.00243695255882	-0.0175648530358	0.0177330989943	-82.1011912103
4253.00000000	0.00243696053510	-0.0175648632523	0.0177331102101	-82.1011702197
4253.00000000	0.00243696880608	-0.0175648733824	0.0177331213807	-82.1011482477
5260.00000000	-0.0146536600959	0.0141269211624	0.0203543522553	136.048503799
5260.00000000	-0.0146536597514	0.0141269163553	0.0203543486709	136.048512868
5260.00000000	-0.0146536587950	0.0141269106756	0.0203543440405	136.048522510
5260.00000000	-0.0146536572053	0.0141269041443	0.0203543383629	136.048532640
5260.00000000	-0.0146536549652	0.0141268967937	0.0203543316486	136.048543160
5260.00000000	-0.0146536520617	0.0141268886656	0.0203543239170	136.048553959
5260.00000000	-0.0146536484856	0.0141268798086	0.0203543151952	136.048564921
5260.00000000	-0.0146536442307	0.0141268702761	0.0203543055159	136.048575926
5260.00000000	-0.0146536392944	0.0141268601245	0.0203542949165	136.048586855
5260.00000000	-0.0146536336777	0.0141268494114	0.0203542834375	136.048597593
5260.00000000	-0.0146536273861	0.0141268381951	0.0203542711233	136.048608031
5260.00000000	-0.0146536204300	0.0141268265335	0.0203542580217	136.048618074
5260.00000000	-0.0146536128261	0.0141268144840	0.0203542441845	136.048627637
5260.00000000	-0.0146536045980	0.0141268021028	0.0203542296677	136.048636653
5260.00000000	-0.0146535957765	0.0141267894444	0.0203542145314	136.048645071
5260.00000000	-0.0146535864001	0.0141267765618	0.0203541988399	136.048652860
5260.00000000	-0.0146535765138	0.0141267635054	0.0203541826607	136.048660004
5260.00000000	-0.0146535661691	0.0141267503243	0.0203541660649	136.048666506
5260.00000000	-0.0146535554235	0.0141267370657	0.0203541491267	136.048672382
5260.00000000	-0.0146535443401	0.0141267237758	0.0203541319236	136.048677661
5260.00000000	-0.0146535329873	0.0141267105011	0.0203541145371	136.048682383
5260.00000000	-0.0146535214379	0.0141266972884	0.0203540970522	136.048686595
5260.00000000	-0.0146535097687	0.0141266841859	0.0203540795574	136.048690350
5260.00000000	-0.0146534980598	0.0141266712426	0.0203540621446	136.048693705
5260.00000000	-0.0146534863933	0.0141266585085	0.0203540449075	136.048696719
5260.00000000	-0.0146534748525	0.0141266460344	0.0203540279412	136.048699451
5260.00000000	-0.0146534635207	0.0141266338706	0.0203540113409	136.048701963
5260.00000000	-0.0146534524804	0.0141266220670	0.0203539952005	136.048704314
5260.00000000	-0.0146534418125	0.0141266106722	0.0203539796118	136.048706564
5260.00000000	-0.0146534315959	0.0141265997327	0.0203539646640	136.048708773
5260.00000000	-0.0146534219067	0.0141265892938	0.0203539504434	136.048710999
5260.00000000	-0.0146534128187	0.0141265793987	0.0203539370330	136.048713297
5260.00000000	-0.0146534044024	0.0141265700888	0.0203539245124	136.048715721
5260.00000000	-0.0146533967241	0.0141265614041	0.0203539129569	136.048718320
5260.00000000	-0.0146533898454	0.0141265533823	0.0203539024372	136.048721138
5260.00000000	-0.0146533838210	0.0141265460587	0.0203538930171	136.048724210
5260.00000000	-0.0146533786975	0.0141265394650	0.0203538847523	136.048727563
5260.00000000	-0.0146533745116	0.0141265336289	0.0203538776882	136.048731212
5260.00000000	-0.0146533712876	0.0141265285734	0.0203538718584	136.048735158
5260.00000000	-0.0146533690373	0.0141265243162	0.0203538672837	136.048739389
5260.00000000	-0.0146533677588	0.0141265208694	0.0203538639710	136.048743877
5260.00000000	-0.0146533674366	0.0141265182397	0.0203538619139	136.048748577
5260.00000000	-0.0146533680418	0.0141265164285	0.0203538610926	136.048753430
5260.00000000	-0.0146533695332	0.0141265154327	0.0203538614751	136.048758362
5260.00000000	-0.0146533718581	0.0141265152457	0.0203538630191	136.048763283
5260.00000000	-0.0146533749546	0.0141265158592	0.0203538656741	136.048768089
5260.00000000	-0.0146533787534	0.0141265172642	0.0203538693842	136.048772664
5260.00000000	-0.0146533831797	0.0141265194529	0.0203538740898	136.048776876
5260.00000000	-0.0146533881555	0.0141265224193	0.0203538797309	136.048780586
5260.00000000	-0.0146533936011	0.0141265261598	0.0203538862474	136.048783644
5260.00000000	-0.0146533994359	0.0141265306742	0.0203538935813	136.048785895
5260.00000000	-0.0146534055798	0.0141265359643	0.0203539016761	136.048787178
5260.00000000	-0.0146534119536	0.0141265420347	0.0203539104778	136.048787328
5260.00000000	-0.0146534184801	0.0141265488913	0.0203539199353	136.048786184
5260.00000000	-0.0146534250856	0.0141265565408	0.0203539299998	136.048783586
5260.00000000	-0.0146534317004	0.0141265649896	0.0203539406259	136.048779388
5260.00000000	-0.0146534382613	0.0141265742429	0.0203539517715	136.048773453
5260.00000000	-0.0146534447120	0.0141265843037	0.0203539633983	136.048765667
5260.00000000	-0.0146534510055	0.0141265951721	0.0203539754723	136.048755937
5260.00000000	-0.0146534571037	0.0141266068447	0.0203539879639	136.048744196
5260.00000000	-0.0146534629782	0.0141266193146	0.0203540008478	136.048730402
5260.00000000	-0.0146534686096	0.0141266325705	0.0203540141022	136.048714540
5260.00000000	-0.0146534739863	0.0141266465969	0.0203540277080	136.048696619
5260.00000000	-0.0146534791030	0.0141266613738	0.0203540416476	136.048676669
5260.00000000	-0.0146534839588	0.0141266768766	0.0203540559031	136.048654738
5260.00000000	-0.0146534885551	0.0141266930757	0.0203540704550	136.048630889
5260.00000000	-0.0146534928941	0.0141267099364	0.0203540852810	136.048605197
5260.00000000	-0.0146534969778	0.0141267274189	0.0203541003547	136.048577746
5260.00000000	-0.0146535008072	0.0141267454782	0.0203541156456	136.048548629
5260.00000000	-0.0146535043821	0.0141267640650	0.0203541311193	136.048517946
5260.00000000	-0.0146535077021	0.0141267831270	0.0203541467395	136.048485803
5260.00000000	-0.0146535107683	0.0141268026101	0.0203541624692	136.048452309
5260.00000000	-0.0146535135842	0.0141268224610	0.0203541782740	136.048417582
5260.00000000	-0.0146535161587	0.0141268426286	0.0203541941248	136.048381741
5260.00000000	-0.0146535185066	0.0141268630659	0.0203542099995	136.048344911
5260.00000000	-0.0146535206500	0.0141268837304	0.0203542258849	136.048307221
5260.00000000	-0.0146535226181	0.0141269045853	0.0203542417762	136.048268803
5260.00000000	-0.0146535244465	0.0141269255986	0.0203542576768	136.048229791
5260.00000000	-0.0146535261757	0.0141269467430	0.0203542735970	136.048190319
5260.00000000	-0.0146535278499	0.0141269679953	0.0203542895526	136.048150522
5260.00000000	-0.0146535295151	0.0141269893354	0.0203543055625	136.048110529
5260.00000000	-0.0146535312174	0.0141270107454	0.0203543216478	136.048070467
5260.00000000	-0.0146535330014	0.0141270322093	0.0203543378292	136.048030455
5260.00000000	-0.0146535349074	0.0141270537113	0.0203543541250	136.047990605
5260.00000000	-0.0146535369710	0.0141270752353	0.0203543705494	136.047951018
5260.00000000	-0.0146535392209	0.0141270967635	0.0203543871110	136.047911786
5260.00000000	-0.0146535416786	0.0141271182761	0.0203544038113	136.047872992
5260.00000000	-0.0146535443581	0.0141271397498	0.0203544206443	136.047834711
5260.00000000	-0.0146535472656	0.0141271611577	0.0203544375958	136.047797008
5260.00000000	-0.0146535504002	0.0141271824684	0.0203544546433	136.047759946
5260.00000000	-0.0146535537549	0.0141272036456	0.0203544717566	136.047723584
5260.00000000	-0.0146535573165	0.0141272246476	0.0203544888973	136.047687982
5260.00000000	-0.0146535610669	0.0141272454272	0.0203545060196	136.047653200
5260.00000000	-0.0146535649829	0.0141272659319	0.0203545230703	136.047619298
5260.00000000	-0.0146535690371	0.0141272861037	0.0203545399894	136.047586341
5260.00000000	-0.0146535731976	0.0141273058805	0.0203545567110	136.047554392
5260.00000000	-0.0146535774289	0.0141273251971	0.0203545731640	136.047523514
5260.00000000	-0.0146535816920	0.0141273439857	0.0203545892736	136.047493768
5260.00000000	-0.0146535859458	0.0141273621783	0.0203546049627	136.047465212
5260.00000000	-0.0146535901479	0.0141273797075	0.0203546201542	136.047437899
5270.00000000	0.0441857509680	0.0415925355059	0.0606821192644	43.2683839085
5270.00000000	0.0441857117353	0.0415925825084	0.0606821229133	43.2684416136
5270.00000000	0.0441856715512	0.0415926303542	0.0606821264477	43.2685005143
5270.00000000	0.0441856304181	0.0415926789351	0.0606821297949	43.2685605344
5270.00000000	0.0441855883399	0.0415927281251	0.0606821328715	43.2686215850
5270.00000000	0.0441855453233	0.0415927777807	0.0606821355840	43.2686835629
5270.00000000	0.0441855013800	0.0415928277428	0.0606821378318	43.2687463514
5270.00000000	0.0441854565284	0.0415928778409	0.0606821395116	43.2688098211
5270.00000000	0.0441854107982	0.0415929278969	0.0606821405229	43.2688738305
5270.00000000	0.0441853642331	0.0415929777331	0.0606821407757	43.2689382291
5270.00000000	0.0441853168949	0.0415930271795	0.0606821401984	43.2690028601
5270.00000000	0.0441852688659	0.0415930760805	0.0606821387444	43.2690675631
5270.00000000	0.0441852202496	0.0415931243031	0.0606821363978	43.2691321799
5270.00000000	0.0441851711683	0.0415931717420	0.0606821331755	43.2691965588
5270.00000000	0.0441851217597	0.0415932183237	0.0606821291275	43.2692605601
5270.00000000	0.0441850721725	0.0415932640090	0.0606821243350	43.2693240609
5270.00000000	0.0441850225605	0.0415933087922	0.0606821189063	43.2693869575
5270.00000000	0.0441849730790	0.0415933527001	0.0606821129727	43.2694491678
5270.00000000	0.0441849238805	0.0415933957870	0.0606821066824	43.2695106305
5270.00000000	0.0441848751137	0.0415934381297	0.0606821001965	43.2695713022
5270.00000000	0.0441848269230	0.0415934798214	0.0606820936840	43.2696311536
5270.00000000	0.0441847794479	0.0415935209656	0.0606820873172	43.2696901654
5270.00000000	0.0441847328242	0.0415935616687	0.0606820812682	43.2697483230
5270.00000000	0.0441846871836	0.0415936020355	0.0606820757044	43.2698056131
5270.00000000	0.0441846426544	0.0415936421618	0.0606820707852	43.2698620187
5270.00000000	0.0441845993608	0.0415936821301	0.0606820666574	43.2699175159
5270.00000000	0.0441845574214	0.0415937220061	0.0606820634524	43.2699720733
5270.00000000	0.0441845169469	0.0415937618333	0.0606820612807	43.2700256490
5270.00000000	0.0441844780363	0.0415938016323	0.0606820602285	43.2700781932
5270.00000000	0.0441844407736	0.0415938413981	0.0606820603534	43.2701296481
5270.00000000	0.0441844052225	0.0415938811003	0.0606820616810	43.2701799516
5270.00000000	0.0441843714226	0.0415939206850	0.0606820642032	43.2702290409
5270.00000000	0.0441843393873	0.0415939600761	0.0606820678776	43.2702768551
5270.00000000	0.0441843091010	0.0415939991812	0.0606820726296	43.2703233407
5270.00000000	0.0441842805196	0.0415940378963	0.0606820783556	43.2703684548
5270.00000000	0.0441842535707	0.0415940761115	0.0606820849277	43.2704121686
5270.00000000	0.0441842281571	0.0415941137182	0.0606820922006	43.2704544704
5270.00000000	0.0441842041593	0.0415941506152	0.0606821000180	43.2704953681
5270.00000000	0.0441841814400	0.0415941867153	0.0606821082201	43.2705348905
5270.00000000	0.0441841598480	0.0415942219486	0.0606821166489	43.2705730873
5270.00000000	0.0441841392227	0.0415942562676	0.0606821251548	43.2706100299
5270.00000000	0.0441841193989	0.0415942896460	0.0606821335997	43.2706458070
5270.00000000	0.0441841002120	0.0415943220799	0.0606821418610	43.2706805228
5270.00000000	0.0441840815045	0.0415943535870	0.0606821498360	43.2707142910
5270.00000000	0.0441840631328	0.0415943842049	0.0606821574460	43.2707472306
5270.00000000	0.0441840449745	0.0415944139910	0.0606821646414	43.2707794602
5270.00000000	0.0441840269326	0.0415944430199	0.0606821714024	43.2708110938
5270.00000000	0.0441840089387	0.0415944713806	0.0606821777405	43.2708422371
5270.00000000	0.0441839909530	0.0415944991728	0.0606821836948	43.2708729842
5270.00000000	0.0441839729631	0.0415945265035	0.0606821893298	43.2709034167
5270.00000000	0.0441839549809	0.0415945534817	0.0606821947287	43.2709336019
5270.00000000	0.0441839370388	0.0415945802163	0.0606821999899	43.2709635937
5270.00000000	0.0441839191882	0.0415946068136	0.0606822052237	43.2709934318
5270.00000000	0.0441839014971	0.0415946333764	0.0606822105500	43.2710231430
5270.00000000	0.0441838840497	0.0415946600044	0.0606822160983	43.2710527413
5270.00000000	0.0441838669453	0.0415946867936	0.0606822220070	43.2710822285
5270.00000000	0.0441838502988	0.0415947138369	0.0606822284231	43.2711115939
5270.00000000	0.0441838342372	0.0415947412241	0.0606822355010	43.2711408173
5270.00000000	0.0441838188994	0.0415947690410	0.0606822434005	43.2711698676
5270.00000000	0.0441838044327	0.0415947973697	0.0606822522849	43.2711987059
5270.00000000	0.0441837909896	0.0415948262852	0.0606822623170	43.2712272852
5270.00000000	0.0441837787240	0.0415948558553	0.0606822736552	43.2712555525
5270.00000000	0.0441837677893	0.0415948861378	0.0606822864506	43.2712834480
5270.00000000	0.0441837583344	0.0415949171796	0.0606823008441	43.2713109080
5270.00000000	0.0441837505019	0.0415949490150	0.0606823169628	43.2713378635
5270.00000000	0.0441837444263	0.0415949816649	0.0606823349191	43.2713642418
5270.00000000	0.0441837402321	0.0415950151346	0.0606823548072	43.2713899660
5270.00000000	0.0441837380327	0.0415950494117	0.0606823767012	43.2714149543
5270.00000000	0.0441837379285	0.0415950844665	0.0606824006539	43.2714391212
5270.00000000	0.0441837400061	0.0415951202504	0.0606824266948	43.2714623772
5270.00000000	0.0441837443368	0.0415951566984	0.0606824548316	43.2714846317
5270.00000000	0.0441837509765	0.0415951937327	0.0606824850514	43.2715057947
5270.00000000	0.0441837599655	0.0415952312678	0.0606825173251	43.2715257815
5270.00000000	0.0441837713297	0.0415952692184	0.0606825516130	43.2715445167
5270.00000000	0.0441837850826	0.0415953075048	0.0606825878704	43.2715619368
5270.00000000	0.0441838012265	0.0415953460604	0.0606826260532	43.2715779945
5270.00000000	0.0441838197535	0.0415953848356	0.0606826661216	43.2715926608
5270.00000000	0.0441838406454	0.0415954237991	0.0606827080411	43.2716059260
5270.00000000	0.0441838638743	0.0415954629400	0.0606827517838	43.2716178006
5270.00000000	0.0441838894018	0.0415955022655	0.0606827973266	43.2716283144
5270.00000000	0.0441839171799	0.0415955417973	0.0606828446496	43.2716375135
5270.00000000	0.0441839471510	0.0415955815695	0.0606828937341	43.2716454584
5270.00000000	0.0441839792476	0.0415956216225	0.0606829445587	43.2716522209
5270.00000000	0.0441840133931	0.0415956619992	0.0606829970970	43.2716578798
5270.00000000	0.0441840495008	0.0415957027392	0.0606830513130	43.2716625186
5270.00000000	0.0441840874729	0.0415957438741	0.0606831071572	43.2716662221
5270.00000000	0.0441841271997	0.0415957854203	0.0606831645609	43.2716690728
5270.00000000	0.0441841685563	0.0415958273752	0.0606832234315	43.2716711497
5270.00000000	0.0441842114011	0.0415958697117	0.0606832836473	43.2716725257
5270.00000000	0.0441842555717	0.0415959123758	0.0606833450528	43.2716732688
5270.00000000	0.0441843008839	0.0415959552836	0.0606834074567	43.2716734407
5270.00000000	0.0441843471295	0.0415959983235	0.0606834706307	43.2716730993
5270.00000000	0.0441843940772	0.0415960413576	0.0606835343119	43.2716722995
5270.00000000	0.0441844414747	0.0415960842261	0.0606835982072	43.2716710948
5270.00000000	0.0441844890529	0.0415961267538	0.0606836620004	43.2716695388
5270.00000000	0.0441845365289	0.0415961687552	0.0606837253585	43.2716676872
5270.00000000	0.0441845836125	0.0415962100410	0.0606837879403	43.2716655975
5270.00000000	0.0441846300101	0.0415962504235	0.0606838494034	43.2716633310
5270.00000000	0.0441846754304	0.0415962897223	0.0606839094122	43.2716609519
5270.00000000	0.0441847195884	0.0415963277678	0.0606839676428	43.2716585281
5274.00000000	-0.0209130714888	0.00602827047834	0.0217645722231	163.920177141
5274.00000000	-0.0209130925394	0.00602825453071	0.0217645880330	163.920232830
5274.00000000	-0.0209131126759	0.00602823818461	0.0217646028543	163.920288860
5274.00000000	-0.0209131318742	0.00602822140796	0.0217646166548	163.920345296
5274.00000000	-0.0209131501237	0.00602820417037	0.0217646294160	163.920402205
5274.00000000	-0.0209131674273	0.00602818644388	0.0217646411329	163.920459661
5274.00000000	-0.0209131838012	0.00602816820468	0.0217646518146	163.920517737
5274.00000000	-0.0209131992750	0.00602814943479	0.0217646614842	163.920576498
5274.00000000	-0.0209132138914	0.00602813012399	0.0217646701803	163.920636002
5274.00000000	-0.0209132277061	0.00602811027174	0.0217646779562	163.920696292
5274.00000000	-0.0209132407870	0.00602808988856	0.0217646848798	163.920757389
5274.00000000	-0.0209132532120	0.00602806899582	0.0217646910322	163.920819297
5274.00000000	-0.0209132650673	0.00602804762510	0.0217646965048	163.920881999
5274.00000000	-0.0209132764436	0.00602802581583	0.0217647013957	163.920945460
5274.00000000	-0.0209132874324	0.00602800361264	0.0217647058052	163.921009636
5274.00000000	-0.0209132981220	0.00602798106268	0.0217647098311	163.921074471
5274.00000000	-0.0209133085942	0.00602795821327	0.0217647135652	163.921139904
5274.00000000	-0.0209133189216	0.00602793511023	0.0217647170900	163.921205874
5274.00000000	-0.0209133291660	0.00602791179715	0.0217647204770	163.921272314
5274.00000000	-0.0209133393777	0.00602788831498	0.0217647237857	163.921339158
5274.00000000	-0.0209133495950	0.00602786470274	0.0217647270637	163.921406335
5274.00000000	-0.0209133598440	0.00602784099817	0.0217647303467	163.921473769
5274.00000000	-0.0209133701395	0.00602781723858	0.0217647336591	163.921541376
5274.00000000	-0.0209133804842	0.00602779346194	0.0217647370141	163.921609062
5274.00000000	-0.0209133908702	0.00602776970757	0.0217647404151	163.921676721
5274.00000000	-0.0209134012791	0.00602774601672	0.0217647438556	163.921744237
5274.00000000	-0.0209134116830	0.00602772243238	0.0217647473209	163.921811479
5274.00000000	-0.0209134220455	0.00602769899872	0.0217647507882	163.921878311
5274.00000000	-0.0209134323234	0.00602767575984	0.0217647542281	163.921944587
5274.00000000	-0.0209134424675	0.00602765275809	0.0217647576052	163.922010167
5274.00000000	-0.0209134524247	0.00602763003228	0.0217647608791	163.922074912
5274.00000000	-0.0209134621386	0.00602760761608	0.0217647640051	163.922138696
5274.00000000	-0.0209134715522	0.00602758553644	0.0217647669357	163.922201411
5274.00000000	-0.0209134806082	0.00602756381224	0.0217647696212	163.922262965
5274.00000000	-0.0209134892509	0.00602754245363	0.0217647720107	163.922323293
5274.00000000	-0.0209134974270	0.00602752146139	0.0217647740534	163.922382355
5274.00000000	-0.0209135050860	0.00602750082613	0.0217647756981	163.922440136
5274.00000000	-0.0209135121806	0.00602748052767	0.0217647768938	163.922496654
5274.00000000	-0.0209135186663	0.00602746053490	0.0217647775892	163.922551955
5274.00000000	-0.0209135245011	0.00602744080590	0.0217647777321	163.922606114
5274.00000000	-0.0209135296459	0.00602742128874	0.0217647772706	163.922659234
5274.00000000	-0.0209135340653	0.00602740192349	0.0217647761543	163.922711441
5274.00000000	-0.0209135377294	0.00602738264416	0.0217647743361	163.922762880
5274.00000000	-0.0209135406159	0.00602736338109	0.0217647717750	163.922813711
5274.00000000	-0.0209135427126	0.00602734406417	0.0217647684402	163.922864103
5274.00000000	-0.0209135440209	0.00602732462489	0.0217647643141	163.922914229
5274.00000000	-0.0209135445589	0.00602730499979	0.0217647593962	163.922964264
5274.00000000	-0.0209135443632	0.00602728513211	0.0217647537063	163.923014377
5274.00000000	-0.0209135434912	0.00602726497400	0.0217647472860	163.923064732
5274.00000000	-0.0209135420217	0.00602724448793	0.0217647402008	163.923115482
5274.00000000	-0.0209135400543	0.00602722364779	0.0217647325392	163.923166764
5274.00000000	-0.0209135377086	0.00602720243903	0.0217647244120	163.923218702
5274.00000000	-0.0209135351226	0.00602718085886	0.0217647159511	163.923271405
5274.00000000	-0.0209135324504	0.00602715891589	0.0217647073068	163.923324963
5274.00000000	-0.0209135298602	0.00602713662976	0.0217646986464	163.923379449
5274.00000000	-0.0209135275319	0.00602711403065	0.0217646901509	163.923434917
5274.00000000	-0.0209135256535	0.00602709115832	0.0217646820121	163.923491405
5274.00000000	-0.0209135244192	0.00602706806211	0.0217646744303	163.923548928
5274.00000000	-0.0209135240249	0.00602704480049	0.0217646676099	163.923607483
5274.00000000	-0.0209135246655	0.00602702144116	0.0217646617567	163.923667039
5274.00000000	-0.0209135265301	0.00602699806075	0.0217646570740	163.923727540
5274.00000000	-0.0209135297987	0.00602697474488	0.0217646537582	163.923788902
5274.00000000	-0.0209135346385	0.00602695158746	0.0217646519962	163.923851009
5274.00000000	-0.0209135412005	0.00602692868966	0.0217646519608	163.923913714
5274.00000000	-0.0209135496168	0.00602690615828	0.0217646538088	163.923976844
5274.00000000	-0.0209135599991	0.00602688410340	0.0217646576778	163.924040202
5274.00000000	-0.0209135724363	0.00602686263508	0.0217646636839	163.924103574
5274.00000000	-0.0209135869937	0.00602684186012	0.0217646719191	163.924166737
5274.00000000	-0.0209136037114	0.00602682187839	0.0217646824500	163.924229469
5274.00000000	-0.0209136226050	0.00602680278001	0.0217646953163	163.924291552
5274.00000000	-0.0209136436655	0.00602678464287	0.0217647105310	163.924352784
5274.00000000	-0.0209136668609	0.00602676753144	0.0217647280812	163.924412977
5274.00000000	-0.0209136921378	0.00602675149625	0.0217647479294	163.924471965
5274.00000000	-0.0209137194240	0.00602673657458	0.0217647700168	163.924529600
5274.00000000	-0.0209137486313	0.00602672279088	0.0217647942653	163.924585758
5274.00000000	-0.0209137796586	0.00602671015829	0.0217648205814	163.924640330
5274.00000000	-0.0209138123947	0.00602669867929	0.0217648488589	163.924693229
5274.00000000	-0.0209138467208	0.00602668834622	0.0217648789816	163.924744389
5274.00000000	-0.0209138825131	0.00602667914253	0.0217649108259	163.924793760
5274.00000000	-0.0209139196447	0.00602667104309	0.0217649442629	163.924841314
5274.00000000	-0.0209139579875	0.00602666401520	0.0217649791605	163.924887041
5274.00000000	-0.0209139974140	0.00602665801956	0.0217650153852	163.924930946
5274.00000000	-0.0209140377978	0.00602665301187	0.0217650528034	163.924973050
5274.00000000	-0.0209140790152	0.00602664894333	0.0217650912826	163.925013385
5274.00000000	-0.0209141209450	0.00602664576223	0.0217651306921	163.925051995
5274.00000000	-0.0209141634687	0.00602664341438	0.0217651709031	163.925088930
5274.00000000	-0.0209142064704	0.00602664184408	0.0217652117886	163.925124247
5274.00000000	-0.0209142498356	0.00602664099415	0.0217652532229	163.925158006
5274.00000000	-0.0209142934508	0.00602664080625	0.0217652950808	163.925190272
5274.00000000	-0.0209143372024	0.00602664122017	0.0217653372363	163.925221116
5274.00000000	-0.0209143809752	0.00602664217357	0.0217653795617	163.925250610
5274.00000000	-0.0209144246524	0.00602664360109	0.0217654219264	163.925278835
5274.00000000	-0.0209144681146	0.00602664543404	0.0217654641968	163.925305878
5274.00000000	-0.0209145112405	0.00602664760064	0.0217655062365	163.925331832
5274.00000000	-0.0209145539070	0.00602665002633	0.0217655479065	163.925356795
5274.00000000	-0.0209145959907	0.00602665263464	0.0217655890669	163.925380871
5274.00000000	-0.0209146373680	0.00602665534808	0.0217656295779	163.925404167
5274.00000000	-0.0209146779176	0.00602665808908	0.0217656693010	163.925426790
5274.00000000	-0.0209147175198	0.00602666078091	0.0217657081002	163.925448846
5274.00000000	-0.0209147560588	0.00602666334826	0.0217657458432	163.925470442
