DevNumber	X [V]	Y [V]	R [V]	Theta [°]
5260.00000000	0.231419393193	0.0311355058847	0.233504508035	7.66264473418
5260.00000000	0.231420050475	0.0311357179873	0.233505187729	7.66267480867
5260.00000000	0.231420564414	0.0311358630597	0.233505716423	7.66269327244
5260.00000000	0.231421028838	0.0311358777271	0.233506178655	7.66268164422
5260.00000000	0.231421433514	0.0311357492026	0.233506562581	7.66263714941
5260.00000000	0.231421698715	0.0311354952680	0.233506791553	7.66256672088
5260.00000000	0.231421695324	0.0311351456633	0.233506741577	7.66248181497
5260.00000000	0.231421456541	0.0311347495841	0.233506452115	7.66239330858
5260.00000000	0.231421249299	0.0311343727820	0.233506196483	7.66230845790
5260.00000000	0.231421308641	0.0311340804267	0.233506216313	7.66223542132
5260.00000000	0.231421732914	0.0311339125675	0.233506614417	7.66218072075
5260.00000000	0.231422544546	0.0311338310199	0.233507407930	7.66213433689
5260.00000000	0.231423613974	0.0311337731070	0.233508460088	7.66208526697
5260.00000000	0.231424457349	0.0311337535728	0.233509293329	7.66205292563
5260.00000000	0.231424390245	0.0311338272721	0.233509236650	7.66207304299
5260.00000000	0.231423092956	0.0311340316862	0.233507978198	7.66216519322
5260.00000000	0.231421009010	0.0311343420460	0.233505954240	7.66230884492
5260.00000000	0.231419087413	0.0311346603458	0.233504092243	7.66244911834
5260.00000000	0.231418005105	0.0311349029554	0.233503051948	7.66254352745
5260.00000000	0.231417780697	0.0311350438223	0.233502848327	7.66258512619
5260.00000000	0.231418104541	0.0311351072813	0.233503177740	7.66258996284
5260.00000000	0.231418538551	0.0311351479903	0.233503613303	7.66258566265
5260.00000000	0.231418682034	0.0311351714424	0.233503758632	7.66258667133
5260.00000000	0.231418602090	0.0311350823984	0.233503667529	7.66256763293
5260.00000000	0.231418804356	0.0311347915449	0.233503829207	7.66249028460
5260.00000000	0.231419616078	0.0311343300335	0.233504572145	7.66235149577
5260.00000000	0.231420858858	0.0311338278925	0.233505736876	7.66218872493
5260.00000000	0.231422207825	0.0311334161137	0.233507018896	7.66204445606
5260.00000000	0.231423520708	0.0311331348616	0.233508282558	7.66193311056
5260.00000000	0.231424727253	0.0311329827326	0.233509458048	7.66185664484
5260.00000000	0.231425649825	0.0311330186033	0.233510377166	7.66183518681
5260.00000000	0.231425988003	0.0311333045857	0.233510750454	7.66189366784
5260.00000000	0.231425530377	0.0311337528729	0.233510356683	7.66201765161
5260.00000000	0.231424427636	0.0311341614655	0.233509318265	7.66215308807
5260.00000000	0.231423198441	0.0311343815976	0.233508129397	7.66224683322
5260.00000000	0.231422350570	0.0311343860009	0.233507289682	7.66227564300
5260.00000000	0.231421946776	0.0311342395505	0.233506869967	7.66225323981
5260.00000000	0.231421596958	0.0311340328120	0.233506495708	7.66221440974
5260.00000000	0.231420970262	0.0311338408121	0.233505849008	7.66218822204
5260.00000000	0.231420064551	0.0311337220625	0.233504935550	7.66218897559
5260.00000000	0.231418923866	0.0311337100856	0.233503803453	7.66222338196
5260.00000000	0.231417433054	0.0311338294431	0.233502341866	7.66230118221
5260.00000000	0.231415486875	0.0311340579001	0.233500443526	7.66242041345
5260.00000000	0.231413469658	0.0311343114614	0.233498478130	7.66254807597
5260.00000000	0.231412149087	0.0311345563106	0.233497202000	7.66265082818
5260.00000000	0.231411882886	0.0311348099891	0.233496972002	7.66272123016
5260.00000000	0.231412380806	0.0311350259716	0.233497494275	7.66275746318
5260.00000000	0.231413078417	0.0311351139119	0.233498197382	7.66275602384
5260.00000000	0.231413471230	0.0311350384763	0.233498576629	7.66272482614
5260.00000000	0.231413305142	0.0311348790376	0.233498390764	7.66269148678
5260.00000000	0.231412741369	0.0311347547726	0.233497815456	7.66267971309
5260.00000000	0.231412254618	0.0311347339995	0.233497330282	7.66269058739
5260.00000000	0.231412224828	0.0311348467687	0.233497315794	7.66271898643
5260.00000000	0.231412741171	0.0311350715318	0.233497857497	7.66275675196
5260.00000000	0.231413675616	0.0311353156774	0.233498816152	7.66278555082
5260.00000000	0.231414766096	0.0311354468370	0.233499914384	7.66278176733
5260.00000000	0.231415692598	0.0311353910703	0.233500825175	7.66273789127
5260.00000000	0.231416227573	0.0311352393071	0.233501335137	7.66268348083
5260.00000000	0.231416307582	0.0311351452620	0.233501401891	7.66265799265
5260.00000000	0.231415999545	0.0311351283228	0.233501094347	7.66266395181
5260.00000000	0.231415575789	0.0311350810266	0.233500668068	7.66266631478
5260.00000000	0.231415437517	0.0311349545211	0.233500514163	7.66264007447
5260.00000000	0.231415762708	0.0311348024598	0.233500816174	7.66259245548
5260.00000000	0.231416467672	0.0311346744626	0.233501497776	7.66253826323
5260.00000000	0.231417397120	0.0311345902609	0.233502407698	7.66248737702
5260.00000000	0.231418447981	0.0311345677539	0.233503446174	7.66244752208
5260.00000000	0.231419561323	0.0311345899005	0.233504552528	7.66241648223
5260.00000000	0.231420657954	0.0311346053899	0.233505641432	7.66238437054
5260.00000000	0.231421667529	0.0311345966127	0.233506640823	7.66234920613
5260.00000000	0.231422438551	0.0311345745622	0.233507402020	7.66231861883
5260.00000000	0.231422746425	0.0311345604859	0.233507705268	7.66230512327
5260.00000000	0.231422530944	0.0311345757306	0.233507493744	7.66231588020
5260.00000000	0.231421944849	0.0311346262607	0.233506919619	7.66234734300
5260.00000000	0.231421109681	0.0311347295514	0.233506105681	7.66239978518
5260.00000000	0.231419996150	0.0311348987720	0.233505024656	7.66247736793
5260.00000000	0.231418627047	0.0311350897921	0.233503693249	7.66256861443
5260.00000000	0.231417222428	0.0311352102932	0.233502317240	7.66264387485
5260.00000000	0.231416044630	0.0311352080951	0.233501149666	7.66268187616
5260.00000000	0.231415238792	0.0311351306385	0.233500340696	7.66268940585
5260.00000000	0.231414943325	0.0311350711333	0.233500039933	7.66268460234
5260.00000000	0.231415348516	0.0311350778368	0.233500442399	7.66267297517
5260.00000000	0.231416400855	0.0311350955561	0.233501487704	7.66264285312
5260.00000000	0.231417563822	0.0311350033178	0.233502627987	7.66258237188
5260.00000000	0.231418065022	0.0311347773848	0.233503094587	7.66251103036
5260.00000000	0.231417602422	0.0311345373033	0.233502604105	7.66246778157
5260.00000000	0.231416763942	0.0311344031686	0.233501755227	7.66246259515
5260.00000000	0.231416430787	0.0311343853510	0.233501422671	7.66246916228
5260.00000000	0.231416916677	0.0311344233891	0.233501909294	7.66246251535
5260.00000000	0.231417873709	0.0311344597802	0.233502862633	7.66244005334
5260.00000000	0.231418865028	0.0311344525587	0.233503844137	7.66240586390
5260.00000000	0.231419769718	0.0311343742085	0.233504730302	7.66235721174
5260.00000000	0.231420696651	0.0311342039406	0.233505626257	7.66228547956
5260.00000000	0.231421812366	0.0311339479473	0.233506697878	7.66218672504
5260.00000000	0.231423210002	0.0311336960699	0.233508049451	7.66207974925
5260.00000000	0.231424709620	0.0311335447681	0.233509515507	7.66199389608
5260.00000000	0.231425832206	0.0311334984258	0.233510621892	7.66194590192
5260.00000000	0.231426015850	0.0311335215268	0.233510806977	7.66194551172
5260.00000000	0.231425102949	0.0311335969562	0.233509912282	7.66199371942
5260.00000000	0.231423407396	0.0311337053376	0.233508246319	7.66207554514
5260.00000000	0.231421255535	0.0311338244591	0.233506129553	7.66217491234
