DevNumber	X [V]	Y [V]	R [V]	Theta [°]
4253.00000000	-0.00207748648323	0.0135483796346	0.0137067334114	98.7177390553
4253.00000000	-0.00207749444153	0.0135483457488	0.0137067011233	98.7177934067
4253.00000000	-0.00207752103705	0.0135483230390	0.0137066827069	98.7179176834
4253.00000000	-0.00207754324717	0.0135483234189	0.0137066864489	98.7180092114
4253.00000000	-0.00207754682458	0.0135483631258	0.0137067262392	98.7179988349
4253.00000000	-0.00207752898207	0.0135484493988	0.0137068088110	98.7178704521
4253.00000000	-0.00207750015387	0.0135485524631	0.0137069063152	98.7176860422
4253.00000000	-0.00207747795176	0.0135486332176	0.0137069827718	98.7175431464
4253.00000000	-0.00207746906869	0.0135486832798	0.0137070309093	98.7174747275
4253.00000000	-0.00207746673360	0.0135487202466	0.0137070670951	98.7174416598
4253.00000000	-0.00207745689416	0.0135487570990	0.0137071020305	98.7173776590
4253.00000000	-0.00207743874482	0.0135487780786	0.0137071200170	98.7172893800
4253.00000000	-0.00207742352325	0.0135487542108	0.0137070941180	98.7172416094
4253.00000000	-0.00207741651520	0.0135486812327	0.0137070209208	98.7172588868
4253.00000000	-0.00207741943465	0.0135485615298	0.0137069030431	98.7173467842
4253.00000000	-0.00207742974869	0.0135483915974	0.0137067366371	98.7174970588
4253.00000000	-0.00207744083461	0.0135481960302	0.0137065450094	98.7176667679
4253.00000000	-0.00207745500088	0.0135480346231	0.0137063876142	98.7178275660
4253.00000000	-0.00207747263046	0.0135479625269	0.0137063190230	98.7179460902
4253.00000000	-0.00207747873790	0.0135479888933	0.0137063460104	98.7179546201
4253.00000000	-0.00207747194270	0.0135480842115	0.0137064391975	98.7178661495
4253.00000000	-0.00207746890748	0.0135482063648	0.0137065594795	98.7177762139
4253.00000000	-0.00207747886928	0.0135483109073	0.0137066643241	98.7177511392
4253.00000000	-0.00207749946650	0.0135483807183	0.0137067364504	98.7177920133
4253.00000000	-0.00207752615500	0.0135484259755	0.0137067852298	98.7178736116
4253.00000000	-0.00207754707645	0.0135484457683	0.0137068079650	98.7179475147
4253.00000000	-0.00207755358054	0.0135484247278	0.0137067881535	98.7179877191
4253.00000000	-0.00207754992961	0.0135483792203	0.0137067426184	98.7180014670
4253.00000000	-0.00207754133495	0.0135483431561	0.0137067056682	98.7179888052
4253.00000000	-0.00207752621683	0.0135483310451	0.0137066914056	98.7179340129
4253.00000000	-0.00207751396221	0.0135483237716	0.0137066823588	98.7178879872
4253.00000000	-0.00207752789525	0.0135482774698	0.0137066387037	98.7179748925
4253.00000000	-0.00207757018051	0.0135481887203	0.0137065573890	98.7182058410
4253.00000000	-0.00207761838986	0.0135481014276	0.0137064784123	98.7184603470
4253.00000000	-0.00207765541897	0.0135480514203	0.0137064345958	98.7186450341
4253.00000000	-0.00207767841667	0.0135480513306	0.0137064379931	98.7187401153
4253.00000000	-0.00207768702391	0.0135481071274	0.0137064944499	98.7187403237
4253.00000000	-0.00207768367057	0.0135482080475	0.0137065936955	98.7186625206
4253.00000000	-0.00207767018457	0.0135483170928	0.0137066994365	98.7185377037
4253.00000000	-0.00207764545816	0.0135483968281	0.0137067745024	98.7183850169
4253.00000000	-0.00207760662978	0.0135484363654	0.0137068076975	98.7181995347
4253.00000000	-0.00207755640915	0.0135484396056	0.0137068032881	98.7179899801
4253.00000000	-0.00207750454556	0.0135484303331	0.0137067862619	98.7177815646
4253.00000000	-0.00207745698622	0.0135484456746	0.0137067942178	98.7175753387
4253.00000000	-0.00207741833087	0.0135485009905	0.0137068430359	98.7173805773
4253.00000000	-0.00207739032676	0.0135485849101	0.0137069217418	98.7172117048
4253.00000000	-0.00207736894049	0.0135486648681	0.0137069975349	98.7170726873
4253.00000000	-0.00207735903371	0.0135487017753	0.0137070325144	98.7170083741
4253.00000000	-0.00207736730614	0.0135486914157	0.0137070235282	98.7170491165
4253.00000000	-0.00207739366857	0.0135486579332	0.0137069944278	98.7171792509
4253.00000000	-0.00207743363461	0.0135486058250	0.0137069489788	98.7173773928
4253.00000000	-0.00207747553139	0.0135485246406	0.0137068750823	98.7176019345
4253.00000000	-0.00207751817174	0.0135484293316	0.0137067873372	98.7178385000
4253.00000000	-0.00207757085023	0.0135483426745	0.0137067096658	98.7181110625
4253.00000000	-0.00207763009185	0.0135482863554	0.0137066629771	98.7183915232
4253.00000000	-0.00207768786726	0.0135482866312	0.0137066720073	98.7186300670
4253.00000000	-0.00207773934050	0.0135483439887	0.0137067365045	98.7188064014
4253.00000000	-0.00207777269458	0.0135484332912	0.0137068298310	98.7188876277
4253.00000000	-0.00207777653362	0.0135485268932	0.0137069229333	98.7188441796
4253.00000000	-0.00207775004824	0.0135486029096	0.0137069940565	98.7186865823
4253.00000000	-0.00207770482318	0.0135486366677	0.0137070205692	98.7184783347
4253.00000000	-0.00207765174255	0.0135486249342	0.0137070009255	98.7182664539
4253.00000000	-0.00207759345283	0.0135486108275	0.0137069781465	98.7180345535
4253.00000000	-0.00207752713351	0.0135486326625	0.0137069896773	98.7177467048
4253.00000000	-0.00207745833706	0.0135486859949	0.0137070319665	98.7174286670
4253.00000000	-0.00207740320404	0.0135487465662	0.0137070834822	98.7171624989
4253.00000000	-0.00207737869165	0.0135487960627	0.0137071286919	98.7170298644
4253.00000000	-0.00207739274470	0.0135488279743	0.0137071623647	98.7170677115
4253.00000000	-0.00207742496406	0.0135488463956	0.0137071854562	98.7171891623
4253.00000000	-0.00207743915801	0.0135488607122	0.0137072017587	98.7172387377
4253.00000000	-0.00207741982459	0.0135488708287	0.0137072088282	98.7171524491
4253.00000000	-0.00207738073143	0.0135488672495	0.0137071993656	98.7169931957
4253.00000000	-0.00207734337460	0.0135488546089	0.0137071812095	98.7168468562
4253.00000000	-0.00207731655087	0.0135488382298	0.0137071609544	98.7167464042
4253.00000000	-0.00207729958471	0.0135488146580	0.0137071350837	98.7166912371
4253.00000000	-0.00207729507850	0.0135487840568	0.0137071041530	98.7166920038
4253.00000000	-0.00207729072983	0.0135487608545	0.0137070805596	98.7166887343
4253.00000000	-0.00207726382529	0.0135487626223	0.0137070782297	98.7165764520
4253.00000000	-0.00207720858112	0.0135487950402	0.0137071019012	98.7163276625
4253.00000000	-0.00207713752673	0.0135488502141	0.0137071456704	98.7159991361
4253.00000000	-0.00207707247768	0.0135489010898	0.0137071861014	98.7156981466
4253.00000000	-0.00207704335590	0.0135489053903	0.0137071859394	98.7155750999
4253.00000000	-0.00207707046296	0.0135488441237	0.0137071294878	98.7157259048
4253.00000000	-0.00207714655168	0.0135487361316	0.0137070342730	98.7161086881
4253.00000000	-0.00207724491809	0.0135486106380	0.0137069251355	98.7165946099
4253.00000000	-0.00207734292698	0.0135484860759	0.0137068168656	98.7170784721
4253.00000000	-0.00207742840755	0.0135483858709	0.0137067307735	98.7174951455
4253.00000000	-0.00207750171117	0.0135483405543	0.0137066970907	98.7178267348
4253.00000000	-0.00207756443740	0.0135483576442	0.0137067234906	98.7180750810
4253.00000000	-0.00207761188344	0.0135484155984	0.0137067879668	98.7182343997
4253.00000000	-0.00207763968748	0.0135484730231	0.0137068489424	98.7183128959
4253.00000000	-0.00207765251006	0.0135485047961	0.0137068822918	98.7183457445
4253.00000000	-0.00207766180191	0.0135485280356	0.0137069066712	98.7183694117
4253.00000000	-0.00207766899539	0.0135485660877	0.0137069453741	98.7183750234
4253.00000000	-0.00207766760415	0.0135486130792	0.0137069916117	98.7183395013
4253.00000000	-0.00207766111359	0.0135486445004	0.0137070216860	98.7182927756
4253.00000000	-0.00207765136069	0.0135486550172	0.0137070306030	98.7182458159
4253.00000000	-0.00207762861605	0.0135486603022	0.0137070323795	98.7181484926
4253.00000000	-0.00207758680112	0.0135486687313	0.0137070343731	98.7179703841
4253.00000000	-0.00207752454716	0.0135486805700	0.0137070366394	98.7177056667
5260.00000000	0.0262044953000	-0.200492405666	0.202197626850	-82.5536121649
5260.00000000	0.0262042518417	-0.200491669303	0.202196865145	-82.5536535289
5260.00000000	0.0262039225498	-0.200490772027	0.202195932760	-82.5537131013
5260.00000000	0.0262036474880	-0.200490281946	0.202195411165	-82.5537723902
5260.00000000	0.0262035067085	-0.200490703920	0.202195811337	-82.5538274425
5260.00000000	0.0262034671269	-0.200492013290	0.202197104536	-82.5538866476
5260.00000000	0.0262034582768	-0.200493660866	0.202198737071	-82.5539496367
5260.00000000	0.0262034315252	-0.200495150930	0.202200211103	-82.5540118707
5260.00000000	0.0262033688426	-0.200496221642	0.202201264664	-82.5540688004
5260.00000000	0.0262032316320	-0.200496805224	0.202201825543	-82.5541287819
5260.00000000	0.0262030166481	-0.200497040832	0.202202031305	-82.5541978375
5260.00000000	0.0262028309518	-0.200497042249	0.202202008646	-82.5542500646
5260.00000000	0.0262027661946	-0.200496764658	0.202201725004	-82.5542580663
5260.00000000	0.0262028075530	-0.200496259267	0.202201229234	-82.5542278880
5260.00000000	0.0262029087433	-0.200495549884	0.202200538945	-82.5541734077
5260.00000000	0.0262030580922	-0.200494475046	0.202199492525	-82.5540919759
5260.00000000	0.0262032588938	-0.200493013136	0.202198068964	-82.5539818725
5260.00000000	0.0262035095933	-0.200491672547	0.202196772170	-82.5538622026
5260.00000000	0.0262037798989	-0.200491096615	0.202196236125	-82.5537651030
5260.00000000	0.0262039872747	-0.200491397873	0.202196561717	-82.5537178982
5260.00000000	0.0262040878954	-0.200492264967	0.202197434538	-82.5537214687
5260.00000000	0.0262040772268	-0.200493304812	0.202198464232	-82.5537626526
5260.00000000	0.0262039564968	-0.200494182767	0.202199319137	-82.5538288153
5260.00000000	0.0262037874601	-0.200494784044	0.202199893437	-82.5538983902
5260.00000000	0.0262036544814	-0.200495094364	0.202200183907	-82.5539471490
5260.00000000	0.0262036151757	-0.200495145181	0.202200229203	-82.5539600589
5260.00000000	0.0262036674552	-0.200494993828	0.202200085900	-82.5539398119
5260.00000000	0.0262037201716	-0.200494865478	0.202199965464	-82.5539202868
5260.00000000	0.0262037253952	-0.200495009736	0.202200109183	-82.5539241165
5260.00000000	0.0262037320621	-0.200495342969	0.202200440470	-82.5539344802
5260.00000000	0.0262038142099	-0.200495345988	0.202200454109	-82.5539115098
5260.00000000	0.0262040399951	-0.200494427576	0.202199572702	-82.5538143445
5260.00000000	0.0262043760555	-0.200492671747	0.202197875233	-82.5536554411
5260.00000000	0.0262046709196	-0.200490935650	0.202196191991	-82.5535088349
5260.00000000	0.0262048450336	-0.200490062664	0.202195348933	-82.5534278526
5260.00000000	0.0262049168024	-0.200490287220	0.202195580897	-82.5534159339
5260.00000000	0.0262049163391	-0.200491364951	0.202196649478	-82.5534556436
5260.00000000	0.0262048727699	-0.200492788289	0.202198055165	-82.5535201566
5260.00000000	0.0262047694582	-0.200493999410	0.202199242684	-82.5535936615
5260.00000000	0.0262045575523	-0.200494726148	0.202199935830	-82.5536798894
5260.00000000	0.0262042785769	-0.200495034844	0.202200205768	-82.5537696099
5260.00000000	0.0262040110116	-0.200495172407	0.202200307497	-82.5538498399
5260.00000000	0.0262038220688	-0.200495466281	0.202200574407	-82.5539137191
5260.00000000	0.0262037265402	-0.200496080032	0.202201170602	-82.5539630977
5260.00000000	0.0262036794438	-0.200496732182	0.202201811149	-82.5540002781
5260.00000000	0.0262036456871	-0.200497085362	0.202202156977	-82.5540227319
5260.00000000	0.0262036243746	-0.200497146515	0.202202214852	-82.5540309656
5260.00000000	0.0262035924652	-0.200497173845	0.202202237816	-82.5540409347
5260.00000000	0.0262034721620	-0.200497552268	0.202202597458	-82.5540886321
5260.00000000	0.0262032704150	-0.200498299494	0.202203312239	-82.5541727549
5260.00000000	0.0262031314646	-0.200498753604	0.202203744513	-82.5542284703
5260.00000000	0.0262031524189	-0.200498236780	0.202203234763	-82.5542036052
5260.00000000	0.0262033293861	-0.200496816789	0.202201849678	-82.5541017407
5260.00000000	0.0262035660917	-0.200495143314	0.202200220990	-82.5539737816
5260.00000000	0.0262037515320	-0.200494064359	0.202199175166	-82.5538820568
5260.00000000	0.0262038460565	-0.200493999876	0.202199123476	-82.5538531299
5260.00000000	0.0262038160602	-0.200494766767	0.202199880013	-82.5538897199
5260.00000000	0.0262036438345	-0.200496035255	0.202201115484	-82.5539846913
5260.00000000	0.0262034329850	-0.200497432608	0.202202473730	-82.5540952457
5260.00000000	0.0262032966311	-0.200498477743	0.202203492382	-82.5541719343
5260.00000000	0.0262032506022	-0.200498927062	0.202203931948	-82.5542013659
5260.00000000	0.0262032456223	-0.200499024175	0.202204027596	-82.5542063310
5260.00000000	0.0262032120863	-0.200499111969	0.202204110304	-82.5542189772
5260.00000000	0.0262030981547	-0.200499252306	0.202204234694	-82.5542561414
5260.00000000	0.0262029341632	-0.200499404536	0.202204364390	-82.5543078073
5260.00000000	0.0262027808155	-0.200499473698	0.202204413096	-82.5543534324
5260.00000000	0.0262026544585	-0.200499369744	0.202204293645	-82.5543851174
5260.00000000	0.0262025657682	-0.200499149632	0.202204063896	-82.5544019543
5260.00000000	0.0262025802682	-0.200499038179	0.202203955262	-82.5543937878
5260.00000000	0.0262027529113	-0.200499221988	0.202204159893	-82.5543520300
5260.00000000	0.0262030563794	-0.200499665158	0.202204638651	-82.5542830384
5260.00000000	0.0262033700440	-0.200500213608	0.202205223123	-82.5542150481
5260.00000000	0.0262035425092	-0.200500861906	0.202205888304	-82.5541903965
5260.00000000	0.0262035261273	-0.200501711929	0.202206729037	-82.5542262114
5260.00000000	0.0262034141510	-0.200502594538	0.202207589693	-82.5542900809
5260.00000000	0.0262033814917	-0.200503314982	0.202208299831	-82.5543257104
5260.00000000	0.0262035143096	-0.200503937579	0.202208934389	-82.5543112545
5260.00000000	0.0262037265878	-0.200504495456	0.202209515071	-82.5542720971
5260.00000000	0.0262038879287	-0.200504890360	0.202209927552	-82.5542412671
5260.00000000	0.0262039317240	-0.200505122788	0.202210163696	-82.5542374968
5260.00000000	0.0262038879446	-0.200505114997	0.202210150297	-82.5542495110
5260.00000000	0.0262038641577	-0.200504711919	0.202209747535	-82.5542413937
5260.00000000	0.0262038997042	-0.200503882012	0.202208929233	-82.5542009336
5260.00000000	0.0262039345190	-0.200502620318	0.202207682689	-82.5541448239
5260.00000000	0.0262039204036	-0.200501132585	0.202206205673	-82.5540941610
5260.00000000	0.0262038926544	-0.200499778185	0.202204859097	-82.5540522239
5260.00000000	0.0262038862241	-0.200498795057	0.202203883426	-82.5540179298
5260.00000000	0.0262038876950	-0.200498196716	0.202203290321	-82.5539955450
5260.00000000	0.0262038974024	-0.200497949448	0.202203046396	-82.5539837377
5260.00000000	0.0262039526272	-0.200497972159	0.202203076072	-82.5539690552
5260.00000000	0.0262040476115	-0.200497997812	0.202203113818	-82.5539433097
5260.00000000	0.0262040919969	-0.200497979320	0.202203101234	-82.5539301597
5260.00000000	0.0262040070106	-0.200498175950	0.202203285192	-82.5539612586
5260.00000000	0.0262038104496	-0.200498691059	0.202203770485	-82.5540354011
5260.00000000	0.0262035788436	-0.200499307554	0.202204351768	-82.5541231125
5260.00000000	0.0262033940734	-0.200499685976	0.202204703054	-82.5541889223
5260.00000000	0.0262032922953	-0.200499665474	0.202204669536	-82.5542167656
5260.00000000	0.0262032809679	-0.200499434735	0.202204439275	-82.5542114756
5260.00000000	0.0262033300038	-0.200499261739	0.202204274093	-82.5541913459
5260.00000000	0.0262034065892	-0.200499392327	0.202204413504	-82.5541746231
5270.00000000	0.00891270853281	-0.00147410748638	0.00903379024952	-9.39135350189
5270.00000000	0.00891267962152	-0.00147411501884	0.00903376295486	-9.39143055682
5270.00000000	0.00891267337178	-0.00147413760980	0.00903376047527	-9.39157838552
5270.00000000	0.00891267891089	-0.00147416646794	0.00903377064928	-9.39175322928
5270.00000000	0.00891269017890	-0.00147419623179	0.00903378662327	-9.39192781068
5270.00000000	0.00891271039886	-0.00147422763949	0.00903381169756	-9.39210341222
5270.00000000	0.00891273890531	-0.00147426318673	0.00903384562288	-9.39229633844
5270.00000000	0.00891277103593	-0.00147430070424	0.00903388344542	-9.39249784061
5270.00000000	0.00891279876490	-0.00147433206813	0.00903391592116	-9.39266539233
5270.00000000	0.00891281796587	-0.00147436018740	0.00903393945380	-9.39282146746
5270.00000000	0.00891282956993	-0.00147439524136	0.00903395662323	-9.39302879728
5270.00000000	0.00891284127934	-0.00147443144024	0.00903397408358	-9.39324318133
5270.00000000	0.00891285849834	-0.00147444852183	0.00903399385958	-9.39333224065
5270.00000000	0.00891288221886	-0.00147443176264	0.00903401452677	-9.39320282161
5270.00000000	0.00891290772601	-0.00147438033452	0.00903403129855	-9.39285462417
5270.00000000	0.00891292205454	-0.00147430096216	0.00903403248153	-9.39234314581
5270.00000000	0.00891291070811	-0.00147420562777	0.00903400572967	-9.39175836228
5270.00000000	0.00891287438587	-0.00147411855422	0.00903395568565	-9.39125111280
5270.00000000	0.00891283590560	-0.00147407028561	0.00903390984497	-9.39098890529
5270.00000000	0.00891281459494	-0.00147407173293	0.00903388905608	-9.39102001566
5270.00000000	0.00891281032257	-0.00147410903510	0.00903389092769	-9.39125784845
5270.00000000	0.00891281954990	-0.00147416018215	0.00903390837742	-9.39156834130
5270.00000000	0.00891284426570	-0.00147420795194	0.00903394055716	-9.39184167037
5270.00000000	0.00891288089725	-0.00147424983601	0.00903398353261	-9.39206583651
5270.00000000	0.00891291101190	-0.00147429350018	0.00903402036918	-9.39230788402
5270.00000000	0.00891291903911	-0.00147433536497	0.00903403512093	-9.39256153177
5270.00000000	0.00891290483777	-0.00147435799312	0.00903402480288	-9.39271781935
5270.00000000	0.00891288056237	-0.00147436058594	0.00903400127609	-9.39275916960
5270.00000000	0.00891285338011	-0.00147435126078	0.00903397293639	-9.39272895538
5270.00000000	0.00891282550538	-0.00147432967601	0.00903394191274	-9.39262274625
5270.00000000	0.00891279777804	-0.00147429439179	0.00903390879885	-9.39243066265
5270.00000000	0.00891275954477	-0.00147424188857	0.00903386250997	-9.39214170689
5270.00000000	0.00891270231014	-0.00147417587485	0.00903379526994	-9.39178787413
5270.00000000	0.00891264548996	-0.00147411806381	0.00903372977765	-9.39148493480
5270.00000000	0.00891261900568	-0.00147409211428	0.00903369941396	-9.39134996731
5270.00000000	0.00891262979132	-0.00147410667827	0.00903371243156	-9.39142993802
5270.00000000	0.00891266089341	-0.00147415233297	0.00903375056672	-9.39168342891
5270.00000000	0.00891269084241	-0.00147420971293	0.00903378947785	-9.39201148037
5270.00000000	0.00891270661668	-0.00147426407016	0.00903381391128	-9.39233528618
5270.00000000	0.00891270279826	-0.00147430755293	0.00903381724027	-9.39261132489
5270.00000000	0.00891268420642	-0.00147433516659	0.00903380340426	-9.39280335692
5270.00000000	0.00891266587132	-0.00147434425507	0.00903378679825	-9.39287920521
5270.00000000	0.00891265616704	-0.00147434295785	0.00903377701237	-9.39288113292
5270.00000000	0.00891265882610	-0.00147434523846	0.00903378000798	-9.39289265112
5270.00000000	0.00891268042301	-0.00147435425553	0.00903380278695	-9.39292671907
5270.00000000	0.00891272337575	-0.00147436604010	0.00903384708709	-9.39295599852
5270.00000000	0.00891277359357	-0.00147437515805	0.00903389811968	-9.39296107187
5270.00000000	0.00891281004707	-0.00147438208002	0.00903393521412	-9.39296665161
5270.00000000	0.00891283353204	-0.00147439681829	0.00903396078957	-9.39303456334
5270.00000000	0.00891285533328	-0.00147442200417	0.00903398640902	-9.39316959041
5270.00000000	0.00891285713383	-0.00147443951325	0.00903399104307	-9.39327728458
5270.00000000	0.00891281412007	-0.00147443406230	0.00903394771642	-9.39328770124
5270.00000000	0.00891272568597	-0.00147441145272	0.00903385677799	-9.39323776770
5270.00000000	0.00891261555582	-0.00147438900461	0.00903374446079	-9.39321130192
5270.00000000	0.00891252818580	-0.00147438751628	0.00903365801936	-9.39329242984
5270.00000000	0.00891249519315	-0.00147441515173	0.00903362997956	-9.39349951009
5270.00000000	0.00891251368172	-0.00147446217447	0.00903365589508	-9.39377461267
5270.00000000	0.00891256572375	-0.00147451396221	0.00903371569206	-9.39404479433
5270.00000000	0.00891263542596	-0.00147455183179	0.00903379064074	-9.39420959920
5270.00000000	0.00891270856761	-0.00147456412649	0.00903386480828	-9.39421081170
5270.00000000	0.00891277393251	-0.00147455536674	0.00903392786675	-9.39408833235
5270.00000000	0.00891282193346	-0.00147453545110	0.00903397197329	-9.39391402512
5270.00000000	0.00891284555525	-0.00147451202705	0.00903399145504	-9.39374300335
5270.00000000	0.00891285854069	-0.00147449282270	0.00903400113187	-9.39360939597
5270.00000000	0.00891288447349	-0.00147448710114	0.00903402578308	-9.39354675083
5270.00000000	0.00891292368999	-0.00147450190911	0.00903406689058	-9.39359881186
5270.00000000	0.00891295422119	-0.00147453436260	0.00903410230933	-9.39377027319
5270.00000000	0.00891296702683	-0.00147456896825	0.00903412059160	-9.39397354851
5270.00000000	0.00891297354512	-0.00147458352931	0.00903412939917	-9.39405791085
5270.00000000	0.00891298239663	-0.00147456590094	0.00903413525463	-9.39393844554
5270.00000000	0.00891299277751	-0.00147452090009	0.00903413815129	-9.39364612519
5270.00000000	0.00891299898070	-0.00147446719206	0.00903413550543	-9.39330364770
5270.00000000	0.00891299948643	-0.00147442842877	0.00903412967787	-9.39306057816
5270.00000000	0.00891299603928	-0.00147441728436	0.00903412445811	-9.39299441437
5270.00000000	0.00891298189879	-0.00147442564899	0.00903411187238	-9.39306138939
5270.00000000	0.00891295480134	-0.00147443494604	0.00903408665560	-9.39314761044
5270.00000000	0.00891293198506	-0.00147443782277	0.00903406461475	-9.39318922769
5270.00000000	0.00891292912358	-0.00147443530421	0.00903406138059	-9.39317643054
5270.00000000	0.00891293967452	-0.00147442975397	0.00903407088422	-9.39313078062
5270.00000000	0.00891295349699	-0.00147443092415	0.00903408471234	-9.39312379509
5270.00000000	0.00891297460108	-0.00147444017976	0.00903410704404	-9.39315986398
5270.00000000	0.00891300782968	-0.00147444618241	0.00903414080679	-9.39316302857
5270.00000000	0.00891304502533	-0.00147444365367	0.00903417709099	-9.39310870541
5270.00000000	0.00891306482714	-0.00147443481047	0.00903419518403	-9.39303287654
5270.00000000	0.00891304812924	-0.00147442580857	0.00903417724085	-9.39299383448
5270.00000000	0.00891299880285	-0.00147442795351	0.00903412892590	-9.39305831198
5270.00000000	0.00891294533615	-0.00147445424817	0.00903408046760	-9.39327818401
5270.00000000	0.00891291902464	-0.00147450421769	0.00903406266460	-9.39361808636
5270.00000000	0.00891292717688	-0.00147455857534	0.00903407957970	-9.39394977076
5270.00000000	0.00891295236244	-0.00147459552922	0.00903411045925	-9.39415492368
5270.00000000	0.00891297124836	-0.00147460674885	0.00903413092322	-9.39420557519
5270.00000000	0.00891297267447	-0.00147460456555	0.00903413197383	-9.39419043780
5270.00000000	0.00891296291680	-0.00147461380344	0.00903412385489	-9.39425834132
5270.00000000	0.00891295285825	-0.00147464656893	0.00903411927952	-9.39447377091
5270.00000000	0.00891293733569	-0.00147469183585	0.00903411135424	-9.39477308000
5270.00000000	0.00891289911196	-0.00147472976211	0.00903407983423	-9.39504996091
5270.00000000	0.00891283980065	-0.00147475058289	0.00903402471735	-9.39524164510
5270.00000000	0.00891278442520	-0.00147475518263	0.00903397083562	-9.39532775869
5270.00000000	0.00891275240776	-0.00147474631248	0.00903393779966	-9.39530540559
5270.00000000	0.00891274509364	-0.00147471865646	0.00903392606898	-9.39513992871
5274.00000000	0.00397499300494	-0.00996421744932	0.0107278235801	-68.2516204655
5274.00000000	0.00397500802707	-0.00996412166111	0.0107277401764	-68.2513563827
5274.00000000	0.00397502278348	-0.00996404691962	0.0107276762230	-68.2511352661
5274.00000000	0.00397503808321	-0.00996402707615	0.0107276634612	-68.2510200972
5274.00000000	0.00397504996041	-0.00996409054638	0.0107277268144	-68.2510867868
5274.00000000	0.00397504908279	-0.00996423169851	0.0107278575938	-68.2513704796
5274.00000000	0.00397503375185	-0.00996439827280	0.0107280066307	-68.2517761712
5274.00000000	0.00397501506729	-0.00996454332176	0.0107281344323	-68.2521558920
5274.00000000	0.00397500148845	-0.00996466121104	0.0107282388995	-68.2524565332
5274.00000000	0.00397499461339	-0.00996477371496	0.0107283408487	-68.2527132580
5274.00000000	0.00397498469029	-0.00996489843509	0.0107284530157	-68.2530092702
5274.00000000	0.00397496702775	-0.00996501134275	0.0107285513436	-68.2533202939
5274.00000000	0.00397496335982	-0.00996505858551	0.0107285938652	-68.2534319659
5274.00000000	0.00397498867028	-0.00996500603674	0.0107285544339	-68.2532024391
5274.00000000	0.00397502756113	-0.00996485282310	0.0107284265341	-68.2527063574
5274.00000000	0.00397504746760	-0.00996463173526	0.0107282285578	-68.2521701250
5274.00000000	0.00397504054381	-0.00996439255334	0.0107280038349	-68.2517311606
5274.00000000	0.00397503328454	-0.00996418546914	0.0107278088013	-68.2513573630
5274.00000000	0.00397503922250	-0.00996404791748	0.0107276832411	-68.2510556911
5274.00000000	0.00397505344982	-0.00996399241220	0.0107276369588	-68.2508752657
5274.00000000	0.00397508442511	-0.00996400778473	0.0107276627147	-68.2507520282
5274.00000000	0.00397513847167	-0.00996406501541	0.0107277358981	-68.2505971812
5274.00000000	0.00397519821293	-0.00996412438085	0.0107278131746	-68.2504183117
5274.00000000	0.00397524864461	-0.00996416924154	0.0107278735293	-68.2502569203
5274.00000000	0.00397528729009	-0.00996420024557	0.0107279166464	-68.2501265740
5274.00000000	0.00397530136182	-0.00996419647960	0.0107279183629	-68.2500493166
5274.00000000	0.00397527906832	-0.00996412844942	0.0107278469148	-68.2500252688
5274.00000000	0.00397522439800	-0.00996401732178	0.0107277234399	-68.2500765373
5274.00000000	0.00397515646807	-0.00996391393029	0.0107276022370	-68.2502088952
5274.00000000	0.00397509426985	-0.00996385269049	0.0107275223091	-68.2503962457
5274.00000000	0.00397505289976	-0.00996381211666	0.0107274692939	-68.2505211744
5274.00000000	0.00397504422359	-0.00996371287006	0.0107273738975	-68.2503677936
5274.00000000	0.00397506131340	-0.00996352852506	0.0107272090086	-68.2499181609
5274.00000000	0.00397508366607	-0.00996334652995	0.0107270482533	-68.2494470566
5274.00000000	0.00397509629796	-0.00996326150071	0.0107269739587	-68.2492160913
5274.00000000	0.00397509752293	-0.00996329107282	0.0107270018793	-68.2492685467
5274.00000000	0.00397508655578	-0.00996340339299	0.0107271021389	-68.2495452685
5274.00000000	0.00397506347562	-0.00996354849922	0.0107272283620	-68.2499469674
5274.00000000	0.00397503809814	-0.00996368274513	0.0107273436473	-68.2503385594
5274.00000000	0.00397502236380	-0.00996377807397	0.0107274263596	-68.2506052838
5274.00000000	0.00397500452960	-0.00996383307879	0.0107274708404	-68.2508026166
5274.00000000	0.00397496152365	-0.00996385775161	0.0107274778214	-68.2510647914
5274.00000000	0.00397489845829	-0.00996387205201	0.0107274677358	-68.2514059501
5274.00000000	0.00397484317179	-0.00996391692943	0.0107274889334	-68.2517690317
5274.00000000	0.00397480991659	-0.00996401734733	0.0107275698819	-68.2521327305
5274.00000000	0.00397479902411	-0.00996416571952	0.0107277036577	-68.2524803841
5274.00000000	0.00397480771014	-0.00996432581386	0.0107278555759	-68.2527541017
5274.00000000	0.00397483158888	-0.00996444258901	0.0107279728873	-68.2528667252
5274.00000000	0.00397486519323	-0.00996449895928	0.0107280376963	-68.2528115721
5274.00000000	0.00397489791717	-0.00996451241086	0.0107280623152	-68.2526758589
5274.00000000	0.00397492016660	-0.00996446046808	0.0107280223131	-68.2524627017
5274.00000000	0.00397493354553	-0.00996430779712	0.0107278854658	-68.2520942170
5274.00000000	0.00397495316881	-0.00996408222129	0.0107276832171	-68.2515504694
5274.00000000	0.00397498530240	-0.00996384842285	0.0107274779677	-68.2509283667
5274.00000000	0.00397501800258	-0.00996367288970	0.0107273270470	-68.2504187456
5274.00000000	0.00397504993379	-0.00996361137195	0.0107272817408	-68.2501385846
5274.00000000	0.00397507787082	-0.00996368825257	0.0107273635006	-68.2501521526
5274.00000000	0.00397507948467	-0.00996389172548	0.0107275530866	-68.2505468462
5274.00000000	0.00397504276491	-0.00996415583472	0.0107277847891	-68.2512516876
5274.00000000	0.00397498614125	-0.00996438340018	0.0107279751756	-68.2519829182
5274.00000000	0.00397493934624	-0.00996451980445	0.0107280845326	-68.2524849759
5274.00000000	0.00397490907543	-0.00996458358822	0.0107281325609	-68.2527613535
5274.00000000	0.00397487855060	-0.00996461334569	0.0107281488907	-68.2529716585
5274.00000000	0.00397483502997	-0.00996463875081	0.0107281563630	-68.2532378174
5274.00000000	0.00397478458185	-0.00996469554128	0.0107281904207	-68.2536004434
5274.00000000	0.00397473648690	-0.00996480422293	0.0107282735490	-68.2540540695
5274.00000000	0.00397469829211	-0.00996493375525	0.0107283797127	-68.2544998335
5274.00000000	0.00397467712329	-0.00996503743687	0.0107284681736	-68.2548099844
5274.00000000	0.00397466265014	-0.00996510407519	0.0107285247081	-68.2550136254
5274.00000000	0.00397462717310	-0.00996514564844	0.0107285501798	-68.2552718622
5274.00000000	0.00397456342330	-0.00996515682491	0.0107285369436	-68.2556102053
5274.00000000	0.00397449295981	-0.00996512981277	0.0107284857493	-68.2559062982
5274.00000000	0.00397443882803	-0.00996509782564	0.0107284359844	-68.2561115366
5274.00000000	0.00397440422149	-0.00996510031876	0.0107284254799	-68.2562881373
5274.00000000	0.00397438149611	-0.00996513520738	0.0107284494676	-68.2564698930
5274.00000000	0.00397437223531	-0.00996516904874	0.0107284774705	-68.2565827840
5274.00000000	0.00397436348334	-0.00996518348478	0.0107284876373	-68.2566547589
5274.00000000	0.00397432464015	-0.00996519881039	0.0107284874831	-68.2568777631
5274.00000000	0.00397424560152	-0.00996523303819	0.0107284899966	-68.2573375552
5274.00000000	0.00397414161056	-0.00996528594395	0.0107285006168	-68.2579580759
5274.00000000	0.00397404643787	-0.00996533183901	0.0107285079928	-68.2585209826
5274.00000000	0.00397400905813	-0.00996532293818	0.0107284858790	-68.2586888017
5274.00000000	0.00397405445367	-0.00996522314938	0.0107284100042	-68.2582662039
5274.00000000	0.00397416426920	-0.00996503137845	0.0107282725549	-68.2573420603
5274.00000000	0.00397429497439	-0.00996480577661	0.0107281114232	-68.2562473313
5274.00000000	0.00397440934995	-0.00996462524531	0.0107279861093	-68.2553227538
5274.00000000	0.00397450345643	-0.00996453259578	0.0107279349167	-68.2546725954
5274.00000000	0.00397459215120	-0.00996452850295	0.0107279639753	-68.2542245058
5274.00000000	0.00397467122905	-0.00996458453722	0.0107280453196	-68.2539430999
5274.00000000	0.00397471369860	-0.00996466032507	0.0107281314487	-68.2538823852
5274.00000000	0.00397471812709	-0.00996472137862	0.0107281897981	-68.2539812233
5274.00000000	0.00397471450917	-0.00996475265692	0.0107282175101	-68.2540610600
5274.00000000	0.00397472883023	-0.00996476579327	0.0107282350174	-68.2540160115
5274.00000000	0.00397476432529	-0.00996478633374	0.0107282672468	-68.2538805784
5274.00000000	0.00397479880512	-0.00996481726748	0.0107283087537	-68.2537707472
5274.00000000	0.00397480145530	-0.00996482368341	0.0107283156949	-68.2537702959
5274.00000000	0.00397476488384	-0.00996479413028	0.0107282746954	-68.2538932345
5274.00000000	0.00397471859209	-0.00996476086309	0.0107282266449	-68.2540570436
5274.00000000	0.00397469682244	-0.00996474955626	0.0107282080773	-68.2541426617
5274.00000000	0.00397469616911	-0.00996476404965	0.0107282212972	-68.2541745801
