DevNumber	X [V]	Y [V]	R [V]	Theta [°]
4253.00000000	0.0434095729571	0.0604270127089	0.0744030569885	54.3072795663
4253.00000000	0.0434094802235	0.0604271479632	0.0744031127322	54.3073983321
4253.00000000	0.0434094355932	0.0604272234323	0.0744031479862	54.3074601522
4253.00000000	0.0434093975605	0.0604271973477	0.0744031046117	54.3074722191
4253.00000000	0.0434093330332	0.0604270905576	0.0744029802336	54.3074645965
4253.00000000	0.0434092693918	0.0604269475371	0.0744028269475	54.3074401418
4253.00000000	0.0434092170074	0.0604268163361	0.0744026898285	54.3074139569
4253.00000000	0.0434091722191	0.0604267452626	0.0744026059743	54.3074100360
4253.00000000	0.0434091419792	0.0604267546580	0.0744025959619	54.3074331700
4253.00000000	0.0434091260158	0.0604267901533	0.0744026154761	54.3074591017
4253.00000000	0.0434090997280	0.0604267687987	0.0744025827955	54.3074659483
4253.00000000	0.0434090878168	0.0604266854976	0.0744025081923	54.3074359715
4253.00000000	0.0434091664965	0.0604265998726	0.0744024845559	54.3073482925
4253.00000000	0.0434093040209	0.0604265342098	0.0744025114643	54.3072327794
4253.00000000	0.0434093183029	0.0604264363078	0.0744024402852	54.3071798603
4253.00000000	0.0434090932453	0.0604262318684	0.0744021429409	54.3072287636
4253.00000000	0.0434087234332	0.0604259535810	0.0744017011652	54.3073350217
4253.00000000	0.0434084105629	0.0604257235701	0.0744013318198	54.3074273580
4253.00000000	0.0434082628192	0.0604256161112	0.0744011583471	54.3074714813
4253.00000000	0.0434081978528	0.0604256057669	0.0744011120423	54.3075074661
4253.00000000	0.0434081027022	0.0604256379733	0.0744010826848	54.3075814473
4253.00000000	0.0434079848261	0.0604256952033	0.0744010603921	54.3076808850
4253.00000000	0.0434078778191	0.0604257627938	0.0744010528553	54.3077781798
4253.00000000	0.0434077931535	0.0604258276624	0.0744010561426	54.3078602784
4253.00000000	0.0434077723130	0.0604259015257	0.0744011039728	54.3079064993
4253.00000000	0.0434078563975	0.0604259979903	0.0744012313752	54.3078972504
4253.00000000	0.0434080736781	0.0604261129495	0.0744014515089	54.3078130050
4253.00000000	0.0434084103666	0.0604262502557	0.0744017594584	54.3076641186
4253.00000000	0.0434087971042	0.0604264148614	0.0744021187805	54.3074961966
4253.00000000	0.0434091722089	0.0604265945895	0.0744024835980	54.3073423461
4253.00000000	0.0434095144110	0.0604267895338	0.0744028415771	54.3072159117
4253.00000000	0.0434097746822	0.0604270016211	0.0744031656778	54.3071484218
4253.00000000	0.0434098639456	0.0604271965358	0.0744033760588	54.3071801680
4253.00000000	0.0434097753495	0.0604273231425	0.0744034271930	54.3072924605
4253.00000000	0.0434096231844	0.0604273438572	0.0744033552378	54.3073969342
4253.00000000	0.0434094550291	0.0604272345237	0.0744031683338	54.3074529798
4253.00000000	0.0434092195865	0.0604270437148	0.0744028760010	54.3075145028
4253.00000000	0.0434089687116	0.0604268957907	0.0744026094939	54.3076049457
4253.00000000	0.0434088576069	0.0604268825258	0.0744025338986	54.3076684738
4253.00000000	0.0434089218752	0.0604269552890	0.0744026304903	54.3076609703
4253.00000000	0.0434090468524	0.0604270037174	0.0744027427377	54.3076045646
4253.00000000	0.0434091121494	0.0604269857201	0.0744027662175	54.3075556402
4253.00000000	0.0434090390489	0.0604269306440	0.0744026788376	54.3075766140
4253.00000000	0.0434087868776	0.0604268393829	0.0744024575938	54.3076933264
4253.00000000	0.0434083597380	0.0604266566320	0.0744020599638	54.3078783648
4253.00000000	0.0434078548546	0.0604263776787	0.0744015388446	54.3080688065
4253.00000000	0.0434074635680	0.0604261224416	0.0744011032629	54.3081988578
4253.00000000	0.0434072937515	0.0604259865782	0.0744008938440	54.3082440264
4253.00000000	0.0434073298249	0.0604259875525	0.0744009156814	54.3082219022
4253.00000000	0.0434074385837	0.0604260663911	0.0744010431640	54.3081893011
4253.00000000	0.0434074255814	0.0604260921034	0.0744010564608	54.3082089857
4253.00000000	0.0434071889805	0.0604259605325	0.0744008115646	54.3082978530
4253.00000000	0.0434067720932	0.0604256407667	0.0744003086392	54.3084149266
4253.00000000	0.0434062952504	0.0604252003275	0.0743996727277	54.3085152833
4253.00000000	0.0434059083010	0.0604247993202	0.0743991212873	54.3085771334
4253.00000000	0.0434057203008	0.0604245237196	0.0743987877695	54.3085708935
4253.00000000	0.0434057293153	0.0604243554467	0.0743986563624	54.3084896498
4253.00000000	0.0434058042372	0.0604242730806	0.0743986331782	54.3084057813
4253.00000000	0.0434058197160	0.0604242808415	0.0743986485121	54.3083995868
4253.00000000	0.0434057462102	0.0604243322351	0.0743986473675	54.3084686535
4253.00000000	0.0434056289550	0.0604243632493	0.0743986041472	54.3085559277
4253.00000000	0.0434055174715	0.0604243625732	0.0743985385566	54.3086253533
4253.00000000	0.0434054723861	0.0604243616850	0.0743985115315	54.3086531538
4253.00000000	0.0434055759076	0.0604244399812	0.0743986355178	54.3086235830
4253.00000000	0.0434058342166	0.0604246547637	0.0743989606604	54.3085585213
4253.00000000	0.0434061429503	0.0604249579695	0.0743993870367	54.3085016501
4253.00000000	0.0434064306836	0.0604252779568	0.0743998147904	54.3084654542
4253.00000000	0.0434067360568	0.0604255813132	0.0744002393285	54.3084107535
4253.00000000	0.0434071215302	0.0604258685924	0.0744006975417	54.3082987316
4253.00000000	0.0434075562906	0.0604261278454	0.0744011617484	54.3081432929
4253.00000000	0.0434078708080	0.0604263005271	0.0744014854924	54.3080241651
4253.00000000	0.0434079348335	0.0604263418762	0.0744015564289	54.3080026989
4253.00000000	0.0434078061882	0.0604262810935	0.0744014320082	54.3080558496
4253.00000000	0.0434076111432	0.0604261782118	0.0744012346567	54.3081316150
4253.00000000	0.0434074224615	0.0604260704743	0.0744010370742	54.3082012192
4253.00000000	0.0434072823875	0.0604259674786	0.0744008717019	54.3082425527
4253.00000000	0.0434072399838	0.0604258961415	0.0744007890248	54.3082370227
4253.00000000	0.0434073001357	0.0604258731423	0.0744008054397	54.3081890675
4253.00000000	0.0434073422402	0.0604258886829	0.0744008426261	54.3081697157
4253.00000000	0.0434071846098	0.0604258747802	0.0744007393693	54.3082620587
4253.00000000	0.0434067702407	0.0604257664876	0.0744004096651	54.3084725708
4253.00000000	0.0434062390971	0.0604255967323	0.0743999619153	54.3087285075
4253.00000000	0.0434057443397	0.0604253884498	0.0743995041045	54.3089443790
4253.00000000	0.0434053399711	0.0604251119213	0.0743990436007	54.3090730552
4253.00000000	0.0434050511364	0.0604248152416	0.0743986341349	54.3091204159
4253.00000000	0.0434049257201	0.0604246244040	0.0743984059717	54.3091131177
4253.00000000	0.0434050389245	0.0604246235363	0.0743984713119	54.3090419215
4253.00000000	0.0434054214419	0.0604247875490	0.0743988276849	54.3088763586
4253.00000000	0.0434058984756	0.0604249982353	0.0743992771080	54.3086726511
4253.00000000	0.0434062300020	0.0604251320787	0.0743995792307	54.3085254296
4253.00000000	0.0434063783572	0.0604251801586	0.0743997048333	54.3084542417
4253.00000000	0.0434064626743	0.0604252006259	0.0743997706486	54.3084107008
4253.00000000	0.0434065703788	0.0604252371089	0.0743998631162	54.3083597280
4253.00000000	0.0434066625329	0.0604252795561	0.0743999513554	54.3083211611
4253.00000000	0.0434066738743	0.0604252909212	0.0743999672026	54.3083191740
4253.00000000	0.0434066172245	0.0604252713368	0.0743999182459	54.3083458066
4253.00000000	0.0434065206534	0.0604252285362	0.0743998271429	54.3083869774
4253.00000000	0.0434064021412	0.0604251709170	0.0743997112037	54.3084352135
4253.00000000	0.0434062720581	0.0604251230289	0.0743995964172	54.3084950591
4253.00000000	0.0434061372918	0.0604250929134	0.0743994933329	54.3085658192
5260.00000000	0.0410960984486	0.0646435249801	0.0766007482310	57.5544848947
5260.00000000	0.0410959415151	0.0646434998790	0.0766006428538	57.5545738817
5260.00000000	0.0410957830515	0.0646434802110	0.0766005412409	57.5546660151
5260.00000000	0.0410956193324	0.0646434116442	0.0766003955428	57.5547418437
5260.00000000	0.0410954571409	0.0646432967038	0.0766002115294	57.5547980992
5260.00000000	0.0410953570368	0.0646432227061	0.0766000953773	57.5548315933
5260.00000000	0.0410953798791	0.0646432381659	0.0766001206787	57.5548233784
5260.00000000	0.0410955175749	0.0646433185835	0.0766002624163	57.5547687317
5260.00000000	0.0410956873809	0.0646434289447	0.0766004466504	57.5547058323
5260.00000000	0.0410957931176	0.0646435334580	0.0766005915767	57.5546810286
5260.00000000	0.0410957955035	0.0646435865047	0.0766006376230	57.5547008095
5260.00000000	0.0410957160132	0.0646435502682	0.0766005643968	57.5547364444
5260.00000000	0.0410955839338	0.0646434188406	0.0766003826248	57.5547670760
5260.00000000	0.0410954060698	0.0646432343422	0.0766001315029	57.5548053117
5260.00000000	0.0410951712148	0.0646430485922	0.0765998487496	57.5548790198
5260.00000000	0.0410948657508	0.0646428597260	0.0765995254857	57.5549960488
5260.00000000	0.0410945249879	0.0646426402297	0.0765991574356	57.5551230692
5260.00000000	0.0410942733049	0.0646424273284	0.0765988427417	57.5551965064
5260.00000000	0.0410941805531	0.0646422956473	0.0765986818547	57.5552022128
5260.00000000	0.0410941738885	0.0646422529290	0.0765986422289	57.5551892773
5260.00000000	0.0410941655994	0.0646422565148	0.0765986408080	57.5551959487
5260.00000000	0.0410941421681	0.0646422834667	0.0765986509824	57.5552215551
5260.00000000	0.0410940872123	0.0646423079762	0.0765986421832	57.5552660811
5260.00000000	0.0410939975740	0.0646422864970	0.0765985759670	57.5553140453
5260.00000000	0.0410939243833	0.0646422070397	0.0765984696465	57.5553283611
5260.00000000	0.0410939181525	0.0646420940789	0.0765983709750	57.5552869640
5260.00000000	0.0410940158028	0.0646419906446	0.0765983360739	57.5551838151
5260.00000000	0.0410942455697	0.0646419495198	0.0765984246357	57.5550222728
5260.00000000	0.0410945577776	0.0646419762233	0.0765986146676	57.5548359098
5260.00000000	0.0410948707571	0.0646420525403	0.0765988469833	57.5546689704
5260.00000000	0.0410951564671	0.0646422078828	0.0765991313594	57.5545509582
5260.00000000	0.0410953747834	0.0646424328764	0.0765994383581	57.5545034387
5260.00000000	0.0410954177844	0.0646425994733	0.0765996020195	57.5545431496
5260.00000000	0.0410952380448	0.0646426041302	0.0765995095199	57.5546584758
5260.00000000	0.0410949249741	0.0646424714225	0.0765992295669	57.5548028420
5260.00000000	0.0410946051303	0.0646422861606	0.0765989016297	57.5549303951
5260.00000000	0.0410943708908	0.0646421304812	0.0765986445836	57.5550157835
5260.00000000	0.0410943107799	0.0646420865762	0.0765985752831	57.5550361092
5260.00000000	0.0410944790036	0.0646421897712	0.0765987526204	57.5549713309
5260.00000000	0.0410948127173	0.0646423848216	0.0765990962590	57.5548389502
5260.00000000	0.0410951216568	0.0646425548449	0.0765994054864	57.5547121659
5260.00000000	0.0410952568961	0.0646426264677	0.0765995384842	57.5546555401
5260.00000000	0.0410951881470	0.0646426148733	0.0765994918161	57.5546942840
5260.00000000	0.0410949283316	0.0646425355447	0.0765992854812	57.5548264544
5260.00000000	0.0410945029157	0.0646423717238	0.0765989190000	57.5550292530
5260.00000000	0.0410940240129	0.0646421693590	0.0765984912972	57.5552503494
5260.00000000	0.0410936820165	0.0646420295404	0.0765981898270	57.5554101255
5260.00000000	0.0410935660815	0.0646419808143	0.0765980865094	57.5554637560
5260.00000000	0.0410936489479	0.0646419890594	0.0765981379239	57.5554147553
5260.00000000	0.0410938112717	0.0646420105084	0.0765982431092	57.5553208960
5260.00000000	0.0410938383295	0.0646419686685	0.0765982223161	57.5552870257
5260.00000000	0.0410935958034	0.0646418163109	0.0765979636284	57.5553789800
5260.00000000	0.0410931543903	0.0646415862072	0.0765975326308	57.5555652841
5260.00000000	0.0410926775865	0.0646413398169	0.0765970689031	57.5557673954
5260.00000000	0.0410923058260	0.0646411523825	0.0765967112834	57.5559268576
5260.00000000	0.0410921541225	0.0646411056236	0.0765965904376	57.5560038587
5260.00000000	0.0410922397633	0.0646412021838	0.0765967178705	57.5559885456
5260.00000000	0.0410924107563	0.0646413569279	0.0765969401951	57.5559427016
5260.00000000	0.0410924988469	0.0646415042118	0.0765971117488	57.5559461972
5260.00000000	0.0410924811069	0.0646416359314	0.0765972133919	57.5560102538
5260.00000000	0.0410924293693	0.0646417383495	0.0765972720684	57.5560840131
5260.00000000	0.0410923907890	0.0646417707304	0.0765972786978	57.5561213614
5260.00000000	0.0410923871242	0.0646417276902	0.0765972404094	57.5561064033
5260.00000000	0.0410924475346	0.0646416790111	0.0765972317369	57.5560487341
5260.00000000	0.0410925702666	0.0646416859374	0.0765973034247	57.5559740377
5260.00000000	0.0410927230246	0.0646417718631	0.0765974578898	57.5559120890
5260.00000000	0.0410929144626	0.0646419586511	0.0765977182251	57.5558661985
5260.00000000	0.0410931759828	0.0646422508675	0.0765981051304	57.5558183760
5260.00000000	0.0410935168421	0.0646426251561	0.0765986038614	57.5557534057
5260.00000000	0.0410938930709	0.0646430095674	0.0765991301103	57.5556701716
5260.00000000	0.0410941873543	0.0646432647031	0.0765995032999	57.5555867897
5260.00000000	0.0410942988767	0.0646432913609	0.0765995856264	57.5555270897
5260.00000000	0.0410942377976	0.0646431129914	0.0765994023305	57.5554940684
5260.00000000	0.0410941048257	0.0646428531163	0.0765991116818	57.5554737214
5260.00000000	0.0410939796675	0.0646426303446	0.0765988565370	57.5554633312
5260.00000000	0.0410938821019	0.0646424831498	0.0765986799754	57.5554658514
5260.00000000	0.0410938218419	0.0646424206815	0.0765985949293	57.5554788224
5260.00000000	0.0410937747965	0.0646424020628	0.0765985539777	57.5555010481
5260.00000000	0.0410936383511	0.0646423011092	0.0765983955812	57.5555466673
5260.00000000	0.0410932906611	0.0646419933441	0.0765979493254	57.5556426436
5260.00000000	0.0410926992034	0.0646414736738	0.0765971934639	57.5558074654
5260.00000000	0.0410920266840	0.0646408889623	0.0765963392261	57.5559973613
5260.00000000	0.0410914836423	0.0646404056119	0.0765956399908	57.5561462014
5260.00000000	0.0410911361820	0.0646400657254	0.0765951667516	57.5562291493
5260.00000000	0.0410909699981	0.0646398809488	0.0765949216623	57.5562599073
5260.00000000	0.0410909829764	0.0646398910177	0.0765949371221	57.5562557550
5260.00000000	0.0410911477177	0.0646400588449	0.0765951671336	57.5562191060
5260.00000000	0.0410914333458	0.0646403090198	0.0765955314923	57.5561391902
5260.00000000	0.0410917630738	0.0646405746013	0.0765959325114	57.5560376187
5260.00000000	0.0410920202123	0.0646407652455	0.0765962313475	57.5559517997
5260.00000000	0.0410921480649	0.0646408437450	0.0765963661844	57.5559025920
5260.00000000	0.0410922329639	0.0646408994077	0.0765964587053	57.5558713353
5260.00000000	0.0410924098569	0.0646410647647	0.0765966931516	57.5558260260
5260.00000000	0.0410926484753	0.0646413348625	0.0765970491045	57.5557837839
5260.00000000	0.0410928243480	0.0646415834492	0.0765973532422	57.5557725188
5260.00000000	0.0410928811179	0.0646417130008	0.0765974930285	57.5557886704
5260.00000000	0.0410928373064	0.0646416843138	0.0765974453152	57.5558048149
5260.00000000	0.0410927414444	0.0646415348619	0.0765972677628	57.5558053547
5260.00000000	0.0410926216560	0.0646413725622	0.0765970665319	57.5558158426
5260.00000000	0.0410924852972	0.0646412847382	0.0765969192625	57.5558666775
5270.00000000	-0.00329346847244	0.0179911764978	0.0182901439676	100.373716906
5270.00000000	-0.00329345155525	0.0179911595626	0.0182901242629	100.373674330
5270.00000000	-0.00329341840994	0.0179912086152	0.0182901665455	100.373544527
5270.00000000	-0.00329339249946	0.0179912667780	0.0182902190920	100.373431879
5270.00000000	-0.00329339398833	0.0179912814596	0.0182902338017	100.373428185
5270.00000000	-0.00329342809012	0.0179912729365	0.0182902315584	100.373538074
5270.00000000	-0.00329348447715	0.0179912893697	0.0182902578765	100.373702554
5270.00000000	-0.00329354085345	0.0179913547397	0.0182903323295	100.373839397
5270.00000000	-0.00329357839399	0.0179914535883	0.0182904363222	100.373899314
5270.00000000	-0.00329360169172	0.0179915440364	0.0182905294871	100.373920082
5270.00000000	-0.00329363349151	0.0179915890864	0.0182905795269	100.373992655
5270.00000000	-0.00329368227295	0.0179915908726	0.0182905900682	100.374141959
5270.00000000	-0.00329373697797	0.0179915706899	0.0182905800665	100.374321908
5270.00000000	-0.00329378354945	0.0179915259616	0.0182905444560	100.374490641
5270.00000000	-0.00329381249086	0.0179914434754	0.0182904685302	100.374626351
5270.00000000	-0.00329381902080	0.0179913192393	0.0182903475011	100.374716556
5270.00000000	-0.00329379776404	0.0179911623114	0.0182901893108	100.374739585
5270.00000000	-0.00329374162160	0.0179910013780	0.0182900208981	100.374657376
5270.00000000	-0.00329365780003	0.0179908693336	0.0182898759176	100.374473577
5270.00000000	-0.00329357167618	0.0179907746877	0.0182897673099	100.374261583
5270.00000000	-0.00329350710781	0.0179907225489	0.0182897043962	100.374092030
5270.00000000	-0.00329346991755	0.0179907270381	0.0182897021150	100.373974897
5270.00000000	-0.00329345009002	0.0179907656916	0.0182897365663	100.373891995
5270.00000000	-0.00329343290947	0.0179907933915	0.0182897607197	100.373823428
5270.00000000	-0.00329341378918	0.0179908025108	0.0182897662470	100.373759365
5270.00000000	-0.00329339403045	0.0179908274378	0.0182897872086	100.373684418
5270.00000000	-0.00329337229367	0.0179908888928	0.0182898437451	100.373582771
5270.00000000	-0.00329335949932	0.0179909764317	0.0182899275492	100.373493967
5270.00000000	-0.00329336586790	0.0179910840912	0.0182900345959	100.373452864
5270.00000000	-0.00329338162022	0.0179912149900	0.0182901661915	100.373427567
5270.00000000	-0.00329338540686	0.0179913676934	0.0182903170809	100.373353101
5270.00000000	-0.00329337488300	0.0179915131849	0.0182904582995	100.373238609
5270.00000000	-0.00329337057851	0.0179915935988	0.0182905366239	100.373179988
5270.00000000	-0.00329339105505	0.0179915919090	0.0182905386488	100.373244037
5270.00000000	-0.00329342695235	0.0179915446140	0.0182904985905	100.373381325
5270.00000000	-0.00329345918424	0.0179914730703	0.0182904340200	100.373520997
5270.00000000	-0.00329347440809	0.0179913776960	0.0182903429459	100.373621705
5270.00000000	-0.00329346247461	0.0179912875148	0.0182902520899	100.373635802
5270.00000000	-0.00329342407731	0.0179912440000	0.0182902023723	100.373542031
5270.00000000	-0.00329336872681	0.0179912482139	0.0182901965507	100.373369097
5270.00000000	-0.00329331997129	0.0179912683793	0.0182902076076	100.373207488
5270.00000000	-0.00329330120703	0.0179912894829	0.0182902249876	100.373137764
5270.00000000	-0.00329331627821	0.0179913055319	0.0182902434880	100.373175152
5270.00000000	-0.00329335750180	0.0179912818179	0.0182902275843	100.373315554
5270.00000000	-0.00329341875857	0.0179911860992	0.0182901444602	100.373558302
5270.00000000	-0.00329349304783	0.0179910391869	0.0182900133264	100.373870088
5270.00000000	-0.00329356391692	0.0179908985493	0.0182898877494	100.374167801
5270.00000000	-0.00329361152346	0.0179908046408	0.0182898039490	100.374367473
5270.00000000	-0.00329362994413	0.0179907803452	0.0182897833677	100.374437941
5270.00000000	-0.00329363814159	0.0179908126837	0.0182898166537	100.374444958
5270.00000000	-0.00329365411387	0.0179908420214	0.0182898483881	100.374477626
5270.00000000	-0.00329367198342	0.0179908083018	0.0182898184378	100.374551712
5270.00000000	-0.00329366869352	0.0179906961454	0.0182897075225	100.374604846
5270.00000000	-0.00329362552385	0.0179905258150	0.0182895322027	100.374567911
5270.00000000	-0.00329354458700	0.0179903511255	0.0182893457938	100.374417053
5270.00000000	-0.00329345018521	0.0179902237118	0.0182892034634	100.374198030
5270.00000000	-0.00329336518652	0.0179901525856	0.0182891181937	100.373976225
5270.00000000	-0.00329330035890	0.0179901127413	0.0182890673272	100.373798931
5270.00000000	-0.00329326317867	0.0179900780135	0.0182890264721	100.373703948
5270.00000000	-0.00329324877984	0.0179900464254	0.0182889928075	100.373677396
5270.00000000	-0.00329324236457	0.0179900203914	0.0182889660439	100.373672313
5270.00000000	-0.00329323964022	0.0179899961755	0.0182889417333	100.373677578
5270.00000000	-0.00329323993490	0.0179899951534	0.0182889407809	100.373679063
5270.00000000	-0.00329323740134	0.0179900533973	0.0182889976165	100.373638399
5270.00000000	-0.00329323454683	0.0179901702433	0.0182891120387	100.373563689
5270.00000000	-0.00329325106465	0.0179902973442	0.0182892400363	100.373542892
5270.00000000	-0.00329329902077	0.0179903916332	0.0182893414194	100.373637482
5270.00000000	-0.00329335806617	0.0179904554349	0.0182894148104	100.373783441
5270.00000000	-0.00329339837113	0.0179905083041	0.0182894740731	100.373877818
5270.00000000	-0.00329341157570	0.0179905542276	0.0182895216237	100.373892602
5270.00000000	-0.00329341104987	0.0179905591306	0.0182895263519	100.373888215
5270.00000000	-0.00329341031869	0.0179905045245	0.0182894725067	100.373916766
5270.00000000	-0.00329341516573	0.0179904405310	0.0182894104321	100.373967802
5270.00000000	-0.00329341845522	0.0179904307441	0.0182894013975	100.373983460
5270.00000000	-0.00329340834141	0.0179904875994	0.0182894555022	100.373920221
5270.00000000	-0.00329338920265	0.0179905816116	0.0182895445314	100.373808212
5270.00000000	-0.00329337620711	0.0179906849503	0.0182896438408	100.373709872
5270.00000000	-0.00329337769898	0.0179907768628	0.0182897345195	100.373662622
5270.00000000	-0.00329339324642	0.0179908138579	0.0182897737095	100.373689663
5270.00000000	-0.00329341890410	0.0179907365260	0.0182897022618	100.373812348
5270.00000000	-0.00329344045172	0.0179905243186	0.0182894974034	100.373998455
5270.00000000	-0.00329344522855	0.0179902447259	0.0182892232413	100.374170901
5270.00000000	-0.00329343939976	0.0179900011259	0.0182889825739	100.374290364
5270.00000000	-0.00329343096199	0.0179898441847	0.0182888266789	100.374352900
5270.00000000	-0.00329341313214	0.0179897624858	0.0182887431048	100.374344047
5270.00000000	-0.00329338383488	0.0179897373857	0.0182887131393	100.374267924
5270.00000000	-0.00329335150603	0.0179897628921	0.0182887324071	100.374153908
5270.00000000	-0.00329332810623	0.0179898334805	0.0182887976278	100.374041977
5270.00000000	-0.00329332267078	0.0179899123400	0.0182888742194	100.373980739
5270.00000000	-0.00329332855605	0.0179899543734	0.0182889166255	100.373975163
5270.00000000	-0.00329332716678	0.0179899677423	0.0182889295257	100.373963340
5270.00000000	-0.00329331826963	0.0179899994715	0.0182889591341	100.373918023
5270.00000000	-0.00329331322580	0.0179900682756	0.0182890259053	100.373863666
5270.00000000	-0.00329331411928	0.0179901402092	0.0182890968240	100.373825840
5270.00000000	-0.00329332144163	0.0179901780800	0.0182891353942	100.373827041
5270.00000000	-0.00329334087143	0.0179901732561	0.0182891341479	100.373889636
5270.00000000	-0.00329336852780	0.0179901243871	0.0182890910579	100.374002429
5270.00000000	-0.00329339166077	0.0179900354912	0.0182890077808	100.374123865
5270.00000000	-0.00329340257872	0.0179899439512	0.0182889197033	100.374209151
5270.00000000	-0.00329339822350	0.0179898983839	0.0182888740966	100.374221437
5274.00000000	-0.0120338277924	0.0137376177523	0.0182629448021	131.217591993
5274.00000000	-0.0120338350469	0.0137375411460	0.0182628919581	131.217767475
5274.00000000	-0.0120338039533	0.0137374930941	0.0182628353247	131.217793431
5274.00000000	-0.0120337470417	0.0137374700942	0.0182627805235	131.217706671
5274.00000000	-0.0120336865432	0.0137374493757	0.0182627250751	131.217606730
5274.00000000	-0.0120336420103	0.0137374262718	0.0182626783524	131.217549397
5274.00000000	-0.0120336208417	0.0137374168828	0.0182626573415	131.217518850
5274.00000000	-0.0120336156855	0.0137374322932	0.0182626655359	131.217474824
5274.00000000	-0.0120336213268	0.0137374690400	0.0182626968945	131.217412173
5274.00000000	-0.0120336417198	0.0137375046343	0.0182627371064	131.217386718
5274.00000000	-0.0120336696360	0.0137375047401	0.0182627555805	131.217452379
5274.00000000	-0.0120336963094	0.0137374719625	0.0182627485004	131.217583085
5274.00000000	-0.0120337265558	0.0137374525053	0.0182627537944	131.217694686
5274.00000000	-0.0120337560086	0.0137374651374	0.0182627827036	131.217738079
5274.00000000	-0.0120337654174	0.0137374830142	0.0182628023503	131.217723327
5274.00000000	-0.0120337417922	0.0137374842468	0.0182627877103	131.217665026
5274.00000000	-0.0120336858470	0.0137374707920	0.0182627407260	131.217560814
5274.00000000	-0.0120336081005	0.0137374577840	0.0182626797126	131.217404229
5274.00000000	-0.0120335196481	0.0137374528220	0.0182626176973	131.217205744
5274.00000000	-0.0120334283282	0.0137374422089	0.0182625495420	131.217012172
5274.00000000	-0.0120333519811	0.0137374254250	0.0182624866108	131.216866691
5274.00000000	-0.0120333085799	0.0137374291500	0.0182624608153	131.216756565
5274.00000000	-0.0120332996656	0.0137374579386	0.0182624765970	131.216676015
5274.00000000	-0.0120333128133	0.0137374987962	0.0182625159942	131.216622581
5274.00000000	-0.0120333312664	0.0137375579649	0.0182625726612	131.216543816
5274.00000000	-0.0120333373634	0.0137376415488	0.0182626395524	131.216385420
5274.00000000	-0.0120333130446	0.0137377470168	0.0182627028648	131.216110006
5274.00000000	-0.0120332662121	0.0137378864189	0.0182627768696	131.215711315
5274.00000000	-0.0120332172014	0.0137380629893	0.0182628773996	131.215230655
5274.00000000	-0.0120331724656	0.0137382487371	0.0182629876513	131.214741119
5274.00000000	-0.0120331273980	0.0137384191760	0.0182630861694	131.214282450
5274.00000000	-0.0120330797940	0.0137385519819	0.0182631547080	131.213895589
5274.00000000	-0.0120330287246	0.0137386173194	0.0182631702104	131.213640010
5274.00000000	-0.0120329782481	0.0137386154050	0.0182631355130	131.213524842
5274.00000000	-0.0120329376367	0.0137385757626	0.0182630789342	131.213510940
5274.00000000	-0.0120329119465	0.0137385083093	0.0182630112653	131.213589739
5274.00000000	-0.0120328958428	0.0137384096342	0.0182629264260	131.213755700
5274.00000000	-0.0120328765849	0.0137383090667	0.0182628380850	131.213918130
5274.00000000	-0.0120328551923	0.0137382642244	0.0182627902572	131.213960335
5274.00000000	-0.0120328366820	0.0137382886961	0.0182627964702	131.213866065
5274.00000000	-0.0120328261661	0.0137383465384	0.0182628330538	131.213721683
5274.00000000	-0.0120328327592	0.0137384076280	0.0182628833530	131.213610967
5274.00000000	-0.0120328525683	0.0137384377281	0.0182629190476	131.213595499
5274.00000000	-0.0120328698143	0.0137383857763	0.0182628913293	131.213743587
5274.00000000	-0.0120328701844	0.0137382290964	0.0182627737099	131.214068329
5274.00000000	-0.0120328394547	0.0137379998374	0.0182625810025	131.214469708
5274.00000000	-0.0120327918309	0.0137377936163	0.0182623944950	131.214783601
5274.00000000	-0.0120327595659	0.0137376948656	0.0182622989514	131.214911587
5274.00000000	-0.0120327574427	0.0137377194622	0.0182623160551	131.214855731
5274.00000000	-0.0120327813613	0.0137378166176	0.0182624048994	131.214711345
5274.00000000	-0.0120328044242	0.0137378968336	0.0182624804373	131.214599957
5274.00000000	-0.0120327982192	0.0137378903859	0.0182624714986	131.214598640
5274.00000000	-0.0120327598738	0.0137377984352	0.0182623770639	131.214698219
5274.00000000	-0.0120327010964	0.0137376724542	0.0182622435679	131.214819923
5274.00000000	-0.0120326281561	0.0137375559803	0.0182621078918	131.214888550
5274.00000000	-0.0120325598291	0.0137374687408	0.0182619972469	131.214907633
5274.00000000	-0.0120325189075	0.0137374109354	0.0182619268005	131.214930549
5274.00000000	-0.0120325038027	0.0137373636014	0.0182618812415	131.214992750
5274.00000000	-0.0120324974845	0.0137373140403	0.0182618397966	131.215080292
5274.00000000	-0.0120324918673	0.0137372697649	0.0182618027897	131.215158563
5274.00000000	-0.0120324869066	0.0137372373556	0.0182617751415	131.215213853
5274.00000000	-0.0120324901243	0.0137372198815	0.0182617641170	131.215257570
5274.00000000	-0.0120325150558	0.0137372311619	0.0182617890297	131.215293092
5274.00000000	-0.0120325610250	0.0137372902046	0.0182618637326	131.215279530
5274.00000000	-0.0120326148071	0.0137373906382	0.0182619747191	131.215198842
5274.00000000	-0.0120326560975	0.0137374845784	0.0182620725905	131.215102097
5274.00000000	-0.0120326643128	0.0137375256252	0.0182621088806	131.215036634
5274.00000000	-0.0120326397201	0.0137375251506	0.0182620923198	131.214979574
5274.00000000	-0.0120326047627	0.0137375429561	0.0182620826810	131.214860263
5274.00000000	-0.0120325780895	0.0137376001557	0.0182621081346	131.214679069
5274.00000000	-0.0120325583075	0.0137376422575	0.0182621267715	131.214545349
5274.00000000	-0.0120325505956	0.0137376385324	0.0182621188881	131.214534849
5274.00000000	-0.0120325694409	0.0137376204656	0.0182621177142	131.214616673
5274.00000000	-0.0120326058802	0.0137376226795	0.0182621433888	131.214698097
5274.00000000	-0.0120326308939	0.0137376646733	0.0182621914595	131.214670323
5274.00000000	-0.0120326400108	0.0137377486595	0.0182622606448	131.214518226
5274.00000000	-0.0120326513340	0.0137378681789	0.0182623580139	131.214297885
5274.00000000	-0.0120326769204	0.0137380024385	0.0182624758691	131.214080739
5274.00000000	-0.0120327039516	0.0137380932577	0.0182625619983	131.213956802
5274.00000000	-0.0120327035755	0.0137380660197	0.0182625412606	131.214012218
5274.00000000	-0.0120326541259	0.0137378795759	0.0182623684267	131.214280915
5274.00000000	-0.0120325644905	0.0137375956054	0.0182620957514	131.214656380
5274.00000000	-0.0120324718823	0.0137373379980	0.0182618409496	131.214970342
5274.00000000	-0.0120324086568	0.0137371726269	0.0182616748922	131.215162983
5274.00000000	-0.0120323763033	0.0137370878260	0.0182615897841	131.215261929
5274.00000000	-0.0120323627784	0.0137370687092	0.0182615664923	131.215269528
5274.00000000	-0.0120323650691	0.0137371292508	0.0182616135434	131.215149779
5274.00000000	-0.0120323851089	0.0137372603509	0.0182617253664	131.214926059
5274.00000000	-0.0120324078619	0.0137373952358	0.0182618418244	131.214700921
5274.00000000	-0.0120323990395	0.0137374661180	0.0182618893324	131.214533571
5274.00000000	-0.0120323464385	0.0137374701582	0.0182618577139	131.214401073
5274.00000000	-0.0120322782541	0.0137374504622	0.0182617979724	131.214280863
5274.00000000	-0.0120322361055	0.0137374379792	0.0182617608114	131.214207190
5274.00000000	-0.0120322303528	0.0137374210712	0.0182617443020	131.214228565
5274.00000000	-0.0120322467982	0.0137373894394	0.0182617313424	131.214332769
5274.00000000	-0.0120322812618	0.0137373521788	0.0182617260205	131.214491134
5274.00000000	-0.0120323443540	0.0137373110883	0.0182617366806	131.214724985
5274.00000000	-0.0120324340118	0.0137372645395	0.0182617607386	131.215032818
5274.00000000	-0.0120325265804	0.0137372283277	0.0182617944912	131.215326151
5274.00000000	-0.0120325930987	0.0137372179879	0.0182618305415	131.215504517
