DevNumber	X [V]	Y [V]	R [V]	Theta [°]
4253.00000000	0.0676477735753	-0.0657270115583	0.0943199942646	-44.1749268815
4253.00000000	0.0676478660476	-0.0657270726777	0.0943201031784	-44.1749143656
4253.00000000	0.0676479653765	-0.0657271425437	0.0943202231049	-44.1749027580
4253.00000000	0.0676479798291	-0.0657271293757	0.0943202242943	-44.1748909030
4253.00000000	0.0676479475670	-0.0657270968739	0.0943201785065	-44.1748903995
4253.00000000	0.0676479260209	-0.0657270926974	0.0943201601429	-44.1748977005
4253.00000000	0.0676478903960	-0.0657270662923	0.0943201161917	-44.1749012767
4253.00000000	0.0676477779604	-0.0657269245362	0.0943199367683	-44.1748871114
4253.00000000	0.0676475881881	-0.0657266361117	0.0943195996717	-44.1748417826
4253.00000000	0.0676474138775	-0.0657263154415	0.0943192511942	-44.1747758593
4253.00000000	0.0676473601188	-0.0657261066818	0.0943190671634	-44.1747076623
4253.00000000	0.0676474200263	-0.0657260364119	0.0943190611628	-44.1746516870
4253.00000000	0.0676474855417	-0.0657260057173	0.0943190867622	-44.1746105803
4253.00000000	0.0676474782953	-0.0657258759307	0.0943189911236	-44.1745571014
4253.00000000	0.0676474271294	-0.0657256866150	0.0943188225024	-44.1744962777
4253.00000000	0.0676473942389	-0.0657256190988	0.0943187518643	-44.1744807846
4253.00000000	0.0676474120958	-0.0657257755293	0.0943188736796	-44.1745413806
4253.00000000	0.0676474802062	-0.0657260921865	0.0943191431914	-44.1746505124
4253.00000000	0.0676475361806	-0.0657264053903	0.0943194015928	-44.1747632763
4253.00000000	0.0676475178810	-0.0657265877418	0.0943195155397	-44.1748504704
4253.00000000	0.0676474598918	-0.0657266216592	0.0943194975842	-44.1748897952
4253.00000000	0.0676474802075	-0.0657266088155	0.0943195032048	-44.1748755995
4253.00000000	0.0676476487331	-0.0657266622732	0.0943196613262	-44.1748275513
4253.00000000	0.0676478881109	-0.0657267380016	0.0943198857835	-44.1747592138
4253.00000000	0.0676480349646	-0.0657266911325	0.0943199584489	-44.1746766291
4253.00000000	0.0676479918928	-0.0657264281919	0.0943197443274	-44.1745803028
4253.00000000	0.0676477995890	-0.0657260418306	0.0943193371687	-44.1744933747
4253.00000000	0.0676475854901	-0.0657257338395	0.0943189689903	-44.1744498169
4253.00000000	0.0676474402119	-0.0657255845843	0.0943187607858	-44.1744462860
4253.00000000	0.0676473738626	-0.0657255293898	0.0943186747366	-44.1744503248
4253.00000000	0.0676473559246	-0.0657254849086	0.0943186308745	-44.1744385381
4253.00000000	0.0676473627779	-0.0657254382043	0.0943186032443	-44.1744152884
4253.00000000	0.0676474254495	-0.0657254651972	0.0943186670036	-44.1744005193
4253.00000000	0.0676475740848	-0.0657256274324	0.0943188866608	-44.1744082845
4253.00000000	0.0676477867575	-0.0657259045976	0.0943192323356	-44.1744390157
4253.00000000	0.0676480444140	-0.0657263343556	0.0943197166072	-44.1745171871
4253.00000000	0.0676483703972	-0.0657269471378	0.0943203774243	-44.1746461749
4253.00000000	0.0676487225797	-0.0657276203724	0.0943210991585	-44.1747904083
4253.00000000	0.0676489655984	-0.0657281766084	0.0943216610689	-44.1749298758
4253.00000000	0.0676490155851	-0.0657285601813	0.0943219642138	-44.1750758283
4253.00000000	0.0676489133871	-0.0657287829973	0.0943220461863	-44.1752161633
4253.00000000	0.0676487548151	-0.0657288203652	0.0943219584966	-44.1752995675
4253.00000000	0.0676485544870	-0.0657286269491	0.0943216800359	-44.1753001018
4253.00000000	0.0676482825383	-0.0657282434285	0.0943212177327	-44.1752481304
4253.00000000	0.0676480315416	-0.0657278267330	0.0943207473385	-44.1751728359
4253.00000000	0.0676479229631	-0.0657275005016	0.0943204421290	-44.1750766667
4253.00000000	0.0676479224222	-0.0657272462105	0.0943202645377	-44.1749661064
4253.00000000	0.0676478939672	-0.0657270096780	0.0943200793014	-44.1748750992
4253.00000000	0.0676477391496	-0.0657267589452	0.0943197935403	-44.1748313953
4253.00000000	0.0676474769768	-0.0657264913180	0.0943194190096	-44.1748257753
4253.00000000	0.0676472257762	-0.0657263274416	0.0943191246470	-44.1748607134
4253.00000000	0.0676471235381	-0.0657264465760	0.0943191343392	-44.1749558973
4253.00000000	0.0676472684047	-0.0657269250962	0.0943195716976	-44.1751030564
4253.00000000	0.0676476389510	-0.0657276801561	0.0943203636250	-44.1752751634
4253.00000000	0.0676480838416	-0.0657284318692	0.0943212065414	-44.1754143387
4253.00000000	0.0676484385226	-0.0657288834805	0.0943217756308	-44.1754609532
4253.00000000	0.0676486129841	-0.0657289296439	0.0943219329255	-44.1754072145
4253.00000000	0.0676485702147	-0.0657286570772	0.0943217123110	-44.1753065701
4253.00000000	0.0676483181946	-0.0657282349194	0.0943212373762	-44.1752293297
4253.00000000	0.0676479513102	-0.0657278460058	0.0943207032259	-44.1752151952
4253.00000000	0.0676475874137	-0.0657275773300	0.0943202550069	-44.1752521807
4253.00000000	0.0676472981142	-0.0657274171630	0.0943199359047	-44.1753048637
4253.00000000	0.0676471311184	-0.0657273150197	0.0943197449543	-44.1753310537
4253.00000000	0.0676470826393	-0.0657271916842	0.0943196242375	-44.1752978408
4253.00000000	0.0676470391178	-0.0657269797174	0.0943194453131	-44.1752239143
4253.00000000	0.0676468896367	-0.0657266639977	0.0943191180927	-44.1751496385
4253.00000000	0.0676466656958	-0.0657263250775	0.0943187213015	-44.1750967741
4253.00000000	0.0676464584522	-0.0657261079589	0.0943184213638	-44.1750899085
4253.00000000	0.0676463356573	-0.0657261450463	0.0943183591382	-44.1751580484
4253.00000000	0.0676463382781	-0.0657264251131	0.0943185561837	-44.1752789602
4253.00000000	0.0676464305688	-0.0657267235051	0.0943188303120	-44.1753698963
4253.00000000	0.0676465467391	-0.0657268544601	0.0943190048874	-44.1753777741
4253.00000000	0.0676466673105	-0.0657268514534	0.0943190892672	-44.1753254241
4253.00000000	0.0676467717453	-0.0657268356600	0.0943191531633	-44.1752743342
4253.00000000	0.0676468496393	-0.0657269232603	0.0943192700745	-44.1752795262
4253.00000000	0.0676469659558	-0.0657271686067	0.0943195244691	-44.1753371803
4253.00000000	0.0676471589039	-0.0657275225665	0.0943199095128	-44.1754097154
4253.00000000	0.0676473531203	-0.0657278349261	0.0943202664768	-44.1754635887
4253.00000000	0.0676474541368	-0.0657279266145	0.0943204028205	-44.1754607735
4253.00000000	0.0676474556094	-0.0657277501541	0.0943202809089	-44.1753832706
4253.00000000	0.0676473782181	-0.0657273493285	0.0943199460853	-44.1752414005
4253.00000000	0.0676472257872	-0.0657268190734	0.0943194672494	-44.1750749048
4253.00000000	0.0676470319656	-0.0657263515761	0.0943190024611	-44.1749532712
4253.00000000	0.0676468588995	-0.0657261204904	0.0943187173030	-44.1749258520
4253.00000000	0.0676467501396	-0.0657261319426	0.0943186472793	-44.1749768814
4253.00000000	0.0676466968436	-0.0657262643746	0.0943187013401	-44.1750571414
4253.00000000	0.0676466682806	-0.0657264194548	0.0943187889226	-44.1751367987
4253.00000000	0.0676466397783	-0.0657265222543	0.0943188401166	-44.1751936524
4253.00000000	0.0676465857108	-0.0657264934611	0.0943187812740	-44.1752039954
4253.00000000	0.0676465208287	-0.0657263586606	0.0943186408034	-44.1751727307
4253.00000000	0.0676464749653	-0.0657261944034	0.0943184934463	-44.1751205809
4253.00000000	0.0676464448285	-0.0657259911691	0.0943183302073	-44.1750447918
4253.00000000	0.0676463951650	-0.0657257061056	0.0943180959408	-44.1749416164
4253.00000000	0.0676463115604	-0.0657254095093	0.0943178292948	-44.1748477836
4253.00000000	0.0676462168165	-0.0657251972972	0.0943176134630	-44.1747954314
4253.00000000	0.0676461410038	-0.0657250814570	0.0943174783656	-44.1747770536
4253.00000000	0.0676461054978	-0.0657250145297	0.0943174062618	-44.1747629242
4253.00000000	0.0676461044124	-0.0657249189810	0.0943173389002	-44.1747217537
4253.00000000	0.0676461179981	-0.0657247200793	0.0943172100400	-44.1746293420
4253.00000000	0.0676461233773	-0.0657243953793	0.0943169876319	-44.1744855941
5260.00000000	0.0106041593766	-0.172111595550	0.172437958463	-86.4743425441
5260.00000000	0.0106040188479	-0.172111328235	0.172437683012	-86.4743836871
5260.00000000	0.0106039746950	-0.172111127330	0.172437479772	-86.4743942250
5260.00000000	0.0106039970134	-0.172110991085	0.172437345157	-86.4743840394
5260.00000000	0.0106039909612	-0.172110999561	0.172437353245	-86.4743862197
5260.00000000	0.0106039105937	-0.172111075443	0.172437424041	-86.4744144234
5260.00000000	0.0106038549456	-0.172110929928	0.172437275380	-86.4744299053
5260.00000000	0.0106039538194	-0.172110337711	0.172436690363	-86.4743850140
5260.00000000	0.0106042267016	-0.172109379992	0.172435751239	-86.4742749450
5260.00000000	0.0106046112436	-0.172108443623	0.172434840291	-86.4741282796
5260.00000000	0.0106050386184	-0.172107858109	0.172434282168	-86.4739745772
5260.00000000	0.0106054361413	-0.172107698653	0.172434147463	-86.4738394812
5260.00000000	0.0106057078332	-0.172107788169	0.172434253520	-86.4737512048
5260.00000000	0.0106058401161	-0.172107871909	0.172434345238	-86.4737090450
5260.00000000	0.0106058823213	-0.172107840638	0.172434316622	-86.4736944086
5260.00000000	0.0106057669152	-0.172107721922	0.172434191032	-86.4737302565
5260.00000000	0.0106054330192	-0.172107686462	0.172434135103	-86.4738402675
5260.00000000	0.0106050116666	-0.172107901744	0.172434324064	-86.4739844074
5260.00000000	0.0106047135618	-0.172108260728	0.172434664034	-86.4740906087
5260.00000000	0.0106046054034	-0.172108576220	0.172434972277	-86.4741329260
5260.00000000	0.0106045777887	-0.172108873488	0.172435267284	-86.4741481589
5260.00000000	0.0106045167014	-0.172109294913	0.172435684155	-86.4741770297
5260.00000000	0.0106044247417	-0.172109829307	0.172436211882	-86.4742184475
5260.00000000	0.0106043753858	-0.172110345858	0.172436724420	-86.4742453711
5260.00000000	0.0106044265684	-0.172110719064	0.172437100067	-86.4742360228
5260.00000000	0.0106045857456	-0.172110758242	0.172437148960	-86.4741840336
5260.00000000	0.0106047997554	-0.172110424971	0.172436829481	-86.4741062488
5260.00000000	0.0106049639137	-0.172109857715	0.172436273395	-86.4740402152
5260.00000000	0.0106050365979	-0.172109267853	0.172435689119	-86.4740040560
5260.00000000	0.0106050661210	-0.172108892636	0.172435316429	-86.4739865972
5260.00000000	0.0106051171803	-0.172108849851	0.172435276864	-86.4739687892
5260.00000000	0.0106052079715	-0.172109135846	0.172435567903	-86.4739445233
5260.00000000	0.0106053371999	-0.172109663224	0.172436102230	-86.4739124428
5260.00000000	0.0106054649909	-0.172110283512	0.172436729203	-86.4738827379
5260.00000000	0.0106055155828	-0.172110862991	0.172437310697	-86.4738778017
5260.00000000	0.0106054389609	-0.172111462034	0.172437903893	-86.4739154544
5260.00000000	0.0106052698779	-0.172112167933	0.172438598057	-86.4739859543
5260.00000000	0.0106050831441	-0.172112884262	0.172439301546	-86.4740625203
5260.00000000	0.0106048977813	-0.172113416421	0.172439821297	-86.4741348677
5260.00000000	0.0106047050999	-0.172113701825	0.172440094312	-86.4742045998
5260.00000000	0.0106045597204	-0.172113805724	0.172440189073	-86.4742549358
5260.00000000	0.0106045216578	-0.172113653663	0.172440034960	-86.4742644517
5260.00000000	0.0106045839535	-0.172113141796	0.172439527892	-86.4742333329
5260.00000000	0.0106047051034	-0.172112489601	0.172438884382	-86.4741798283
5260.00000000	0.0106048567864	-0.172111979558	0.172438384633	-86.4741191021
5260.00000000	0.0106050404827	-0.172111638460	0.172438055478	-86.4740512110
5260.00000000	0.0106052075840	-0.172111349068	0.172437776911	-86.4739898798
5260.00000000	0.0106053187734	-0.172111017330	0.172437452640	-86.4739462257
5260.00000000	0.0106054213365	-0.172110646597	0.172437088916	-86.4739046354
5260.00000000	0.0106055007587	-0.172110286264	0.172436734150	-86.4738709320
5260.00000000	0.0106054390302	-0.172110197021	0.172436641279	-86.4738895801
5260.00000000	0.0106052004966	-0.172110624911	0.172437053689	-86.4739774320
5260.00000000	0.0106048552186	-0.172111479252	0.172437885177	-86.4741093986
5260.00000000	0.0106044798385	-0.172112544613	0.172438925437	-86.4742556589
5260.00000000	0.0106041934951	-0.172113475962	0.172439837414	-86.4743696514
5260.00000000	0.0106041108381	-0.172113917437	0.172440272970	-86.4744060838
5260.00000000	0.0106042498379	-0.172113795941	0.172440160252	-86.4743575041
5260.00000000	0.0106045182292	-0.172113274322	0.172439656126	-86.4742578375
5260.00000000	0.0106047921043	-0.172112714047	0.172439113754	-86.4741555618
5260.00000000	0.0106049858310	-0.172112397541	0.172438809761	-86.4740848471
5260.00000000	0.0106050651586	-0.172112240321	0.172438657717	-86.4740553263
5260.00000000	0.0106050425742	-0.172111995888	0.172438412358	-86.4740578213
5260.00000000	0.0106049826725	-0.172111584656	0.172437998221	-86.4740692837
5260.00000000	0.0106049437345	-0.172111132572	0.172437544597	-86.4740729589
5260.00000000	0.0106049285375	-0.172110741999	0.172437153829	-86.4740700176
5260.00000000	0.0106049224954	-0.172110349021	0.172436761224	-86.4740639911
5260.00000000	0.0106049794465	-0.172110029304	0.172436445614	-86.4740385703
5260.00000000	0.0106051461761	-0.172109979730	0.172436406388	-86.4739822625
5260.00000000	0.0106053289846	-0.172110267771	0.172436705127	-86.4739275217
5260.00000000	0.0106054162973	-0.172110768867	0.172437210644	-86.4739088053
5260.00000000	0.0106054102910	-0.172111201453	0.172437642042	-86.4739196374
5260.00000000	0.0106053284044	-0.172111402530	0.172437837702	-86.4739509034
5260.00000000	0.0106051715590	-0.172111408590	0.172437834105	-86.4740030435
5260.00000000	0.0106049563889	-0.172111374816	0.172437787161	-86.4740737124
5260.00000000	0.0106047069601	-0.172111485842	0.172437882638	-86.4741587018
5260.00000000	0.0106044889387	-0.172111769176	0.172438152027	-86.4742367960
5260.00000000	0.0106043999941	-0.172112131431	0.172438508126	-86.4742736956
5260.00000000	0.0106045324932	-0.172112430226	0.172438814504	-86.4742358593
5260.00000000	0.0106048701942	-0.172112399082	0.172438804188	-86.4741232282
5260.00000000	0.0106052405139	-0.172111862968	0.172438291863	-86.4739894605
5260.00000000	0.0106055009777	-0.172110928470	0.172437375153	-86.4738839834
5260.00000000	0.0106056742121	-0.172109889959	0.172436349264	-86.4738053085
5260.00000000	0.0106057944296	-0.172109066641	0.172435534898	-86.4737486134
5260.00000000	0.0106058428107	-0.172108670805	0.172435142787	-86.4737244784
5260.00000000	0.0106058610793	-0.172108782587	0.172435255481	-86.4737207042
5260.00000000	0.0106058770578	-0.172109270562	0.172435743515	-86.4737253777
5260.00000000	0.0106058375813	-0.172109926755	0.172436396037	-86.4737518803
5260.00000000	0.0106057253777	-0.172110414552	0.172436876010	-86.4737990606
5260.00000000	0.0106056222345	-0.172110427345	0.172436882435	-86.4738335287
5260.00000000	0.0106056079958	-0.172110069445	0.172436524337	-86.4738309367
5260.00000000	0.0106056873651	-0.172109684240	0.172436144743	-86.4737967423
5260.00000000	0.0106058191706	-0.172109418667	0.172435887779	-86.4737476024
5260.00000000	0.0106059480033	-0.172109124463	0.172435602056	-86.4736988632
5260.00000000	0.0106060115931	-0.172108745921	0.172435228142	-86.4736700377
5260.00000000	0.0106059860887	-0.172108317293	0.172434798757	-86.4736697361
5260.00000000	0.0106058910610	-0.172107837560	0.172434314088	-86.4736914473
5260.00000000	0.0106057829084	-0.172107404912	0.172433875606	-86.4737184736
5260.00000000	0.0106057458218	-0.172107121118	0.172433590069	-86.4737249734
5260.00000000	0.0106058700937	-0.172106884918	0.172433361960	-86.4736789315
5260.00000000	0.0106061258994	-0.172106585270	0.172433078613	-86.4735879697
5270.00000000	-0.0363447417972	-0.0276302035628	0.0456548836952	-142.756973073
5270.00000000	-0.0363447807735	-0.0276301615858	0.0456548893190	-142.757044614
5270.00000000	-0.0363448129727	-0.0276301079276	0.0456548824784	-142.757122677
5270.00000000	-0.0363447883269	-0.0276300459262	0.0456548253355	-142.757165901
5270.00000000	-0.0363447350368	-0.0276300072409	0.0456547595003	-142.757164076
5270.00000000	-0.0363446586057	-0.0276299938921	0.0456546905766	-142.757119362
5270.00000000	-0.0363444973181	-0.0276299571635	0.0456545399512	-142.757033557
5270.00000000	-0.0363442130506	-0.0276298581782	0.0456542537472	-142.756916544
5270.00000000	-0.0363438420477	-0.0276297047228	0.0456538655303	-142.756788071
5270.00000000	-0.0363434967594	-0.0276295421163	0.0456534922460	-142.756688271
5270.00000000	-0.0363432828978	-0.0276294188107	0.0456532473720	-142.756649027
5270.00000000	-0.0363432278301	-0.0276293643164	0.0456531705541	-142.756661646
5270.00000000	-0.0363432676630	-0.0276293767650	0.0456532097979	-142.756679463
5270.00000000	-0.0363433069894	-0.0276294306397	0.0456532737095	-142.756655508
5270.00000000	-0.0363433530515	-0.0276295098079	0.0456533582911	-142.756611398
5270.00000000	-0.0363434797848	-0.0276296094683	0.0456535194945	-142.756608088
5270.00000000	-0.0363437129647	-0.0276297287560	0.0456537773157	-142.756666018
5270.00000000	-0.0363439825424	-0.0276298498201	0.0456540651873	-142.756749818
5270.00000000	-0.0363441857475	-0.0276299493897	0.0456542872129	-142.756804680
5270.00000000	-0.0363442719779	-0.0276300099146	0.0456543924884	-142.756809706
5270.00000000	-0.0363442761033	-0.0276300234994	0.0456544039940	-142.756799267
5270.00000000	-0.0363442862242	-0.0276300127629	0.0456544055533	-142.756817680
5270.00000000	-0.0363443510816	-0.0276299908737	0.0456544439373	-142.756888809
5270.00000000	-0.0363444339987	-0.0276299576557	0.0456544898421	-142.756984973
5270.00000000	-0.0363444663577	-0.0276299265843	0.0456544967980	-142.757040592
5270.00000000	-0.0363444217398	-0.0276299184177	0.0456544563363	-142.757014864
5270.00000000	-0.0363443417211	-0.0276299488431	0.0456544110488	-142.756923691
5270.00000000	-0.0363442538546	-0.0276300019153	0.0456543732198	-142.756803932
5270.00000000	-0.0363441415030	-0.0276300512583	0.0456543136421	-142.756669302
5270.00000000	-0.0363440104700	-0.0276300931537	0.0456542346856	-142.756527923
5270.00000000	-0.0363438915122	-0.0276301238337	0.0456541585545	-142.756406920
5270.00000000	-0.0363438160414	-0.0276301367273	0.0456541062778	-142.756336716
5270.00000000	-0.0363437919611	-0.0276301349035	0.0456540860045	-142.756320249
5270.00000000	-0.0363438113525	-0.0276301180954	0.0456540912689	-142.756351769
5270.00000000	-0.0363438734157	-0.0276300808021	0.0456541181055	-142.756436167
5270.00000000	-0.0363440172097	-0.0276300356080	0.0456542052241	-142.756590534
5270.00000000	-0.0363442823373	-0.0276300117467	0.0456544018440	-142.756815743
5270.00000000	-0.0363446180224	-0.0276300050401	0.0456546650159	-142.757077401
5270.00000000	-0.0363449177835	-0.0276299956532	0.0456548979681	-142.757314450
5270.00000000	-0.0363451348609	-0.0276299982710	0.0456550723635	-142.757476704
5270.00000000	-0.0363452787625	-0.0276300482088	0.0456552171427	-142.757536106
5270.00000000	-0.0363453473469	-0.0276301516091	0.0456553343183	-142.757484893
5270.00000000	-0.0363453298472	-0.0276302606017	0.0456553863484	-142.757362713
5270.00000000	-0.0363452442294	-0.0276303073251	0.0456553464665	-142.757251007
5270.00000000	-0.0363451175139	-0.0276302675340	0.0456552215097	-142.757194521
5270.00000000	-0.0363449605828	-0.0276301810150	0.0456550442196	-142.757161769
5270.00000000	-0.0363447952173	-0.0276301122954	0.0456548709871	-142.757104828
5270.00000000	-0.0363446523261	-0.0276300924417	0.0456547452193	-142.757016136
5270.00000000	-0.0363445546532	-0.0276301258653	0.0456546876922	-142.756908560
5270.00000000	-0.0363445138097	-0.0276302070143	0.0456547042890	-142.756796466
5270.00000000	-0.0363445590843	-0.0276303090636	0.0456548020912	-142.756728900
5270.00000000	-0.0363447010780	-0.0276303902013	0.0456549642331	-142.756755685
5270.00000000	-0.0363448965548	-0.0276304247814	0.0456551407750	-142.756869604
5270.00000000	-0.0363451164628	-0.0276304342585	0.0456553215738	-142.757027156
5270.00000000	-0.0363453245515	-0.0276304554824	0.0456555000730	-142.757163995
5270.00000000	-0.0363454343684	-0.0276304701221	0.0456555963557	-142.757232775
5270.00000000	-0.0363453911692	-0.0276304341283	0.0456555401825	-142.757235925
5270.00000000	-0.0363452467067	-0.0276303564930	0.0456553781947	-142.757203768
5270.00000000	-0.0363451129814	-0.0276302867857	0.0456552295525	-142.757171845
5270.00000000	-0.0363450589686	-0.0276302631046	0.0456551722224	-142.757154481
5270.00000000	-0.0363450607086	-0.0276302864129	0.0456551877137	-142.757132516
5270.00000000	-0.0363450547387	-0.0276303265150	0.0456552072308	-142.757087918
5270.00000000	-0.0363450201598	-0.0276303599377	0.0456551999306	-142.757028264
5270.00000000	-0.0363449444369	-0.0276303674970	0.0456551442243	-142.756963200
5270.00000000	-0.0363448104021	-0.0276303201914	0.0456550088933	-142.756908661
5270.00000000	-0.0363446377575	-0.0276302180195	0.0456548096211	-142.756879611
5270.00000000	-0.0363445021133	-0.0276301062986	0.0456546340248	-142.756888204
5270.00000000	-0.0363444691323	-0.0276300192464	0.0456545550856	-142.756950124
5270.00000000	-0.0363445494802	-0.0276299625789	0.0456545847537	-142.757067764
5270.00000000	-0.0363447090603	-0.0276299457359	0.0456547015985	-142.757205794
5270.00000000	-0.0363448709550	-0.0276299731919	0.0456548470956	-142.757301323
5270.00000000	-0.0363449781658	-0.0276300417294	0.0456549739222	-142.757314277
5270.00000000	-0.0363450320920	-0.0276301464176	0.0456550802083	-142.757250645
5270.00000000	-0.0363450587103	-0.0276302583083	0.0456551691141	-142.757159076
5270.00000000	-0.0363451142130	-0.0276303432864	0.0456552647269	-142.757116333
5270.00000000	-0.0363452125595	-0.0276303788077	0.0456553645156	-142.757155540
5270.00000000	-0.0363453111983	-0.0276303465825	0.0456554235373	-142.757262650
5270.00000000	-0.0363453368617	-0.0276302278230	0.0456553720950	-142.757400788
5270.00000000	-0.0363452158332	-0.0276300265907	0.0456551539628	-142.757509909
5270.00000000	-0.0363449655403	-0.0276298034357	0.0456548196582	-142.757542758
5270.00000000	-0.0363446687396	-0.0276296378060	0.0456544831433	-142.757482813
5270.00000000	-0.0363443946491	-0.0276295466642	0.0456542097870	-142.757365696
5270.00000000	-0.0363442041337	-0.0276294951947	0.0456540269727	-142.757272419
5270.00000000	-0.0363441397661	-0.0276294522405	0.0456539497354	-142.757266445
5270.00000000	-0.0363442049507	-0.0276294303442	0.0456539883760	-142.757337830
5270.00000000	-0.0363443882507	-0.0276294699650	0.0456541582758	-142.757437465
5270.00000000	-0.0363446646308	-0.0276295680961	0.0456544376846	-142.757549337
5270.00000000	-0.0363449174727	-0.0276296583886	0.0456546936116	-142.757651163
5270.00000000	-0.0363450168953	-0.0276296889827	0.0456547912754	-142.757696108
5270.00000000	-0.0363449652287	-0.0276296650725	0.0456547356744	-142.757680755
5270.00000000	-0.0363448509435	-0.0276296176686	0.0456546160056	-142.757641316
5270.00000000	-0.0363446992760	-0.0276295759123	0.0456544699953	-142.757567841
5270.00000000	-0.0363444758267	-0.0276295417017	0.0456542714077	-142.757432309
5270.00000000	-0.0363442010755	-0.0276295129990	0.0456540353132	-142.757252308
5270.00000000	-0.0363439432331	-0.0276295070294	0.0456538264379	-142.757062436
5270.00000000	-0.0363437625228	-0.0276295380142	0.0456537013307	-142.756894225
5270.00000000	-0.0363436801069	-0.0276295916627	0.0456536681895	-142.756778028
5270.00000000	-0.0363436634346	-0.0276296431836	0.0456536860976	-142.756713892
5270.00000000	-0.0363436638802	-0.0276296879513	0.0456537135458	-142.756669504
5270.00000000	-0.0363436670580	-0.0276297335146	0.0456537436505	-142.756626396
5274.00000000	0.00835909769174	0.0252453160347	0.0265932415458	71.6795287131
5274.00000000	0.00835900264669	0.0252453976216	0.0265932891219	71.6797783635
5274.00000000	0.00835889634548	0.0252454523308	0.0265933076450	71.6800328335
5274.00000000	0.00835880076569	0.0252454946115	0.0265933177400	71.6802569577
5274.00000000	0.00835873815679	0.0252455379445	0.0265933391977	71.6804143583
5274.00000000	0.00835871257408	0.0252455617492	0.0265933537548	71.6804828037
5274.00000000	0.00835870360331	0.0252455295877	0.0265933204036	71.6804793720
5274.00000000	0.00835867211627	0.0252454175804	0.0265932041762	71.6804679219
5274.00000000	0.00835859718676	0.0252452361232	0.0265930083640	71.6804982946
5274.00000000	0.00835849612181	0.0252450480446	0.0265927980512	71.6805776402
5274.00000000	0.00835839828532	0.0252449166428	0.0265926425577	71.6806887656
5274.00000000	0.00835832749755	0.0252448575659	0.0265925642253	71.6807935463
5274.00000000	0.00835828633006	0.0252448407069	0.0265925352814	71.6808663327
5274.00000000	0.00835825486757	0.0252448271186	0.0265925124928	71.6809214837
5274.00000000	0.00835823535074	0.0252448214327	0.0265925009608	71.6809575527
5274.00000000	0.00835826169374	0.0252448430856	0.0265925297961	71.6809183345
5274.00000000	0.00835834952695	0.0252448772229	0.0265925898102	71.6807617996
5274.00000000	0.00835847365086	0.0252448867990	0.0265926379147	71.6805144041
5274.00000000	0.00835859461477	0.0252448541045	0.0265926448984	71.6802448462
5274.00000000	0.00835868999963	0.0252448058877	0.0265926291069	71.6800170949
5274.00000000	0.00835875093528	0.0252447859339	0.0265926293180	71.6798789455
5274.00000000	0.00835877642982	0.0252448286005	0.0265926778357	71.6798556953
5274.00000000	0.00835878368036	0.0252449331722	0.0265927793862	71.6799116849
5274.00000000	0.00835878426529	0.0252450539119	0.0265928941901	71.6799922572
5274.00000000	0.00835877199326	0.0252451343718	0.0265929667147	71.6800718472
5274.00000000	0.00835873195551	0.0252451373476	0.0265929569549	71.6801557536
5274.00000000	0.00835867013270	0.0252450814711	0.0265928844782	71.6802443622
5274.00000000	0.00835860053632	0.0252449919868	0.0265927776537	71.6803261113
5274.00000000	0.00835852842760	0.0252448648877	0.0265926343312	71.6803875264
5274.00000000	0.00835845717532	0.0252447147129	0.0265924693717	71.6804315629
5274.00000000	0.00835839887457	0.0252445902870	0.0265923329271	71.6804665468
5274.00000000	0.00835836975849	0.0252445451558	0.0265922809316	71.6804955368
5274.00000000	0.00835837375186	0.0252446010873	0.0265923352835	71.6805252469
5274.00000000	0.00835840677413	0.0252447437130	0.0265924810602	71.6805542924
5274.00000000	0.00835846236127	0.0252449465911	0.0265926911280	71.6805779875
5274.00000000	0.00835853667880	0.0252451984490	0.0265929535806	71.6805965414
5274.00000000	0.00835862432963	0.0252454808039	0.0265932491754	71.6806084764
5274.00000000	0.00835871740176	0.0252457282205	0.0265935133066	71.6805856630
5274.00000000	0.00835880303119	0.0252458715782	0.0265936763133	71.6805076052
5274.00000000	0.00835886726343	0.0252458979638	0.0265937215509	71.6803940995
5274.00000000	0.00835890396199	0.0252458402649	0.0265936783113	71.6802799668
5274.00000000	0.00835890834617	0.0252457345740	0.0265935793551	71.6801994259
5274.00000000	0.00835887945959	0.0252456284364	0.0265934695173	71.6801866310
5274.00000000	0.00835883408451	0.0252455783217	0.0265934076803	71.6802454992
5274.00000000	0.00835879713467	0.0252456090645	0.0265934252510	71.6803418924
5274.00000000	0.00835876938475	0.0252456788148	0.0265934827438	71.6804458844
5274.00000000	0.00835874189628	0.0252457142291	0.0265935077232	71.6805260892
5274.00000000	0.00835871468572	0.0252456622255	0.0265934498026	71.6805465268
5274.00000000	0.00835868218138	0.0252455247091	0.0265933090391	71.6805198831
5274.00000000	0.00835864301386	0.0252453687645	0.0265931486870	71.6804943878
5274.00000000	0.00835862861913	0.0252452805928	0.0265930604595	71.6804641197
5274.00000000	0.00835866866907	0.0252452792253	0.0265930717497	71.6803812778
5274.00000000	0.00835875084184	0.0252453238671	0.0265931399574	71.6802434386
5274.00000000	0.00835885310500	0.0252453950282	0.0265932396552	71.6800824680
5274.00000000	0.00835894654783	0.0252454846227	0.0265933540800	71.6799520224
5274.00000000	0.00835900163040	0.0252455611238	0.0265934440175	71.6798911692
5274.00000000	0.00835900226682	0.0252455850129	0.0265934668958	71.6799060456
5274.00000000	0.00835895318776	0.0252455464175	0.0265934148299	71.6799802901
5274.00000000	0.00835888082279	0.0252454811772	0.0265933301502	71.6800841175
5274.00000000	0.00835881396517	0.0252454392009	0.0265932692867	71.6801924360
5274.00000000	0.00835875730251	0.0252454270547	0.0265932399458	71.6803001040
5274.00000000	0.00835869601326	0.0252454176247	0.0265932117294	71.6804190746
5274.00000000	0.00835862509387	0.0252453917741	0.0265931648979	71.6805466224
5274.00000000	0.00835855189258	0.0252453436767	0.0265930962299	71.6806637723
5274.00000000	0.00835847197413	0.0252452857696	0.0265930161383	71.6807880188
5274.00000000	0.00835837698122	0.0252452362246	0.0265929392471	71.6809487614
5274.00000000	0.00835828668401	0.0252452137289	0.0265928895104	71.6811182179
5274.00000000	0.00835824042106	0.0252452388924	0.0265928988580	71.6812298828
5274.00000000	0.00835826015253	0.0252453261984	0.0265929879412	71.6812486469
5274.00000000	0.00835832556676	0.0252454598215	0.0265931353525	71.6812053385
5274.00000000	0.00835837920914	0.0252455767973	0.0265932632603	71.6811748348
5274.00000000	0.00835837900237	0.0252456220655	0.0265933061695	71.6812059123
5274.00000000	0.00835832596450	0.0252455858291	0.0265932550994	71.6812898542
5274.00000000	0.00835824739067	0.0252454979236	0.0265931469528	71.6813910375
5274.00000000	0.00835818252580	0.0252454182796	0.0265930509579	71.6814697764
5274.00000000	0.00835815082341	0.0252453883237	0.0265930125560	71.6815143338
5274.00000000	0.00835815133714	0.0252454142203	0.0265930373017	71.6815308194
5274.00000000	0.00835817747561	0.0252454606825	0.0265930896247	71.6815088198
5274.00000000	0.00835820784896	0.0252454723225	0.0265931102211	71.6814545778
5274.00000000	0.00835821862286	0.0252454305594	0.0265930739607	71.6814042606
5274.00000000	0.00835819297333	0.0252453569910	0.0265929960588	71.6814069045
5274.00000000	0.00835812897248	0.0252452870168	0.0265929095151	71.6814904247
5274.00000000	0.00835805730187	0.0252452493367	0.0265928512185	71.6816115017
5274.00000000	0.00835801752184	0.0252452773679	0.0265928653266	71.6817118486
5274.00000000	0.00835801347598	0.0252453885733	0.0265929696251	71.6817954281
5274.00000000	0.00835803798530	0.0252455803117	0.0265931593504	71.6818751348
5274.00000000	0.00835808342424	0.0252458126971	0.0265933942411	71.6819395562
5274.00000000	0.00835812292358	0.0252459881283	0.0265935731969	71.6819775589
5274.00000000	0.00835812897012	0.0252460248696	0.0265936099768	71.6819900708
5274.00000000	0.00835809912998	0.0252459401711	0.0265935201917	71.6819937509
5274.00000000	0.00835804194275	0.0252458076608	0.0265933764228	71.6820209895
5274.00000000	0.00835796129758	0.0252456630654	0.0265932138085	71.6820880248
5274.00000000	0.00835786952065	0.0252454976522	0.0265930279327	71.6821637327
5274.00000000	0.00835779626657	0.0252453297727	0.0265928455372	71.6821998853
5274.00000000	0.00835776643187	0.0252451908360	0.0265927042641	71.6821668274
5274.00000000	0.00835778600652	0.0252450850015	0.0265926099446	71.6820551229
5274.00000000	0.00835783531147	0.0252450029653	0.0265925475615	71.6818987227
5274.00000000	0.00835788139754	0.0252449413274	0.0265925035316	71.6817627188
5274.00000000	0.00835789809654	0.0252449033757	0.0265924727515	71.6817028626
5274.00000000	0.00835787866724	0.0252448963525	0.0265924599777	71.6817378475
