DevNumber	X [V]	Y [V]	R [V]	Theta [°]
4253.00000000	0.00197324879894	-0.00161779497335	0.00255166051784	-39.3470812012
4253.00000000	0.00197325271402	-0.00161777935388	0.00255165364249	-39.3467542416
4253.00000000	0.00197324491168	-0.00161775576745	0.00255163265471	-39.3464557498
4253.00000000	0.00197323229021	-0.00161773143951	0.00255160747010	-39.3462129839
4253.00000000	0.00197322244584	-0.00161770943382	0.00255158590548	-39.3459710031
4253.00000000	0.00197322048229	-0.00161769298581	0.00255157395897	-39.3457133341
4253.00000000	0.00197322748455	-0.00161768626020	0.00255157511005	-39.3454968545
4253.00000000	0.00197324047645	-0.00161768959626	0.00255158727222	-39.3453698289
4253.00000000	0.00197325774776	-0.00161770168600	0.00255160829360	-39.3453338916
4253.00000000	0.00197327343382	-0.00161771839181	0.00255163101561	-39.3454006804
4253.00000000	0.00197327897048	-0.00161773508428	0.00255164588026	-39.3456117234
4253.00000000	0.00197327909489	-0.00161774418842	0.00255165174848	-39.3457680435
4253.00000000	0.00197328479275	-0.00161774220629	0.00255165489817	-39.3456525095
4253.00000000	0.00197329282723	-0.00161773694210	0.00255165777404	-39.3454467195
4253.00000000	0.00197329694123	-0.00161773672759	0.00255166081956	-39.3453844280
4253.00000000	0.00197330262309	-0.00161774261207	0.00255166894428	-39.3454057243
4253.00000000	0.00197331617989	-0.00161775037680	0.00255168435106	-39.3453475645
4253.00000000	0.00197333444721	-0.00161776005168	0.00255170461170	-39.3452555170
4253.00000000	0.00197334588431	-0.00161777474605	0.00255172277257	-39.3453478628
4253.00000000	0.00197334367635	-0.00161779236331	0.00255173223434	-39.3456852054
4253.00000000	0.00197333499998	-0.00161780817620	0.00255173554999	-39.3460832966
4253.00000000	0.00197332818552	-0.00161781956976	0.00255173750375	-39.3463781437
4253.00000000	0.00197332142845	-0.00161782934982	0.00255173847899	-39.3466441567
4253.00000000	0.00197331311436	-0.00161783820829	0.00255173766589	-39.3469163327
4253.00000000	0.00197330732781	-0.00161784345469	0.00255173651733	-39.3470898076
4253.00000000	0.00197330613009	-0.00161784469656	0.00255173637848	-39.3471284218
4253.00000000	0.00197331148185	-0.00161784560171	0.00255174109097	-39.3470679512
4253.00000000	0.00197332508426	-0.00161785254295	0.00255175601085	-39.3469948348
4253.00000000	0.00197334194419	-0.00161786677661	0.00255177807333	-39.3470019687
4253.00000000	0.00197335344002	-0.00161787998273	0.00255179533618	-39.3470676222
4253.00000000	0.00197335630140	-0.00161788213518	0.00255179891363	-39.3470642627
4253.00000000	0.00197335669231	-0.00161786775242	0.00255179009705	-39.3468089631
4253.00000000	0.00197335887650	-0.00161784106427	0.00255177486560	-39.3463144660
4253.00000000	0.00197335629402	-0.00161781054247	0.00255175351758	-39.3458212513
4253.00000000	0.00197334406855	-0.00161778216223	0.00255172607020	-39.3455024881
4253.00000000	0.00197333002246	-0.00161775989861	0.00255170109281	-39.3453158481
4253.00000000	0.00197332677619	-0.00161774279517	0.00255168773892	-39.3450650665
4253.00000000	0.00197333605376	-0.00161772664176	0.00255168467263	-39.3446524952
4253.00000000	0.00197335174854	-0.00161771156461	0.00255168725155	-39.3441672605
4253.00000000	0.00197336580444	-0.00161770298638	0.00255169268336	-39.3438182101
4253.00000000	0.00197337408478	-0.00161770175775	0.00255169830809	-39.3436790026
4253.00000000	0.00197337873795	-0.00161770549941	0.00255170427876	-39.3436777377
4253.00000000	0.00197337988491	-0.00161771223700	0.00255170943721	-39.3437784081
4253.00000000	0.00197337529373	-0.00161771686033	0.00255170881766	-39.3439240476
4253.00000000	0.00197336593438	-0.00161771469200	0.00255170020490	-39.3440196273
4253.00000000	0.00197335588972	-0.00161770320809	0.00255168515631	-39.3439631990
4253.00000000	0.00197335208845	-0.00161768617228	0.00255167141634	-39.3437214836
4253.00000000	0.00197335902670	-0.00161767399724	0.00255166906350	-39.3434112942
4253.00000000	0.00197337398042	-0.00161767650489	0.00255168221789	-39.3432419710
4253.00000000	0.00197338888570	-0.00161769397937	0.00255170482327	-39.3433332390
4253.00000000	0.00197339718404	-0.00161772035312	0.00255172796098	-39.3436730887
4253.00000000	0.00197339949767	-0.00161774690635	0.00255174658429	-39.3441012410
4253.00000000	0.00197339959999	-0.00161776413068	0.00255175758327	-39.3443988753
4253.00000000	0.00197339847673	-0.00161776189478	0.00255175529708	-39.3443760401
4253.00000000	0.00197339565884	-0.00161773630245	0.00255173689290	-39.3439717548
4253.00000000	0.00197339290372	-0.00161770112453	0.00255171246044	-39.3434001179
4253.00000000	0.00197339531199	-0.00161767507783	0.00255169781024	-39.3429135345
4253.00000000	0.00197340518976	-0.00161766482740	0.00255169895105	-39.3425949251
4253.00000000	0.00197341638262	-0.00161766357565	0.00255170681371	-39.3424138602
4253.00000000	0.00197341725008	-0.00161766128430	0.00255170603197	-39.3423617224
4253.00000000	0.00197340346913	-0.00161766021709	0.00255169469763	-39.3425393588
4253.00000000	0.00197338472828	-0.00161766638762	0.00255168411593	-39.3429132862
4253.00000000	0.00197337068951	-0.00161767980258	0.00255168176344	-39.3433460825
4253.00000000	0.00197336097277	-0.00161769709106	0.00255168520929	-39.3437846180
4253.00000000	0.00197335229542	-0.00161771622193	0.00255169062712	-39.3442403492
4253.00000000	0.00197334310284	-0.00161773538971	0.00255169567007	-39.3447040538
4253.00000000	0.00197333568234	-0.00161774720305	0.00255169742097	-39.3450148233
4253.00000000	0.00197333004828	-0.00161774506738	0.00255169170992	-39.3450579423
4253.00000000	0.00197332299708	-0.00161773001961	0.00255167671682	-39.3448970203
4253.00000000	0.00197331492880	-0.00161770867886	0.00255165694753	-39.3446412981
4253.00000000	0.00197331146485	-0.00161768835416	0.00255164138321	-39.3443376697
4253.00000000	0.00197331498831	-0.00161767655546	0.00255163662797	-39.3440826240
4253.00000000	0.00197332507944	-0.00161767916129	0.00255164608400	-39.3439842216
4253.00000000	0.00197333665107	-0.00161769645397	0.00255166599610	-39.3441197835
4253.00000000	0.00197334312251	-0.00161772145130	0.00255168684857	-39.3444617366
4253.00000000	0.00197334123660	-0.00161774245203	0.00255169870423	-39.3448532557
4253.00000000	0.00197333601762	-0.00161775138477	0.00255170033142	-39.3450826643
4253.00000000	0.00197333078704	-0.00161775276383	0.00255169716071	-39.3451810715
4253.00000000	0.00197332297660	-0.00161775428036	0.00255169208205	-39.3453185921
4253.00000000	0.00197331372948	-0.00161775581840	0.00255168590601	-39.3454769392
4253.00000000	0.00197330748704	-0.00161775501943	0.00255168057196	-39.3455519316
4253.00000000	0.00197330347275	-0.00161775300457	0.00255167619015	-39.3455740911
4253.00000000	0.00197329669012	-0.00161774950204	0.00255166872430	-39.3456098277
4253.00000000	0.00197329212310	-0.00161774139495	0.00255166005260	-39.3455340663
4253.00000000	0.00197329996903	-0.00161773170138	0.00255165997449	-39.3452540456
4253.00000000	0.00197331820591	-0.00161773027847	0.00255167317571	-39.3449697211
4253.00000000	0.00197333760960	-0.00161773892805	0.00255169366516	-39.3448436953
4253.00000000	0.00197335017126	-0.00161774986055	0.00255171031070	-39.3448547125
4253.00000000	0.00197335129539	-0.00161775716866	0.00255171581329	-39.3449656119
4253.00000000	0.00197334282627	-0.00161775945541	0.00255171071354	-39.3451258823
4253.00000000	0.00197332902186	-0.00161775591404	0.00255169779283	-39.3452609021
4253.00000000	0.00197330959130	-0.00161774823103	0.00255167789545	-39.3454040976
4253.00000000	0.00197328763858	-0.00161774568980	0.00255165930747	-39.3456724866
4253.00000000	0.00197327412126	-0.00161775569065	0.00255165519463	-39.3460385815
4253.00000000	0.00197327471013	-0.00161777517379	0.00255166800241	-39.3463685144
4253.00000000	0.00197328235684	-0.00161779655587	0.00255168747225	-39.3466309414
4253.00000000	0.00197328611966	-0.00161781056124	0.00255169926169	-39.3468205660
4253.00000000	0.00197328210531	-0.00161780744280	0.00255169418017	-39.3468235656
4253.00000000	0.00197327588067	-0.00161779033770	0.00255167852168	-39.3466151629
4253.00000000	0.00197327258656	-0.00161777143108	0.00255166398730	-39.3463337556
5260.00000000	0.00117344926078	0.000711997148564	0.00137256078452	31.2475253448
5260.00000000	0.00117345748760	0.000712002679978	0.00137257068725	31.2475446072
5260.00000000	0.00117346752241	0.000712009188870	0.00137258264276	31.2475596032
5260.00000000	0.00117347775830	0.000712015891712	0.00137259487077	31.2475771668
5260.00000000	0.00117348340141	0.000712018034219	0.00137260080666	31.2475314342
5260.00000000	0.00117348176910	0.000712017607636	0.00137259918985	31.2475515557
5260.00000000	0.00117347383804	0.000712022466184	0.00137259492965	31.2478966787
5260.00000000	0.00117346226007	0.000712034488743	0.00137259126799	31.2485764363
5260.00000000	0.00117345065846	0.000712053207404	0.00137259106001	31.2494956712
5260.00000000	0.00117344268666	0.000712076544594	0.00137259635153	31.2505011193
5260.00000000	0.00117343974726	0.000712100156445	0.00137260608817	31.2514073807
5260.00000000	0.00117343802831	0.000712119893306	0.00137261485812	31.2521489205
5260.00000000	0.00117343844741	0.000712131525099	0.00137262125107	31.2525549228
5260.00000000	0.00117344555864	0.000712131816738	0.00137262748170	31.2524113286
5260.00000000	0.00117345988914	0.000712122823918	0.00137263506722	31.2517800864
5260.00000000	0.00117347764757	0.000712111029991	0.00137264413027	31.2509746636
5260.00000000	0.00117349600322	0.000712101522369	0.00137265489025	31.2502379049
5260.00000000	0.00117351470175	0.000712093718086	0.00137266682723	31.2495545161
5260.00000000	0.00117353383519	0.000712086636125	0.00137267951091	31.2488874981
5260.00000000	0.00117355111649	0.000712079187213	0.00137269042099	31.2482475010
5260.00000000	0.00117356414989	0.000712075603187	0.00137269970444	31.2478374055
5260.00000000	0.00117356967809	0.000712080493790	0.00137270696763	31.2478922270
5260.00000000	0.00117356496448	0.000712090706152	0.00137270823544	31.2483587051
5260.00000000	0.00117355094380	0.000712101866801	0.00137270203846	31.2490605427
5260.00000000	0.00117353312722	0.000712115493708	0.00137269387595	31.2499325859
5260.00000000	0.00117351317691	0.000712131905453	0.00137268533436	31.2509502166
5260.00000000	0.00117349226910	0.000712146334171	0.00137267494583	31.2519178335
5260.00000000	0.00117347812379	0.000712147722037	0.00137266357313	31.2522736757
5260.00000000	0.00117347409839	0.000712128802356	0.00137265031627	31.2516857178
5260.00000000	0.00117348159817	0.000712102477604	0.00137264307081	31.2505839247
5260.00000000	0.00117350033742	0.000712086356115	0.00137265072779	31.2496028468
5260.00000000	0.00117352636226	0.000712081838791	0.00137267063349	31.2488781185
5260.00000000	0.00117355301029	0.000712078699673	0.00137269178715	31.2481890982
5260.00000000	0.00117357364200	0.000712067573749	0.00137270365439	31.2473453584
5260.00000000	0.00117358289615	0.000712045505149	0.00137270011858	31.2463574818
5260.00000000	0.00117357530610	0.000712018929942	0.00137267984457	31.2455734681
5260.00000000	0.00117355171409	0.000712001373020	0.00137265056764	31.2454577211
5260.00000000	0.00117352437164	0.000711996396040	0.00137262460957	31.2458721166
5260.00000000	0.00117350907387	0.000712000018651	0.00137261340989	31.2463326273
5260.00000000	0.00117351301729	0.000712009871911	0.00137262189238	31.2465988765
5260.00000000	0.00117353182018	0.000712020645968	0.00137264355652	31.2465762409
5260.00000000	0.00117355110505	0.000712023948024	0.00137266175685	31.2462765257
5260.00000000	0.00117355730737	0.000712015354773	0.00137266260206	31.2458355772
5260.00000000	0.00117354752976	0.000711998061469	0.00137264527251	31.2454301393
5260.00000000	0.00117352362673	0.000711981417196	0.00137261620307	31.2453536907
5260.00000000	0.00117349481692	0.000711968795305	0.00137258502499	31.2455270338
5260.00000000	0.00117347124028	0.000711952000276	0.00137255615640	31.2454381362
5260.00000000	0.00117345898034	0.000711929188623	0.00137253384226	31.2448894629
5260.00000000	0.00117346371473	0.000711908614607	0.00137252721843	31.2440526631
5260.00000000	0.00117348416074	0.000711899843292	0.00137254014964	31.2432969153
5260.00000000	0.00117351051793	0.000711906133980	0.00137256594715	31.2429507609
5260.00000000	0.00117353448539	0.000711923528744	0.00137259546086	31.2430526524
5260.00000000	0.00117355274730	0.000711947935383	0.00137262373336	31.2435283068
5260.00000000	0.00117356524389	0.000711973091886	0.00137264746575	31.2441555240
5260.00000000	0.00117357158705	0.000711993247977	0.00137266334368	31.2447374981
5260.00000000	0.00117357025303	0.000712008138386	0.00137266992680	31.2452977645
5260.00000000	0.00117356673309	0.000712015186581	0.00137267057334	31.2456254970
5260.00000000	0.00117356676684	0.000712013970052	0.00137266997118	31.2455813533
5260.00000000	0.00117356840041	0.000712012202460	0.00137267045095	31.2454829063
5260.00000000	0.00117356599163	0.000712013985868	0.00137266931662	31.2455987017
5260.00000000	0.00117355772991	0.000712014750741	0.00137266265000	31.2458048730
5260.00000000	0.00117355031372	0.000712008099291	0.00137265285935	31.2457280781
5260.00000000	0.00117354940537	0.000711993390674	0.00137264445331	31.2452228443
5260.00000000	0.00117355141515	0.000711975235731	0.00137263675468	31.2445314340
5260.00000000	0.00117355191283	0.000711959575128	0.00137262905722	31.2439617711
5260.00000000	0.00117355378024	0.000711949275837	0.00137262531176	31.2435537813
5260.00000000	0.00117355894146	0.000711943866410	0.00137262691872	31.2432489874
5260.00000000	0.00117356698126	0.000711942920868	0.00137263330211	31.2430411801
5260.00000000	0.00117357593253	0.000711949802512	0.00137264452453	31.2430929758
5260.00000000	0.00117358471476	0.000711966570854	0.00137266073038	31.2435012590
5260.00000000	0.00117359031942	0.000711990063889	0.00137267770759	31.2442183068
5260.00000000	0.00117358672105	0.000712015062971	0.00137268759801	31.2451883306
5260.00000000	0.00117357550134	0.000712036999426	0.00137268938435	31.2462140599
5260.00000000	0.00117356487055	0.000712047562466	0.00137268577490	31.2468211752
5260.00000000	0.00117355467139	0.000712040104602	0.00137267318663	31.2467758677
5260.00000000	0.00117354001219	0.000712013095451	0.00137264664365	31.2461294175
5260.00000000	0.00117352248785	0.000711972069518	0.00137261038072	31.2450447528
5260.00000000	0.00117350773893	0.000711931876396	0.00137257692315	31.2439296609
5260.00000000	0.00117350151489	0.000711904843625	0.00137255758051	31.2430996345
5260.00000000	0.00117350218874	0.000711894057031	0.00137255256199	31.2427000710
5260.00000000	0.00117350354450	0.000711897813971	0.00137255566973	31.2428048029
5260.00000000	0.00117349960355	0.000711909467675	0.00137255834474	31.2433060491
5260.00000000	0.00117348815334	0.000711922636491	0.00137255538554	31.2440239559
5260.00000000	0.00117347473961	0.000711934314851	0.00137254997474	31.2447311872
5260.00000000	0.00117346467386	0.000711942978072	0.00137254586255	31.2452583223
5260.00000000	0.00117345076569	0.000711948893703	0.00137253704021	31.2457706014
5260.00000000	0.00117342937165	0.000711957325397	0.00137252312309	31.2465347823
5260.00000000	0.00117340773810	0.000711973488834	0.00137251301219	31.2475801064
5260.00000000	0.00117339180485	0.000711993136929	0.00137250958275	31.2486263676
5260.00000000	0.00117338239980	0.000712011183320	0.00137251090391	31.2494740960
5260.00000000	0.00117337901919	0.000712023630390	0.00137251447093	31.2499915249
5260.00000000	0.00117338625311	0.000712026197538	0.00137252198706	31.2499264831
5260.00000000	0.00117340638709	0.000712020002964	0.00137253598638	31.2492693930
5260.00000000	0.00117343292120	0.000712012267718	0.00137255465827	31.2484187402
5260.00000000	0.00117345866990	0.000712004374922	0.00137257257727	31.2475794947
5260.00000000	0.00117347985983	0.000711994936888	0.00137258579753	31.2467838367
5260.00000000	0.00117349236040	0.000711988168067	0.00137259297367	31.2462715989
5260.00000000	0.00117349173036	0.000711984639147	0.00137259060451	31.2461593015
5260.00000000	0.00117348015943	0.000711980207534	0.00137257841324	31.2462516889
5260.00000000	0.00117346843915	0.000711971038504	0.00137256363690	31.2461782405
5270.00000000	-0.0152924717251	-0.00348467819744	0.0156844723725	-167.163259478
5270.00000000	-0.0152924549858	-0.00348465914473	0.0156844518185	-167.163313753
5270.00000000	-0.0152924362178	-0.00348464724576	0.0156844308760	-167.163340902
5270.00000000	-0.0152924290203	-0.00348464042300	0.0156844223425	-167.163359361
5270.00000000	-0.0152924277261	-0.00348463190788	0.0156844191889	-167.163388639
5270.00000000	-0.0152924245037	-0.00348461240466	0.0156844117139	-167.163455490
5270.00000000	-0.0152924157244	-0.00348458086442	0.0156843961467	-167.163560703
5270.00000000	-0.0152924109183	-0.00348454536776	0.0156843835746	-167.163683232
5270.00000000	-0.0152924271595	-0.00348451472404	0.0156843926019	-167.163805559
5270.00000000	-0.0152924626349	-0.00348449269466	0.0156844222966	-167.163912813
5270.00000000	-0.0152924922353	-0.00348448159758	0.0156844486919	-167.163976360
5270.00000000	-0.0152924986070	-0.00348448474137	0.0156844556028	-167.163970334
5270.00000000	-0.0152924890902	-0.00348450159110	0.0156844500673	-167.163902596
5270.00000000	-0.0152924642824	-0.00348452132265	0.0156844302630	-167.163812184
5270.00000000	-0.0152924350047	-0.00348453260316	0.0156844042232	-167.163748245
5270.00000000	-0.0152924286941	-0.00348453725929	0.0156843991047	-167.163726539
5270.00000000	-0.0152924589696	-0.00348454100658	0.0156844294561	-167.163737763
5270.00000000	-0.0152925220346	-0.00348454520855	0.0156844918786	-167.163773979
5270.00000000	-0.0152926049925	-0.00348454562489	0.0156845728558	-167.163839822
5270.00000000	-0.0152926918328	-0.00348454026622	0.0156846563355	-167.163929384
5270.00000000	-0.0152927633144	-0.00348452569643	0.0156847227938	-167.164039288
5270.00000000	-0.0152928161049	-0.00348450005341	0.0156847685683	-167.164173462
5270.00000000	-0.0152928670850	-0.00348447526140	0.0156848127667	-167.164303135
5270.00000000	-0.0152929234524	-0.00348446024128	0.0156848643888	-167.164402374
5270.00000000	-0.0152929682703	-0.00348444842166	0.0156849054609	-167.164480842
5270.00000000	-0.0152929801085	-0.00348443283338	0.0156849135404	-167.164545969
5270.00000000	-0.0152929672755	-0.00348441886715	0.0156848979254	-167.164585297
5270.00000000	-0.0152929549737	-0.00348442173625	0.0156848865684	-167.164565096
5270.00000000	-0.0152929554506	-0.00348444943412	0.0156848931865	-167.164466833
5270.00000000	-0.0152929644222	-0.00348449158856	0.0156849112987	-167.164323974
5270.00000000	-0.0152929556213	-0.00348452683994	0.0156849105491	-167.164191279
5270.00000000	-0.0152929063967	-0.00348454588832	0.0156848667863	-167.164083488
5270.00000000	-0.0152928310169	-0.00348456710282	0.0156847980033	-167.163946756
5270.00000000	-0.0152927543282	-0.00348460769544	0.0156847322493	-167.163739941
5270.00000000	-0.0152926870495	-0.00348465754753	0.0156846777276	-167.163507783
5270.00000000	-0.0152926420288	-0.00348469865865	0.0156846429657	-167.163324820
5270.00000000	-0.0152926328965	-0.00348472495580	0.0156846399042	-167.163223746
5270.00000000	-0.0152926509754	-0.00348473299098	0.0156846593165	-167.163209800
5270.00000000	-0.0152926843807	-0.00348472232814	0.0156846895179	-167.163274889
5270.00000000	-0.0152927272257	-0.00348470212333	0.0156847268031	-167.163381625
5270.00000000	-0.0152927550623	-0.00348467916555	0.0156847488435	-167.163485984
5270.00000000	-0.0152927435372	-0.00348465336772	0.0156847318749	-167.163568514
5270.00000000	-0.0152927031532	-0.00348462545631	0.0156846862992	-167.163635151
5270.00000000	-0.0152926771269	-0.00348459393278	0.0156846539198	-167.163726306
5270.00000000	-0.0152926877228	-0.00348455315206	0.0156846551909	-167.163880153
5270.00000000	-0.0152927091190	-0.00348450258064	0.0156846648174	-167.164077637
5270.00000000	-0.0152927134714	-0.00348445272951	0.0156846579862	-167.164258724
5270.00000000	-0.0152927200126	-0.00348442212057	0.0156846575640	-167.164373052
5270.00000000	-0.0152927538480	-0.00348442012913	0.0156846901115	-167.164407604
5270.00000000	-0.0152928114028	-0.00348444504284	0.0156847517627	-167.164365576
5270.00000000	-0.0152928783335	-0.00348449204767	0.0156848274633	-167.164252476
5270.00000000	-0.0152929386555	-0.00348454242068	0.0156848974687	-167.164122018
5270.00000000	-0.0152929690731	-0.00348457219985	0.0156849337419	-167.164040640
5270.00000000	-0.0152929390781	-0.00348456424309	0.0156849027287	-167.164044637
5270.00000000	-0.0152928363071	-0.00348452090057	0.0156847928970	-167.164115606
5270.00000000	-0.0152926900298	-0.00348446538717	0.0156846379423	-167.164194618
5270.00000000	-0.0152925657591	-0.00348442265235	0.0156845072832	-167.164245976
5270.00000000	-0.0152925053557	-0.00348440104494	0.0156844435890	-167.164273916
5270.00000000	-0.0152924888031	-0.00348438989886	0.0156844249738	-167.164300182
5270.00000000	-0.0152924952255	-0.00348437085230	0.0156844270044	-167.164373234
5270.00000000	-0.0152925261467	-0.00348433598593	0.0156844494073	-167.164522512
5270.00000000	-0.0152925721781	-0.00348429707507	0.0156844856444	-167.164698459
5270.00000000	-0.0152925999392	-0.00348427102120	0.0156845069241	-167.164813784
5270.00000000	-0.0152925735944	-0.00348425831535	0.0156844784150	-167.164837660
5270.00000000	-0.0152924865692	-0.00348424602843	0.0156843908347	-167.164810801
5270.00000000	-0.0152923759146	-0.00348422981201	0.0156842793426	-167.164778762
5270.00000000	-0.0152922950986	-0.00348421701462	0.0156841977030	-167.164758760
5270.00000000	-0.0152922702855	-0.00348421464720	0.0156841729840	-167.164747056
5270.00000000	-0.0152922850211	-0.00348422384931	0.0156841893956	-167.164726238
5270.00000000	-0.0152923149219	-0.00348423857377	0.0156842218203	-167.164698058
5270.00000000	-0.0152923455303	-0.00348425509761	0.0156842553347	-167.164664043
5270.00000000	-0.0152923651212	-0.00348427972622	0.0156842799073	-167.164592219
5270.00000000	-0.0152923874830	-0.00348432324703	0.0156843113786	-167.164455355
5270.00000000	-0.0152924438252	-0.00348437844231	0.0156843785748	-167.164304486
5270.00000000	-0.0152925335448	-0.00348441728792	0.0156844746821	-167.164238939
5270.00000000	-0.0152926201215	-0.00348442528671	0.0156845608724	-167.164280711
5270.00000000	-0.0152926665657	-0.00348441544679	0.0156846039700	-167.164353449
5270.00000000	-0.0152926714936	-0.00348440173643	0.0156846057289	-167.164406280
5270.00000000	-0.0152926610480	-0.00348438228141	0.0156845912224	-167.164467096
5270.00000000	-0.0152926472818	-0.00348435501501	0.0156845717428	-167.164553040
5270.00000000	-0.0152926265661	-0.00348432774928	0.0156845454876	-167.164633342
5270.00000000	-0.0152926011401	-0.00348430906534	0.0156845165464	-167.164679256
5270.00000000	-0.0152925761738	-0.00348430765282	0.0156844918901	-167.164664026
5270.00000000	-0.0152925532272	-0.00348432811753	0.0156844740631	-167.164572514
5270.00000000	-0.0152925391656	-0.00348436586330	0.0156844687383	-167.164426662
5270.00000000	-0.0152925368985	-0.00348440776459	0.0156844758364	-167.164275581
5270.00000000	-0.0152925272053	-0.00348443597297	0.0156844726521	-167.164167243
5270.00000000	-0.0152924962338	-0.00348444684227	0.0156844448692	-167.164103395
5270.00000000	-0.0152924503150	-0.00348444675528	0.0156844000787	-167.164066439
5270.00000000	-0.0152923919334	-0.00348442794579	0.0156843389772	-167.164086053
5270.00000000	-0.0152923190235	-0.00348438228326	0.0156842577450	-167.164189522
5270.00000000	-0.0152922518792	-0.00348432707587	0.0156841800139	-167.164331669
5270.00000000	-0.0152922257318	-0.00348429154827	0.0156841466273	-167.164436991
5270.00000000	-0.0152922477059	-0.00348428381525	0.0156841663343	-167.164482368
5270.00000000	-0.0152923056294	-0.00348430102814	0.0156842266343	-167.164468066
5270.00000000	-0.0152923760130	-0.00348434230054	0.0156843044280	-167.164378182
5270.00000000	-0.0152924172291	-0.00348439805361	0.0156843570001	-167.164213051
5270.00000000	-0.0152924101752	-0.00348444565416	0.0156843606973	-167.164037785
5270.00000000	-0.0152923716878	-0.00348446205594	0.0156843268156	-167.163948130
5270.00000000	-0.0152923339103	-0.00348444002560	0.0156842850878	-167.163995938
5274.00000000	-0.0129006395565	-0.0102742965675	0.0164920487182	-141.465566511
5274.00000000	-0.0129006382907	-0.0102742735835	0.0164920334094	-141.465626233
5274.00000000	-0.0129006405780	-0.0102742457875	0.0164920178821	-141.465706722
5274.00000000	-0.0129006679772	-0.0102742377246	0.0164920342917	-141.465787935
5274.00000000	-0.0129007095716	-0.0102742474722	0.0164920729010	-141.465851469
5274.00000000	-0.0129007507506	-0.0102742606337	0.0164921133121	-141.465904826
5274.00000000	-0.0129007704712	-0.0102742600388	0.0164921283677	-141.465949124
5274.00000000	-0.0129007618869	-0.0102742426732	0.0164921108342	-141.465977737
5274.00000000	-0.0129007448952	-0.0102742276776	0.0164920882008	-141.465981714
5274.00000000	-0.0129007370768	-0.0102742298161	0.0164920834172	-141.465958981
5274.00000000	-0.0129007328642	-0.0102742365618	0.0164920843243	-141.465931531
5274.00000000	-0.0129007243987	-0.0102742358167	0.0164920772381	-141.465915234
5274.00000000	-0.0129007159153	-0.0102742314788	0.0164920678996	-141.465908662
5274.00000000	-0.0129007202928	-0.0102742367603	0.0164920746142	-141.465903783
5274.00000000	-0.0129007481210	-0.0102742631619	0.0164921128301	-141.465892263
5274.00000000	-0.0129007921340	-0.0102742968567	0.0164921682500	-141.465895953
5274.00000000	-0.0129008412629	-0.0102743242587	0.0164922237513	-141.465927815
5274.00000000	-0.0129008858734	-0.0102743476909	0.0164922732451	-141.465960687
5274.00000000	-0.0129009087009	-0.0102743600262	0.0164922987863	-141.465976570
5274.00000000	-0.0129009092901	-0.0102743586096	0.0164922983647	-141.465981695
5274.00000000	-0.0129009134512	-0.0102743557237	0.0164922998218	-141.465998543
5274.00000000	-0.0129009528110	-0.0102743618004	0.0164923343963	-141.466067215
5274.00000000	-0.0129010313206	-0.0102743808326	0.0164924076662	-141.466185410
5274.00000000	-0.0129011202247	-0.0102744025855	0.0164924907621	-141.466318707
5274.00000000	-0.0129011792578	-0.0102744027199	0.0164925370241	-141.466446103
5274.00000000	-0.0129011825511	-0.0102743676451	0.0164925177497	-141.466548548
5274.00000000	-0.0129011444234	-0.0102743164418	0.0164924560264	-141.466605179
5274.00000000	-0.0129011039615	-0.0102742874229	0.0164924062972	-141.466596471
5274.00000000	-0.0129011002863	-0.0102743115197	0.0164924184340	-141.466523032
5274.00000000	-0.0129011496498	-0.0102743860022	0.0164925034488	-141.466427456
5274.00000000	-0.0129012186450	-0.0102744670229	0.0164926078936	-141.466356601
5274.00000000	-0.0129012546581	-0.0102745130074	0.0164926647117	-141.466309577
5274.00000000	-0.0129012302026	-0.0102745139567	0.0164926461729	-141.466254070
5274.00000000	-0.0129011498924	-0.0102744829535	0.0164925640368	-141.466164511
5274.00000000	-0.0129010440870	-0.0102744385700	0.0164924536217	-141.466056136
5274.00000000	-0.0129009511156	-0.0102744039670	0.0164923593389	-141.465948956
5274.00000000	-0.0129009034779	-0.0102743968348	0.0164923176317	-141.465865236
5274.00000000	-0.0129009127335	-0.0102744060481	0.0164923306116	-141.465860230
5274.00000000	-0.0129009624464	-0.0102744064569	0.0164923697534	-141.465966712
5274.00000000	-0.0129010230350	-0.0102744014596	0.0164924140351	-141.466111423
5274.00000000	-0.0129010689240	-0.0102744073777	0.0164924536180	-141.466194656
5274.00000000	-0.0129010891972	-0.0102744221742	0.0164924786945	-141.466198322
5274.00000000	-0.0129010870671	-0.0102744357838	0.0164924855067	-141.466156728
5274.00000000	-0.0129010749100	-0.0102744365736	0.0164924764889	-141.466128270
5274.00000000	-0.0129010632896	-0.0102744121848	0.0164924522054	-141.466169398
5274.00000000	-0.0129010449334	-0.0102743616413	0.0164924063590	-141.466267025
5274.00000000	-0.0129010170320	-0.0102743061009	0.0164923499330	-141.466357574
5274.00000000	-0.0129010125891	-0.0102742817051	0.0164923312598	-141.466414256
5274.00000000	-0.0129010539286	-0.0102743034956	0.0164923771722	-141.466444508
5274.00000000	-0.0129011189314	-0.0102743562493	0.0164924608843	-141.466441829
5274.00000000	-0.0129011751200	-0.0102744171443	0.0164925427734	-141.466397949
5274.00000000	-0.0129012023279	-0.0102744632945	0.0164925928069	-141.466331418
5274.00000000	-0.0129011893993	-0.0102744691811	0.0164925863608	-141.466287441
5274.00000000	-0.0129011323807	-0.0102744185467	0.0164925102145	-141.466301640
5274.00000000	-0.0129010405350	-0.0102743235497	0.0164923791883	-141.466361022
5274.00000000	-0.0129009311523	-0.0102742204774	0.0164922294131	-141.466404397
5274.00000000	-0.0129008393684	-0.0102741474820	0.0164921121416	-141.466404123
5274.00000000	-0.0129007871534	-0.0102741144909	0.0164920507442	-141.466380772
5274.00000000	-0.0129007635647	-0.0102741032493	0.0164920252889	-141.466360269
5274.00000000	-0.0129007583674	-0.0102740957269	0.0164920165371	-141.466369463
5274.00000000	-0.0129007786096	-0.0102740864876	0.0164920266156	-141.466438383
5274.00000000	-0.0129008089843	-0.0102740650489	0.0164920370203	-141.466562385
5274.00000000	-0.0129008069074	-0.0102740207149	0.0164920077769	-141.466678374
5274.00000000	-0.0129007542910	-0.0102739504434	0.0164919228409	-141.466755470
5274.00000000	-0.0129006771266	-0.0102738596734	0.0164918059325	-141.466835145
5274.00000000	-0.0129006110512	-0.0102737676408	0.0164916969118	-141.466942254
5274.00000000	-0.0129005678284	-0.0102736940584	0.0164916172615	-141.467048682
5274.00000000	-0.0129005338622	-0.0102736427599	0.0164915587343	-141.467114583
5274.00000000	-0.0129005034805	-0.0102736137653	0.0164915169057	-141.467127626
5274.00000000	-0.0129004853378	-0.0102736132349	0.0164915023831	-141.467089801
5274.00000000	-0.0129004834049	-0.0102736440912	0.0164915200934	-141.467001758
5274.00000000	-0.0129004910271	-0.0102736993497	0.0164915604801	-141.466868077
5274.00000000	-0.0129005102892	-0.0102737730002	0.0164916214297	-141.466709606
5274.00000000	-0.0129005445275	-0.0102738525576	0.0164916977743	-141.466567496
5274.00000000	-0.0129005879028	-0.0102739134847	0.0164917696603	-141.466495795
5274.00000000	-0.0129006329801	-0.0102739409614	0.0164918220390	-141.466518684
5274.00000000	-0.0129006776363	-0.0102739409919	0.0164918569901	-141.466615251
5274.00000000	-0.0129007314232	-0.0102739309735	0.0164918928235	-141.466758890
5274.00000000	-0.0129007975784	-0.0102739238325	0.0164919401246	-141.466921476
5274.00000000	-0.0129008565500	-0.0102739244831	0.0164919866605	-141.467047339
5274.00000000	-0.0129008880751	-0.0102739334007	0.0164920168763	-141.467091333
5274.00000000	-0.0129008912240	-0.0102739504486	0.0164920299597	-141.467051818
5274.00000000	-0.0129008693576	-0.0102739772129	0.0164920295280	-141.466931757
5274.00000000	-0.0129008316959	-0.0102740176556	0.0164920252618	-141.466740337
5274.00000000	-0.0129007986670	-0.0102740744932	0.0164920348332	-141.466514389
5274.00000000	-0.0129007769608	-0.0102741294526	0.0164920520919	-141.466318051
5274.00000000	-0.0129007587044	-0.0102741556026	0.0164920541018	-141.466207473
5274.00000000	-0.0129007421377	-0.0102741545372	0.0164920404789	-141.466174513
5274.00000000	-0.0129007296258	-0.0102741405778	0.0164920219952	-141.466185370
5274.00000000	-0.0129007105377	-0.0102741051954	0.0164919850213	-141.466240213
5274.00000000	-0.0129006768387	-0.0102740428610	0.0164919198278	-141.466336680
5274.00000000	-0.0129006450023	-0.0102739770946	0.0164918539533	-141.466446506
5274.00000000	-0.0129006396712	-0.0102739440443	0.0164918291936	-141.466524788
5274.00000000	-0.0129006761476	-0.0102739567882	0.0164918656661	-141.466569100
5274.00000000	-0.0129007528568	-0.0102740061806	0.0164919564416	-141.466600891
5274.00000000	-0.0129008363726	-0.0102740748763	0.0164920645669	-141.466594954
5274.00000000	-0.0129008767969	-0.0102741356572	0.0164921340532	-141.466517264
5274.00000000	-0.0129008553439	-0.0102741620160	0.0164921336927	-141.466399201
5274.00000000	-0.0129007868067	-0.0102741421032	0.0164920676747	-141.466304981
5274.00000000	-0.0129007109408	-0.0102740868428	0.0164919739034	-141.466290961
