DevNumber	X [V]	Y [V]	R [V]	Theta [°]
4253.00000000	-0.00483694836362	0.00864436217237	0.00990560784806	119.229172090
4253.00000000	-0.00483699116021	0.00864438113885	0.00990564529739	119.229334544
4253.00000000	-0.00483701303986	0.00864437344247	0.00990564926498	119.229466723
4253.00000000	-0.00483701680718	0.00864434087231	0.00990562268157	119.229577733
4253.00000000	-0.00483699723724	0.00864428611922	0.00990556534398	119.229633599
4253.00000000	-0.00483694544811	0.00864420470907	0.00990546901062	119.229602125
4253.00000000	-0.00483686737059	0.00864411231509	0.00990535025512	119.229468976
4253.00000000	-0.00483678300009	0.00864404767537	0.00990525264715	119.229225664
4253.00000000	-0.00483671117070	0.00864404120785	0.00990521192867	119.228881344
4253.00000000	-0.00483666044335	0.00864407903244	0.00990522016733	119.228518441
4253.00000000	-0.00483663053548	0.00864410818859	0.00990523100755	119.228285117
4253.00000000	-0.00483662449714	0.00864410612063	0.00990522625441	119.228260477
4253.00000000	-0.00483663487441	0.00864409245182	0.00990521939303	119.228351468
4253.00000000	-0.00483665022075	0.00864408976235	0.00990522453948	119.228436531
4253.00000000	-0.00483667348448	0.00864410367496	0.00990524804025	119.228514669
4253.00000000	-0.00483671092109	0.00864413344297	0.00990529229826	119.228619566
4253.00000000	-0.00483675431563	0.00864417616382	0.00990535076920	119.228717952
4253.00000000	-0.00483678015019	0.00864422605208	0.00990540692050	119.228707453
4253.00000000	-0.00483676900298	0.00864427651891	0.00990544551868	119.228508644
4253.00000000	-0.00483672546822	0.00864431944805	0.00990546172446	119.228167639
4253.00000000	-0.00483666394384	0.00864435344360	0.00990546135037	119.227761058
4253.00000000	-0.00483660935315	0.00864439208180	0.00990546841390	119.227376365
4253.00000000	-0.00483658959946	0.00864444367799	0.00990550379615	119.227130928
4253.00000000	-0.00483660968667	0.00864450064478	0.00990556331860	119.227071435
4253.00000000	-0.00483664700484	0.00864453902833	0.00990561503702	119.227151405
4253.00000000	-0.00483667401872	0.00864453557114	0.00990562521015	119.227297530
4253.00000000	-0.00483667528933	0.00864450042642	0.00990559516015	119.227403202
4253.00000000	-0.00483664879757	0.00864446147930	0.00990554823612	119.227379474
4253.00000000	-0.00483659245313	0.00864442880425	0.00990549220934	119.227187341
4253.00000000	-0.00483650941146	0.00864440217023	0.00990542841920	119.226843379
4253.00000000	-0.00483641805160	0.00864438707134	0.00990537063462	119.226424844
4253.00000000	-0.00483633693222	0.00864440640870	0.00990534790306	119.225960742
4253.00000000	-0.00483626767109	0.00864447147364	0.00990537086863	119.225427356
4253.00000000	-0.00483620761775	0.00864455855838	0.00990541754755	119.224878267
4253.00000000	-0.00483617146283	0.00864464415350	0.00990547459532	119.224454029
4253.00000000	-0.00483618016317	0.00864472089078	0.00990554581283	119.224281239
4253.00000000	-0.00483623237134	0.00864478422619	0.00990562657619	119.224365923
4253.00000000	-0.00483630387777	0.00864482747583	0.00990569923251	119.224604743
4253.00000000	-0.00483637536056	0.00864483965021	0.00990574475777	119.224931197
4253.00000000	-0.00483644379741	0.00864481117848	0.00990575332406	119.225357059
4253.00000000	-0.00483650812532	0.00864474141724	0.00990572385125	119.225878786
4253.00000000	-0.00483656089431	0.00864464952457	0.00990566942145	119.226404671
4253.00000000	-0.00483660102057	0.00864456068733	0.00990561148588	119.226858115
4253.00000000	-0.00483663395267	0.00864448276833	0.00990555956643	119.227244414
4253.00000000	-0.00483666317150	0.00864442707898	0.00990552523384	119.227549188
4253.00000000	-0.00483667863113	0.00864441619769	0.00990552328652	119.227657958
4253.00000000	-0.00483666770684	0.00864444710987	0.00990554492907	119.227515508
4253.00000000	-0.00483663166923	0.00864449559193	0.00990556964251	119.227196670
4253.00000000	-0.00483658837335	0.00864454335388	0.00990559018385	119.226843228
4253.00000000	-0.00483655508584	0.00864459285435	0.00990561712948	119.226535399
4253.00000000	-0.00483653607684	0.00864463904013	0.00990564815429	119.226309007
4253.00000000	-0.00483652804833	0.00864466130733	0.00990566366684	119.226205595
4253.00000000	-0.00483653093720	0.00864464488074	0.00990565074191	119.226266569
4253.00000000	-0.00483653939939	0.00864459793119	0.00990561390091	119.226441878
4253.00000000	-0.00483654523166	0.00864454189472	0.00990556784578	119.226629577
4253.00000000	-0.00483654835198	0.00864449621764	0.00990552950719	119.226774331
4253.00000000	-0.00483654950408	0.00864448877741	0.00990552357668	119.226801160
4253.00000000	-0.00483654268967	0.00864453873937	0.00990556385097	119.226625657
4253.00000000	-0.00483652134451	0.00864461651768	0.00990562130579	119.226298249
4253.00000000	-0.00483648306742	0.00864466697353	0.00990564664950	119.225962537
4253.00000000	-0.00483644291585	0.00864466651881	0.00990562664851	119.225761142
4253.00000000	-0.00483643249660	0.00864463963921	0.00990559810339	119.225784459
4253.00000000	-0.00483646080634	0.00864461267792	0.00990558839658	119.226003505
4253.00000000	-0.00483650759144	0.00864459347928	0.00990559448514	119.226293890
4253.00000000	-0.00483655106550	0.00864458452992	0.00990560790180	119.226538615
4253.00000000	-0.00483659149073	0.00864457342403	0.00990561794800	119.226774039
4253.00000000	-0.00483663476796	0.00864453185768	0.00990560280432	119.227109888
4253.00000000	-0.00483667525616	0.00864444862613	0.00990554993846	119.227549334
4253.00000000	-0.00483669447039	0.00864434439182	0.00990546835663	119.227940717
4253.00000000	-0.00483667722990	0.00864425400959	0.00990538106327	119.228108964
4253.00000000	-0.00483663082390	0.00864419272517	0.00990530492193	119.228047804
4253.00000000	-0.00483658496510	0.00864415316344	0.00990524800485	119.227928052
4253.00000000	-0.00483656296646	0.00864413539200	0.00990522175439	119.227867198
4253.00000000	-0.00483657217886	0.00864416327832	0.00990525058863	119.227834939
4253.00000000	-0.00483661052102	0.00864425451859	0.00990534893450	119.227770788
4253.00000000	-0.00483666677838	0.00864438688914	0.00990549192187	119.227680905
4253.00000000	-0.00483672690412	0.00864451438874	0.00990563254730	119.227624308
4253.00000000	-0.00483678588387	0.00864460243637	0.00990573818396	119.227673351
4253.00000000	-0.00483684273407	0.00864463838917	0.00990579731842	119.227858772
4253.00000000	-0.00483688816574	0.00864462320038	0.00990580624707	119.228130993
4253.00000000	-0.00483690800142	0.00864456804312	0.00990576779792	119.228386898
4253.00000000	-0.00483690134162	0.00864448961920	0.00990569610704	119.228574777
4253.00000000	-0.00483688407606	0.00864439684396	0.00990560671343	119.228749658
4253.00000000	-0.00483686061107	0.00864430345729	0.00990551375914	119.228894976
4253.00000000	-0.00483682456560	0.00864423184789	0.00990543366635	119.228915284
4253.00000000	-0.00483678396674	0.00864420061562	0.00990538658630	119.228798563
4253.00000000	-0.00483676385788	0.00864420447068	0.00990538013141	119.228686168
4253.00000000	-0.00483676832377	0.00864421955973	0.00990539547997	119.228666093
4253.00000000	-0.00483677475740	0.00864423053974	0.00990540820350	119.228667556
4253.00000000	-0.00483676851953	0.00864424332040	0.00990541631098	119.228599970
4253.00000000	-0.00483675217798	0.00864426641452	0.00990542848525	119.228452253
4253.00000000	-0.00483672779455	0.00864429964139	0.00990544557548	119.228235324
4253.00000000	-0.00483668435677	0.00864433960609	0.00990545924187	119.227903181
4253.00000000	-0.00483661017066	0.00864436438265	0.00990544464034	119.227458723
4253.00000000	-0.00483651445730	0.00864436032494	0.00990539436484	119.226987033
4253.00000000	-0.00483642994891	0.00864434986047	0.00990534396984	119.226589995
4253.00000000	-0.00483638293208	0.00864435851343	0.00990532856469	119.226328217
4253.00000000	-0.00483637080135	0.00864437909249	0.00990534060105	119.226208861
4253.00000000	-0.00483638592435	0.00864437735541	0.00990534646905	119.226290107
4253.00000000	-0.00483642529416	0.00864433759618	0.00990533099411	119.226601136
5260.00000000	0.00857596293458	-0.0250875330341	0.0265128545047	-71.1274366874
5260.00000000	0.00857596528657	-0.0250876483113	0.0265129643456	-71.1275124592
5260.00000000	0.00857597053192	-0.0250877388143	0.0265130516799	-71.1275649963
5260.00000000	0.00857597833911	-0.0250877949425	0.0265131073160	-71.1275882660
5260.00000000	0.00857599549369	-0.0250878207287	0.0265131372648	-71.1275712122
5260.00000000	0.00857601350527	-0.0250877697734	0.0265130948749	-71.1274987626
5260.00000000	0.00857601836312	-0.0250876010168	0.0265129367619	-71.1273708646
5260.00000000	0.00857600596103	-0.0250873814862	0.0265127250217	-71.1272427669
5260.00000000	0.00857598379603	-0.0250872119887	0.0265125574669	-71.1271696066
5260.00000000	0.00857597012782	-0.0250871192374	0.0265124652808	-71.1271327195
5260.00000000	0.00857597473290	-0.0250870609263	0.0265124115942	-71.1270825403
5260.00000000	0.00857598740141	-0.0250869973649	0.0265123555478	-71.1270122017
5260.00000000	0.00857599426554	-0.0250869161195	0.0265122808907	-71.1269413701
5260.00000000	0.00857599810804	-0.0250868306580	0.0265122012668	-71.1268737698
5260.00000000	0.00857601687079	-0.0250867688710	0.0265121488710	-71.1267922084
5260.00000000	0.00857606238809	-0.0250867848334	0.0265121786989	-71.1267102877
5260.00000000	0.00857611845996	-0.0250868947095	0.0265123008056	-71.1266724362
5260.00000000	0.00857614469538	-0.0250870416923	0.0265124483725	-71.1267215375
5260.00000000	0.00857611951664	-0.0250871577714	0.0265125500662	-71.1268541715
5260.00000000	0.00857605734723	-0.0250872033955	0.0265125731273	-71.1270131950
5260.00000000	0.00857598506155	-0.0250871765101	0.0265125243050	-71.1271422177
5260.00000000	0.00857592619285	-0.0250871262933	0.0265124577458	-71.1272274948
5260.00000000	0.00857588781523	-0.0250871170825	0.0265124366163	-71.1272995348
5260.00000000	0.00857586177247	-0.0250871604021	0.0265124691830	-71.1273830719
5260.00000000	0.00857583524826	-0.0250872018604	0.0265124998329	-71.1274662923
5260.00000000	0.00857580135546	-0.0250871955716	0.0265124829191	-71.1275312038
5260.00000000	0.00857577331302	-0.0250871499112	0.0265124306427	-71.1275566301
5260.00000000	0.00857576891961	-0.0250870914294	0.0265123738837	-71.1275247335
5260.00000000	0.00857578693843	-0.0250870336492	0.0265123250382	-71.1274474961
5260.00000000	0.00857581488280	-0.0250869962130	0.0265122986536	-71.1273641826
5260.00000000	0.00857584376077	-0.0250869899333	0.0265123020525	-71.1273007397
5260.00000000	0.00857587908721	-0.0250870190140	0.0265123409968	-71.1272488288
5260.00000000	0.00857592996601	-0.0250870900395	0.0265124246615	-71.1271944361
5260.00000000	0.00857598869720	-0.0250871921144	0.0265125402464	-71.1271456912
5260.00000000	0.00857603739147	-0.0250873078400	0.0265126655016	-71.1271270136
5260.00000000	0.00857606631552	-0.0250874398644	0.0265127997842	-71.1271601574
5260.00000000	0.00857607878431	-0.0250875990191	0.0265129544158	-71.1272459146
5260.00000000	0.00857608409236	-0.0250877558978	0.0265131045777	-71.1273447226
5260.00000000	0.00857608531232	-0.0250878276720	0.0265131728879	-71.1273923995
5260.00000000	0.00857607905986	-0.0250877719534	0.0265131181423	-71.1273662365
5260.00000000	0.00857606341945	-0.0250876341256	0.0265129826650	-71.1273018741
5260.00000000	0.00857604333719	-0.0250874830718	0.0265128332360	-71.1272373488
5260.00000000	0.00857601885941	-0.0250873606554	0.0265127094830	-71.1272018297
5260.00000000	0.00857598325453	-0.0250872625360	0.0265126051215	-71.1272060485
5260.00000000	0.00857594323135	-0.0250871762381	0.0265125105169	-71.1272275662
5260.00000000	0.00857590771406	-0.0250871014947	0.0265124283031	-71.1272479470
5260.00000000	0.00857587684012	-0.0250870177759	0.0265123390984	-71.1272525584
5260.00000000	0.00857585287493	-0.0250869256751	0.0265122441970	-71.1272371826
5260.00000000	0.00857584133449	-0.0250868789523	0.0265121962531	-71.1272281203
5260.00000000	0.00857583729209	-0.0250869268856	0.0265122403019	-71.1272698945
5260.00000000	0.00857583440632	-0.0250870586792	0.0265123640768	-71.1273679251
5260.00000000	0.00857583365456	-0.0250872264167	0.0265125225535	-71.1274867169
5260.00000000	0.00857584654665	-0.0250873915968	0.0265126830239	-71.1275758194
5260.00000000	0.00857588430090	-0.0250875197679	0.0265128165167	-71.1275882106
5260.00000000	0.00857594474140	-0.0250875962059	0.0265129083957	-71.1275180488
5260.00000000	0.00857601524260	-0.0250876463519	0.0265129786504	-71.1274089359
5260.00000000	0.00857608111222	-0.0250877226815	0.0265130721831	-71.1273275976
5260.00000000	0.00857613313140	-0.0250878544707	0.0265132137138	-71.1273133494
5260.00000000	0.00857617216725	-0.0250879985051	0.0265133626316	-71.1273342097
5260.00000000	0.00857619955417	-0.0250880653892	0.0265134347788	-71.1273249608
5260.00000000	0.00857621094933	-0.0250880085016	0.0265133846353	-71.1272618943
5260.00000000	0.00857620432131	-0.0250878704937	0.0265132519029	-71.1271789772
5260.00000000	0.00857618483511	-0.0250876992083	0.0265130835229	-71.1270990905
5260.00000000	0.00857616416868	-0.0250875110663	0.0265128988108	-71.1270098327
5260.00000000	0.00857614631898	-0.0250873164556	0.0265127088889	-71.1269102919
5260.00000000	0.00857612739717	-0.0250871356055	0.0265125316411	-71.1268225614
5260.00000000	0.00857610696273	-0.0250869934177	0.0265123904878	-71.1267649503
5260.00000000	0.00857608842301	-0.0250869033691	0.0265122992834	-71.1267399128
5260.00000000	0.00857607594663	-0.0250868636574	0.0265122576708	-71.1267376648
5260.00000000	0.00857607206476	-0.0250868682570	0.0265122607675	-71.1267488184
5260.00000000	0.00857607905250	-0.0250869051680	0.0265122979544	-71.1267603322
5260.00000000	0.00857610099540	-0.0250869507609	0.0265123481940	-71.1267473332
5260.00000000	0.00857614197849	-0.0250869913192	0.0265123998288	-71.1266918794
5260.00000000	0.00857619139986	-0.0250870659539	0.0265124864375	-71.1266429919
5260.00000000	0.00857622329627	-0.0250872408141	0.0265126622144	-71.1267000050
5260.00000000	0.00857622277091	-0.0250875021578	0.0265129093374	-71.1268837714
5260.00000000	0.00857619169683	-0.0250877346355	0.0265131192651	-71.1271098240
5260.00000000	0.00857613762841	-0.0250878485371	0.0265132095538	-71.1273000059
5260.00000000	0.00857607563453	-0.0250878403327	0.0265131817376	-71.1274210392
5260.00000000	0.00857601839744	-0.0250877524487	0.0265130800640	-71.1274766485
5260.00000000	0.00857597084119	-0.0250876335642	0.0265129521879	-71.1274907922
5260.00000000	0.00857594293826	-0.0250875108580	0.0265128270528	-71.1274620759
5260.00000000	0.00857594327591	-0.0250873905941	0.0265127133635	-71.1273773176
5260.00000000	0.00857596019503	-0.0250872739633	0.0265126084755	-71.1272611909
5260.00000000	0.00857597304514	-0.0250871666299	0.0265125110691	-71.1271598834
5260.00000000	0.00857597602603	-0.0250870929028	0.0265124422698	-71.1271022491
5260.00000000	0.00857597872444	-0.0250870548000	0.0265124070884	-71.1270700954
5260.00000000	0.00857598748435	-0.0250870120780	0.0265123694968	-71.1270223173
5260.00000000	0.00857599587331	-0.0250869394112	0.0265123034502	-71.1269543646
5260.00000000	0.00857599960001	-0.0250868639817	0.0265122332816	-71.1268940142
5260.00000000	0.00857600044319	-0.0250868114900	0.0265121838847	-71.1268555950
5260.00000000	0.00857599731348	-0.0250867883682	0.0265121609936	-71.1268458314
5260.00000000	0.00857598921821	-0.0250868021086	0.0265121713767	-71.1268719910
5260.00000000	0.00857597429354	-0.0250868470702	0.0265122090933	-71.1269339418
5260.00000000	0.00857595113172	-0.0250869103686	0.0265122614964	-71.1270255551
5260.00000000	0.00857592202696	-0.0250869868743	0.0265123244746	-71.1271385534
5260.00000000	0.00857588817336	-0.0250870582539	0.0265123810662	-71.1272576788
5260.00000000	0.00857584779969	-0.0250870755645	0.0265123843866	-71.1273523403
5260.00000000	0.00857580179217	-0.0250870190673	0.0265123160449	-71.1274069280
5260.00000000	0.00857576258126	-0.0250869376904	0.0265122263594	-71.1274302256
5270.00000000	0.0141219724989	-0.0248460151937	0.0285789184236	-60.3869759229
5270.00000000	0.0141219980096	-0.0248461300388	0.0285790308739	-60.3870452314
5270.00000000	0.0141220390367	-0.0248462188266	0.0285791283375	-60.3870616812
5270.00000000	0.0141220762684	-0.0248462606357	0.0285791830832	-60.3870382066
5270.00000000	0.0141220869020	-0.0248462403829	0.0285791707303	-60.3869996093
5270.00000000	0.0141220524102	-0.0248461475297	0.0285790729616	-60.3869677411
5270.00000000	0.0141219831318	-0.0248459951163	0.0285789062228	-60.3869375002
5270.00000000	0.0141219159240	-0.0248458496654	0.0285787465604	-60.3869105473
5270.00000000	0.0141218558846	-0.0248457670999	0.0285786451115	-60.3869333990
5270.00000000	0.0141217828684	-0.0248457324417	0.0285785789000	-60.3870263298
5270.00000000	0.0141216944501	-0.0248456855969	0.0285784944832	-60.3871340338
5270.00000000	0.0141216146320	-0.0248456098040	0.0285783891489	-60.3871980701
5270.00000000	0.0141215770010	-0.0248455354809	0.0285783059387	-60.3871900307
5270.00000000	0.0141215948752	-0.0248454933214	0.0285782781182	-60.3871171094
5270.00000000	0.0141216577709	-0.0248454987664	0.0285783139312	-60.3870128764
5270.00000000	0.0141217483138	-0.0248455626982	0.0285784142532	-60.3869183968
5270.00000000	0.0141218520530	-0.0248456766964	0.0285785646229	-60.3868505167
5270.00000000	0.0141219572172	-0.0248458028805	0.0285787262911	-60.3867922260
5270.00000000	0.0141220617678	-0.0248459123983	0.0285788731667	-60.3867184944
5270.00000000	0.0141221670682	-0.0248459950400	0.0285789970473	-60.3866168314
5270.00000000	0.0141222658841	-0.0248460581784	0.0285791007680	-60.3865071500
5270.00000000	0.0141223524105	-0.0248461303381	0.0285792062588	-60.3864278264
5270.00000000	0.0141224208329	-0.0248462313046	0.0285793278477	-60.3864085953
5270.00000000	0.0141224597431	-0.0248463340623	0.0285794364104	-60.3864425763
5270.00000000	0.0141224488491	-0.0248463849945	0.0285794753064	-60.3865120202
5270.00000000	0.0141223713739	-0.0248463582205	0.0285794137456	-60.3866205295
5270.00000000	0.0141222379598	-0.0248462614042	0.0285792636497	-60.3867571492
5270.00000000	0.0141220955065	-0.0248461171810	0.0285790678726	-60.3868625610
5270.00000000	0.0141219771257	-0.0248459353404	0.0285788512869	-60.3868887506
5270.00000000	0.0141218921168	-0.0248457460494	0.0285786447143	-60.3868493930
5270.00000000	0.0141218421829	-0.0248455969589	0.0285784904235	-60.3867887256
5270.00000000	0.0141218389989	-0.0248455223671	0.0285784240014	-60.3867203782
5270.00000000	0.0141219109400	-0.0248455436072	0.0285784780164	-60.3866160283
5270.00000000	0.0141220539396	-0.0248456493528	0.0285786406120	-60.3864715445
5270.00000000	0.0141222296848	-0.0248458112690	0.0285788682226	-60.3863256357
5270.00000000	0.0141223943107	-0.0248460088133	0.0285791213129	-60.3862344055
5270.00000000	0.0141225163758	-0.0248462009918	0.0285793487069	-60.3862120412
5270.00000000	0.0141225781615	-0.0248463296069	0.0285794910533	-60.3862317690
5270.00000000	0.0141225757359	-0.0248463568836	0.0285795135683	-60.3862630187
5270.00000000	0.0141225062061	-0.0248462792780	0.0285794117417	-60.3863073221
5270.00000000	0.0141223806016	-0.0248461275262	0.0285792177448	-60.3863759056
5270.00000000	0.0141222247938	-0.0248459402122	0.0285789779060	-60.3864619022
5270.00000000	0.0141220631171	-0.0248457566469	0.0285787384263	-60.3865618431
5270.00000000	0.0141219276264	-0.0248456120793	0.0285785457901	-60.3866547787
5270.00000000	0.0141218503418	-0.0248455229370	0.0285784301019	-60.3867011722
5270.00000000	0.0141218207373	-0.0248454733398	0.0285783723542	-60.3867036371
5270.00000000	0.0141218179050	-0.0248454426671	0.0285783442884	-60.3866781866
5270.00000000	0.0141218433651	-0.0248454426174	0.0285783568261	-60.3866337606
5270.00000000	0.0141219095770	-0.0248454931325	0.0285784334613	-60.3865683991
5270.00000000	0.0141220270351	-0.0248456032800	0.0285785872626	-60.3864727944
5270.00000000	0.0141221803938	-0.0248457505908	0.0285787911132	-60.3863514347
5270.00000000	0.0141223301657	-0.0248459099794	0.0285790036918	-60.3862482935
5270.00000000	0.0141224347971	-0.0248460588366	0.0285791848084	-60.3862133974
5270.00000000	0.0141224711356	-0.0248461596322	0.0285792903944	-60.3862499177
5270.00000000	0.0141224656205	-0.0248462133833	0.0285793343990	-60.3863127798
5270.00000000	0.0141224627430	-0.0248462513350	0.0285793659714	-60.3863553927
5270.00000000	0.0141224815832	-0.0248462999086	0.0285794175101	-60.3863706758
5270.00000000	0.0141225138237	-0.0248463519357	0.0285794786728	-60.3863660247
5270.00000000	0.0141225328230	-0.0248463720682	0.0285795055641	-60.3863528551
5270.00000000	0.0141225020426	-0.0248463253256	0.0285794497170	-60.3863601964
5270.00000000	0.0141224187553	-0.0248462120607	0.0285793100908	-60.3863931522
5270.00000000	0.0141223252850	-0.0248460799573	0.0285791490548	-60.3864251936
5270.00000000	0.0141222391723	-0.0248459489778	0.0285789926317	-60.3864455250
5270.00000000	0.0141221386050	-0.0248457968123	0.0285788106473	-60.3864700617
5270.00000000	0.0141220260720	-0.0248456249789	0.0285786056513	-60.3864959700
5270.00000000	0.0141219348370	-0.0248454691108	0.0285784250594	-60.3865005731
5270.00000000	0.0141218904865	-0.0248453471768	0.0285782971370	-60.3864570757
5270.00000000	0.0141218933998	-0.0248452655140	0.0285782275807	-60.3863710941
5270.00000000	0.0141219240242	-0.0248452356355	0.0285782167381	-60.3862881150
5270.00000000	0.0141219517264	-0.0248452517163	0.0285782444074	-60.3862557619
5270.00000000	0.0141219517650	-0.0248452879276	0.0285782759077	-60.3862915695
5270.00000000	0.0141219273437	-0.0248453163371	0.0285782885385	-60.3863622809
5270.00000000	0.0141219042951	-0.0248453376187	0.0285782956508	-60.3864235381
5270.00000000	0.0141219149930	-0.0248454124046	0.0285783659544	-60.3864789823
5270.00000000	0.0141219715305	-0.0248456104807	0.0285785660954	-60.3865766710
5270.00000000	0.0141220356075	-0.0248458904006	0.0285788411154	-60.3867422983
5270.00000000	0.0141220469806	-0.0248461171825	0.0285790438953	-60.3869471409
5270.00000000	0.0141219952353	-0.0248462282375	0.0285791148754	-60.3871473478
5270.00000000	0.0141219018858	-0.0248462399752	0.0285790789526	-60.3873216797
5270.00000000	0.0141217973084	-0.0248461902308	0.0285789840303	-60.3874546750
5270.00000000	0.0141217331042	-0.0248461340207	0.0285789034366	-60.3875108965
5270.00000000	0.0141217330194	-0.0248460881000	0.0285788634719	-60.3874655530
5270.00000000	0.0141217744406	-0.0248460299208	0.0285788333592	-60.3873357215
5270.00000000	0.0141218313539	-0.0248459601178	0.0285788007964	-60.3871673721
5270.00000000	0.0141218837391	-0.0248458943667	0.0285787695190	-60.3870109290
5270.00000000	0.0141219143031	-0.0248458470265	0.0285787434651	-60.3869107582
5270.00000000	0.0141219029531	-0.0248458124105	0.0285787077622	-60.3868962478
5270.00000000	0.0141218412546	-0.0248457611377	0.0285786326988	-60.3869529922
5270.00000000	0.0141217510298	-0.0248456811990	0.0285785186179	-60.3870310591
5270.00000000	0.0141216676188	-0.0248455932230	0.0285784009164	-60.3870892879
5270.00000000	0.0141216009525	-0.0248455118498	0.0285782972295	-60.3871248725
5270.00000000	0.0141215454259	-0.0248454365538	0.0285782043307	-60.3871470612
5270.00000000	0.0141215136540	-0.0248453688302	0.0285781297532	-60.3871353471
5270.00000000	0.0141215259936	-0.0248453201630	0.0285780935402	-60.3870656250
5270.00000000	0.0141215881146	-0.0248453043363	0.0285781104771	-60.3869416680
5270.00000000	0.0141216921317	-0.0248453399682	0.0285781928539	-60.3867956658
5270.00000000	0.0141218095722	-0.0248454075587	0.0285783096482	-60.3866579289
5270.00000000	0.0141219016213	-0.0248454459737	0.0285783885311	-60.3865355457
5270.00000000	0.0141219490236	-0.0248454120817	0.0285783824898	-60.3864193475
5270.00000000	0.0141219550695	-0.0248453142342	0.0285783004110	-60.3863118719
5274.00000000	0.00741766030162	0.000963076890022	0.00747991988235	7.39765295616
5274.00000000	0.00741772252970	0.000963099064944	0.00747998444761	7.39776002729
5274.00000000	0.00741777025949	0.000963122338318	0.00748003477673	7.39788973969
5274.00000000	0.00741779566587	0.000963142202772	0.00748006252937	7.39801557334
5274.00000000	0.00741779349430	0.000963156030518	0.00748006215638	7.39812275119
5274.00000000	0.00741776107885	0.000963170433709	0.00748003186539	7.39826413025
5274.00000000	0.00741770879013	0.000963189820119	0.00747998250832	7.39846296550
5274.00000000	0.00741765948056	0.000963206697889	0.00747993578264	7.39863980875
5274.00000000	0.00741763182741	0.000963209432019	0.00747990871180	7.39868785445
5274.00000000	0.00741762149092	0.000963194691951	0.00747989656327	7.39858608191
5274.00000000	0.00741760987426	0.000963165108205	0.00747988123384	7.39837281605
5274.00000000	0.00741759073629	0.000963125528724	0.00747985715874	7.39809103778
5274.00000000	0.00741756147282	0.000963084330693	0.00747982283421	7.39780694940
5274.00000000	0.00741752196220	0.000963053417976	0.00747977967226	7.39761109542
5274.00000000	0.00741748957379	0.000963037485928	0.00747974550213	7.39752201359
5274.00000000	0.00741749389182	0.000963037472671	0.00747974978251	7.39751765418
5274.00000000	0.00741754216187	0.000963052819925	0.00747979962680	7.39758663018
5274.00000000	0.00741761897236	0.000963080588393	0.00747987937328	7.39772181130
5274.00000000	0.00741770197741	0.000963110765176	0.00747996557289	7.39786917386
5274.00000000	0.00741777283129	0.000963122131117	0.00748003730044	7.39788562929
5274.00000000	0.00741782535526	0.000963105687999	0.00748008727004	7.39770892459
5274.00000000	0.00741786300816	0.000963075103328	0.00748012067166	7.39743946927
5274.00000000	0.00741789075957	0.000963045436224	0.00748014437248	7.39718675065
5274.00000000	0.00741790933210	0.000963021309051	0.00748015968419	7.39698516626
5274.00000000	0.00741791295844	0.000963000673387	0.00748016062367	7.39682484264
5274.00000000	0.00741789637141	0.000962976653053	0.00748014108231	7.39665874148
5274.00000000	0.00741785930305	0.000962947439032	0.00748010056150	7.39647338429
5274.00000000	0.00741781441710	0.000962920692883	0.00748005260592	7.39631447982
5274.00000000	0.00741777506773	0.000962906690551	0.00748001178142	7.39624691756
5274.00000000	0.00741775089866	0.000962906669890	0.00747998781079	7.39627059279
5274.00000000	0.00741774817898	0.000962916110808	0.00747998632908	7.39634498913
5274.00000000	0.00741776473212	0.000962931112905	0.00748000467575	7.39644262435
5274.00000000	0.00741780012394	0.000962951460525	0.00748004239253	7.39656228743
5274.00000000	0.00741786333758	0.000962969664287	0.00748010742365	7.39663822936
5274.00000000	0.00741796544716	0.000962968074820	0.00748020847893	7.39652546734
5274.00000000	0.00741810042207	0.000962947003952	0.00748033961825	7.39623232545
5274.00000000	0.00741823507144	0.000962925723866	0.00748047040799	7.39593792568
5274.00000000	0.00741832573664	0.000962919519602	0.00748055952025	7.39580140992
5274.00000000	0.00741834632553	0.000962933577582	0.00748058174746	7.39588788891
5274.00000000	0.00741830339080	0.000962967396837	0.00748054352339	7.39618709698
5274.00000000	0.00741821745311	0.000963016673164	0.00748046464429	7.39664611689
5274.00000000	0.00741811123378	0.000963069314678	0.00748036608607	7.39715070780
5274.00000000	0.00741800941709	0.000963112415323	0.00748027066600	7.39757849925
5274.00000000	0.00741792340285	0.000963142200952	0.00748018920281	7.39788957653
5274.00000000	0.00741785084434	0.000963164744850	0.00748012015108	7.39813238117
5274.00000000	0.00741779642951	0.000963183826695	0.00748006864632	7.39833099675
5274.00000000	0.00741776472559	0.000963195102784	0.00748003865833	7.39844792108
5274.00000000	0.00741776234569	0.000963188614633	0.00748003546279	7.39840098412
5274.00000000	0.00741780306991	0.000963162514155	0.00748007248712	7.39816255665
5274.00000000	0.00741789369443	0.000963130245150	0.00748015820227	7.39782806107
5274.00000000	0.00741801207844	0.000963109462967	0.00748027292507	7.39755344903
5274.00000000	0.00741812714686	0.000963099723961	0.00748038578185	7.39736599596
5274.00000000	0.00741821653981	0.000963088479453	0.00748047298309	7.39719243241
5274.00000000	0.00741825924429	0.000963076605778	0.00748051380348	7.39706013321
5274.00000000	0.00741825890013	0.000963074271081	0.00748051316161	7.39704273917
5274.00000000	0.00741825526731	0.000963086962015	0.00748051119292	7.39714271671
5274.00000000	0.00741828291570	0.000963111023976	0.00748054170912	7.39729821664
5274.00000000	0.00741833672097	0.000963140165753	0.00748059881858	7.39746650471
5274.00000000	0.00741838249076	0.000963169548757	0.00748064799058	7.39764454667
5274.00000000	0.00741839045658	0.000963192712615	0.00748065887258	7.39781263075
5274.00000000	0.00741835731158	0.000963202777829	0.00748062729947	7.39792176782
5274.00000000	0.00741830212005	0.000963197505923	0.00748057188855	7.39793615515
5274.00000000	0.00741822831391	0.000963180009941	0.00748049644401	7.39787605164
5274.00000000	0.00741813152789	0.000963155188584	0.00748039726769	7.39778296864
5274.00000000	0.00741802114440	0.000963129104360	0.00748028444449	7.39769370069
5274.00000000	0.00741791757138	0.000963109572304	0.00748017921871	7.39764748323
5274.00000000	0.00741783541250	0.000963099773973	0.00748009648210	7.39765408275
5274.00000000	0.00741778748031	0.000963096262247	0.00748004849672	7.39767468010
5274.00000000	0.00741778232907	0.000963090433703	0.00748004263791	7.39763548648
5274.00000000	0.00741780743779	0.000963085230793	0.00748006686774	7.39757120189
5274.00000000	0.00741783784254	0.000963100881381	0.00748009903450	7.39766009804
5274.00000000	0.00741785473537	0.000963148323197	0.00748012189523	7.39800380501
5274.00000000	0.00741785618080	0.000963220144010	0.00748013257669	7.39854792785
5274.00000000	0.00741786242301	0.000963293896591	0.00748014826444	7.39910199108
5274.00000000	0.00741790034646	0.000963339351382	0.00748019172588	7.39940985235
5274.00000000	0.00741796614880	0.000963335325107	0.00748025646173	7.39931435915
5274.00000000	0.00741802536953	0.000963284731067	0.00748030867385	7.39887164194
5274.00000000	0.00741805732539	0.000963211461615	0.00748033092868	7.39828358547
5274.00000000	0.00741806418360	0.000963139258177	0.00748032843281	7.39772838119
5274.00000000	0.00741804790681	0.000963087807180	0.00748030566702	7.39735362240
5274.00000000	0.00741801411574	0.000963066472336	0.00748026941036	7.39722489014
5274.00000000	0.00741797244554	0.000963065864312	0.00748022800867	7.39726136509
5274.00000000	0.00741793061086	0.000963073810540	0.00748018754525	7.39736298008
5274.00000000	0.00741789578258	0.000963086396384	0.00748015462729	7.39749292876
5274.00000000	0.00741787228056	0.000963102990214	0.00748013345740	7.39764215291
5274.00000000	0.00741785860624	0.000963123296547	0.00748012251146	7.39780988545
5274.00000000	0.00741784025692	0.000963148687640	0.00748010758423	7.39802085310
5274.00000000	0.00741779757323	0.000963174296460	0.00748006855335	7.39825747677
5274.00000000	0.00741773034885	0.000963188074213	0.00748000366274	7.39842843894
5274.00000000	0.00741766531319	0.000963188852719	0.00747993926877	7.39849850093
5274.00000000	0.00741762739506	0.000963184540773	0.00747990111108	7.39850314789
5274.00000000	0.00741761341102	0.000963179674955	0.00747988661689	7.39847997962
5274.00000000	0.00741760808744	0.000963174440375	0.00747988066359	7.39844546765
5274.00000000	0.00741760722435	0.000963164725955	0.00747987855677	7.39837252615
5274.00000000	0.00741762429590	0.000963138801918	0.00747989214808	7.39815876328
5274.00000000	0.00741767361235	0.000963076919639	0.00747993308610	7.39764005338
5274.00000000	0.00741774829342	0.000962969679578	0.00747999333879	7.39675179192
5274.00000000	0.00741782591877	0.000962825718773	0.00748005178631	7.39558170785
5274.00000000	0.00741788579056	0.000962657520049	0.00748008951167	7.39424503063
5274.00000000	0.00741792001422	0.000962472995394	0.00748009970550	7.39280963259
