DevNumber	X [V]	Y [V]	R [V]	Theta [°]
4253.00000000	7.47052886624E-5	-2.78139854412E-6	7.47570487111E-5	-2.13222953916
4253.00000000	7.46897810208E-5	-2.78259920330E-6	7.47415964993E-5	-2.13359160924
4253.00000000	7.46807358323E-5	-2.78311468317E-6	7.47325767774E-5	-2.13424471966
4253.00000000	7.46778896429E-5	-2.78356018871E-6	7.47297491555E-5	-2.13466732164
4253.00000000	7.46816848703E-5	-2.78385774434E-6	7.47335528327E-5	-2.13478690885
4253.00000000	7.46937504196E-5	-2.78305747814E-6	7.47455802082E-5	-2.13382937437
4253.00000000	7.47130650244E-5	-2.78500114409E-6	7.47649537999E-5	-2.13476673989
4253.00000000	7.47341892023E-5	-2.78853445864E-6	7.47861949838E-5	-2.13686898283
4253.00000000	7.47518487891E-5	-2.78779785766E-6	7.48038148378E-5	-2.13580082535
4253.00000000	7.47607487653E-5	-2.78088509476E-6	7.48124513558E-5	-2.13025627821
4253.00000000	7.47592702212E-5	-2.77290664178E-6	7.48106776820E-5	-2.12419207957
4253.00000000	7.47538944222E-5	-2.76936495134E-6	7.48051743766E-5	-2.12163386271
4253.00000000	7.47500691963E-5	-2.76938114714E-6	7.48013523728E-5	-2.12175473204
4253.00000000	7.47464966613E-5	-2.76877998662E-6	7.47977600317E-5	-2.12139587055
4253.00000000	7.47406573238E-5	-2.76597648048E-6	7.47918209639E-5	-2.11941524937
4253.00000000	7.47345629991E-5	-2.75918182006E-6	7.47854798138E-5	-2.11438585608
4253.00000000	7.47336499182E-5	-2.75094586584E-6	7.47842639414E-5	-2.10810600591
4253.00000000	7.47384691858E-5	-2.74774041363E-6	7.47889621109E-5	-2.10551616093
4253.00000000	7.47440745543E-5	-2.75444014124E-6	7.47948101240E-5	-2.11048719322
4253.00000000	7.47466415413E-5	-2.76731392169E-6	7.47978505576E-5	-2.12026951411
4253.00000000	7.47470413904E-5	-2.77537297903E-6	7.47985487278E-5	-2.12642720377
4253.00000000	7.47469684367E-5	-2.77506114933E-6	7.47984642547E-5	-2.12619057956
4253.00000000	7.47471962235E-5	-2.76905766613E-6	7.47984693936E-5	-2.12158859175
4253.00000000	7.47483524892E-5	-2.75842270812E-6	7.47992319191E-5	-2.11341507093
4253.00000000	7.47484360729E-5	-2.74634508450E-6	7.47988710253E-5	-2.10416756819
4253.00000000	7.47436776060E-5	-2.74226916209E-6	7.47939662154E-5	-2.10118115985
4253.00000000	7.47329057995E-5	-2.75077952645E-6	7.47835142076E-5	-2.10799962193
4253.00000000	7.47216131527E-5	-2.76381767016E-6	7.47727099968E-5	-2.11830183776
4253.00000000	7.47153928391E-5	-2.77217998188E-6	7.47668035224E-5	-2.12488191382
4253.00000000	7.47152615685E-5	-2.77375918781E-6	7.47667309121E-5	-2.12609500001
4253.00000000	7.47214840093E-5	-2.77126664719E-6	7.47728566486E-5	-2.12400948105
4253.00000000	7.47297943071E-5	-2.76895671429E-6	7.47810756707E-5	-2.12200488853
4253.00000000	7.47347555177E-5	-2.77012035879E-6	7.47860765724E-5	-2.12275504009
4253.00000000	7.47337815575E-5	-2.77418938589E-6	7.47852541122E-5	-2.12589797382
4253.00000000	7.47264743844E-5	-2.77803635519E-6	7.47780947866E-5	-2.12905122532
4253.00000000	7.47169220435E-5	-2.77925451550E-6	7.47685943115E-5	-2.13025600933
4253.00000000	7.47100077275E-5	-2.77704829619E-6	7.47616027910E-5	-2.12876334703
4253.00000000	7.47078573112E-5	-2.77404104922E-6	7.47593422107E-5	-2.12652139347
4253.00000000	7.47093366470E-5	-2.77297731713E-6	7.47607810650E-5	-2.12566465411
4253.00000000	7.47102786568E-5	-2.77176552032E-6	7.47616774897E-5	-2.12470981995
4253.00000000	7.47078651734E-5	-2.76777439022E-6	7.47591177974E-5	-2.12172167715
4253.00000000	7.47036582282E-5	-2.76464904078E-6	7.47547980868E-5	-2.11944727276
4253.00000000	7.47039343365E-5	-2.76862879151E-6	7.47552212941E-5	-2.12248762048
4253.00000000	7.47098431407E-5	-2.77770370058E-6	7.47614626659E-5	-2.12926997537
4253.00000000	7.47156158518E-5	-2.78347655066E-6	7.47674460833E-5	-2.13352640990
4253.00000000	7.47183277670E-5	-2.78216541555E-6	7.47701073203E-5	-2.13244502804
4253.00000000	7.47183835156E-5	-2.77667643927E-6	7.47699589891E-5	-2.12824018108
4253.00000000	7.47173327039E-5	-2.77094819413E-6	7.47686963928E-5	-2.12388351807
4253.00000000	7.47169002396E-5	-2.76523174534E-6	7.47680525895E-5	-2.11951821653
4253.00000000	7.47170544140E-5	-2.75599038206E-6	7.47678654456E-5	-2.11243689139
4253.00000000	7.47201289521E-5	-2.74208593797E-6	7.47704266800E-5	-2.10170246204
4253.00000000	7.47294255383E-5	-2.72764537644E-6	7.47791888869E-5	-2.09038432731
4253.00000000	7.47442948113E-5	-2.71964833454E-6	7.47937570516E-5	-2.08384678389
4253.00000000	7.47580995242E-5	-2.71967012031E-6	7.48075534290E-5	-2.08347899807
4253.00000000	7.47608023203E-5	-2.72181484391E-6	7.48103324389E-5	-2.08504525760
4253.00000000	7.47491195178E-5	-2.71816531236E-6	7.47985246602E-5	-2.08257715388
4253.00000000	7.47308905336E-5	-2.70650945050E-6	7.47798849514E-5	-2.07415997488
4253.00000000	7.47166307184E-5	-2.69211464816E-6	7.47651147742E-5	-2.06353134974
4253.00000000	7.47094075943E-5	-2.68320694871E-6	7.47575760885E-5	-2.05690806525
4253.00000000	7.47080737307E-5	-2.68616591646E-6	7.47563493483E-5	-2.05921114951
4253.00000000	7.47101960461E-5	-2.70633955770E-6	7.47591978759E-5	-2.07460388735
4253.00000000	7.47165160062E-5	-2.73982461062E-6	7.47667332642E-5	-2.10007224876
4253.00000000	7.47283897258E-5	-2.77200379810E-6	7.47797849427E-5	-2.12437779141
4253.00000000	7.47390824569E-5	-2.79173447800E-6	7.47912042148E-5	-2.13917896416
4253.00000000	7.47414835638E-5	-2.79855615157E-6	7.47938585838E-5	-2.14433240221
4253.00000000	7.47367897532E-5	-2.80212486121E-6	7.47893016838E-5	-2.14719900951
4253.00000000	7.47291027704E-5	-2.80845624905E-6	7.47818576084E-5	-2.15226720020
4253.00000000	7.47215215618E-5	-2.81519506415E-6	7.47745351558E-5	-2.15764531770
4253.00000000	7.47166491321E-5	-2.81337182731E-6	7.47695975552E-5	-2.15638973755
4253.00000000	7.47156727909E-5	-2.79665937489E-6	7.47679949193E-5	-2.14361996851
4253.00000000	7.47190228753E-5	-2.77245669448E-6	7.47704413225E-5	-2.12499067247
4253.00000000	7.47240177526E-5	-2.75314211385E-6	7.47747191274E-5	-2.11005922784
4253.00000000	7.47249148975E-5	-2.74335677696E-6	7.47752560199E-5	-2.10254108640
4253.00000000	7.47208110252E-5	-2.74038297917E-6	7.47710458610E-5	-2.10037922378
4253.00000000	7.47158901169E-5	-2.74198218208E-6	7.47661868911E-5	-2.10174213234
4253.00000000	7.47126161588E-5	-2.74581564480E-6	7.47630558287E-5	-2.10477000417
4253.00000000	7.47134854808E-5	-2.74626493339E-6	7.47639410663E-5	-2.10508961895
4253.00000000	7.47183208535E-5	-2.74066514274E-6	7.47685677046E-5	-2.10066524041
4253.00000000	7.47206029877E-5	-2.73302413663E-6	7.47705686201E-5	-2.09474986324
4253.00000000	7.47176212491E-5	-2.72897031425E-6	7.47674408021E-5	-2.09172893471
4253.00000000	7.47123500823E-5	-2.72687836602E-6	7.47620968167E-5	-2.09027423319
4253.00000000	7.47092546286E-5	-2.72303923477E-6	7.47588634868E-5	-2.08742038108
4253.00000000	7.47092398106E-5	-2.71871451336E-6	7.47586912786E-5	-2.08410848614
4253.00000000	7.47084080955E-5	-2.71858125451E-6	7.47578552676E-5	-2.08402960323
4253.00000000	7.47021668241E-5	-2.72306917888E-6	7.47517814769E-5	-2.08764119839
4253.00000000	7.46905701736E-5	-2.72720009450E-6	7.47403431435E-5	-2.09112969223
4253.00000000	7.46776723230E-5	-2.72939871750E-6	7.47275341554E-5	-2.09317516343
4253.00000000	7.46637565963E-5	-2.73420954878E-6	7.47138036170E-5	-2.09725175930
4253.00000000	7.46476361126E-5	-2.74497069509E-6	7.46980886056E-5	-2.10595287115
4253.00000000	7.46335493388E-5	-2.76107789572E-6	7.46846050941E-5	-2.11869861304
4253.00000000	7.46303392152E-5	-2.77618534375E-6	7.46819572349E-5	-2.13037212895
4253.00000000	7.46423467557E-5	-2.78340287788E-6	7.46942250832E-5	-2.13556227297
4253.00000000	7.46643171706E-5	-2.78012390396E-6	7.47160581634E-5	-2.13242172710
4253.00000000	7.46868590255E-5	-2.76955355392E-6	7.47381919635E-5	-2.12368088562
4253.00000000	7.47030658303E-5	-2.76011914026E-6	7.47540387010E-5	-2.11599446457
4253.00000000	7.47105086614E-5	-2.75524592491E-6	7.47612967019E-5	-2.11205165317
4253.00000000	7.47080479866E-5	-2.75058776327E-6	7.47586661666E-5	-2.10855351964
4253.00000000	7.46998071737E-5	-2.74453954218E-6	7.47502086223E-5	-2.10415312212
4253.00000000	7.46965110129E-5	-2.74241737185E-6	7.47468367928E-5	-2.10262027664
4253.00000000	7.47057762226E-5	-2.74498428023E-6	7.47561899760E-5	-2.10432578289
5260.00000000	0.0104404059019	-0.00311448568020	0.0108950491715	-16.6104095261
5260.00000000	0.0104403701859	-0.00311448713618	0.0108950153621	-16.6104705561
5260.00000000	0.0104403553932	-0.00311448692279	0.0108950011257	-16.6104917191
5260.00000000	0.0104403536485	-0.00311448618384	0.0108949992425	-16.6104906180
5260.00000000	0.0104403594544	-0.00311448840164	0.0108950054401	-16.6104930663
5260.00000000	0.0104403755227	-0.00311449674559	0.0108950232231	-16.6105109593
5260.00000000	0.0104404036079	-0.00311451412995	0.0108950551059	-16.6105563453
5260.00000000	0.0104404403692	-0.00311453628771	0.0108950966673	-16.6106127432
5260.00000000	0.0104404792688	-0.00311455845355	0.0108951402801	-16.6106659667
5260.00000000	0.0104405130550	-0.00311458400845	0.0108951799617	-16.6107439556
5260.00000000	0.0104405335083	-0.00311461216414	0.0108952076102	-16.6108550941
5260.00000000	0.0104405395614	-0.00311463070731	0.0108952187117	-16.6109394397
5260.00000000	0.0104405425157	-0.00311462886946	0.0108952210173	-16.6109257368
5260.00000000	0.0104405483127	-0.00311461151886	0.0108952216124	-16.6108295863
5260.00000000	0.0104405540183	-0.00311459250211	0.0108952216436	-16.6107251770
5260.00000000	0.0104405620261	-0.00311458688287	0.0108952277109	-16.6106848215
5260.00000000	0.0104405726821	-0.00311460256120	0.0108952424041	-16.6107478106
5260.00000000	0.0104405701377	-0.00311462572519	0.0108952465877	-16.6108683667
5260.00000000	0.0104405437443	-0.00311463608726	0.0108952242580	-16.6109602627
5260.00000000	0.0104405062256	-0.00311462925105	0.0108951863507	-16.6109822163
5260.00000000	0.0104404742464	-0.00311461151985	0.0108951506373	-16.6109409381
5260.00000000	0.0104404540176	-0.00311459280341	0.0108951259022	-16.6108770299
5260.00000000	0.0104404522146	-0.00311458483118	0.0108951218955	-16.6108395652
5260.00000000	0.0104404766476	-0.00311459239215	0.0108951474703	-16.6108409366
5260.00000000	0.0104405170992	-0.00311460410480	0.0108951895821	-16.6108391485
5260.00000000	0.0104405463572	-0.00311460005751	0.0108952164621	-16.6107747684
5260.00000000	0.0104405475428	-0.00311457488545	0.0108952104023	-16.6106461353
5260.00000000	0.0104405269402	-0.00311454471599	0.0108951820350	-16.6105250727
5260.00000000	0.0104404947193	-0.00311452479958	0.0108951454653	-16.6104731444
5260.00000000	0.0104404591674	-0.00311451649140	0.0108951090220	-16.6104847218
5260.00000000	0.0104404374112	-0.00311451871044	0.0108950888080	-16.6105286110
5260.00000000	0.0104404439263	-0.00311453186358	0.0108950988113	-16.6105851006
5260.00000000	0.0104404751527	-0.00311455756331	0.0108951360813	-16.6106676682
5260.00000000	0.0104405179058	-0.00311459547079	0.0108951878868	-16.6107944261
5260.00000000	0.0104405540247	-0.00311463656083	0.0108952342448	-16.6109471943
5260.00000000	0.0104405711499	-0.00311466968431	0.0108952601244	-16.6110883691
5260.00000000	0.0104405655404	-0.00311468887951	0.0108952602365	-16.6111935328
5260.00000000	0.0104405393110	-0.00311469244898	0.0108952361221	-16.6112509529
5260.00000000	0.0104405120273	-0.00311468508416	0.0108952078716	-16.6112548565
5260.00000000	0.0104405016367	-0.00311467873130	0.0108951960985	-16.6112384632
5260.00000000	0.0104404886709	-0.00311467366657	0.0108951822259	-16.6112324327
5260.00000000	0.0104404494933	-0.00311465825626	0.0108951402779	-16.6112136731
5260.00000000	0.0104403961568	-0.00311463442672	0.0108950823550	-16.6111737719
5260.00000000	0.0104403570922	-0.00311461873071	0.0108950404336	-16.6111534023
5260.00000000	0.0104403512487	-0.00311462256483	0.0108950359301	-16.6111815089
5260.00000000	0.0104403759360	-0.00311464214168	0.0108950651837	-16.6112430502
5260.00000000	0.0104404101520	-0.00311466742436	0.0108951051994	-16.6113190196
5260.00000000	0.0104404508114	-0.00311469473437	0.0108951519693	-16.6113955180
5260.00000000	0.0104404978232	-0.00311472041774	0.0108952043614	-16.6114542684
5260.00000000	0.0104405310855	-0.00311473445439	0.0108952402483	-16.6114749975
5260.00000000	0.0104405429922	-0.00311473757506	0.0108952525502	-16.6114728232
5260.00000000	0.0104405571422	-0.00311474814445	0.0108952691313	-16.6115048128
5260.00000000	0.0104405842027	-0.00311477144864	0.0108953017246	-16.6115815672
5260.00000000	0.0104406112121	-0.00311478889744	0.0108953325951	-16.6116288909
5260.00000000	0.0104406292517	-0.00311478385803	0.0108953484411	-16.6115763756
5260.00000000	0.0104406392788	-0.00311475742061	0.0108953504918	-16.6114280759
5260.00000000	0.0104406365705	-0.00311471638128	0.0108953361643	-16.6112253392
5260.00000000	0.0104406088834	-0.00311466493864	0.0108952949265	-16.6110077280
5260.00000000	0.0104405591557	-0.00311461326925	0.0108952325033	-16.6108221066
5260.00000000	0.0104405091309	-0.00311457782566	0.0108951744339	-16.6107186975
5260.00000000	0.0104404737535	-0.00311456523710	0.0108951369342	-16.6107084429
5260.00000000	0.0104404539197	-0.00311456811856	0.0108951187517	-16.6107527806
5260.00000000	0.0104404490128	-0.00311457915967	0.0108951172059	-16.6108157978
5260.00000000	0.0104404550162	-0.00311459395309	0.0108951271877	-16.6108813224
5260.00000000	0.0104404582151	-0.00311460731675	0.0108951340735	-16.6109438578
5260.00000000	0.0104404548745	-0.00311461095161	0.0108951319114	-16.6109671974
5260.00000000	0.0104404506307	-0.00311459598666	0.0108951235666	-16.6108981632
5260.00000000	0.0104404374856	-0.00311456323250	0.0108951016067	-16.6107528638
5260.00000000	0.0104404087785	-0.00311452916773	0.0108950643595	-16.6106243539
5260.00000000	0.0104403758684	-0.00311451492455	0.0108950287511	-16.6106020514
5260.00000000	0.0104403529383	-0.00311452896627	0.0108950107920	-16.6107072855
5260.00000000	0.0104403451921	-0.00311455847911	0.0108950118059	-16.6108676589
5260.00000000	0.0104403462084	-0.00311457937086	0.0108950187521	-16.6109714137
5260.00000000	0.0104403484344	-0.00311457838987	0.0108950206048	-16.6109631235
5260.00000000	0.0104403448723	-0.00311456058730	0.0108950121020	-16.6108787639
5260.00000000	0.0104403295972	-0.00311453550076	0.0108949902929	-16.6107753057
5260.00000000	0.0104403109532	-0.00311451569400	0.0108949667649	-16.6107035189
5260.00000000	0.0104403048078	-0.00311451274987	0.0108949600343	-16.6106979207
5260.00000000	0.0104403074960	-0.00311452898949	0.0108949672527	-16.6107757184
5260.00000000	0.0104402982696	-0.00311455053914	0.0108949645718	-16.6108981876
5260.00000000	0.0104402710550	-0.00311455680510	0.0108949402841	-16.6109706786
5260.00000000	0.0104402384555	-0.00311454636203	0.0108949060597	-16.6109670605
5260.00000000	0.0104402206278	-0.00311453688618	0.0108948862670	-16.6109461090
5260.00000000	0.0104402338110	-0.00311454509176	0.0108949012458	-16.6109676415
5260.00000000	0.0104402696235	-0.00311457170589	0.0108949431720	-16.6110479227
5260.00000000	0.0104403161336	-0.00311460364089	0.0108949968706	-16.6111389348
5260.00000000	0.0104403683105	-0.00311463023998	0.0108950544740	-16.6111945368
5260.00000000	0.0104404153518	-0.00311465174885	0.0108951057010	-16.6112322074
5260.00000000	0.0104404384995	-0.00311466423008	0.0108951314507	-16.6112603052
5260.00000000	0.0104404247955	-0.00311465845090	0.0108951166665	-16.6112517841
5260.00000000	0.0104403805566	-0.00311463340206	0.0108950671129	-16.6111920613
5260.00000000	0.0104403314777	-0.00311460956663	0.0108950132684	-16.6111457290
5260.00000000	0.0104403093307	-0.00311461201613	0.0108949927458	-16.6111913688
5260.00000000	0.0104403280963	-0.00311464505293	0.0108950201727	-16.6113296432
5260.00000000	0.0104403761303	-0.00311469258658	0.0108950797909	-16.6114969700
5260.00000000	0.0104404374020	-0.00311473546067	0.0108951507624	-16.6116209119
5260.00000000	0.0104405037366	-0.00311476255366	0.0108952220739	-16.6116577149
5260.00000000	0.0104405671523	-0.00311477748174	0.0108952871106	-16.6116376030
5260.00000000	0.0104406225405	-0.00311478912217	0.0108953435150	-16.6116129924
5260.00000000	0.0104406576419	-0.00311479423106	0.0108953786119	-16.6115859668
5270.00000000	-0.00481492517379	0.000229624602815	0.00482039748230	177.269623195
5270.00000000	-0.00481498802613	0.000229648566331	0.00482046140487	177.269374276
5270.00000000	-0.00481502881267	0.000229665788810	0.00482050296560	177.269192899
5270.00000000	-0.00481504881107	0.000229686396193	0.00482052392314	177.268959567
5270.00000000	-0.00481505924000	0.000229711401523	0.00482053553174	177.268668603
5270.00000000	-0.00481506897559	0.000229733125507	0.00482054629152	177.268416205
5270.00000000	-0.00481507170718	0.000229741476085	0.00482054941797	177.268318612
5270.00000000	-0.00481505795235	0.000229727727072	0.00482053502353	177.268474053
5270.00000000	-0.00481503470459	0.000229691238079	0.00482051006339	177.268894094
5270.00000000	-0.00481502226750	0.000229643176596	0.00482049535059	177.269457654
5270.00000000	-0.00481503551628	0.000229596624192	0.00482050636686	177.270017842
5270.00000000	-0.00481507248317	0.000229556024598	0.00482054135825	177.270520778
5270.00000000	-0.00481512109620	0.000229519603193	0.00482058818188	177.270980694
5270.00000000	-0.00481516831606	0.000229490739894	0.00482063397404	177.271350082
5270.00000000	-0.00481520676322	0.000229477230499	0.00482067173451	177.271532219
5270.00000000	-0.00481524225919	0.000229478812347	0.00482070726553	177.271533522
5270.00000000	-0.00481528299999	0.000229485841208	0.00482074829474	177.271473127
5270.00000000	-0.00481532883016	0.000229486818158	0.00482079411947	177.271487459
5270.00000000	-0.00481537314042	0.000229477331740	0.00482083792791	177.271625147
5270.00000000	-0.00481540917327	0.000229463705524	0.00482087327132	177.271807295
5270.00000000	-0.00481543075419	0.000229456397981	0.00482089447997	177.271906254
5270.00000000	-0.00481543425077	0.000229461390022	0.00482089821019	177.271848969
5270.00000000	-0.00481542735528	0.000229480588559	0.00482089223635	177.271617155
5270.00000000	-0.00481541650939	0.000229510488297	0.00482088282611	177.271256066
5270.00000000	-0.00481540669140	0.000229538824967	0.00482087436838	177.270914113
5270.00000000	-0.00481540625478	0.000229549000282	0.00482087441675	177.270793070
5270.00000000	-0.00481541656955	0.000229532905598	0.00482088395349	177.270989974
5270.00000000	-0.00481542399326	0.000229496980175	0.00482088965843	177.271420661
5270.00000000	-0.00481541031376	0.000229458436270	0.00482087415972	177.271870494
5270.00000000	-0.00481537636335	0.000229432741954	0.00482083902488	177.272156320
5270.00000000	-0.00481535095037	0.000229430628597	0.00482081354012	177.272167034
5270.00000000	-0.00481535502739	0.000229449541274	0.00482081851264	177.271944817
5270.00000000	-0.00481537909830	0.000229473519043	0.00482084369756	177.271673780
5270.00000000	-0.00481539773261	0.000229485758394	0.00482086289336	177.271539022
5270.00000000	-0.00481538515053	0.000229473350037	0.00482084973488	177.271679210
5270.00000000	-0.00481533094822	0.000229436742809	0.00482079385162	177.272083135
5270.00000000	-0.00481525418921	0.000229394762416	0.00482071518177	177.272538100
5270.00000000	-0.00481518691471	0.000229364019277	0.00482064652063	177.272865035
5270.00000000	-0.00481514406775	0.000229349797536	0.00482060304555	177.273009647
5270.00000000	-0.00481511006335	0.000229349090584	0.00482056904603	177.272998811
5270.00000000	-0.00481505386852	0.000229350372141	0.00482051297581	177.272951819
5270.00000000	-0.00481497240213	0.000229343009831	0.00482043125139	177.272993158
5270.00000000	-0.00481489672203	0.000229323516290	0.00482035472958	177.273181802
5270.00000000	-0.00481485502766	0.000229298307470	0.00482031188319	177.273457525
5270.00000000	-0.00481485696267	0.000229281202678	0.00482031300238	177.273661702
5270.00000000	-0.00481488965499	0.000229280502376	0.00482034562438	177.273688500
5270.00000000	-0.00481492576505	0.000229292886576	0.00482038228264	177.273561882
5270.00000000	-0.00481494801782	0.000229306001690	0.00482040513409	177.273418752
5270.00000000	-0.00481495151905	0.000229305094414	0.00482040858819	177.273431504
5270.00000000	-0.00481492546204	0.000229288874669	0.00482038178913	177.273609343
5270.00000000	-0.00481486146586	0.000229273947480	0.00482031715537	177.273750388
5270.00000000	-0.00481477579507	0.000229272460666	0.00482023151083	177.273719605
5270.00000000	-0.00481470325900	0.000229278296549	0.00482015933445	177.273609304
5270.00000000	-0.00481467223985	0.000229276712827	0.00482012827508	177.273610569
5270.00000000	-0.00481468626668	0.000229268304476	0.00482014188609	177.273718335
5270.00000000	-0.00481472675411	0.000229265413148	0.00482018219016	177.273775555
5270.00000000	-0.00481476619066	0.000229269883759	0.00482022179472	177.273744771
5270.00000000	-0.00481478231544	0.000229277235476	0.00482023825094	177.273666600
5270.00000000	-0.00481476659085	0.000229281501060	0.00482022274704	177.273607064
5270.00000000	-0.00481472637413	0.000229275021109	0.00482018226762	177.273661263
5270.00000000	-0.00481467648011	0.000229256356963	0.00482013154233	177.273854658
5270.00000000	-0.00481463107800	0.000229230158584	0.00482008494560	177.274140054
5270.00000000	-0.00481460452327	0.000229205283549	0.00482005723799	177.274420396
5270.00000000	-0.00481458885926	0.000229192065355	0.00482004096316	177.274568488
5270.00000000	-0.00481455528379	0.000229194244549	0.00482000752929	177.274523636
5270.00000000	-0.00481448869047	0.000229203731516	0.00481994146243	177.274373348
5270.00000000	-0.00481439809415	0.000229210242148	0.00481985127821	177.274244828
5270.00000000	-0.00481430520061	0.000229208142107	0.00481975838990	177.274217249
5270.00000000	-0.00481423068175	0.000229201572251	0.00481968364292	177.274253134
5270.00000000	-0.00481417947970	0.000229199784421	0.00481963241378	177.274245417
5270.00000000	-0.00481414419718	0.000229212327529	0.00481959776769	177.274076526
5270.00000000	-0.00481412399819	0.000229239737260	0.00481957889521	177.273739624
5270.00000000	-0.00481412261417	0.000229274605783	0.00481957917138	177.273324789
5270.00000000	-0.00481413325173	0.000229310187625	0.00481959148970	177.272908283
5270.00000000	-0.00481414170146	0.000229341148188	0.00481960140302	177.272545418
5270.00000000	-0.00481413913021	0.000229355822620	0.00481959953299	177.272369710
5270.00000000	-0.00481413769097	0.000229346799132	0.00481959766598	177.272476046
5270.00000000	-0.00481415553953	0.000229322356629	0.00481961433126	177.272776388
5270.00000000	-0.00481419104052	0.000229295972162	0.00481964853672	177.273109771
5270.00000000	-0.00481422234239	0.000229269786816	0.00481967855744	177.273438410
5270.00000000	-0.00481423400989	0.000229238763864	0.00481968873610	177.273813387
5270.00000000	-0.00481423592749	0.000229208964924	0.00481968923429	177.274168316
5270.00000000	-0.00481425372980	0.000229192491892	0.00481970623309	177.274373987
5270.00000000	-0.00481430275462	0.000229186896015	0.00481975493635	177.274468148
5270.00000000	-0.00481436763197	0.000229183563084	0.00481981958183	177.274544396
5270.00000000	-0.00481442128737	0.000229185621603	0.00481987327442	177.274550282
5270.00000000	-0.00481446087426	0.000229202138191	0.00481991360191	177.274376543
5270.00000000	-0.00481450453192	0.000229235165885	0.00481995878086	177.274009059
5270.00000000	-0.00481455858970	0.000229278678434	0.00482001484707	177.273522969
5270.00000000	-0.00481460751421	0.000229319928781	0.00482006567856	177.273060848
5270.00000000	-0.00481463331424	0.000229349398869	0.00482009285153	177.272725529
5270.00000000	-0.00481463949896	0.000229368460462	0.00482009993626	177.272502701
5270.00000000	-0.00481464187807	0.000229384298711	0.00482010306638	177.272315994
5270.00000000	-0.00481464652147	0.000229401785441	0.00482010853673	177.272110994
5270.00000000	-0.00481465837427	0.000229420033589	0.00482012124461	177.271901033
5270.00000000	-0.00481468107803	0.000229428690329	0.00482014433467	177.271811095
5270.00000000	-0.00481470659773	0.000229408357065	0.00482016885768	177.272066954
5270.00000000	-0.00481471861246	0.000229357567638	0.00482017844183	177.272676783
5270.00000000	-0.00481471634064	0.000229300212722	0.00482017344381	177.273356485
5270.00000000	-0.00481471395660	0.000229260194912	0.00482016915894	177.273830277
5274.00000000	-0.0102388093252	-0.00318406740162	0.0107224764684	-162.725338421
5274.00000000	-0.0102388004370	-0.00318401251584	0.0107224516828	-162.725604372
5274.00000000	-0.0102387786640	-0.00318395834168	0.0107224148051	-162.725846248
5274.00000000	-0.0102387268604	-0.00318390739355	0.0107223502094	-162.726024015
5274.00000000	-0.0102386520283	-0.00318386347109	0.0107222657102	-162.726129395
5274.00000000	-0.0102385807170	-0.00318383200559	0.0107221882719	-162.726176799
5274.00000000	-0.0102385244548	-0.00318380981108	0.0107221279569	-162.726200777
5274.00000000	-0.0102384838484	-0.00318379829243	0.0107220857617	-162.726195121
5274.00000000	-0.0102384625337	-0.00318380937432	0.0107220686990	-162.726104752
5274.00000000	-0.0102384623021	-0.00318384663910	0.0107220795433	-162.725914233
5274.00000000	-0.0102384814302	-0.00318390313193	0.0107221145839	-162.725656321
5274.00000000	-0.0102385108780	-0.00318397018254	0.0107221626141	-162.725360913
5274.00000000	-0.0102385360644	-0.00318404081830	0.0107222076400	-162.725040452
5274.00000000	-0.0102385565970	-0.00318409840352	0.0107222443469	-162.724779200
5274.00000000	-0.0102385879994	-0.00318412584181	0.0107222824808	-162.724689025
5274.00000000	-0.0102386483922	-0.00318412862315	0.0107223409752	-162.724770668
5274.00000000	-0.0102387381381	-0.00318412316523	0.0107224250518	-162.724940928
5274.00000000	-0.0102388302110	-0.00318412729197	0.0107225141968	-162.725065973
5274.00000000	-0.0102388969220	-0.00318415295244	0.0107225855186	-162.725040898
5274.00000000	-0.0102389299920	-0.00318418197848	0.0107226257164	-162.724945270
5274.00000000	-0.0102389265688	-0.00318418221769	0.0107226225186	-162.724938618
5274.00000000	-0.0102388872150	-0.00318414513388	0.0107225739277	-162.725065389
5274.00000000	-0.0102388359413	-0.00318409071255	0.0107225088062	-162.725261711
5274.00000000	-0.0102388020122	-0.00318404073814	0.0107224615675	-162.725462867
5274.00000000	-0.0102387929573	-0.00318400321127	0.0107224417775	-162.725639980
5274.00000000	-0.0102387924116	-0.00318397559057	0.0107224330546	-162.725780049
5274.00000000	-0.0102387693215	-0.00318395552435	0.0107224050474	-162.725845800
5274.00000000	-0.0102387012288	-0.00318394814023	0.0107223378334	-162.725775432
5274.00000000	-0.0102385865251	-0.00318395598513	0.0107222306330	-162.725553394
5274.00000000	-0.0102384518156	-0.00318396725196	0.0107221053456	-162.725282145
5274.00000000	-0.0102383357769	-0.00318396686409	0.0107219944260	-162.725099988
5274.00000000	-0.0102382549949	-0.00318395423853	0.0107219135388	-162.725036222
5274.00000000	-0.0102382089914	-0.00318393086127	0.0107218626685	-162.725082508
5274.00000000	-0.0102381990528	-0.00318389589682	0.0107218427952	-162.725245153
5274.00000000	-0.0102382236473	-0.00318385518751	0.0107218541917	-162.725491912
5274.00000000	-0.0102382802948	-0.00318381684807	0.0107218968992	-162.725777440
5274.00000000	-0.0102383587536	-0.00318378660293	0.0107219628381	-162.726056272
5274.00000000	-0.0102384344203	-0.00318376774785	0.0107220294931	-162.726272550
5274.00000000	-0.0102384917202	-0.00318376250818	0.0107220826528	-162.726390207
5274.00000000	-0.0102385230771	-0.00318376755686	0.0107221140945	-162.726414201
5274.00000000	-0.0102385025842	-0.00318377168421	0.0107220957514	-162.726360623
5274.00000000	-0.0102384234042	-0.00318377331877	0.0107220206280	-162.726226644
5274.00000000	-0.0102383302724	-0.00318378935284	0.0107219364580	-162.725997046
5274.00000000	-0.0102382800880	-0.00318382672127	0.0107218996335	-162.725726731
5274.00000000	-0.0102382947640	-0.00318386593782	0.0107219252928	-162.725549906
5274.00000000	-0.0102383592491	-0.00318389002394	0.0107219940215	-162.725529328
5274.00000000	-0.0102384398112	-0.00318389859090	0.0107220734938	-162.725613451
5274.00000000	-0.0102385159791	-0.00318389861541	0.0107221462332	-162.725734189
5274.00000000	-0.0102385911620	-0.00318389742743	0.0107222176722	-162.725859549
5274.00000000	-0.0102386703328	-0.00318389540763	0.0107222926723	-162.725995480
5274.00000000	-0.0102387477687	-0.00318388791047	0.0107223643893	-162.726156604
5274.00000000	-0.0102388146649	-0.00318387591481	0.0107224247064	-162.726323958
5274.00000000	-0.0102388657408	-0.00318387066051	0.0107224719184	-162.726431809
5274.00000000	-0.0102388988437	-0.00318387586007	0.0107225050722	-162.726457802
5274.00000000	-0.0102389138397	-0.00318388112514	0.0107225209552	-162.726454730
5274.00000000	-0.0102389069104	-0.00318387910446	0.0107225137385	-162.726454046
5274.00000000	-0.0102388710864	-0.00318387509514	0.0107224783397	-162.726417663
5274.00000000	-0.0102388071453	-0.00318388089612	0.0107224190050	-162.726286609
5274.00000000	-0.0102387277358	-0.00318389859980	0.0107223484341	-162.726070275
5274.00000000	-0.0102386472079	-0.00318391182225	0.0107222754647	-162.725875029
5274.00000000	-0.0102385804465	-0.00318390833422	0.0107222106788	-162.725786893
5274.00000000	-0.0102385370314	-0.00318390398980	0.0107221679318	-162.725740171
5274.00000000	-0.0102385198561	-0.00318391893470	0.0107221559691	-162.725636659
5274.00000000	-0.0102385179474	-0.00318395640410	0.0107221652730	-162.725442437
5274.00000000	-0.0102385081434	-0.00318400696276	0.0107221709248	-162.725168898
5274.00000000	-0.0102384755081	-0.00318406343448	0.0107221565315	-162.724828956
5274.00000000	-0.0102384221179	-0.00318412072075	0.0107221225618	-162.724451922
5274.00000000	-0.0102383591489	-0.00318417532513	0.0107220786494	-162.724073368
5274.00000000	-0.0102383042647	-0.00318422052287	0.0107220396639	-162.723755641
5274.00000000	-0.0102382614570	-0.00318425036803	0.0107220076510	-162.723535416
5274.00000000	-0.0102382135874	-0.00318427258653	0.0107219685397	-162.723346073
5274.00000000	-0.0102381538237	-0.00318429476600	0.0107219180595	-162.723138051
5274.00000000	-0.0102380933824	-0.00318431543376	0.0107218664834	-162.722936665
5274.00000000	-0.0102380471055	-0.00318433110273	0.0107218269481	-162.722783265
5274.00000000	-0.0102380213156	-0.00318433615758	0.0107218038232	-162.722716541
5274.00000000	-0.0102380149848	-0.00318432739451	0.0107217951754	-162.722751209
5274.00000000	-0.0102380400405	-0.00318430851865	0.0107218134946	-162.722887293
5274.00000000	-0.0102381008051	-0.00318428291818	0.0107218639144	-162.723114363
5274.00000000	-0.0102381722073	-0.00318424780375	0.0107219216665	-162.723406860
5274.00000000	-0.0102382152406	-0.00318419984924	0.0107219485166	-162.723719852
5274.00000000	-0.0102382155279	-0.00318414749871	0.0107219332440	-162.723987437
5274.00000000	-0.0102381952193	-0.00318410623243	0.0107219015966	-162.724165778
5274.00000000	-0.0102381884591	-0.00318408567840	0.0107218890375	-162.724259932
5274.00000000	-0.0102382143993	-0.00318408902879	0.0107219148024	-162.724284001
5274.00000000	-0.0102382722378	-0.00318410870721	0.0107219758755	-162.724275375
5274.00000000	-0.0102383538583	-0.00318413365581	0.0107220612228	-162.724277596
5274.00000000	-0.0102384501676	-0.00318415264319	0.0107221588260	-162.724333546
5274.00000000	-0.0102385455892	-0.00318415375532	0.0107222502731	-162.724479295
5274.00000000	-0.0102386115064	-0.00318413295105	0.0107223070385	-162.724690052
5274.00000000	-0.0102386228552	-0.00318410128090	0.0107223084706	-162.724869660
5274.00000000	-0.0102385749686	-0.00318407548948	0.0107222550851	-162.724925273
5274.00000000	-0.0102385077909	-0.00318406605486	0.0107221881361	-162.724866814
5274.00000000	-0.0102384864821	-0.00318407330541	0.0107221699417	-162.724796003
5274.00000000	-0.0102385387882	-0.00318408288403	0.0107222227328	-162.724830129
5274.00000000	-0.0102386392337	-0.00318408234090	0.0107223184858	-162.724992292
5274.00000000	-0.0102387462135	-0.00318407373023	0.0107224180829	-162.725205985
5274.00000000	-0.0102388365874	-0.00318407368686	0.0107225043673	-162.725349610
5274.00000000	-0.0102389091883	-0.00318409775049	0.0107225808391	-162.725342026
5274.00000000	-0.0102389764960	-0.00318414187704	0.0107226582142	-162.725223675
5274.00000000	-0.0102390373260	-0.00318418630504	0.0107227294934	-162.725093509
