DevNumber	X [V]	Y [V]	R [V]	Theta [°]
4253.00000000	0.0241942918372	-0.0288817869143	0.0376765361049	-50.0470695262
4253.00000000	0.0241943709267	-0.0288819017749	0.0376766749418	-50.0470894946
4253.00000000	0.0241944524413	-0.0288820389747	0.0376768324607	-50.0471284510
4253.00000000	0.0241944794830	-0.0288820869181	0.0376768865778	-50.0471437459
4253.00000000	0.0241944434182	-0.0288820116323	0.0376768057065	-50.0471122686
4253.00000000	0.0241943875162	-0.0288818700564	0.0376766612805	-50.0470391810
4253.00000000	0.0241943185681	-0.0288816846189	0.0376764748537	-50.0469384682
4253.00000000	0.0241942376465	-0.0288814906486	0.0376762741972	-50.0468433797
4253.00000000	0.0241942043232	-0.0288814118758	0.0376761924134	-50.0468053000
4253.00000000	0.0241942633834	-0.0288814881363	0.0376762887986	-50.0468109235
4253.00000000	0.0241943575267	-0.0288815837421	0.0376764225422	-50.0467945406
4253.00000000	0.0241943736852	-0.0288815391440	0.0376763987311	-50.0467321513
4253.00000000	0.0241942727707	-0.0288813459076	0.0376761857987	-50.0466610850
4253.00000000	0.0241941213712	-0.0288811360189	0.0376759276816	-50.0466326090
4253.00000000	0.0241939957022	-0.0288810322557	0.0376757674400	-50.0466777767
4253.00000000	0.0241939224818	-0.0288810487726	0.0376757330819	-50.0467792647
4253.00000000	0.0241938994343	-0.0288811317498	0.0376757818895	-50.0468871660
4253.00000000	0.0241939130301	-0.0288812214957	0.0376758594167	-50.0469589596
4253.00000000	0.0241939511317	-0.0288813003173	0.0376759443064	-50.0469915166
4253.00000000	0.0241939839534	-0.0288813716561	0.0376760200695	-50.0470229210
4253.00000000	0.0241939583454	-0.0288814005272	0.0376760257569	-50.0470809682
4253.00000000	0.0241938619027	-0.0288813839862	0.0376759511456	-50.0471772446
4253.00000000	0.0241937698169	-0.0288814196055	0.0376759193170	-50.0473193798
4253.00000000	0.0241937570721	-0.0288815501053	0.0376760111709	-50.0474616778
4253.00000000	0.0241938121694	-0.0288816675283	0.0376761365655	-50.0475121166
4253.00000000	0.0241938741776	-0.0288816554538	0.0376761671282	-50.0474280381
4253.00000000	0.0241938905386	-0.0288814938483	0.0376760537517	-50.0472511487
4253.00000000	0.0241938412640	-0.0288812368462	0.0376758250987	-50.0470576130
4253.00000000	0.0241937471520	-0.0288809864068	0.0376755726842	-50.0469227542
4253.00000000	0.0241936350688	-0.0288808217281	0.0376753744710	-50.0468925967
4253.00000000	0.0241935068749	-0.0288807297618	0.0376752216513	-50.0469522303
4253.00000000	0.0241933783283	-0.0288806737015	0.0376750961297	-50.0470473410
4253.00000000	0.0241933133962	-0.0288806619579	0.0376750454308	-50.0471115699
4253.00000000	0.0241933415907	-0.0288806952759	0.0376750890768	-50.0471112386
4253.00000000	0.0241934026226	-0.0288807133248	0.0376751421047	-50.0470577144
4253.00000000	0.0241934306689	-0.0288806408228	0.0376751045369	-50.0469542139
4253.00000000	0.0241934273694	-0.0288805094346	0.0376750016998	-50.0468297480
4253.00000000	0.0241934618801	-0.0288804953303	0.0376750130493	-50.0467757416
4253.00000000	0.0241935893857	-0.0288807189912	0.0376752663802	-50.0468455221
4253.00000000	0.0241937627520	-0.0288810530581	0.0376756337949	-50.0469696581
4253.00000000	0.0241938873642	-0.0288812947135	0.0376758990619	-50.0470603821
4253.00000000	0.0241939373536	-0.0288814307699	0.0376760354601	-50.0471349736
4253.00000000	0.0241939526800	-0.0288815948500	0.0376761710815	-50.0472773402
4253.00000000	0.0241939670442	-0.0288818339119	0.0376763635646	-50.0474940504
4253.00000000	0.0241939951035	-0.0288820899389	0.0376765778476	-50.0477113604
4253.00000000	0.0241940272945	-0.0288822934916	0.0376767545585	-50.0478726089
4253.00000000	0.0241940452672	-0.0288824223195	0.0376768648567	-50.0479774606
4253.00000000	0.0241940431931	-0.0288825015750	0.0376769242808	-50.0480572730
4253.00000000	0.0241940407237	-0.0288825822728	0.0376769845567	-50.0481389544
4253.00000000	0.0241940514843	-0.0288826690077	0.0376770579562	-50.0482111080
4253.00000000	0.0241940461128	-0.0288826847371	0.0376770665649	-50.0482327298
4253.00000000	0.0241939984845	-0.0288825609152	0.0376769410607	-50.0481673388
4253.00000000	0.0241939204658	-0.0288823335729	0.0376767166844	-50.0480362855
4253.00000000	0.0241938286438	-0.0288821057258	0.0376764830578	-50.0479208290
4253.00000000	0.0241937239293	-0.0288819191251	0.0376762727710	-50.0478606797
4253.00000000	0.0241936240140	-0.0288817767287	0.0376760994523	-50.0478381021
4253.00000000	0.0241935431812	-0.0288816747047	0.0376759693360	-50.0478327040
4253.00000000	0.0241934806029	-0.0288816070151	0.0376758772620	-50.0478395545
4253.00000000	0.0241934508145	-0.0288815781820	0.0376758360305	-50.0478461243
4253.00000000	0.0241934533656	-0.0288815836697	0.0376758418754	-50.0478485092
4253.00000000	0.0241934622105	-0.0288816161809	0.0376758724776	-50.0478699469
4253.00000000	0.0241934628092	-0.0288816534302	0.0376759014167	-50.0479056247
4253.00000000	0.0241934571405	-0.0288816540859	0.0376758982792	-50.0479128733
4253.00000000	0.0241934610999	-0.0288816300608	0.0376758824045	-50.0478847959
4253.00000000	0.0241935134694	-0.0288816622242	0.0376759406894	-50.0478551536
4253.00000000	0.0241936281253	-0.0288817845761	0.0376761081080	-50.0478409727
4253.00000000	0.0241937631055	-0.0288819366219	0.0376763113406	-50.0478320954
4253.00000000	0.0241938543602	-0.0288820295592	0.0376764411836	-50.0478164706
4253.00000000	0.0241938583883	-0.0288819838534	0.0376764087330	-50.0477671414
4253.00000000	0.0241937860332	-0.0288818013401	0.0376762223593	-50.0476732588
4253.00000000	0.0241936925450	-0.0288815971760	0.0376760058180	-50.0475828687
4253.00000000	0.0241936378662	-0.0288815065473	0.0376759012320	-50.0475581082
4253.00000000	0.0241936585936	-0.0288815951303	0.0376759824479	-50.0476204507
4253.00000000	0.0241937372403	-0.0288818331886	0.0376762154414	-50.0477612416
4253.00000000	0.0241938175868	-0.0288821284681	0.0376764933914	-50.0479559275
4253.00000000	0.0241938867759	-0.0288824479877	0.0376767827592	-50.0481872884
4253.00000000	0.0241939292925	-0.0288827281750	0.0376770248486	-50.0484113309
4253.00000000	0.0241938955219	-0.0288828483539	0.0376770952909	-50.0485680546
4253.00000000	0.0241938032131	-0.0288828279159	0.0376770203484	-50.0486557066
4253.00000000	0.0241937126294	-0.0288827853910	0.0376769295821	-50.0487197799
4253.00000000	0.0241936438153	-0.0288827698114	0.0376768734510	-50.0487847875
4253.00000000	0.0241935856653	-0.0288827701459	0.0376768363672	-50.0488529035
4253.00000000	0.0241935166196	-0.0288827582532	0.0376767829139	-50.0489217817
4253.00000000	0.0241934177569	-0.0288827081513	0.0376766810230	-50.0489881086
4253.00000000	0.0241933045956	-0.0288826405587	0.0376765565425	-50.0490540250
4253.00000000	0.0241932089501	-0.0288826066523	0.0376764691331	-50.0491324172
4253.00000000	0.0241931425657	-0.0288826317362	0.0376764457349	-50.0492343018
4253.00000000	0.0241931157589	-0.0288826902948	0.0376764734123	-50.0493227356
4253.00000000	0.0241931318680	-0.0288827126443	0.0376765008894	-50.0493257802
4253.00000000	0.0241931773079	-0.0288826690657	0.0376764966605	-50.0492302522
4253.00000000	0.0241932406904	-0.0288825859601	0.0376764736520	-50.0490752087
4253.00000000	0.0241933253389	-0.0288824901115	0.0376764545306	-50.0488829297
4253.00000000	0.0241934155466	-0.0288823563111	0.0376764098859	-50.0486471091
4253.00000000	0.0241934667306	-0.0288821459115	0.0376762814633	-50.0483819797
4253.00000000	0.0241934597424	-0.0288818817471	0.0376760744713	-50.0481321611
4253.00000000	0.0241934187989	-0.0288816501668	0.0376758706540	-50.0479537442
4253.00000000	0.0241933727590	-0.0288814932783	0.0376757208218	-50.0478542074
4253.00000000	0.0241933151267	-0.0288813545805	0.0376755774902	-50.0477859483
4253.00000000	0.0241932427724	-0.0288812008895	0.0376754132116	-50.0477202096
4253.00000000	0.0241931696932	-0.0288810773222	0.0376752715597	-50.0476847335
5260.00000000	-0.00193961960286	0.00178234984533	0.00263417827319	137.419562121
5260.00000000	-0.00193959685671	0.00178232320580	0.00263414349960	137.419654016
5260.00000000	-0.00193959370274	0.00178232205029	0.00263414039540	137.419626105
5260.00000000	-0.00193960231265	0.00178233884129	0.00263415809632	137.419483895
5260.00000000	-0.00193961594404	0.00178234664437	0.00263417341325	137.419559539
5260.00000000	-0.00193962937600	0.00178232629522	0.00263416953495	137.420083130
5260.00000000	-0.00193963829134	0.00178228301021	0.00263414681249	137.420907597
5260.00000000	-0.00193964161237	0.00178223864606	0.00263411924103	137.421667033
5260.00000000	-0.00193963735434	0.00178220468245	0.00263409312601	137.422148357
5260.00000000	-0.00193962813204	0.00178217860367	0.00263406869045	137.422430339
5260.00000000	-0.00193961883998	0.00178216004575	0.00263404929208	137.422590835
5260.00000000	-0.00193960558732	0.00178215854849	0.00263403852028	137.422419776
5260.00000000	-0.00193958121595	0.00178217649498	0.00263403271667	137.421773641
5260.00000000	-0.00193954905607	0.00178220415184	0.00263402774848	137.420857342
5260.00000000	-0.00193952179391	0.00178222839699	0.00263402407888	137.420067770
5260.00000000	-0.00193950694024	0.00178223337132	0.00263401650737	137.419769480
5260.00000000	-0.00193950602950	0.00178221132144	0.00263400091737	137.420109248
5260.00000000	-0.00193951727200	0.00178217114331	0.00263398201065	137.420918255
5260.00000000	-0.00193953174745	0.00178212340143	0.00263396036745	137.421896010
5260.00000000	-0.00193954155024	0.00178207678077	0.00263393604282	137.422787051
5260.00000000	-0.00193954243867	0.00178203913090	0.00263391122391	137.423403212
5260.00000000	-0.00193953060465	0.00178202038022	0.00263388982342	137.423529401
5260.00000000	-0.00193950735703	0.00178202316421	0.00263387458808	137.423142651
5260.00000000	-0.00193948260735	0.00178203552583	0.00263386472689	137.422580370
5260.00000000	-0.00193946766034	0.00178204673635	0.00263386130539	137.422180802
5260.00000000	-0.00193946678138	0.00178205288879	0.00263386482085	137.422069313
5260.00000000	-0.00193947752138	0.00178206173315	0.00263387871337	137.422085715
5260.00000000	-0.00193949096739	0.00178208406804	0.00263390372606	137.421925851
5260.00000000	-0.00193949573134	0.00178211445643	0.00263392779470	137.421509207
5260.00000000	-0.00193948688830	0.00178213084004	0.00263393236832	137.421116626
5260.00000000	-0.00193946444775	0.00178212047102	0.00263390882859	137.420952429
5260.00000000	-0.00193943249594	0.00178208883402	0.00263386389524	137.420988908
5260.00000000	-0.00193940047081	0.00178204853838	0.00263381304942	137.421163006
5260.00000000	-0.00193938257333	0.00178201813837	0.00263377930192	137.421386541
5260.00000000	-0.00193938907876	0.00178202164948	0.00263378646781	137.421426050
5260.00000000	-0.00193941578776	0.00178206564009	0.00263383589910	137.421114511
5260.00000000	-0.00193944285920	0.00178212680511	0.00263389721774	137.420533222
5260.00000000	-0.00193945961252	0.00178217680887	0.00263394338714	137.419978867
5260.00000000	-0.00193947148898	0.00178221156716	0.00263397565036	137.419596938
5260.00000000	-0.00193948286243	0.00178223780028	0.00263400177494	137.419344162
5260.00000000	-0.00193948570899	0.00178225446113	0.00263401514415	137.419119205
5260.00000000	-0.00193947404879	0.00178226252171	0.00263401201254	137.418818484
5260.00000000	-0.00193945680226	0.00178225994373	0.00263399756926	137.418605933
5260.00000000	-0.00193944960958	0.00178224562141	0.00263398258217	137.418729464
5260.00000000	-0.00193945955357	0.00178222819675	0.00263397811404	137.419154912
5260.00000000	-0.00193947537509	0.00178221123101	0.00263397828437	137.419659519
5260.00000000	-0.00193948317394	0.00178219024180	0.00263396982518	137.420110492
5260.00000000	-0.00193948182084	0.00178216052545	0.00263394872232	137.420566553
5260.00000000	-0.00193947511655	0.00178211608367	0.00263391371601	137.421179731
5260.00000000	-0.00193946731463	0.00178206369170	0.00263387252269	137.421904118
5260.00000000	-0.00193945971569	0.00178202792037	0.00263384272457	137.422365275
5260.00000000	-0.00193945131090	0.00178202089984	0.00263383178560	137.422354029
5260.00000000	-0.00193944666663	0.00178203256763	0.00263383626006	137.422098772
5260.00000000	-0.00193945114952	0.00178204823323	0.00263385016030	137.421913814
5260.00000000	-0.00193946665653	0.00178206402283	0.00263387226214	137.421889128
5260.00000000	-0.00193949115813	0.00178208581270	0.00263390504694	137.421900712
5260.00000000	-0.00193952200887	0.00178211170168	0.00263394528040	137.421940084
5260.00000000	-0.00193955579437	0.00178213245123	0.00263398419760	137.422104968
5260.00000000	-0.00193959101190	0.00178214686767	0.00263401988439	137.422392363
5260.00000000	-0.00193962274465	0.00178216022584	0.00263405228918	137.422645416
5260.00000000	-0.00193964087448	0.00178217614667	0.00263407641114	137.422657224
5260.00000000	-0.00193964321272	0.00178219230972	0.00263408906864	137.422432749
5260.00000000	-0.00193964089520	0.00178220948235	0.00263409898092	137.422123588
5260.00000000	-0.00193964148730	0.00178222647834	0.00263411091630	137.421860079
5260.00000000	-0.00193964703180	0.00178224408010	0.00263412690830	137.421659755
5260.00000000	-0.00193965459524	0.00178226937572	0.00263414959265	137.421365916
5260.00000000	-0.00193966141889	0.00178230342486	0.00263417765502	137.420920997
5260.00000000	-0.00193966431627	0.00178234154610	0.00263420558172	137.420353088
5260.00000000	-0.00193966120096	0.00178238242688	0.00263423094852	137.419652507
5260.00000000	-0.00193965641656	0.00178242767982	0.00263425804509	137.418857354
5260.00000000	-0.00193965528603	0.00178246526555	0.00263428264458	137.418238781
5260.00000000	-0.00193965724560	0.00178247353072	0.00263428968000	137.418135255
5260.00000000	-0.00193966003061	0.00178244370503	0.00263427154939	137.418653897
5260.00000000	-0.00193965920058	0.00178239001002	0.00263423460653	137.419501620
5260.00000000	-0.00193964265571	0.00178233792518	0.00263418718229	137.420092303
5260.00000000	-0.00193960128234	0.00178229969860	0.00263413085288	137.420095644
5260.00000000	-0.00193954340482	0.00178227773714	0.00263407337626	137.419595571
5260.00000000	-0.00193949305364	0.00178227848260	0.00263403680587	137.418842563
5260.00000000	-0.00193947423838	0.00178229762840	0.00263403590665	137.418258988
5260.00000000	-0.00193949077882	0.00178231832324	0.00263406208857	137.418170982
5260.00000000	-0.00193952474324	0.00178232744121	0.00263409326663	137.418524839
5260.00000000	-0.00193955614766	0.00178232357592	0.00263411377491	137.419048951
5260.00000000	-0.00193957404249	0.00178231437653	0.00263412072674	137.419459659
5260.00000000	-0.00193957952511	0.00178230851946	0.00263412080072	137.419634157
5260.00000000	-0.00193957590528	0.00178230361216	0.00263411481494	137.419659479
5260.00000000	-0.00193956607142	0.00178229062011	0.00263409878325	137.419722832
5260.00000000	-0.00193955039522	0.00178226865576	0.00263407237883	137.419843906
5260.00000000	-0.00193952614200	0.00178223981507	0.00263403500620	137.419948883
5260.00000000	-0.00193949322975	0.00178220984997	0.00263399049686	137.419944428
5260.00000000	-0.00193945800772	0.00178218914793	0.00263395055435	137.419757608
5260.00000000	-0.00193943340280	0.00178218540290	0.00263392990306	137.419455445
5260.00000000	-0.00193942827140	0.00178220272676	0.00263393784649	137.419102438
5260.00000000	-0.00193944122360	0.00178223845727	0.00263397155990	137.418720781
5260.00000000	-0.00193946767711	0.00178228680671	0.00263402375310	137.418335741
5260.00000000	-0.00193949522257	0.00178233497543	0.00263407662816	137.417969683
5260.00000000	-0.00193950654869	0.00178236269346	0.00263410372299	137.417692454
5260.00000000	-0.00193949650643	0.00178236221563	0.00263409600550	137.417552303
5260.00000000	-0.00193947285861	0.00178234653440	0.00263406798279	137.417455395
5260.00000000	-0.00193944900742	0.00178233182150	0.00263404046558	137.417339983
5260.00000000	-0.00193943800319	0.00178232557372	0.00263402813556	137.417278081
5270.00000000	0.169040551752	-0.279613051079	0.326738682238	-58.8448678181
5270.00000000	0.169040328269	-0.279614110030	0.326739472836	-58.8449974249
5270.00000000	0.169040214393	-0.279615767855	0.326740832641	-58.8451649132
5270.00000000	0.169040080751	-0.279617373747	0.326742137781	-58.8453306549
5270.00000000	0.169039812668	-0.279618224513	0.326742727152	-58.8454480655
5270.00000000	0.169039479731	-0.279618032096	0.326742390242	-58.8454805715
5270.00000000	0.169039186339	-0.279616812654	0.326741194888	-58.8454139719
5270.00000000	0.169039044635	-0.279615072406	0.326739632319	-58.8452773610
5270.00000000	0.169039170423	-0.279613888923	0.326738684603	-58.8451511179
5270.00000000	0.169039425886	-0.279613638420	0.326738602394	-58.8450900558
5270.00000000	0.169039437381	-0.279613401021	0.326738405182	-58.8450667937
5270.00000000	0.169038888035	-0.279612132742	0.326737035618	-58.8450341711
5270.00000000	0.169037784473	-0.279609921432	0.326734572311	-58.8449991633
5270.00000000	0.169036535059	-0.279607884128	0.326732182454	-58.8450018294
5270.00000000	0.169035576926	-0.279607018902	0.326730946324	-58.8450671184
5270.00000000	0.169034996478	-0.279607351284	0.326730930471	-58.8451843803
5270.00000000	0.169034689658	-0.279608366717	0.326731640718	-58.8453225477
5270.00000000	0.169034562667	-0.279609525844	0.326732566969	-58.8454467638
5270.00000000	0.169034541495	-0.279610420565	0.326733321696	-58.8455311119
5270.00000000	0.169034472380	-0.279610788742	0.326733601018	-58.8455748855
5270.00000000	0.169034158135	-0.279610560484	0.326733243106	-58.8456013359
5270.00000000	0.169033545519	-0.279610051138	0.326732490286	-58.8456470616
5270.00000000	0.169032854808	-0.279609884282	0.326731990158	-58.8457355786
5270.00000000	0.169032473023	-0.279610364180	0.326732203330	-58.8458364098
5270.00000000	0.169032554978	-0.279611112334	0.326732885983	-58.8458919842
5270.00000000	0.169032975691	-0.279611679180	0.326733588731	-58.8458802730
5270.00000000	0.169033514388	-0.279611896305	0.326734053232	-58.8458191291
5270.00000000	0.169033939764	-0.279611825018	0.326734212292	-58.8457488264
5270.00000000	0.169034083070	-0.279611712493	0.326734190134	-58.8457171124
5270.00000000	0.169033963764	-0.279611864327	0.326734258348	-58.8457487910
5270.00000000	0.169033689770	-0.279612305261	0.326734493941	-58.8458299105
5270.00000000	0.169033434246	-0.279613035005	0.326734986247	-58.8459344594
5270.00000000	0.169033465444	-0.279614216911	0.326736013838	-58.8460370000
5270.00000000	0.169033816125	-0.279615563998	0.326737348069	-58.8461065809
5270.00000000	0.169034077482	-0.279616274026	0.326738090909	-58.8461317728
5270.00000000	0.169033862422	-0.279615878641	0.326737641287	-58.8461281773
5270.00000000	0.169033298249	-0.279615005956	0.326736602591	-58.8461336722
5270.00000000	0.169032850168	-0.279614914582	0.326736292585	-58.8461926254
5270.00000000	0.169032769945	-0.279616171465	0.326737326702	-58.8463186874
5270.00000000	0.169032924398	-0.279618045976	0.326739010781	-58.8464655610
5270.00000000	0.169033044885	-0.279619388953	0.326740222412	-58.8465693113
5270.00000000	0.169033060301	-0.279619990353	0.326740745056	-58.8466215550
5270.00000000	0.169033153575	-0.279620524823	0.326741250701	-58.8466560431
5270.00000000	0.169033450811	-0.279621327426	0.326742091327	-58.8466842472
5270.00000000	0.169033817398	-0.279622084809	0.326742929131	-58.8466979419
5270.00000000	0.169034113537	-0.279622494865	0.326743433253	-58.8466907002
5270.00000000	0.169034358008	-0.279622685041	0.326743722475	-58.8466712654
5270.00000000	0.169034605437	-0.279623016799	0.326744134391	-58.8466642307
5270.00000000	0.169034922330	-0.279623761288	0.326744935452	-58.8466842128
5270.00000000	0.169035199973	-0.279624541810	0.326745747046	-58.8467133538
5270.00000000	0.169035132720	-0.279624486141	0.326745664613	-58.8467183961
5270.00000000	0.169034488583	-0.279623049311	0.326744101763	-58.8466847157
5270.00000000	0.169033342077	-0.279620623258	0.326741432459	-58.8466366849
5270.00000000	0.169032102260	-0.279618376808	0.326738868584	-58.8466189494
5270.00000000	0.169031275755	-0.279617173374	0.326737411125	-58.8466338086
5270.00000000	0.169031070211	-0.279616995341	0.326737152434	-58.8466485036
5270.00000000	0.169031297056	-0.279617370679	0.326737590996	-58.8466485111
5270.00000000	0.169031504612	-0.279617856055	0.326738113748	-58.8466613958
5270.00000000	0.169031407602	-0.279618333520	0.326738472171	-58.8467192681
5270.00000000	0.169031019729	-0.279618700207	0.326738585319	-58.8468107403
5270.00000000	0.169030476599	-0.279618744453	0.326738342208	-58.8468962605
5270.00000000	0.169029987259	-0.279618433959	0.326737823343	-58.8469415280
5270.00000000	0.169029692243	-0.279617849524	0.326737170570	-58.8469327826
5270.00000000	0.169029659447	-0.279617332066	0.326736710769	-58.8468907619
5270.00000000	0.169029921393	-0.279617469961	0.326736964291	-58.8468639614
5270.00000000	0.169030256484	-0.279618275811	0.326737827278	-58.8468867791
5270.00000000	0.169030303315	-0.279618973630	0.326738448691	-58.8469430552
5270.00000000	0.169030063635	-0.279618984148	0.326738333699	-58.8469799776
5270.00000000	0.169029796301	-0.279618424754	0.326737716677	-58.8469693497
5270.00000000	0.169029634194	-0.279617782135	0.326737082870	-58.8469353806
5270.00000000	0.169029564960	-0.279617524064	0.326736826198	-58.8469223590
5270.00000000	0.169029649747	-0.279617932340	0.326737219458	-58.8469466727
5270.00000000	0.169029998427	-0.279619139313	0.326738432753	-58.8470038394
5270.00000000	0.169030505735	-0.279620855948	0.326740164275	-58.8470834351
5270.00000000	0.169030882250	-0.279622365368	0.326741650801	-58.8471638601
5270.00000000	0.169031123534	-0.279623542675	0.326742783151	-58.8472344507
5270.00000000	0.169031337493	-0.279624492390	0.326743706594	-58.8472884953
5270.00000000	0.169031338343	-0.279624813116	0.326743981509	-58.8473174622
5270.00000000	0.169031003096	-0.279624488380	0.326743530172	-58.8473383135
5270.00000000	0.169030554914	-0.279624150040	0.326743008770	-58.8473748784
5270.00000000	0.169030234118	-0.279624111273	0.326742809639	-58.8474195025
5270.00000000	0.169030081843	-0.279624256664	0.326742855290	-58.8474555430
5270.00000000	0.169029917344	-0.279624312627	0.326742818084	-58.8474853054
5270.00000000	0.169029615634	-0.279624106379	0.326742485498	-58.8475118727
5270.00000000	0.169029309680	-0.279623963108	0.326742204613	-58.8475447897
5270.00000000	0.169029087316	-0.279624235551	0.326742322735	-58.8476028737
5270.00000000	0.169028875501	-0.279624749683	0.326742653152	-58.8476812990
5270.00000000	0.169028729110	-0.279625288534	0.326743038567	-58.8477521486
5270.00000000	0.169028898128	-0.279625949522	0.326743691673	-58.8477867447
5270.00000000	0.169029455038	-0.279626742894	0.326744658736	-58.8477751400
5270.00000000	0.169030131654	-0.279627486633	0.326745645247	-58.8477410690
5270.00000000	0.169030617366	-0.279627953901	0.326746296398	-58.8477105672
5270.00000000	0.169030733724	-0.279627747594	0.326746180036	-58.8476743913
5270.00000000	0.169030386002	-0.279626434236	0.326744876188	-58.8476074341
5270.00000000	0.169029744246	-0.279624185721	0.326742619932	-58.8474997696
5270.00000000	0.169029156548	-0.279621913965	0.326740371753	-58.8473818830
5270.00000000	0.169028870207	-0.279620315243	0.326738855449	-58.8472798252
5270.00000000	0.169028720278	-0.279619048491	0.326737693812	-58.8471874105
5270.00000000	0.169028394431	-0.279617697943	0.326736369459	-58.8471137932
5270.00000000	0.169027897384	-0.279616479560	0.326735069645	-58.8470778569
5274.00000000	0.152758611050	-0.0426662068887	0.158605165301	-15.6053013348
5274.00000000	0.152759163500	-0.0426665600450	0.158605792389	-15.6053705223
5274.00000000	0.152760063516	-0.0426671304442	0.158606812671	-15.6054815179
5274.00000000	0.152760829208	-0.0426677981881	0.158607729769	-15.6056394343
5274.00000000	0.152761227242	-0.0426684600257	0.158608291175	-15.6058310229
5274.00000000	0.152761399316	-0.0426690286688	0.158608609881	-15.6060121448
5274.00000000	0.152761274435	-0.0426693397737	0.158608573298	-15.6061325213
5274.00000000	0.152760758417	-0.0426693131925	0.158608069153	-15.6061734208
5274.00000000	0.152760191545	-0.0426691596731	0.158607481880	-15.6061750978
5274.00000000	0.152759903513	-0.0426690932036	0.158607186584	-15.6061799632
5274.00000000	0.152759708746	-0.0426690422000	0.158606985276	-15.6061811458
5274.00000000	0.152759077702	-0.0426688007152	0.158606312531	-15.6061584537
5274.00000000	0.152757788907	-0.0426683173162	0.158604941204	-15.6061155151
5274.00000000	0.152756333381	-0.0426678194903	0.158603405411	-15.6060837597
5274.00000000	0.152755332085	-0.0426676037681	0.158602382995	-15.6061060134
5274.00000000	0.152754877639	-0.0426677333005	0.158601980150	-15.6061952483
5274.00000000	0.152754796689	-0.0426680718294	0.158601993257	-15.6063209022
5274.00000000	0.152754901520	-0.0426684727283	0.158602202076	-15.6064502012
5274.00000000	0.152755042338	-0.0426688696035	0.158602444473	-15.6065746024
5274.00000000	0.152755080825	-0.0426692262295	0.158602577485	-15.6066949445
5274.00000000	0.152754925912	-0.0426695098483	0.158602504587	-15.6068086813
5274.00000000	0.152754682911	-0.0426697347120	0.158602331041	-15.6069105365
5274.00000000	0.152754625263	-0.0426699854934	0.158602342987	-15.6070033950
5274.00000000	0.152754897528	-0.0426702917440	0.158602687608	-15.6070834883
5274.00000000	0.152755262043	-0.0426705508760	0.158603108399	-15.6071382213
5274.00000000	0.152755411426	-0.0426706715922	0.158603284752	-15.6071657037
5274.00000000	0.152755285781	-0.0426706778862	0.158603165433	-15.6071801051
5274.00000000	0.152754974565	-0.0426706233881	0.158602851029	-15.6071913911
5274.00000000	0.152754611080	-0.0426705929004	0.158602492744	-15.6072161112
5274.00000000	0.152754352464	-0.0426706824346	0.158602267752	-15.6072723987
5274.00000000	0.152754236440	-0.0426708861360	0.158602210811	-15.6073545502
5274.00000000	0.152754291708	-0.0426711391327	0.158602332108	-15.6074372047
5274.00000000	0.152754667839	-0.0426713944058	0.158602763050	-15.6074894652
5274.00000000	0.152755268761	-0.0426715769668	0.158603390931	-15.6074945784
5274.00000000	0.152755617298	-0.0426715707189	0.158603724936	-15.6074585292
5274.00000000	0.152755426837	-0.0426714085073	0.158603497856	-15.6074206022
5274.00000000	0.152754970245	-0.0426713591841	0.158603044829	-15.6074478186
5274.00000000	0.152754904737	-0.0426717063964	0.158603075153	-15.6075749919
5274.00000000	0.152755502516	-0.0426724591508	0.158603853418	-15.6077787978
5274.00000000	0.152756236340	-0.0426732880543	0.158604783201	-15.6079958732
5274.00000000	0.152756496492	-0.0426738389050	0.158605181969	-15.6081622434
5274.00000000	0.152756239893	-0.0426740466598	0.158604990730	-15.6082594674
5274.00000000	0.152755815086	-0.0426741023369	0.158604596569	-15.6083201291
5274.00000000	0.152755493708	-0.0426741753879	0.158604306698	-15.6083767828
5274.00000000	0.152755325019	-0.0426742795416	0.158604172253	-15.6084294171
5274.00000000	0.152755328359	-0.0426744032641	0.158604208759	-15.6084721390
5274.00000000	0.152755498588	-0.0426745767203	0.158604419381	-15.6085159432
5274.00000000	0.152755855184	-0.0426748292812	0.158604830781	-15.6085691552
5274.00000000	0.152756456108	-0.0426751489967	0.158605495568	-15.6086219834
5274.00000000	0.152757110460	-0.0426754441357	0.158606205201	-15.6086610672
5274.00000000	0.152757404782	-0.0426755998464	0.158606530566	-15.6086866348
5274.00000000	0.152757141238	-0.0426755667454	0.158606267834	-15.6087007344
5274.00000000	0.152756534875	-0.0426754021711	0.158605639551	-15.6087024129
5274.00000000	0.152755974404	-0.0426752453681	0.158605057559	-15.6087023347
5274.00000000	0.152755664035	-0.0426751903806	0.158604743841	-15.6087133709
5274.00000000	0.152755521781	-0.0426751817847	0.158604604520	-15.6087242073
5274.00000000	0.152755350223	-0.0426750937115	0.158604415591	-15.6087102397
5274.00000000	0.152755092975	-0.0426748882580	0.158604112550	-15.6086637612
5274.00000000	0.152754845644	-0.0426746507671	0.158603810439	-15.6086051719
5274.00000000	0.152754689216	-0.0426744911152	0.158603616823	-15.6085648291
5274.00000000	0.152754597731	-0.0426744372489	0.158603514218	-15.6085549798
5274.00000000	0.152754542252	-0.0426744481382	0.158603463716	-15.6085641610
5274.00000000	0.152754515308	-0.0426744418807	0.158603436081	-15.6085646028
5274.00000000	0.152754450126	-0.0426743644463	0.158603352468	-15.6085439968
5274.00000000	0.152754296027	-0.0426742563459	0.158603174967	-15.6085213637
5274.00000000	0.152754028421	-0.0426741680277	0.158602893466	-15.6085166464
5274.00000000	0.152753608768	-0.0426740668273	0.158602462059	-15.6085222258
5274.00000000	0.152753015073	-0.0426738709157	0.158601837545	-15.6085117691
5274.00000000	0.152752251460	-0.0426735339476	0.158601011427	-15.6084687500
5274.00000000	0.152751505888	-0.0426731915321	0.158600201218	-15.6084220815
5274.00000000	0.152751157320	-0.0426731041782	0.158599842001	-15.6084255690
5274.00000000	0.152751438852	-0.0426733834984	0.158600188305	-15.6084953896
5274.00000000	0.152752367898	-0.0426739733719	0.158601241804	-15.6086103231
5274.00000000	0.152753684911	-0.0426746760100	0.158602699304	-15.6087267784
5274.00000000	0.152754954950	-0.0426752578488	0.158604079060	-15.6088057682
5274.00000000	0.152756043973	-0.0426756831004	0.158605242342	-15.6088478709
5274.00000000	0.152756967205	-0.0426760173785	0.158606221470	-15.6088744360
5274.00000000	0.152757473933	-0.0426761991953	0.158606758432	-15.6088884402
5274.00000000	0.152757417002	-0.0426761555623	0.158606691860	-15.6088787930
5274.00000000	0.152756979993	-0.0426759434691	0.158606213900	-15.6088474782
5274.00000000	0.152756457255	-0.0426756796674	0.158605639459	-15.6088065054
5274.00000000	0.152756079144	-0.0426754731801	0.158605219733	-15.6087714156
5274.00000000	0.152755916713	-0.0426754280310	0.158605051145	-15.6087714954
5274.00000000	0.152755814576	-0.0426755967855	0.158604998180	-15.6088401372
5274.00000000	0.152755679110	-0.0426759463282	0.158604961762	-15.6089749195
5274.00000000	0.152755661901	-0.0426763904466	0.158605064687	-15.6091311124
5274.00000000	0.152755821134	-0.0426768127217	0.158605331671	-15.6092625544
5274.00000000	0.152755980123	-0.0426771178954	0.158605566911	-15.6093532775
5274.00000000	0.152755920344	-0.0426772483722	0.158605544446	-15.6094044842
5274.00000000	0.152755622469	-0.0426772001582	0.158605244583	-15.6094166640
5274.00000000	0.152755260728	-0.0426769972544	0.158604841587	-15.6093812313
5274.00000000	0.152755089264	-0.0426766851201	0.158604592458	-15.6092892987
5274.00000000	0.152755023611	-0.0426762789960	0.158604419949	-15.6091543791
5274.00000000	0.152754766521	-0.0426758142555	0.158604047291	-15.6090176732
5274.00000000	0.152754294010	-0.0426753810332	0.158603475640	-15.6089128718
5274.00000000	0.152753836517	-0.0426750746526	0.158602952580	-15.6088507422
5274.00000000	0.152753495025	-0.0426749047008	0.158602577954	-15.6088248044
5274.00000000	0.152753042585	-0.0426747783854	0.158602108212	-15.6088248333
5274.00000000	0.152752406179	-0.0426746251368	0.158601454042	-15.6088333732
5274.00000000	0.152751856270	-0.0426744463900	0.158600876318	-15.6088246338
