DevNumber	X [V]	Y [V]	R [V]	Theta [°]
4253.00000000	-0.00490136839342	0.0162276197214	0.0169516681761	106.806345650
4253.00000000	-0.00490142824334	0.0162276929351	0.0169517555675	106.806467749
4253.00000000	-0.00490147166444	0.0162277079559	0.0169517825015	106.806593561
4253.00000000	-0.00490148092482	0.0162276732002	0.0169517519079	106.806657490
4253.00000000	-0.00490146440029	0.0162276098396	0.0169516864758	106.806665945
4253.00000000	-0.00490143642179	0.0162275454093	0.0169516167078	106.806638385
4253.00000000	-0.00490139535387	0.0162274983273	0.0169515597624	106.806551519
4253.00000000	-0.00490133616391	0.0162274621507	0.0169515080168	106.806395359
4253.00000000	-0.00490126824548	0.0162274480672	0.0169514748971	106.806189364
4253.00000000	-0.00490121264975	0.0162274877871	0.0169514968459	106.805970660
4253.00000000	-0.00490118943413	0.0162275843225	0.0169515825459	106.805801204
4253.00000000	-0.00490119947315	0.0162276802641	0.0169516772925	106.805739928
4253.00000000	-0.00490122670384	0.0162277022957	0.0169517062563	106.805806505
4253.00000000	-0.00490126841041	0.0162276095503	0.0169516295308	106.806032086
4253.00000000	-0.00490133362996	0.0162274192842	0.0169514662486	106.806429052
4253.00000000	-0.00490140524428	0.0162271988364	0.0169512759238	106.806876215
4253.00000000	-0.00490144867678	0.0162270344945	0.0169511311604	106.807177365
4253.00000000	-0.00490144898468	0.0162269807842	0.0169510798335	106.807230855
4253.00000000	-0.00490141316418	0.0162270359002	0.0169511222376	106.807061084
4253.00000000	-0.00490136133199	0.0162271786665	0.0169512439184	106.806753843
4253.00000000	-0.00490131268350	0.0162273947653	0.0169514367205	106.806385240
4253.00000000	-0.00490128387292	0.0162276515230	0.0169516741815	106.806041098
4253.00000000	-0.00490128556070	0.0162278887643	0.0169519017781	106.805814717
4253.00000000	-0.00490130129484	0.0162280585100	0.0169520688232	106.805699747
4253.00000000	-0.00490129907586	0.0162281462412	0.0169521521659	106.805606836
4253.00000000	-0.00490127313941	0.0162281712383	0.0169521685966	106.805498491
4253.00000000	-0.00490124796000	0.0162281543784	0.0169521451768	106.805433498
4253.00000000	-0.00490124677594	0.0162280958392	0.0169520887954	106.805486872
4253.00000000	-0.00490126787485	0.0162280092634	0.0169520120172	106.805639740
4253.00000000	-0.00490128539272	0.0162279443301	0.0169519549222	106.805759874
4253.00000000	-0.00490128118705	0.0162279504858	0.0169519595989	106.805740251
4253.00000000	-0.00490125481986	0.0162280326518	0.0169520306322	106.805574645
4253.00000000	-0.00490121397583	0.0162281672729	0.0169521476950	106.805310942
4253.00000000	-0.00490116865620	0.0162283152184	0.0169522762196	106.805019742
4253.00000000	-0.00490112946523	0.0162284328412	0.0169523774886	106.804778005
4253.00000000	-0.00490110302601	0.0162285080747	0.0169524418654	106.804618948
4253.00000000	-0.00490108706146	0.0162285418763	0.0169524696082	106.804534267
4253.00000000	-0.00490108400315	0.0162285331306	0.0169524603518	106.804532918
4253.00000000	-0.00490109175111	0.0162284741171	0.0169524060983	106.804615650
4253.00000000	-0.00490109521790	0.0162283579078	0.0169522958539	106.804740419
4253.00000000	-0.00490109593531	0.0162281814842	0.0169521271718	106.804915133
4253.00000000	-0.00490110330447	0.0162279706028	0.0169519274269	106.805145045
4253.00000000	-0.00490111275664	0.0162277846679	0.0169517521656	106.805357323
4253.00000000	-0.00490111452371	0.0162276742325	0.0169516469574	106.805470960
4253.00000000	-0.00490110282288	0.0162276099708	0.0169515820572	106.805495899
4253.00000000	-0.00490107604913	0.0162275216182	0.0169514897371	106.805495610
4253.00000000	-0.00490103823353	0.0162274007782	0.0169513631247	106.805491342
4253.00000000	-0.00490100568568	0.0162272900621	0.0169512477267	106.805494224
4253.00000000	-0.00490099702564	0.0162272000198	0.0169511590261	106.805554197
4253.00000000	-0.00490101675727	0.0162271008354	0.0169510697827	106.805714972
4253.00000000	-0.00490105676017	0.0162269656705	0.0169509519567	106.805976504
4253.00000000	-0.00490111014388	0.0162268208528	0.0169508287594	106.806290771
4253.00000000	-0.00490117096549	0.0162267186755	0.0169507485324	106.806587435
4253.00000000	-0.00490123120733	0.0162266872508	0.0169507358684	106.806813075
4253.00000000	-0.00490127947510	0.0162267312305	0.0169507919260	106.806926274
4253.00000000	-0.00490130582256	0.0162268509398	0.0169509141402	106.806894529
4253.00000000	-0.00490130614720	0.0162270301065	0.0169510857477	106.806720474
4253.00000000	-0.00490128820351	0.0162272347985	0.0169512765082	106.806462366
4253.00000000	-0.00490126891101	0.0162274301935	0.0169514579792	106.806208985
4253.00000000	-0.00490126084831	0.0162275696668	0.0169515891643	106.806046594
4253.00000000	-0.00490125809845	0.0162276239663	0.0169516403495	106.805984633
4253.00000000	-0.00490124536637	0.0162276194057	0.0169516323025	106.805947893
4253.00000000	-0.00490122159515	0.0162275827721	0.0169515903605	106.805906779
4253.00000000	-0.00490120195036	0.0162275164008	0.0169515211440	106.805908078
4253.00000000	-0.00490119707719	0.0162274391344	0.0169514457687	106.805967820
4253.00000000	-0.00490120384152	0.0162273913763	0.0169514020062	106.806036379
4253.00000000	-0.00490121390668	0.0162273836165	0.0169513974880	106.806076530
4253.00000000	-0.00490122243496	0.0162273756351	0.0169513923133	106.806111924
4253.00000000	-0.00490123305261	0.0162273459125	0.0169513669301	106.806175326
4253.00000000	-0.00490125132669	0.0162273106750	0.0169513384814	106.806268892
4253.00000000	-0.00490126607413	0.0162272736120	0.0169513072655	106.806352830
4253.00000000	-0.00490126036582	0.0162272049068	0.0169512398444	106.806401506
4253.00000000	-0.00490123473037	0.0162270975962	0.0169511297051	106.806423433
4253.00000000	-0.00490120155328	0.0162269925239	0.0169510195280	106.806418770
4253.00000000	-0.00490116577512	0.0162269224272	0.0169509420805	106.806371508
4253.00000000	-0.00490112978615	0.0162268862401	0.0169508970331	106.806290424
4253.00000000	-0.00490110218008	0.0162268850580	0.0169508879197	106.806202253
4253.00000000	-0.00490109489662	0.0162269279743	0.0169509268970	106.806136744
4253.00000000	-0.00490111825030	0.0162269885749	0.0169509916617	106.806153085
4253.00000000	-0.00490115750545	0.0162270407646	0.0169510529723	106.806229098
4253.00000000	-0.00490118247705	0.0162270848614	0.0169511024058	106.806266803
4253.00000000	-0.00490118219715	0.0162270929056	0.0169511100255	106.806258036
4253.00000000	-0.00490116435782	0.0162270310289	0.0169510456336	106.806260785
4253.00000000	-0.00490113793677	0.0162269262421	0.0169509376832	106.806277703
4253.00000000	-0.00490111077949	0.0162268430548	0.0169508501969	106.806271129
4253.00000000	-0.00490108181255	0.0162268287176	0.0169508280967	106.806191411
4253.00000000	-0.00490104186507	0.0162268880654	0.0169508733595	106.806004151
4253.00000000	-0.00490099835502	0.0162269910496	0.0169509593652	106.805762719
4253.00000000	-0.00490097376270	0.0162271159219	0.0169510717940	106.805561111
4253.00000000	-0.00490097490580	0.0162272567777	0.0169512069646	106.805427158
4253.00000000	-0.00490099268570	0.0162274098408	0.0169513586313	106.805335108
4253.00000000	-0.00490102200978	0.0162275344655	0.0169514864118	106.805308204
4253.00000000	-0.00490106162902	0.0162275875862	0.0169515487186	106.805384486
4253.00000000	-0.00490111365943	0.0162275742252	0.0169515509714	106.805565894
4253.00000000	-0.00490117269843	0.0162275431455	0.0169515382888	106.805787294
4253.00000000	-0.00490121913112	0.0162275432454	0.0169515518096	106.805937434
4253.00000000	-0.00490123502988	0.0162275833970	0.0169515948431	106.805949638
4253.00000000	-0.00490122822663	0.0162276356520	0.0169516428993	106.805876560
4253.00000000	-0.00490121163074	0.0162276633074	0.0169516645751	106.805795836
4253.00000000	-0.00490118203558	0.0162276603472	0.0169516531846	106.805702971
5260.00000000	-0.00573792211758	-7.92539090196E-5	0.00573846943091	-179.208663752
5260.00000000	-0.00573792234350	-7.92474630260E-5	0.00573846956779	-179.208728137
5260.00000000	-0.00573792076431	-7.92400073265E-5	0.00573846788580	-179.208802354
5260.00000000	-0.00573792705818	-7.92343755441E-5	0.00573847410129	-179.208859447
5260.00000000	-0.00573794562359	-7.92301112294E-5	0.00573849260606	-179.208904579
5260.00000000	-0.00573797115509	-7.92266520914E-5	0.00573851808737	-179.208942633
5260.00000000	-0.00573799402001	-7.92242555354E-5	0.00573854091702	-179.208969711
5260.00000000	-0.00573800639302	-7.92201257806E-5	0.00573855323184	-179.209012645
5260.00000000	-0.00573801062764	-7.92131341453E-5	0.00573855736954	-179.209083029
5260.00000000	-0.00573801502847	-7.92020210089E-5	0.00573856161656	-179.209194582
5260.00000000	-0.00573802558446	-7.91863158461E-5	0.00573857195481	-179.209352828
5260.00000000	-0.00573803903382	-7.91706431829E-5	0.00573858518664	-179.209511146
5260.00000000	-0.00573804268969	-7.91565375641E-5	0.00573858864759	-179.209652471
5260.00000000	-0.00573802027604	-7.91489299099E-5	0.00573856613113	-179.209725335
5260.00000000	-0.00573796693179	-7.91537661713E-5	0.00573851285867	-179.209669706
5260.00000000	-0.00573789879518	-7.91671522375E-5	0.00573844491319	-179.209526681
5260.00000000	-0.00573784069036	-7.91792504078E-5	0.00573838698082	-179.209397893
5260.00000000	-0.00573780994566	-7.91847535053E-5	0.00573835631499	-179.209338715
5260.00000000	-0.00573780338882	-7.91851408201E-5	0.00573834976411	-179.209333945
5260.00000000	-0.00573781090427	-7.91816509752E-5	0.00573835723069	-179.209369822
5260.00000000	-0.00573783182784	-7.91753550192E-5	0.00573837806540	-179.209435562
5260.00000000	-0.00573786472617	-7.91689112265E-5	0.00573841087169	-179.209504427
5260.00000000	-0.00573790072100	-7.91652504704E-5	0.00573844681259	-179.209545933
5260.00000000	-0.00573793127918	-7.91631907848E-5	0.00573847733945	-179.209570705
5260.00000000	-0.00573794973046	-7.91572077549E-5	0.00573849570644	-179.209632978
5260.00000000	-0.00573795038825	-7.91407267377E-5	0.00573849613685	-179.209797607
5260.00000000	-0.00573793306632	-7.91163470788E-5	0.00573847848040	-179.210038617
5260.00000000	-0.00573790812018	-7.90962650331E-5	0.00573845325979	-179.210235674
5260.00000000	-0.00573788271486	-7.90873789435E-5	0.00573842773441	-179.210320893
5260.00000000	-0.00573785830098	-7.90847059192E-5	0.00573840328601	-179.210344220
5260.00000000	-0.00573783771231	-7.90842895482E-5	0.00573838269355	-179.210345544
5260.00000000	-0.00573782624798	-7.90932985895E-5	0.00573837135447	-179.210254022
5260.00000000	-0.00573783113289	-7.91150394453E-5	0.00573837653862	-179.210037640
5260.00000000	-0.00573784789174	-7.91389329949E-5	0.00573839362535	-179.209801401
5260.00000000	-0.00573786410227	-7.91507814101E-5	0.00573840999776	-179.209685343
5260.00000000	-0.00573787462119	-7.91474146944E-5	0.00573842046923	-179.209720403
5260.00000000	-0.00573788165911	-7.91365820200E-5	0.00573842735709	-179.209829522
5260.00000000	-0.00573789210163	-7.91267940182E-5	0.00573843766364	-179.209928680
5260.00000000	-0.00573791117905	-7.91245012976E-5	0.00573845670763	-179.209954196
5260.00000000	-0.00573794298963	-7.91319687296E-5	0.00573848861816	-179.209884024
5260.00000000	-0.00573798443684	-7.91495267060E-5	0.00573853030357	-179.209714441
5260.00000000	-0.00573801890026	-7.91747531291E-5	0.00573856511171	-179.209467342
5260.00000000	-0.00573803526227	-7.91946806110E-5	0.00573858174713	-179.209270653
5260.00000000	-0.00573803923702	-7.91985798512E-5	0.00573858577531	-179.209232273
5260.00000000	-0.00573802507804	-7.91898789970E-5	0.00573857149761	-179.209317186
5260.00000000	-0.00573797998211	-7.91818812058E-5	0.00573852629561	-179.209390818
5260.00000000	-0.00573791589807	-7.91798878150E-5	0.00573846219017	-179.209401890
5260.00000000	-0.00573785704919	-7.91754317864E-5	0.00573840328540	-179.209438270
5260.00000000	-0.00573781608455	-7.91658386579E-5	0.00573836219231	-179.209528402
5260.00000000	-0.00573779460707	-7.91568530994E-5	0.00573834059291	-179.209615153
5260.00000000	-0.00573778414896	-7.91557638929E-5	0.00573833012078	-179.209624587
5260.00000000	-0.00573777926950	-7.91635335125E-5	0.00573832534896	-179.209546345
5260.00000000	-0.00573777864799	-7.91786319572E-5	0.00573832493583	-179.209395519
5260.00000000	-0.00573777672072	-7.91968825422E-5	0.00573832326059	-179.209213043
5260.00000000	-0.00573777250765	-7.92123273711E-5	0.00573831926110	-179.209058265
5260.00000000	-0.00573777365651	-7.92222885916E-5	0.00573832054737	-179.208958972
5260.00000000	-0.00573778767155	-7.92270531977E-5	0.00573833462686	-179.208913335
5260.00000000	-0.00573781689711	-7.92301089929E-5	0.00573836389182	-179.208886856
5260.00000000	-0.00573786410437	-7.92331400807E-5	0.00573841113643	-179.208863102
5260.00000000	-0.00573792427764	-7.92354371322E-5	0.00573847133568	-179.208848465
5260.00000000	-0.00573798039608	-7.92407598756E-5	0.00573852752227	-179.208803062
5260.00000000	-0.00573801708220	-7.92552273384E-5	0.00573856440469	-179.208663686
5260.00000000	-0.00573802747069	-7.92761505395E-5	0.00573857508119	-179.208456234
5260.00000000	-0.00573801162776	-7.92946904613E-5	0.00573855949592	-179.208268958
5260.00000000	-0.00573797425226	-7.93029422853E-5	0.00573852223802	-179.208181420
5260.00000000	-0.00573792148122	-7.93015546187E-5	0.00573846945285	-179.208187992
5260.00000000	-0.00573785901544	-7.92974050908E-5	0.00573840693568	-179.208220801
5260.00000000	-0.00573779767662	-7.92966246215E-5	0.00573834559193	-179.208220129
5260.00000000	-0.00573775016155	-7.93021102178E-5	0.00573829815721	-179.208158806
5260.00000000	-0.00573772032601	-7.93123855892E-5	0.00573826846653	-179.208052101
5260.00000000	-0.00573770538237	-7.93244823928E-5	0.00573825369154	-179.207929265
5260.00000000	-0.00573770596884	-7.93382071221E-5	0.00573825446769	-179.207792319
5260.00000000	-0.00573772369902	-7.93505658216E-5	0.00573827236707	-179.207671379
5260.00000000	-0.00573775289260	-7.93524580216E-5	0.00573830158401	-179.207656518
5260.00000000	-0.00573777833322	-7.93357497558E-5	0.00573832679118	-179.207826843
5260.00000000	-0.00573778179983	-7.93039620375E-5	0.00573832981806	-179.208144683
5260.00000000	-0.00573775786478	-7.92728663952E-5	0.00573830545564	-179.208451834
5260.00000000	-0.00573772325381	-7.92545853341E-5	0.00573827059545	-179.208629577
5260.00000000	-0.00573769089196	-7.92495562584E-5	0.00573823816723	-179.208675324
5260.00000000	-0.00573767089279	-7.92507876395E-5	0.00573821818697	-179.208660272
5260.00000000	-0.00573767644354	-7.92506860051E-5	0.00573822373579	-179.208662052
5260.00000000	-0.00573770252204	-7.92467722456E-5	0.00573824975775	-179.208704723
5260.00000000	-0.00573772905547	-7.92422753751E-5	0.00573827622655	-179.208753278
5260.00000000	-0.00573773896105	-7.92396547832E-5	0.00573828609500	-179.208780807
5260.00000000	-0.00573772586735	-7.92366435750E-5	0.00573827296097	-179.208809066
5260.00000000	-0.00573769709691	-7.92308372783E-5	0.00573824411310	-179.208863069
5260.00000000	-0.00573766819449	-7.92222364254E-5	0.00573821509468	-179.208944955
5260.00000000	-0.00573765239115	-7.92149098900E-5	0.00573819919170	-179.209015925
5260.00000000	-0.00573766023282	-7.92163582426E-5	0.00573820705261	-179.209002545
5260.00000000	-0.00573769667541	-7.92303185629E-5	0.00573824368448	-179.208868189
5260.00000000	-0.00573775509485	-7.92534374473E-5	0.00573830241760	-179.208645428
5260.00000000	-0.00573781717174	-7.92779680491E-5	0.00573836482741	-179.208409081
5260.00000000	-0.00573786051967	-7.92995615297E-5	0.00573840846957	-179.208199479
5260.00000000	-0.00573787878685	-7.93161048481E-5	0.00573842696364	-179.208036837
5260.00000000	-0.00573788158531	-7.93257153181E-5	0.00573842989468	-179.207941276
5260.00000000	-0.00573788030751	-7.93283940578E-5	0.00573842865404	-179.207914356
5260.00000000	-0.00573787661081	-7.93288557436E-5	0.00573842496407	-179.207909237
5260.00000000	-0.00573786593835	-7.93282705913E-5	0.00573841428454	-179.207913605
5260.00000000	-0.00573784845107	-7.93200081708E-5	0.00573839668471	-179.207993681
5260.00000000	-0.00573782710196	-7.93037205536E-5	0.00573837511253	-179.208153346
5270.00000000	-0.00623936662735	-0.0760329075395	0.0762884835661	-94.6912601360
5270.00000000	-0.00623943264911	-0.0760328924194	0.0762884738964	-94.6913104837
5270.00000000	-0.00623951212722	-0.0760330378009	0.0762886252912	-94.6913610448
5270.00000000	-0.00623960516645	-0.0760333522158	0.0762889462623	-94.6914113733
5270.00000000	-0.00623973598633	-0.0760336840766	0.0762892877109	-94.6914889092
5270.00000000	-0.00623989079060	-0.0760339010980	0.0762895166668	-94.6915914514
5270.00000000	-0.00624004983430	-0.0760340417255	0.0762896698318	-94.6917018592
5270.00000000	-0.00624020588620	-0.0760342060869	0.0762898464068	-94.6918085691
5270.00000000	-0.00624035436218	-0.0760344800696	0.0762901316163	-94.6919028736
5270.00000000	-0.00624049067601	-0.0760349014971	0.0762905627817	-94.6919790160
5270.00000000	-0.00624061118375	-0.0760353325663	0.0762910022638	-94.6920427344
5270.00000000	-0.00624069080809	-0.0760355096683	0.0762911852856	-94.6920914531
5270.00000000	-0.00624066802035	-0.0760352921087	0.0762909665910	-94.6920877620
5270.00000000	-0.00624049232811	-0.0760347021731	0.0762903642608	-94.6919924976
5270.00000000	-0.00624018231422	-0.0760338852621	0.0762895247289	-94.6918106338
5270.00000000	-0.00623982242951	-0.0760330699580	0.0762886827202	-94.6915913378
5270.00000000	-0.00623953158641	-0.0760325006652	0.0762880915466	-94.6914086050
5270.00000000	-0.00623937959526	-0.0760322930695	0.0762878722153	-94.6913075870
5270.00000000	-0.00623934949832	-0.0760323891667	0.0762879655290	-94.6912791557
5270.00000000	-0.00623941959476	-0.0760327397917	0.0762883207123	-94.6913100874
5270.00000000	-0.00623958033220	-0.0760333518112	0.0762889438278	-94.6913928092
5270.00000000	-0.00623979711388	-0.0760340703570	0.0762896776967	-94.6915109359
5270.00000000	-0.00623999695050	-0.0760346284325	0.0762902502474	-94.6916262342
5270.00000000	-0.00624012187161	-0.0760349576730	0.0762905886024	-94.6916995136
5270.00000000	-0.00624020858749	-0.0760351892948	0.0762908265410	-94.6917501923
5270.00000000	-0.00624031385290	-0.0760354069249	0.0762910520521	-94.6918156145
5270.00000000	-0.00624041639022	-0.0760355376660	0.0762911907423	-94.6918843320
5270.00000000	-0.00624044033968	-0.0760354933041	0.0762911484881	-94.6919049833
5270.00000000	-0.00624036519079	-0.0760353143598	0.0762909639965	-94.6918597272
5270.00000000	-0.00624031306090	-0.0760351868389	0.0762908326388	-94.6918285416
5270.00000000	-0.00624037271115	-0.0760352307943	0.0762908813262	-94.6918704897
5270.00000000	-0.00624047614807	-0.0760353827132	0.0762910411968	-94.6919385796
5270.00000000	-0.00624054969107	-0.0760355954785	0.0762912592649	-94.6919805558
5270.00000000	-0.00624059696715	-0.0760358575644	0.0762915243396	-94.6919998412
5270.00000000	-0.00624061061876	-0.0760360603990	0.0762917276112	-94.6919975988
5270.00000000	-0.00624056561128	-0.0760361049256	0.0762917683070	-94.6919611757
5270.00000000	-0.00624048442515	-0.0760360554702	0.0762917123764	-94.6919034466
5270.00000000	-0.00624045525639	-0.0760360810032	0.0762917354379	-94.6918800455
5270.00000000	-0.00624057915882	-0.0760362611158	0.0762919250820	-94.6919617209
5270.00000000	-0.00624085093362	-0.0760364727563	0.0762921582445	-94.6921521398
5270.00000000	-0.00624109438104	-0.0760364264093	0.0762921319677	-94.6923372046
5270.00000000	-0.00624113576152	-0.0760359903904	0.0762917007953	-94.6923949650
5270.00000000	-0.00624099962903	-0.0760353934568	0.0762910947260	-94.6923297444
5270.00000000	-0.00624081106447	-0.0760349484987	0.0762906358339	-94.6922159403
5270.00000000	-0.00624062481808	-0.0760346920070	0.0762903649665	-94.6920922917
5270.00000000	-0.00624045050223	-0.0760344279496	0.0762900875350	-94.6919780371
5270.00000000	-0.00624031236467	-0.0760340471743	0.0762896967362	-94.6918980317
5270.00000000	-0.00624023616925	-0.0760336224092	0.0762892671620	-94.6918670927
5270.00000000	-0.00624019299678	-0.0760332609825	0.0762889034150	-94.6918569806
5270.00000000	-0.00624016069809	-0.0760329702535	0.0762886110184	-94.6918506645
5270.00000000	-0.00624014148673	-0.0760326256021	0.0762882659505	-94.6918574573
5270.00000000	-0.00624011700438	-0.0760322176963	0.0762878574089	-94.6918641905
5270.00000000	-0.00624006825366	-0.0760318452358	0.0762874822088	-94.6918505805
5270.00000000	-0.00623998231196	-0.0760315091015	0.0762871401713	-94.6918068999
5270.00000000	-0.00623987366862	-0.0760312362873	0.0762868593846	-94.6917423360
5270.00000000	-0.00623978548991	-0.0760311550613	0.0762867712183	-94.6916813205
5270.00000000	-0.00623976641666	-0.0760312901516	0.0762869042959	-94.6916587446
5270.00000000	-0.00623985067274	-0.0760316030683	0.0762872230557	-94.6917025905
5270.00000000	-0.00624000969034	-0.0760320375958	0.0762876691340	-94.6917949267
5270.00000000	-0.00624016301237	-0.0760324797497	0.0762881223475	-94.6918825300
5270.00000000	-0.00624027147809	-0.0760328844635	0.0762885345774	-94.6919388563
5270.00000000	-0.00624036279961	-0.0760332682000	0.0762889244979	-94.6919836380
5270.00000000	-0.00624040447343	-0.0760335362137	0.0762891950223	-94.6919983664
5270.00000000	-0.00624033487512	-0.0760335578889	0.0762892109319	-94.6919449393
5270.00000000	-0.00624019509992	-0.0760333756477	0.0762890178681	-94.6918515107
5270.00000000	-0.00624008582614	-0.0760331741631	0.0762888081204	-94.6917820946
5270.00000000	-0.00624001359057	-0.0760329980771	0.0762886267159	-94.6917388419
5270.00000000	-0.00623991616355	-0.0760327417249	0.0762883632538	-94.6916816634
5270.00000000	-0.00623976988685	-0.0760324175830	0.0762880282335	-94.6915920833
5270.00000000	-0.00623960117308	-0.0760321837307	0.0762877813654	-94.6914801613
5270.00000000	-0.00623946164819	-0.0760321614927	0.0762877477903	-94.6913770885
5270.00000000	-0.00623938211610	-0.0760323010873	0.0762878804124	-94.6913089814
5270.00000000	-0.00623934749008	-0.0760324386158	0.0762880146482	-94.6912746150
5270.00000000	-0.00623935553979	-0.0760324156012	0.0762879923691	-94.6912820541
5270.00000000	-0.00623944124317	-0.0760322057574	0.0762877902378	-94.6913590957
5270.00000000	-0.00623958660810	-0.0760319010096	0.0762874984003	-94.6914866261
5270.00000000	-0.00623973239866	-0.0760316175235	0.0762872277885	-94.6916131700
5270.00000000	-0.00623987636232	-0.0760315113019	0.0762871336980	-94.6917274575
5270.00000000	-0.00624002835594	-0.0760316231263	0.0762872575802	-94.6918343606
5270.00000000	-0.00624020767060	-0.0760318550999	0.0762875034439	-94.6919543328
5270.00000000	-0.00624041952420	-0.0760321388576	0.0762878035802	-94.6920954793
5270.00000000	-0.00624060302609	-0.0760323932784	0.0762880721593	-94.6922172049
5270.00000000	-0.00624070910344	-0.0760325304737	0.0762882175722	-94.6922881776
5270.00000000	-0.00624074205090	-0.0760325092363	0.0762881991013	-94.6923141445
5270.00000000	-0.00624073595069	-0.0760323811357	0.0762880709310	-94.6923174487
5270.00000000	-0.00624072911139	-0.0760323316753	0.0762880210769	-94.6923153681
5270.00000000	-0.00624072006505	-0.0760324685628	0.0762881567655	-94.6923001864
5270.00000000	-0.00624067437281	-0.0760327122464	0.0762883958946	-94.6922510131
5270.00000000	-0.00624061757254	-0.0760329573876	0.0762886355677	-94.6921934359
5270.00000000	-0.00624061974430	-0.0760331542345	0.0762888319326	-94.6921829678
5270.00000000	-0.00624067229331	-0.0760332815528	0.0762889631228	-94.6922144797
5270.00000000	-0.00624067435252	-0.0760332569882	0.0762889388091	-94.6922175303
5270.00000000	-0.00624054639410	-0.0760330105561	0.0762886827355	-94.6921368907
5270.00000000	-0.00624031017863	-0.0760326207684	0.0762882749316	-94.6919840245
5270.00000000	-0.00624006581749	-0.0760322960372	0.0762879313004	-94.6918210628
5270.00000000	-0.00623988231948	-0.0760322100445	0.0762878305866	-94.6916889917
5270.00000000	-0.00623978210527	-0.0760323896887	0.0762880014320	-94.6916029427
5270.00000000	-0.00623974999250	-0.0760326605309	0.0762882687402	-94.6915622677
5270.00000000	-0.00623973819707	-0.0760328049306	0.0762884116913	-94.6915445682
5270.00000000	-0.00623969945243	-0.0760328079095	0.0762884114913	-94.6915153839
5274.00000000	-0.00727696926993	-0.0228420088572	0.0239731443576	-107.670752280
5274.00000000	-0.00727696257769	-0.0228420463162	0.0239731780177	-107.670709865
5274.00000000	-0.00727696938255	-0.0228420820265	0.0239732141087	-107.670699454
5274.00000000	-0.00727699458226	-0.0228420966814	0.0239732357213	-107.670746208
5274.00000000	-0.00727703987188	-0.0228420883002	0.0239732414831	-107.670855422
5274.00000000	-0.00727710186572	-0.0228420759060	0.0239732484920	-107.671005588
5274.00000000	-0.00727717660372	-0.0228420720797	0.0239732675331	-107.671178558
5274.00000000	-0.00727726013164	-0.0228420888803	0.0239733088964	-107.671356580
5274.00000000	-0.00727734773370	-0.0228421463828	0.0239733902778	-107.671514350
5274.00000000	-0.00727743395162	-0.0228422488052	0.0239735140395	-107.671636377
5274.00000000	-0.00727751123427	-0.0228423730994	0.0239736559285	-107.671722188
5274.00000000	-0.00727755921508	-0.0228424650170	0.0239737580738	-107.671764762
5274.00000000	-0.00727754734429	-0.0228424637815	0.0239737532930	-107.671738627
5274.00000000	-0.00727745453651	-0.0228423367357	0.0239736040695	-107.671619459
5274.00000000	-0.00727730111283	-0.0228421212882	0.0239733522151	-107.671426391
5274.00000000	-0.00727714359139	-0.0228418971119	0.0239730908003	-107.671230320
5274.00000000	-0.00727704085083	-0.0228417381849	0.0239729081851	-107.671111656
5274.00000000	-0.00727701265422	-0.0228416975988	0.0239728609549	-107.671076890
5274.00000000	-0.00727703033252	-0.0228417695725	0.0239729348988	-107.671064932
5274.00000000	-0.00727706804417	-0.0228419031325	0.0239730736042	-107.671053913
5274.00000000	-0.00727712825736	-0.0228420660337	0.0239732470967	-107.671072849
5274.00000000	-0.00727722009329	-0.0228422500139	0.0239734502728	-107.671148504
5274.00000000	-0.00727733167437	-0.0228424287866	0.0239736544809	-107.671272898
5274.00000000	-0.00727743638614	-0.0228425708564	0.0239738216329	-107.671408275
5274.00000000	-0.00727752731597	-0.0228426733638	0.0239739469058	-107.671540969
5274.00000000	-0.00727761233515	-0.0228427503142	0.0239740460335	-107.671678743
5274.00000000	-0.00727767461477	-0.0228428033483	0.0239741154708	-107.671782086
5274.00000000	-0.00727768188827	-0.0228428251687	0.0239741384695	-107.671782819
5274.00000000	-0.00727764183809	-0.0228428333680	0.0239741341241	-107.671685671
5274.00000000	-0.00727761034163	-0.0228428710843	0.0239741604995	-107.671586587
5274.00000000	-0.00727761111730	-0.0228429481626	0.0239742341762	-107.671532435
5274.00000000	-0.00727761681420	-0.0228430229013	0.0239743071174	-107.671491187
5274.00000000	-0.00727761951379	-0.0228430705626	0.0239743533493	-107.671462757
5274.00000000	-0.00727764551857	-0.0228431060531	0.0239743950591	-107.671496225
5274.00000000	-0.00727769880801	-0.0228431436433	0.0239744470520	-107.671590300
5274.00000000	-0.00727774303637	-0.0228431690262	0.0239744846631	-107.671672598
5274.00000000	-0.00727775973325	-0.0228431610272	0.0239744821102	-107.671716421
5274.00000000	-0.00727777233035	-0.0228431321466	0.0239744584164	-107.671766058
5274.00000000	-0.00727780831609	-0.0228431094951	0.0239744477578	-107.671864434
5274.00000000	-0.00727786703086	-0.0228430921554	0.0239744490602	-107.672010713
5274.00000000	-0.00727790828161	-0.0228430483044	0.0239744198009	-107.672136458
5274.00000000	-0.00727789777254	-0.0228429470008	0.0239743200878	-107.672186023
5274.00000000	-0.00727784553057	-0.0228427922798	0.0239741568090	-107.672179312
5274.00000000	-0.00727777558403	-0.0228426146131	0.0239739662929	-107.672148933
5274.00000000	-0.00727768896328	-0.0228424377793	0.0239737715086	-107.672079980
5274.00000000	-0.00727758569667	-0.0228422787788	0.0239735886629	-107.671960181
5274.00000000	-0.00727749368989	-0.0228421604435	0.0239734479817	-107.671836519
5274.00000000	-0.00727743958342	-0.0228420846833	0.0239733593718	-107.671768273
5274.00000000	-0.00727741169360	-0.0228420229885	0.0239732921219	-107.671749522
5274.00000000	-0.00727738472821	-0.0228419488240	0.0239732132715	-107.671741924
5274.00000000	-0.00727734504068	-0.0228418558742	0.0239731126602	-107.671718983
5274.00000000	-0.00727730548027	-0.0228417720278	0.0239730207613	-107.671689727
5274.00000000	-0.00727728680917	-0.0228417179951	0.0239729636105	-107.671686410
5274.00000000	-0.00727727934991	-0.0228416853810	0.0239729302710	-107.671693086
5274.00000000	-0.00727726526930	-0.0228416784802	0.0239729194215	-107.671666028
5274.00000000	-0.00727724488253	-0.0228417101925	0.0239729434488	-107.671596594
5274.00000000	-0.00727722473361	-0.0228417775081	0.0239730014715	-107.671501872
5274.00000000	-0.00727721117401	-0.0228418951353	0.0239731094321	-107.671385655
5274.00000000	-0.00727720110293	-0.0228420772729	0.0239732799181	-107.671230580
5274.00000000	-0.00727718225559	-0.0228422838955	0.0239734710700	-107.671037760
5274.00000000	-0.00727715380433	-0.0228424490254	0.0239736197720	-107.670853174
5274.00000000	-0.00727713635375	-0.0228425313292	0.0239736928952	-107.670753727
5274.00000000	-0.00727714286230	-0.0228425169307	0.0239736811518	-107.670778994
5274.00000000	-0.00727716463611	-0.0228424235720	0.0239735988075	-107.670896305
5274.00000000	-0.00727717267995	-0.0228422992513	0.0239734827945	-107.671004814
5274.00000000	-0.00727714473858	-0.0228422102519	0.0239733895130	-107.671005753
5274.00000000	-0.00727707951468	-0.0228421704064	0.0239733317488	-107.670886131
5274.00000000	-0.00727699587296	-0.0228421510167	0.0239732878848	-107.670709728
5274.00000000	-0.00727693682146	-0.0228421439335	0.0239732632110	-107.670580394
5274.00000000	-0.00727693722684	-0.0228421483775	0.0239732675683	-107.670578093
5274.00000000	-0.00727699616353	-0.0228421394655	0.0239732769668	-107.670718770
5274.00000000	-0.00727707553824	-0.0228420815357	0.0239732458643	-107.670941550
5274.00000000	-0.00727712190682	-0.0228419763661	0.0239731597324	-107.671123441
5274.00000000	-0.00727710634241	-0.0228418460622	0.0239730308523	-107.671182531
5274.00000000	-0.00727705429041	-0.0228417193237	0.0239728942935	-107.671155945
5274.00000000	-0.00727702482908	-0.0228416301837	0.0239728004166	-107.671153525
5274.00000000	-0.00727706228732	-0.0228415908078	0.0239727742692	-107.671267395
5274.00000000	-0.00727717505453	-0.0228416021858	0.0239728193417	-107.671515940
5274.00000000	-0.00727733041769	-0.0228416515527	0.0239729135414	-107.671833923
5274.00000000	-0.00727750306722	-0.0228417318888	0.0239730424972	-107.672168799
5274.00000000	-0.00727769385955	-0.0228418380841	0.0239732016004	-107.672526225
5274.00000000	-0.00727789954762	-0.0228419388998	0.0239733601009	-107.672921469
5274.00000000	-0.00727813358919	-0.0228419944614	0.0239734840921	-107.673414109
5274.00000000	-0.00727843858258	-0.0228419818972	0.0239735647160	-107.674117743
5274.00000000	-0.00727884591110	-0.0228418888553	0.0239735997354	-107.675112800
5274.00000000	-0.00727935910875	-0.0228417348739	0.0239736088457	-107.676393152
5274.00000000	-0.00727995079342	-0.0228415646911	0.0239736263651	-107.677863984
5274.00000000	-0.00728056165417	-0.0228414055934	0.0239736602854	-107.679370434
5274.00000000	-0.00728114454277	-0.0228412779826	0.0239737157264	-107.680790330
5274.00000000	-0.00728168985749	-0.0228411893433	0.0239737968999	-107.682096373
5274.00000000	-0.00728219883944	-0.0228411070313	0.0239738730778	-107.683315085
5274.00000000	-0.00728266335791	-0.0228409732290	0.0239738867026	-107.684469928
5274.00000000	-0.00728308522426	-0.0228407681512	0.0239738194729	-107.685579401
5274.00000000	-0.00728349134320	-0.0228405319296	0.0239737177962	-107.686675637
5274.00000000	-0.00728391395278	-0.0228403192740	0.0239736435906	-107.687792319
5274.00000000	-0.00728435483163	-0.0228401469402	0.0239736133606	-107.688921325
5274.00000000	-0.00728478833389	-0.0228399961400	0.0239736014138	-107.690017900
5274.00000000	-0.00728519115536	-0.0228398380548	0.0239735732118	-107.691049908
5274.00000000	-0.00728554996134	-0.0228396688560	0.0239735210532	-107.691989771
5274.00000000	-0.00728585668353	-0.0228395137161	0.0239734664661	-107.692800836
