DevNumber	X [V]	Y [V]	R [V]	Theta [°]
4253.00000000	0.00789098510640	-0.0252986721667	0.0265007633729	-72.6766201049
4253.00000000	0.00789094051820	-0.0252992695236	0.0265013203575	-72.6770966897
4253.00000000	0.00789093072244	-0.0252996981906	0.0265017266645	-72.6773928567
4253.00000000	0.00789094895478	-0.0252999547296	0.0265019769966	-72.6775203672
4253.00000000	0.00789098732453	-0.0253000694550	0.0265020979431	-72.6775150271
4253.00000000	0.00789105620434	-0.0253001004166	0.0265021480094	-72.6773927983
4253.00000000	0.00789115732656	-0.0253001519849	0.0265022273481	-72.6772172910
4253.00000000	0.00789127451762	-0.0253002703289	0.0265023752186	-72.6770516062
4253.00000000	0.00789139645579	-0.0253003954955	0.0265025310160	-72.6768805179
4253.00000000	0.00789149481315	-0.0253004957975	0.0265026560553	-72.6767420922
4253.00000000	0.00789151679865	-0.0253006595492	0.0265028189257	-72.6768021293
4253.00000000	0.00789144601881	-0.0253009675858	0.0265030919148	-72.6771464923
4253.00000000	0.00789134918658	-0.0253012981512	0.0265033786548	-72.6775591160
4253.00000000	0.00789130095330	-0.0253014536735	0.0265035127620	-72.6777587647
4253.00000000	0.00789131669139	-0.0253013548207	0.0265034230787	-72.6776626559
4253.00000000	0.00789138203670	-0.0253010194558	0.0265031223811	-72.6773119270
4253.00000000	0.00789147211222	-0.0253004875123	0.0265026413864	-72.6767836095
4253.00000000	0.00789154029357	-0.0252999064673	0.0265021070003	-72.6762688498
4253.00000000	0.00789154728868	-0.0252994465429	0.0265016700226	-72.6759583270
4253.00000000	0.00789150503545	-0.0252991455361	0.0265013700888	-72.6758517495
4253.00000000	0.00789145526365	-0.0252989990362	0.0265012154138	-72.6758601587
4253.00000000	0.00789140371568	-0.0252990252796	0.0265012251170	-72.6759834454
4253.00000000	0.00789134231370	-0.0252992336352	0.0265014057370	-72.6762443103
4253.00000000	0.00789130633529	-0.0252995161072	0.0265016646823	-72.6765004133
4253.00000000	0.00789132763625	-0.0252997066172	0.0265018528933	-72.6765790928
4253.00000000	0.00789140142186	-0.0252997341000	0.0265019011003	-72.6764445002
4253.00000000	0.00789151539958	-0.0252995755023	0.0265017836362	-72.6761071637
4253.00000000	0.00789166564707	-0.0252991686641	0.0265014399945	-72.6755351512
4253.00000000	0.00789183630209	-0.0252985953276	0.0265009434882	-72.6748138065
4253.00000000	0.00789198357302	-0.0252981587624	0.0265005705879	-72.6742287622
4253.00000000	0.00789206040212	-0.0252980316667	0.0265004721392	-72.6739883560
4253.00000000	0.00789204004821	-0.0252981455785	0.0265005748208	-72.6741037110
4253.00000000	0.00789191256324	-0.0252983816978	0.0265007622613	-72.6745188628
4253.00000000	0.00789169503916	-0.0252986859763	0.0265009879574	-72.6751637269
4253.00000000	0.00789143913741	-0.0252990148996	0.0265012257556	-72.6759036549
4253.00000000	0.00789118937267	-0.0252993245333	0.0265014469710	-72.6766184855
4253.00000000	0.00789097395973	-0.0252996343466	0.0265016785903	-72.6772625207
4253.00000000	0.00789081391611	-0.0252999682635	0.0265019497093	-72.6778077839
4253.00000000	0.00789072503551	-0.0253002430591	0.0265021855785	-72.6781681088
4253.00000000	0.00789069704849	-0.0253003959835	0.0265023232347	-72.6783243055
4253.00000000	0.00789069032093	-0.0253005117601	0.0265024317576	-72.6784127131
4253.00000000	0.00789067969867	-0.0253006578534	0.0265025680628	-72.6785286718
4253.00000000	0.00789068051593	-0.0253008307827	0.0265027333930	-72.6786382933
4253.00000000	0.00789070342941	-0.0253010535420	0.0265029528722	-72.6787343837
4253.00000000	0.00789071660230	-0.0253013838602	0.0265032721326	-72.6789198043
4253.00000000	0.00789071175623	-0.0253017649340	0.0265036344828	-72.6791750748
4253.00000000	0.00789073792587	-0.0253019835657	0.0265038509913	-72.6792617810
4253.00000000	0.00789083982462	-0.0253018736560	0.0265037764034	-72.6789807467
4253.00000000	0.00789100927687	-0.0253014330798	0.0265034062585	-72.6783474645
4253.00000000	0.00789119745036	-0.0253007420591	0.0265028026054	-72.6775143184
4253.00000000	0.00789133745834	-0.0252999477991	0.0265020860597	-72.6767140819
4253.00000000	0.00789138172274	-0.0252992362768	0.0265014199937	-72.6761646740
4253.00000000	0.00789134246094	-0.0252986866243	0.0265008835843	-72.6758918463
4253.00000000	0.00789126779173	-0.0252982694219	0.0265004630734	-72.6757773622
4253.00000000	0.00789119724093	-0.0252979931273	0.0265001783044	-72.6757450944
4253.00000000	0.00789113704509	-0.0252979171195	0.0265000878197	-72.6758204036
4253.00000000	0.00789109117580	-0.0252980018593	0.0265001550565	-72.6759696357
4253.00000000	0.00789108000975	-0.0252981116498	0.0265002565415	-72.6760633672
4253.00000000	0.00789109460516	-0.0252981609093	0.0265003079126	-72.6760649561
4253.00000000	0.00789111250848	-0.0252981382752	0.0265002916364	-72.6760134315
4253.00000000	0.00789115635216	-0.0252980434326	0.0265002141518	-72.6758618768
4253.00000000	0.00789126944119	-0.0252978529313	0.0265000659684	-72.6755058099
4253.00000000	0.00789143423311	-0.0252976444023	0.0264999159727	-72.6750314160
4253.00000000	0.00789160257512	-0.0252975639952	0.0264998893450	-72.6746321838
4253.00000000	0.00789176151654	-0.0252976649282	0.0265000330312	-72.6743691154
4253.00000000	0.00789188903191	-0.0252979227867	0.0265003171644	-72.6742719539
4253.00000000	0.00789191558454	-0.0252983239978	0.0265007080791	-72.6744754765
4253.00000000	0.00789180341671	-0.0252988124552	0.0265011409719	-72.6750214738
4253.00000000	0.00789161906750	-0.0252992496668	0.0265015034519	-72.6756834364
4253.00000000	0.00789146373022	-0.0252995206820	0.0265017159170	-72.6761785118
4253.00000000	0.00789136828176	-0.0252996267334	0.0265017887360	-72.6764437793
4253.00000000	0.00789129955753	-0.0252996229617	0.0265017646716	-72.6765831905
4253.00000000	0.00789122899269	-0.0252995301996	0.0265016551056	-72.6766691129
4253.00000000	0.00789114840767	-0.0252994427798	0.0265015476560	-72.6767791559
4253.00000000	0.00789106167743	-0.0252994584157	0.0265015367577	-72.6769682252
4253.00000000	0.00789098232685	-0.0252995336192	0.0265015849230	-72.6771804098
4253.00000000	0.00789092016939	-0.0252996432685	0.0265016710913	-72.6773792823
4253.00000000	0.00789086177096	-0.0252998910571	0.0265018902531	-72.6776593180
4253.00000000	0.00789078708952	-0.0253003045156	0.0265022627237	-72.6780795960
4253.00000000	0.00789073851193	-0.0253006972470	0.0265026231805	-72.6784326465
4253.00000000	0.00789077839800	-0.0253009021791	0.0265028306942	-72.6784822358
4253.00000000	0.00789091515468	-0.0253009112801	0.0265028800998	-72.6782058517
4253.00000000	0.00789112456472	-0.0253007491619	0.0265027876845	-72.6776693136
4253.00000000	0.00789137924234	-0.0253004033174	0.0265025333576	-72.6769210788
4253.00000000	0.00789162237962	-0.0252999347006	0.0265021583958	-72.6761176112
4253.00000000	0.00789179511579	-0.0252994698000	0.0265017660225	-72.6754618127
4253.00000000	0.00789188934192	-0.0252990512767	0.0265013945461	-72.6749978909
4253.00000000	0.00789193166262	-0.0252986843090	0.0265010568305	-72.6746742788
4253.00000000	0.00789194072125	-0.0252984717016	0.0265008565670	-72.6745186956
4253.00000000	0.00789192721562	-0.0252984939673	0.0265008738005	-72.6745609062
4253.00000000	0.00789189901623	-0.0252986416142	0.0265010063508	-72.6747141699
4253.00000000	0.00789184336725	-0.0252987765205	0.0265011185644	-72.6749158830
4253.00000000	0.00789173881129	-0.0252988282748	0.0265011368349	-72.6751649995
4253.00000000	0.00789160511052	-0.0252987559609	0.0265010279874	-72.6753943916
4253.00000000	0.00789150961301	-0.0252985146272	0.0265007691646	-72.6754361180
4253.00000000	0.00789148197485	-0.0252981843211	0.0265004456133	-72.6752805017
4253.00000000	0.00789148187572	-0.0252980011368	0.0265002707102	-72.6751627651
4253.00000000	0.00789146499494	-0.0252980997150	0.0265003597892	-72.6752610755
4253.00000000	0.00789142581117	-0.0252984511827	0.0265006836436	-72.6755682349
4253.00000000	0.00789137268318	-0.0252989971018	0.0265011889767	-72.6760293536
5260.00000000	-0.0179163147027	0.0193047557975	0.0263375763677	132.863711434
5260.00000000	-0.0179162131500	0.0193047866300	0.0263375298854	132.863503876
5260.00000000	-0.0179161122046	0.0193047758684	0.0263374533289	132.863358839
5260.00000000	-0.0179160172269	0.0193047437243	0.0263373651593	132.863254960
5260.00000000	-0.0179159277791	0.0193047061103	0.0263372767422	132.863167992
5260.00000000	-0.0179158566342	0.0193046739085	0.0263372047425	132.863102201
5260.00000000	-0.0179158220117	0.0193046756384	0.0263371824586	132.863044432
5260.00000000	-0.0179158360878	0.0193047469530	0.0263372443062	132.862961342
5260.00000000	-0.0179159008502	0.0193048812912	0.0263373868283	132.862865811
5260.00000000	-0.0179159929408	0.0193050278916	0.0263375569283	132.862795711
5260.00000000	-0.0179160701567	0.0193051574107	0.0263377043896	132.862727170
5260.00000000	-0.0179161004687	0.0193052736430	0.0263378102058	132.862603502
5260.00000000	-0.0179161067698	0.0193053785621	0.0263378913965	132.862458289
5260.00000000	-0.0179161400148	0.0193054657365	0.0263379779090	132.862382299
5260.00000000	-0.0179162158470	0.0193055169980	0.0263380670672	132.862427361
5260.00000000	-0.0179163064966	0.0193055006901	0.0263381167773	132.862596037
5260.00000000	-0.0179163811092	0.0193054024370	0.0263380955140	132.862860404
5260.00000000	-0.0179164274946	0.0193052565386	0.0263380201266	132.863150269
5260.00000000	-0.0179164577717	0.0193051121085	0.0263379348584	132.863412278
5260.00000000	-0.0179164893408	0.0193049920959	0.0263378683671	132.863640214
5260.00000000	-0.0179165309888	0.0193049176414	0.0263378421252	132.863816804
5260.00000000	-0.0179165828747	0.0193049167543	0.0263378767709	132.863900849
5260.00000000	-0.0179166426003	0.0193050024254	0.0263379801943	132.863869303
5260.00000000	-0.0179167024369	0.0193051368467	0.0263381194257	132.863765792
5260.00000000	-0.0179167405683	0.0193052567213	0.0263382332298	132.863649199
5260.00000000	-0.0179167401006	0.0193053257750	0.0263382835263	132.863546267
5260.00000000	-0.0179167094471	0.0193053285892	0.0263382647368	132.863493225
5260.00000000	-0.0179166684100	0.0193052561440	0.0263381837206	132.863534997
5260.00000000	-0.0179166184151	0.0193051232518	0.0263380523046	132.863651936
5260.00000000	-0.0179165410202	0.0193049964931	0.0263379067454	132.863716111
5260.00000000	-0.0179164327527	0.0193049305935	0.0263377847930	132.863640997
5260.00000000	-0.0179163135030	0.0193049238966	0.0263376987642	132.863460759
5260.00000000	-0.0179162058233	0.0193049599898	0.0263376519704	132.863235647
5260.00000000	-0.0179161289332	0.0193050428892	0.0263376604296	132.862990365
5260.00000000	-0.0179160881093	0.0193051570262	0.0263377163199	132.862756365
5260.00000000	-0.0179160736191	0.0193052586541	0.0263377809549	132.862582869
5260.00000000	-0.0179160667062	0.0193053216951	0.0263378224607	132.862478557
5260.00000000	-0.0179160467781	0.0193053524969	0.0263378314822	132.862401200
5260.00000000	-0.0179160012791	0.0193053382414	0.0263377900828	132.862349745
5260.00000000	-0.0179159431758	0.0193052782977	0.0263377066206	132.862345801
5260.00000000	-0.0179158979772	0.0193052274089	0.0263376385737	132.862349034
5260.00000000	-0.0179158901004	0.0193052261046	0.0263376322596	132.862338404
5260.00000000	-0.0179159299635	0.0193052687771	0.0263376906545	132.862338821
5260.00000000	-0.0179159928414	0.0193053404978	0.0263377859971	132.862332951
5260.00000000	-0.0179160336407	0.0193054348402	0.0263378829025	132.862258400
5260.00000000	-0.0179160304385	0.0193055282626	0.0263379492021	132.862115048
5260.00000000	-0.0179159951212	0.0193055615506	0.0263379495779	132.862009473
5260.00000000	-0.0179159525394	0.0193054838816	0.0263378636814	132.862056508
5260.00000000	-0.0179159126586	0.0193052932128	0.0263376967942	132.862275067
5260.00000000	-0.0179158838188	0.0193050448352	0.0263374951182	132.862596634
5260.00000000	-0.0179158728153	0.0193048088196	0.0263373146371	132.862928354
5260.00000000	-0.0179158782841	0.0193046288451	0.0263371864393	132.863203411
5260.00000000	-0.0179158963964	0.0193045164757	0.0263371163958	132.863398584
5260.00000000	-0.0179159166499	0.0193044623745	0.0263370905184	132.863510943
5260.00000000	-0.0179159303862	0.0193044653236	0.0263371020242	132.863528482
5260.00000000	-0.0179159266515	0.0193045143584	0.0263371354250	132.863449962
5260.00000000	-0.0179158879308	0.0193045684943	0.0263371487656	132.863308104
5260.00000000	-0.0179158221797	0.0193045883434	0.0263371185874	132.863173885
5260.00000000	-0.0179157594815	0.0193045835771	0.0263370724433	132.863080961
5260.00000000	-0.0179157386756	0.0193045953057	0.0263370668870	132.863030427
5260.00000000	-0.0179157900139	0.0193046476486	0.0263371401762	132.863034830
5260.00000000	-0.0179159009362	0.0193047223691	0.0263372703996	132.863101129
5260.00000000	-0.0179160216802	0.0193047850372	0.0263373984702	132.863200924
5260.00000000	-0.0179161060246	0.0193048222814	0.0263374831447	132.863280300
5260.00000000	-0.0179161372974	0.0193048439336	0.0263375202888	132.863298124
5260.00000000	-0.0179161226507	0.0193048736993	0.0263375321429	132.863230721
5260.00000000	-0.0179160895887	0.0193049390710	0.0263375575687	132.863081261
5260.00000000	-0.0179160619377	0.0193050381326	0.0263376113696	132.862890575
5260.00000000	-0.0179160406258	0.0193051293092	0.0263376637034	132.862721667
5260.00000000	-0.0179159905595	0.0193051505277	0.0263376451990	132.862610433
5260.00000000	-0.0179158886028	0.0193050954783	0.0263375354932	132.862529320
5260.00000000	-0.0179157628631	0.0193050184481	0.0263373934976	132.862442809
5260.00000000	-0.0179156434827	0.0193049607394	0.0263372699905	132.862337846
5260.00000000	-0.0179155540124	0.0193049608894	0.0263372092393	132.862194955
5260.00000000	-0.0179155014132	0.0193050322950	0.0263372257992	132.862005412
5260.00000000	-0.0179154675785	0.0193051230159	0.0263372692817	132.861817208
5260.00000000	-0.0179154360141	0.0193051826519	0.0263372915236	132.861678624
5260.00000000	-0.0179153887306	0.0193052150378	0.0263372830988	132.861555300
5260.00000000	-0.0179153130015	0.0193052476418	0.0263372554845	132.861386294
5260.00000000	-0.0179152251596	0.0193052709804	0.0263372128393	132.861211683
5260.00000000	-0.0179151654155	0.0193052673771	0.0263371695588	132.861121745
5260.00000000	-0.0179151659052	0.0193052441181	0.0263371528429	132.861156945
5260.00000000	-0.0179152299183	0.0193052066168	0.0263371688976	132.861314517
5260.00000000	-0.0179153237504	0.0193051322046	0.0263371781807	132.861574260
5260.00000000	-0.0179154011890	0.0193050040200	0.0263371368978	132.861887436
5260.00000000	-0.0179154461721	0.0193048295076	0.0263370395805	132.862217416
5260.00000000	-0.0179154707551	0.0193046194942	0.0263369023652	132.862567406
5260.00000000	-0.0179154906912	0.0193044078965	0.0263367608286	132.862912334
5260.00000000	-0.0179155119676	0.0193042691263	0.0263366735857	132.863151625
5260.00000000	-0.0179155432237	0.0193042413993	0.0263366745244	132.863242499
5260.00000000	-0.0179155823717	0.0193042777216	0.0263367277783	132.863251172
5260.00000000	-0.0179156232727	0.0193043270077	0.0263367917270	132.863243455
5260.00000000	-0.0179156570757	0.0193043476796	0.0263368298736	132.863266765
5260.00000000	-0.0179156696285	0.0193043134767	0.0263368133426	132.863337398
5260.00000000	-0.0179156623472	0.0193042351727	0.0263367509944	132.863441669
5260.00000000	-0.0179156499936	0.0193041601024	0.0263366875661	132.863533066
5260.00000000	-0.0179156513533	0.0193041566360	0.0263366859502	132.863540364
5260.00000000	-0.0179156711427	0.0193042510207	0.0263367685938	132.863432240
5260.00000000	-0.0179157104810	0.0193044212754	0.0263369201468	132.863243011
5260.00000000	-0.0179157587824	0.0193046344688	0.0263371092704	132.863004533
5270.00000000	-0.0124424293685	-0.00183403116647	0.0125768723819	-171.614903678
5270.00000000	-0.0124424720627	-0.00183404688381	0.0125769169116	-171.614861204
5270.00000000	-0.0124424981211	-0.00183406224518	0.0125769449317	-171.614809283
5270.00000000	-0.0124424993475	-0.00183408011107	0.0125769487503	-171.614729578
5270.00000000	-0.0124424789314	-0.00183410251605	0.0125769318197	-171.614615037
5270.00000000	-0.0124424671807	-0.00183412949933	0.0125769241297	-171.614485619
5270.00000000	-0.0124424892097	-0.00183415812294	0.0125769500975	-171.614371250
5270.00000000	-0.0124425394373	-0.00183417820872	0.0125770027173	-171.614314095
5270.00000000	-0.0124425983545	-0.00183418145245	0.0125770614777	-171.614338618
5270.00000000	-0.0124426450475	-0.00183417306505	0.0125771064482	-171.614407440
5270.00000000	-0.0124426668177	-0.00183416400728	0.0125771266648	-171.614462725
5270.00000000	-0.0124426675098	-0.00183416209847	0.0125771270712	-171.614471788
5270.00000000	-0.0124426662910	-0.00183417089813	0.0125771271486	-171.614431319
5270.00000000	-0.0124426731785	-0.00183418974108	0.0125771367104	-171.614350973
5270.00000000	-0.0124426779645	-0.00183421337286	0.0125771448917	-171.614247648
5270.00000000	-0.0124426617345	-0.00183423109700	0.0125771314200	-171.614156985
5270.00000000	-0.0124426108360	-0.00183423952839	0.0125770822953	-171.614085170
5270.00000000	-0.0124425335377	-0.00183424695606	0.0125770069068	-171.614000338
5270.00000000	-0.0124424519273	-0.00183425906142	0.0125769279344	-171.613891558
5270.00000000	-0.0124423809448	-0.00183426978708	0.0125768592752	-171.613796057
5270.00000000	-0.0124423185303	-0.00183427229070	0.0125767978932	-171.613743304
5270.00000000	-0.0124422578952	-0.00183426739306	0.0125767371921	-171.613725090
5270.00000000	-0.0124422177102	-0.00183426468950	0.0125766970425	-171.613710574
5270.00000000	-0.0124422168814	-0.00183427694548	0.0125766980101	-171.613654786
5270.00000000	-0.0124422409283	-0.00183431145112	0.0125767268324	-171.613515247
5270.00000000	-0.0124422677560	-0.00183435828423	0.0125767602039	-171.613321997
5270.00000000	-0.0124422844557	-0.00183439953323	0.0125767827413	-171.613147186
5270.00000000	-0.0124422924111	-0.00183442661674	0.0125767945621	-171.613030408
5270.00000000	-0.0124422986048	-0.00183444130518	0.0125768028319	-171.612968323
5270.00000000	-0.0124423115939	-0.00183445257336	0.0125768173257	-171.612926169
5270.00000000	-0.0124423274209	-0.00183447570135	0.0125768363569	-171.612832450
5270.00000000	-0.0124423333374	-0.00183451769297	0.0125768483351	-171.612647128
5270.00000000	-0.0124423275267	-0.00183457198083	0.0125768505054	-171.612398595
5270.00000000	-0.0124423133363	-0.00183462709588	0.0125768445065	-171.612140766
5270.00000000	-0.0124423018200	-0.00183467395135	0.0125768399484	-171.611921938
5270.00000000	-0.0124423081368	-0.00183471405687	0.0125768520481	-171.611745384
5270.00000000	-0.0124423353882	-0.00183476039666	0.0125768857681	-171.611554645
5270.00000000	-0.0124423786551	-0.00183482444781	0.0125769379164	-171.611294729
5270.00000000	-0.0124424224731	-0.00183490300216	0.0125769927259	-171.610969817
5270.00000000	-0.0124424571911	-0.00183498372935	0.0125770388502	-171.610629067
5270.00000000	-0.0124424953407	-0.00183505421013	0.0125770868749	-171.610336779
5270.00000000	-0.0124425411073	-0.00183510709339	0.0125771398677	-171.610128865
5270.00000000	-0.0124425756972	-0.00183514684453	0.0125771798875	-171.609972707
5270.00000000	-0.0124425851728	-0.00183518809450	0.0125771952806	-171.609793101
5270.00000000	-0.0124425748665	-0.00183523856550	0.0125771924491	-171.609558789
5270.00000000	-0.0124425523390	-0.00183529345311	0.0125771781719	-171.609296448
5270.00000000	-0.0124425113664	-0.00183534326507	0.0125771449067	-171.609044719
5270.00000000	-0.0124424475792	-0.00183538371137	0.0125770877046	-171.608820031
5270.00000000	-0.0124423718778	-0.00183541403235	0.0125770172384	-171.608633053
5270.00000000	-0.0124422983196	-0.00183542901191	0.0125769466537	-171.608516640
5270.00000000	-0.0124422433798	-0.00183542852073	0.0125768922305	-171.608482328
5270.00000000	-0.0124422176911	-0.00183542524897	0.0125768663394	-171.608479995
5270.00000000	-0.0124422140458	-0.00183543374926	0.0125768639735	-171.608439261
5270.00000000	-0.0124422185167	-0.00183545857220	0.0125768720192	-171.608330360
5270.00000000	-0.0124422132447	-0.00183549343109	0.0125768718910	-171.608169750
5270.00000000	-0.0124421739733	-0.00183553050289	0.0125768384505	-171.607976562
5270.00000000	-0.0124420995103	-0.00183556297851	0.0125767695245	-171.607780688
5270.00000000	-0.0124420218925	-0.00183558160226	0.0125766954559	-171.607645144
5270.00000000	-0.0124419752516	-0.00183558403016	0.0125766496689	-171.607603190
5270.00000000	-0.0124419723074	-0.00183557874319	0.0125766459846	-171.607625060
5270.00000000	-0.0124420141821	-0.00183557772537	0.0125766872623	-171.607657491
5270.00000000	-0.0124420886097	-0.00183558572241	0.0125767620601	-171.607670936
5270.00000000	-0.0124421581760	-0.00183560167966	0.0125768332104	-171.607645273
5270.00000000	-0.0124421912291	-0.00183562240761	0.0125768689349	-171.607573832
5270.00000000	-0.0124421870011	-0.00183563960273	0.0125768672618	-171.607493525
5270.00000000	-0.0124421644208	-0.00183564863874	0.0125768462422	-171.607437787
5270.00000000	-0.0124421406192	-0.00183565126415	0.0125768230786	-171.607410128
5270.00000000	-0.0124421204451	-0.00183564827855	0.0125768026848	-171.607410170
5270.00000000	-0.0124421010371	-0.00183563943797	0.0125767821943	-171.607437109
5270.00000000	-0.0124420639951	-0.00183563217105	0.0125767444884	-171.607445230
5270.00000000	-0.0124420083919	-0.00183563913013	0.0125766904963	-171.607376894
5270.00000000	-0.0124419699097	-0.00183566237163	0.0125766558185	-171.607246558
5270.00000000	-0.0124419835180	-0.00183568304239	0.0125766722981	-171.607162445
5270.00000000	-0.0124420588492	-0.00183569189662	0.0125767481149	-171.607172631
5270.00000000	-0.0124421699888	-0.00183570495209	0.0125768599698	-171.607187693
5270.00000000	-0.0124422673922	-0.00183573882893	0.0125769612747	-171.607099782
5270.00000000	-0.0124423184463	-0.00183578844538	0.0125770190242	-171.606910118
5270.00000000	-0.0124423269395	-0.00183583938754	0.0125770348622	-171.606686180
5270.00000000	-0.0124423126775	-0.00183588554652	0.0125770274908	-171.606468667
5270.00000000	-0.0124422820845	-0.00183593128298	0.0125770039018	-171.606242198
5270.00000000	-0.0124422369997	-0.00183598545074	0.0125769672072	-171.605968092
5270.00000000	-0.0124421893458	-0.00183604867759	0.0125769292938	-171.605651449
5270.00000000	-0.0124421544712	-0.00183611274614	0.0125769041461	-171.605339509
5270.00000000	-0.0124421302675	-0.00183617079808	0.0125768886770	-171.605061781
5270.00000000	-0.0124420951061	-0.00183622080056	0.0125768611925	-171.604813042
5270.00000000	-0.0124420422695	-0.00183626764434	0.0125768157614	-171.604566781
5270.00000000	-0.0124419805921	-0.00183631892773	0.0125767622328	-171.604294629
5270.00000000	-0.0124419214292	-0.00183637790412	0.0125767123151	-171.603989476
5270.00000000	-0.0124418875759	-0.00183644802985	0.0125766890642	-171.603650908
5270.00000000	-0.0124418826886	-0.00183653208774	0.0125766965037	-171.603268818
5270.00000000	-0.0124418826537	-0.00183662615747	0.0125767102062	-171.602844835
5270.00000000	-0.0124418821672	-0.00183672455820	0.0125767240952	-171.602401033
5270.00000000	-0.0124418913008	-0.00183682540947	0.0125767478597	-171.601952588
5270.00000000	-0.0124419142966	-0.00183692668589	0.0125767854006	-171.601511453
5270.00000000	-0.0124419418703	-0.00183702422987	0.0125768269259	-171.601090188
5270.00000000	-0.0124419543805	-0.00183711452881	0.0125768524918	-171.600691554
5270.00000000	-0.0124419451057	-0.00183720135111	0.0125768559990	-171.600294092
5270.00000000	-0.0124419293314	-0.00183729332054	0.0125768538289	-171.599869109
5270.00000000	-0.0124419199547	-0.00183738937501	0.0125768585853	-171.599429972
5270.00000000	-0.0124419276654	-0.00183748135845	0.0125768796517	-171.599020556
5274.00000000	-0.0151938220315	-0.00412906752753	0.0157448857275	-164.796497265
5274.00000000	-0.0151939416708	-0.00412900620908	0.0157449850991	-164.796826766
5274.00000000	-0.0151940255094	-0.00412893837585	0.0157450482150	-164.797144977
5274.00000000	-0.0151940831538	-0.00412886371933	0.0157450842645	-164.797462150
5274.00000000	-0.0151941279277	-0.00412878580539	0.0157451070403	-164.797778479
5274.00000000	-0.0151941754342	-0.00412871081621	0.0157451332204	-164.798087144
5274.00000000	-0.0151942414830	-0.00412864894618	0.0157451807346	-164.798367431
5274.00000000	-0.0151943318838	-0.00412860503900	0.0157452564591	-164.798607875
5274.00000000	-0.0151944329063	-0.00412856723092	0.0157453440332	-164.798837033
5274.00000000	-0.0151945159702	-0.00412851495359	0.0157454104834	-164.799099864
5274.00000000	-0.0151945750112	-0.00412844199136	0.0157454483280	-164.799412408
5274.00000000	-0.0151946243240	-0.00412835905264	0.0157454741693	-164.799750702
5274.00000000	-0.0151946600666	-0.00412827934967	0.0157454877641	-164.800064686
5274.00000000	-0.0151946710586	-0.00412821302551	0.0157454809822	-164.800308075
5274.00000000	-0.0151946622475	-0.00412816358139	0.0157454595160	-164.800473296
5274.00000000	-0.0151946306819	-0.00412812275676	0.0157454183512	-164.800586540
5274.00000000	-0.0151945598767	-0.00412808383396	0.0157453398181	-164.800655671
5274.00000000	-0.0151944639134	-0.00412804496244	0.0157452370204	-164.800700620
5274.00000000	-0.0151943739894	-0.00412801067993	0.0157451412539	-164.800735216
5274.00000000	-0.0151943052871	-0.00412799250671	0.0157450701902	-164.800733489
5274.00000000	-0.0151942558387	-0.00412798611177	0.0157450207949	-164.800708770
5274.00000000	-0.0151942151437	-0.00412797639337	0.0157449789755	-164.800704072
5274.00000000	-0.0151941944950	-0.00412796482658	0.0157449560165	-164.800724991
5274.00000000	-0.0151942053169	-0.00412796418662	0.0157449662921	-164.800737563
5274.00000000	-0.0151942299797	-0.00412798271448	0.0157449949498	-164.800696029
5274.00000000	-0.0151942518701	-0.00412801514879	0.0157450245780	-164.800603014
5274.00000000	-0.0151942622565	-0.00412804349290	0.0157450420322	-164.800513388
5274.00000000	-0.0151942470453	-0.00412805500044	0.0157450303703	-164.800458465
5274.00000000	-0.0151942085219	-0.00412805076937	0.0157449920852	-164.800436569
5274.00000000	-0.0151941781184	-0.00412803451262	0.0157449584830	-164.800464650
5274.00000000	-0.0151941709120	-0.00412800823911	0.0157449446403	-164.800550040
5274.00000000	-0.0151941752920	-0.00412797760032	0.0157449408342	-164.800661813
5274.00000000	-0.0151941824651	-0.00412794817007	0.0157449400404	-164.800772007
5274.00000000	-0.0151941917231	-0.00412792277712	0.0157449423172	-164.800870012
5274.00000000	-0.0151942107560	-0.00412790253031	0.0157449553762	-164.800959271
5274.00000000	-0.0151942549188	-0.00412789126866	0.0157449950417	-164.801040952
5274.00000000	-0.0151943351593	-0.00412789699017	0.0157450739755	-164.801097412
5274.00000000	-0.0151944479688	-0.00412792314355	0.0157451896958	-164.801113193
5274.00000000	-0.0151945607484	-0.00412796651486	0.0157453099012	-164.801068482
5274.00000000	-0.0151946445633	-0.00412802251367	0.0157454054657	-164.800951797
5274.00000000	-0.0151947116404	-0.00412807820880	0.0157454847983	-164.800820211
5274.00000000	-0.0151947755832	-0.00412811627305	0.0157455564839	-164.800747549
5274.00000000	-0.0151948336567	-0.00412813403503	0.0157456171828	-164.800740580
5274.00000000	-0.0151948829945	-0.00412814429045	0.0157456674835	-164.800751636
5274.00000000	-0.0151949272127	-0.00412815940398	0.0157457141173	-164.800740750
5274.00000000	-0.0151949553679	-0.00412818491877	0.0157457479770	-164.800678014
5274.00000000	-0.0151949318984	-0.00412822375946	0.0157457355117	-164.800519234
5274.00000000	-0.0151948424171	-0.00412827094406	0.0157456615316	-164.800268175
5274.00000000	-0.0151947078331	-0.00412831218793	0.0157455424693	-164.799994945
5274.00000000	-0.0151945524528	-0.00412832976824	0.0157453971343	-164.799784965
5274.00000000	-0.0151944009710	-0.00412831580386	0.0157452472907	-164.799689474
5274.00000000	-0.0151942823395	-0.00412827880215	0.0157451231078	-164.799706223
5274.00000000	-0.0151941950495	-0.00412822578781	0.0157450249716	-164.799809107
5274.00000000	-0.0151941256397	-0.00412816020600	0.0157449407951	-164.799973184
5274.00000000	-0.0151940796664	-0.00412809178390	0.0157448784907	-164.800169599
5274.00000000	-0.0151940570173	-0.00412803876429	0.0157448427330	-164.800334179
5274.00000000	-0.0151940439493	-0.00412801599382	0.0157448241520	-164.800401675
5274.00000000	-0.0151940264148	-0.00412802033848	0.0157448083701	-164.800369688
5274.00000000	-0.0151940002447	-0.00412803632929	0.0157447873079	-164.800288564
5274.00000000	-0.0151939821392	-0.00412805706369	0.0157447752721	-164.800198476
5274.00000000	-0.0151939833746	-0.00412808675563	0.0157447842491	-164.800095384
5274.00000000	-0.0151939854020	-0.00412812092601	0.0157447951646	-164.799977322
5274.00000000	-0.0151939723158	-0.00412815294814	0.0157447909321	-164.799852383
5274.00000000	-0.0151939511190	-0.00412818512795	0.0157447789142	-164.799719152
5274.00000000	-0.0151939307875	-0.00412821885378	0.0157447681368	-164.799581317
5274.00000000	-0.0151939231364	-0.00412825103941	0.0157447691923	-164.799460990
5274.00000000	-0.0151939457673	-0.00412826645666	0.0157447950739	-164.799428442
5274.00000000	-0.0151939935022	-0.00412824502204	0.0157448355186	-164.799549260
5274.00000000	-0.0151940366936	-0.00412819314842	0.0157448635979	-164.799772636
5274.00000000	-0.0151940438719	-0.00412813830709	0.0157448561462	-164.799972071
5274.00000000	-0.0151940239113	-0.00412809904103	0.0157448265888	-164.800090918
5274.00000000	-0.0151940123423	-0.00412808136254	0.0157448107893	-164.800141962
5274.00000000	-0.0151940264545	-0.00412807664131	0.0157448231701	-164.800172006
5274.00000000	-0.0151940732983	-0.00412807204741	0.0157448671706	-164.800232832
5274.00000000	-0.0151941487195	-0.00412806353946	0.0157449377228	-164.800334668
5274.00000000	-0.0151942244427	-0.00412805292299	0.0157450080136	-164.800444196
5274.00000000	-0.0151942787312	-0.00412804626939	0.0157450586586	-164.800519356
5274.00000000	-0.0151943276323	-0.00412804921077	0.0157451066203	-164.800555682
5274.00000000	-0.0151943887974	-0.00412806266266	0.0157451691726	-164.800566798
5274.00000000	-0.0151944425458	-0.00412808925558	0.0157452280130	-164.800524693
5274.00000000	-0.0151944687292	-0.00412813081714	0.0157452641771	-164.800403724
5274.00000000	-0.0151944682648	-0.00412818184143	0.0157452771067	-164.800224103
5274.00000000	-0.0151944330667	-0.00412822719213	0.0157452550303	-164.800031267
5274.00000000	-0.0151943370797	-0.00412825591003	0.0157451699308	-164.799838840
5274.00000000	-0.0151941865443	-0.00412826600322	0.0157450273082	-164.799659768
5274.00000000	-0.0151940281656	-0.00412826666579	0.0157448746442	-164.799506328
5274.00000000	-0.0151938986019	-0.00412827879932	0.0157447527948	-164.799340095
5274.00000000	-0.0151938118860	-0.00412830939116	0.0157446771340	-164.799149924
5274.00000000	-0.0151937822045	-0.00412834527737	0.0157446579006	-164.798995579
5274.00000000	-0.0151938044518	-0.00412837355802	0.0157446867849	-164.798917493
5274.00000000	-0.0151938422587	-0.00412839430594	0.0157447287092	-164.798880707
5274.00000000	-0.0151938715308	-0.00412841623645	0.0157447627075	-164.798831625
5274.00000000	-0.0151938857892	-0.00412844761217	0.0157447846941	-164.798735047
5274.00000000	-0.0151938884019	-0.00412849172585	0.0157447987824	-164.798582626
5274.00000000	-0.0151938718578	-0.00412854292205	0.0157447962416	-164.798387054
5274.00000000	-0.0151938391398	-0.00412859446923	0.0157447781851	-164.798174816
5274.00000000	-0.0151938303837	-0.00412865273434	0.0157447850137	-164.797961851
5274.00000000	-0.0151938799866	-0.00412872540763	0.0157448519376	-164.797753979
5274.00000000	-0.0151939750846	-0.00412880413956	0.0157449643535	-164.797568247
5274.00000000	-0.0151940801122	-0.00412887889275	0.0157450853084	-164.797405964
