DevNumber	X [V]	Y [V]	R [V]	Theta [°]
4253.00000000	0.0117981379743	0.00518971694452	0.0128891125228	23.7435386762
4253.00000000	0.0117981244661	0.00518974824956	0.0128891127628	23.7436902349
4253.00000000	0.0117980982595	0.00518976735704	0.0128890964680	23.7438148903
4253.00000000	0.0117980658424	0.00518975630571	0.0128890623451	23.7438279451
4253.00000000	0.0117980473764	0.00518973276983	0.0128890359654	23.7437652290
4253.00000000	0.0117980164324	0.00518973405315	0.0128890081574	23.7438258374
4253.00000000	0.0117979522371	0.00518978251218	0.0128889689080	23.7441379236
4253.00000000	0.0117978815799	0.00518986125256	0.0128889359373	23.7445847944
4253.00000000	0.0117978433389	0.00518992661321	0.0128889272517	23.7449192001
4253.00000000	0.0117978638334	0.00518993987988	0.0128889513533	23.7449364978
4253.00000000	0.0117979387655	0.00518989639286	0.0128890024316	23.7446254216
4253.00000000	0.0117980323711	0.00518981832148	0.0128890566777	23.7441401993
4253.00000000	0.0117981101525	0.00518972296857	0.0128890894814	23.7436129856
4253.00000000	0.0117981519746	0.00518962409793	0.0128890879543	23.7431358219
4253.00000000	0.0117981667626	0.00518953315852	0.0128890648754	23.7427393167
4253.00000000	0.0117981706480	0.00518945596390	0.0128890373512	23.7424182521
4253.00000000	0.0117981572269	0.00518940028365	0.0128890026478	23.7422157052
4253.00000000	0.0117981130804	0.00518938142428	0.0128889546444	23.7422179773
4253.00000000	0.0117980528271	0.00518940332220	0.0128889083072	23.7424149241
4253.00000000	0.0117980016102	0.00518945876080	0.0128888837463	23.7427321798
4253.00000000	0.0117979674384	0.00518953424588	0.0128888828595	23.7431004997
4253.00000000	0.0117979483856	0.00518961374711	0.0128888974297	23.7434581003
4253.00000000	0.0117979521307	0.00518969144095	0.0128889321408	23.7437675396
4253.00000000	0.0117979827556	0.00518977461311	0.0128889936627	23.7440511561
4253.00000000	0.0117980117453	0.00518985575873	0.0128890528721	23.7443294507
4253.00000000	0.0117980099822	0.00518990953447	0.0128890729114	23.7445514206
4253.00000000	0.0117979937049	0.00518993144709	0.0128890668354	23.7446697186
4253.00000000	0.0117979855785	0.00518994698084	0.0128890656517	23.7447474713
4253.00000000	0.0117979720291	0.00518998134920	0.0128890670882	23.7449115691
4253.00000000	0.0117979419233	0.00519004111753	0.0128890635977	23.7452086546
4253.00000000	0.0117979054458	0.00519012853359	0.0128890654085	23.7456296435
4253.00000000	0.0117978720774	0.00519023796389	0.0128890789305	23.7461346419
4253.00000000	0.0117978485851	0.00519034886608	0.0128891020862	23.7466279491
4253.00000000	0.0117978422247	0.00519043144978	0.0128891295204	23.7469753613
4253.00000000	0.0117978485415	0.00519046612571	0.0128891492663	23.7471051466
4253.00000000	0.0117978570603	0.00519046280044	0.0128891557248	23.7470763668
4253.00000000	0.0117978697325	0.00519044953406	0.0128891619817	23.7469997026
4253.00000000	0.0117978905848	0.00519044631823	0.0128891797735	23.7469492901
4253.00000000	0.0117979065068	0.00519045243037	0.0128891968087	23.7469456578
4253.00000000	0.0117978897684	0.00519045078105	0.0128891808234	23.7469689102
4253.00000000	0.0117978456888	0.00519042977440	0.0128891320165	23.7469623432
4253.00000000	0.0117978056093	0.00519039853644	0.0128890827510	23.7469069851
4253.00000000	0.0117977835917	0.00519037187419	0.0128890518607	23.7468379122
4253.00000000	0.0117977798685	0.00519035169849	0.0128890403281	23.7467624833
4253.00000000	0.0117977969290	0.00519033704657	0.0128890500440	23.7466723254
4253.00000000	0.0117978364140	0.00519032754810	0.0128890823610	23.7465629951
4253.00000000	0.0117978859568	0.00519031685386	0.0128891234028	23.7464307955
4253.00000000	0.0117979188633	0.00519029993743	0.0128891467113	23.7463030590
4253.00000000	0.0117978741756	0.00519028829092	0.0128891011170	23.7463356640
4253.00000000	0.0117976322719	0.00519030367618	0.0128888858895	23.7468312974
4253.00000000	0.0117972664158	0.00519032978048	0.0128885615223	23.7475924647
4253.00000000	0.0117970192294	0.00519032753669	0.0128883343624	23.7480258626
4253.00000000	0.0117970322785	0.00519027708704	0.0128883259899	23.7477972145
4253.00000000	0.0117972651952	0.00519019396690	0.0128885057124	23.7470420126
4253.00000000	0.0117975857606	0.00519011602634	0.0128887677512	23.7461510069
4253.00000000	0.0117978825131	0.00519006855357	0.0128890202647	23.7454266357
4253.00000000	0.0117981026231	0.00519004989092	0.0128892142264	23.7449567052
4253.00000000	0.0117982419184	0.00519005106802	0.0128893422040	23.7447121654
4253.00000000	0.0117983099299	0.00519007371721	0.0128894135783	23.7446825882
4253.00000000	0.0117983252090	0.00519012157886	0.0128894468361	23.7448499834
4253.00000000	0.0117983181286	0.00519017167802	0.0128894605283	23.7450665038
4253.00000000	0.0117983059401	0.00519018860697	0.0128894561884	23.7451572019
4253.00000000	0.0117982920644	0.00519016643544	0.0128894345595	23.7450918255
4253.00000000	0.0117982849415	0.00519012604319	0.0128894117750	23.7449402237
4253.00000000	0.0117982825840	0.00519009526326	0.0128893972230	23.7448192035
4253.00000000	0.0117982720282	0.00519009607008	0.0128893878857	23.7448413803
4253.00000000	0.0117982556554	0.00519013574823	0.0128893888759	23.7450321326
4253.00000000	0.0117982613996	0.00519020153084	0.0128894206225	23.7452895123
4253.00000000	0.0117983168543	0.00519026970632	0.0128894988350	23.7454676474
4253.00000000	0.0117984092048	0.00519032467744	0.0128896055029	23.7455260130
4253.00000000	0.0117984962432	0.00519037259558	0.0128897044683	23.7455651890
4253.00000000	0.0117985537281	0.00519042686265	0.0128897789388	23.7456830947
4253.00000000	0.0117985725668	0.00519048851453	0.0128898210085	23.7459002201
4253.00000000	0.0117985513750	0.00519055054040	0.0128898265877	23.7461905179
4253.00000000	0.0117985157947	0.00519061684244	0.0128898207188	23.7465239693
4253.00000000	0.0117984981506	0.00519068722306	0.0128898329104	23.7468419096
4253.00000000	0.0117985103770	0.00519073894913	0.0128898649316	23.7470304813
4253.00000000	0.0117985511802	0.00519074758601	0.0128899057581	23.7469925841
4253.00000000	0.0117986024265	0.00519071243316	0.0128899385097	23.7467578286
4253.00000000	0.0117986271729	0.00519065650371	0.0128899386385	23.7464859751
4253.00000000	0.0117986064855	0.00519060246908	0.0128898979434	23.7463031551
4253.00000000	0.0117985509512	0.00519055929685	0.0128898297259	23.7462269040
4253.00000000	0.0117984840443	0.00519053804069	0.0128897599239	23.7462601794
4253.00000000	0.0117984245337	0.00519054802554	0.0128897094724	23.7464073278
4253.00000000	0.0117983856563	0.00519057524268	0.0128896848466	23.7465876578
4253.00000000	0.0117983789603	0.00519058293405	0.0128896818148	23.7466309378
4253.00000000	0.0117983925408	0.00519054703493	0.0128896797892	23.7464605643
4253.00000000	0.0117983966539	0.00519048017245	0.0128896566294	23.7461811544
4253.00000000	0.0117983824188	0.00519042130580	0.0128896198948	23.7459671196
4253.00000000	0.0117983826260	0.00519040815738	0.0128896147898	23.7459132506
4253.00000000	0.0117984247653	0.00519044117122	0.0128896666557	23.7459721490
4253.00000000	0.0117984913768	0.00519049299092	0.0128897484947	23.7460637589
4253.00000000	0.0117985427958	0.00519053483351	0.0128898124099	23.7461419676
4253.00000000	0.0117985507205	0.00519055042038	0.0128898259403	23.7461912012
4253.00000000	0.0117985004631	0.00519053382023	0.0128897732531	23.7462136185
4253.00000000	0.0117984060344	0.00519049362341	0.0128896706322	23.7462190925
4253.00000000	0.0117983093003	0.00519044677274	0.0128895632217	23.7462016199
4253.00000000	0.0117982507376	0.00519040868871	0.0128894942811	23.7461514903
4253.00000000	0.0117982352375	0.00519041087028	0.0128894809718	23.7461881118
4253.00000000	0.0117982396188	0.00519047820641	0.0128895120976	23.7464542475
5260.00000000	0.00635055172065	0.0144527772416	0.0157864586641	66.2793087200
5260.00000000	0.00635057119074	0.0144527365696	0.0157864292606	66.2791846418
5260.00000000	0.00635060526010	0.0144526752271	0.0157863868060	66.2789818722
5260.00000000	0.00635065674970	0.0144526294023	0.0157863655663	66.2787438746
5260.00000000	0.00635071888371	0.0144526370802	0.0157863975913	66.2785486259
5260.00000000	0.00635076261857	0.0144526622707	0.0157864382477	66.2784400847
5260.00000000	0.00635077040989	0.0144526452868	0.0157864258331	66.2783893977
5260.00000000	0.00635076299756	0.0144525863265	0.0157863688724	66.2783279394
5260.00000000	0.00635077507603	0.0144525251182	0.0157863176947	66.2781984341
5260.00000000	0.00635082580685	0.0144524877767	0.0157863039172	66.2779753424
5260.00000000	0.00635090865333	0.0144524688825	0.0157863199487	66.2776724723
5260.00000000	0.00635099362084	0.0144524451666	0.0157863324197	66.2773555146
5260.00000000	0.00635104644944	0.0144524010710	0.0157863133036	66.2771155897
5260.00000000	0.00635104801372	0.0144523374158	0.0157862556565	66.2770174436
5260.00000000	0.00635100246183	0.0144522681612	0.0157861739276	66.2770676780
5260.00000000	0.00635092766405	0.0144522123150	0.0157860927082	66.2772346710
5260.00000000	0.00635083918466	0.0144521625142	0.0157860115192	66.2774559550
5260.00000000	0.00635074699873	0.0144520982133	0.0157859155645	66.2776683849
5260.00000000	0.00635067021967	0.0144520329058	0.0157858248866	66.2778281519
5260.00000000	0.00635062677074	0.0144519923272	0.0157857702570	66.2779132763
5260.00000000	0.00635061859215	0.0144519936664	0.0157857681928	66.2779424085
5260.00000000	0.00635063616786	0.0144520427701	0.0157858202184	66.2779557063
5260.00000000	0.00635066815296	0.0144521261665	0.0157859094360	66.2779711965
5260.00000000	0.00635069563690	0.0144522023962	0.0157859902817	66.2779911785
5260.00000000	0.00635069513228	0.0144522071720	0.0157859944510	66.2779998288
5260.00000000	0.00635066603440	0.0144521195464	0.0157859025229	66.2779685697
5260.00000000	0.00635063075850	0.0144519861609	0.0157857662160	66.2778910215
5260.00000000	0.00635060703295	0.0144518704080	0.0157856506985	66.2778008379
5260.00000000	0.00635059959025	0.0144517990528	0.0157855823782	66.2777213762
5260.00000000	0.00635061686011	0.0144517655581	0.0157855586613	66.2776150798
5260.00000000	0.00635065505688	0.0144517383525	0.0157855491213	66.2774484276
5260.00000000	0.00635068721971	0.0144516867622	0.0157855148296	66.2772662181
5260.00000000	0.00635069189537	0.0144516215612	0.0157854570190	66.2771554712
5260.00000000	0.00635066553183	0.0144515617375	0.0157853916438	66.2771557181
5260.00000000	0.00635060935936	0.0144515066085	0.0157853185742	66.2772618753
5260.00000000	0.00635053554748	0.0144514609507	0.0157852470791	66.2774404798
5260.00000000	0.00635047015883	0.0144514318537	0.0157851941344	66.2776152785
5260.00000000	0.00635044013617	0.0144514121734	0.0157851640387	66.2776863063
5260.00000000	0.00635044386155	0.0144513922997	0.0157851473429	66.2776449061
5260.00000000	0.00635044826140	0.0144513709195	0.0157851295393	66.2775990645
5260.00000000	0.00635043859309	0.0144513792893	0.0157851333124	66.2776434149
5260.00000000	0.00635043016112	0.0144514573869	0.0157852014190	66.2777854768
5260.00000000	0.00635044191772	0.0144516014019	0.0157853379954	66.2779567047
5260.00000000	0.00635047120236	0.0144517581099	0.0157854932441	66.2780882189
5260.00000000	0.00635050667897	0.0144518851555	0.0157856238276	66.2781558424
5260.00000000	0.00635054621366	0.0144519877025	0.0157857336151	66.2781742081
5260.00000000	0.00635057868506	0.0144520886647	0.0157858391100	66.2782137300
5260.00000000	0.00635058000680	0.0144521955214	0.0157859374701	66.2783653649
5260.00000000	0.00635052716768	0.0144522880706	0.0157860009433	66.2786760772
5260.00000000	0.00635039851048	0.0144522949868	0.0157859555183	66.2791136897
5260.00000000	0.00635024216394	0.0144522073121	0.0157858123558	66.2795052041
5260.00000000	0.00635014721570	0.0144521131030	0.0157856879103	66.2796831595
5260.00000000	0.00635015717639	0.0144520960003	0.0157856762594	66.2796250889
5260.00000000	0.00635025497128	0.0144521718751	0.0157857850647	66.2794109047
5260.00000000	0.00635039374785	0.0144522992938	0.0157859575455	66.2791358041
5260.00000000	0.00635053538093	0.0144524098091	0.0157861157006	66.2788265370
5260.00000000	0.00635065914053	0.0144524645702	0.0157862156222	66.2784952597
5260.00000000	0.00635075153284	0.0144524711842	0.0157862588463	66.2781979136
5260.00000000	0.00635079806079	0.0144524601172	0.0157862674324	66.2780271506
5260.00000000	0.00635080135949	0.0144524682401	0.0157862761961	66.2780280501
5260.00000000	0.00635078595027	0.0144525045356	0.0157863032258	66.2781322480
5260.00000000	0.00635076645206	0.0144525390249	0.0157863269571	66.2782473953
5260.00000000	0.00635074716477	0.0144525582263	0.0157863367770	66.2783395193
5260.00000000	0.00635072900264	0.0144525749981	0.0157863448252	66.2784243571
5260.00000000	0.00635069945936	0.0144525814225	0.0157863388218	66.2785319038
5260.00000000	0.00635064720824	0.0144525468372	0.0157862861385	66.2786550268
5260.00000000	0.00635058492716	0.0144524653811	0.0157861865094	66.2787430428
5260.00000000	0.00635054193254	0.0144523652789	0.0157860775683	66.2787397483
5260.00000000	0.00635053575801	0.0144522913251	0.0157860073786	66.2786522845
5260.00000000	0.00635056010675	0.0144522786965	0.0157860056123	66.2785529373
5260.00000000	0.00635059745933	0.0144523201499	0.0157860585899	66.2784893465
5260.00000000	0.00635063560474	0.0144523944818	0.0157861419872	66.2784711283
5260.00000000	0.00635066417166	0.0144524692342	0.0157862219162	66.2784853521
5260.00000000	0.00635067470989	0.0144524991089	0.0157862535063	66.2784939557
5260.00000000	0.00635068096630	0.0144524893743	0.0157862471111	66.2784589532
5260.00000000	0.00635070024311	0.0144524899022	0.0157862553492	66.2783956704
5260.00000000	0.00635073610038	0.0144525436588	0.0157863189891	66.2783550139
5260.00000000	0.00635078391313	0.0144526499420	0.0157864355273	66.2783513264
5260.00000000	0.00635082849059	0.0144527626760	0.0157865566697	66.2783678076
5260.00000000	0.00635085424546	0.0144528344092	0.0157866327032	66.2783869669
5260.00000000	0.00635086006789	0.0144528681613	0.0157866659460	66.2784169011
5260.00000000	0.00635085268626	0.0144529114101	0.0157867025712	66.2785045745
5260.00000000	0.00635083964154	0.0144529954166	0.0157867742324	66.2786705726
5260.00000000	0.00635083625613	0.0144531150571	0.0157868824030	66.2788565010
5260.00000000	0.00635086147691	0.0144532438616	0.0157870104713	66.2789607569
5260.00000000	0.00635092419500	0.0144533683840	0.0157871497039	66.2789341690
5260.00000000	0.00635101649244	0.0144534846162	0.0157872932461	66.2787971971
5260.00000000	0.00635111960952	0.0144535857712	0.0157874273376	66.2786022661
5260.00000000	0.00635121097793	0.0144536576821	0.0157875299295	66.2784036777
5260.00000000	0.00635127287689	0.0144536822417	0.0157875773157	66.2782338725
5260.00000000	0.00635130307748	0.0144536537278	0.0157875633606	66.2780918995
5260.00000000	0.00635130860592	0.0144535707809	0.0157874896461	66.2779524272
5260.00000000	0.00635129725206	0.0144534437478	0.0157873687787	66.2778046786
5260.00000000	0.00635128211104	0.0144533116746	0.0157872417736	66.2776621521
5260.00000000	0.00635127479027	0.0144532058428	0.0157871419388	66.2775319541
5260.00000000	0.00635127181710	0.0144531311479	0.0157870723592	66.2774327720
5260.00000000	0.00635125902277	0.0144530806747	0.0157870210034	66.2774015870
5260.00000000	0.00635123265132	0.0144530472514	0.0157869797948	66.2774404086
5260.00000000	0.00635120464211	0.0144530290583	0.0157869518707	66.2775069097
5260.00000000	0.00635119134447	0.0144530345586	0.0157869515565	66.2775591241
5270.00000000	0.00244469178802	0.000113090047307	0.00244730613067	2.64858188316
5270.00000000	0.00244468349045	0.000113093343340	0.00244729799428	2.64866794378
5270.00000000	0.00244468746654	0.000113091137881	0.00244730186421	2.64861206343
5270.00000000	0.00244469150862	0.000113088450339	0.00244730577778	2.64854483750
5270.00000000	0.00244468136211	0.000113093113527	0.00244729585759	2.64866487183
5270.00000000	0.00244465370959	0.000113109811386	0.00244726900631	2.64908530413
5270.00000000	0.00244461854564	0.000113129975178	0.00244723481198	2.64959493429
5270.00000000	0.00244459102515	0.000113138368131	0.00244720770892	2.64982101191
5270.00000000	0.00244457801634	0.000113122596282	0.00244719398490	2.64946622376
5270.00000000	0.00244457361478	0.000113085937365	0.00244718789375	2.64861361315
5270.00000000	0.00244456877810	0.000113046698496	0.00244718124929	2.64770112908
5270.00000000	0.00244455934813	0.000113016430870	0.00244717043137	2.64700342655
5270.00000000	0.00244454942772	0.000112992964382	0.00244715943791	2.64646531445
5270.00000000	0.00244454632486	0.000112977449271	0.00244715562203	2.64610579763
5270.00000000	0.00244454708140	0.000112977817945	0.00244715639478	2.64611360250
5270.00000000	0.00244454143884	0.000112994970826	0.00244715155019	2.64652087819
5270.00000000	0.00244452994772	0.000113020464196	0.00244714124861	2.64712954975
5270.00000000	0.00244452724203	0.000113042154951	0.00244713954768	2.64763978722
5270.00000000	0.00244454689305	0.000113047886839	0.00244715944251	2.64775259235
5270.00000000	0.00244458128161	0.000113037686310	0.00244719332316	2.64747683019
5270.00000000	0.00244461321494	0.000113021009227	0.00244722445215	2.64705225970
5270.00000000	0.00244463645263	0.000113007669662	0.00244724704902	2.64671515654
5270.00000000	0.00244465382174	0.000112998574368	0.00244726397962	2.64648366503
5270.00000000	0.00244466388295	0.000112992142346	0.00244727373312	2.64632236226
5270.00000000	0.00244466884664	0.000112990904076	0.00244727863435	2.64628803727
5270.00000000	0.00244467495528	0.000112993729446	0.00244728486692	2.64634751121
5270.00000000	0.00244468281657	0.000112994696747	0.00244729276449	2.64636163574
5270.00000000	0.00244469020938	0.000112992616083	0.00244730005335	2.64630498425
5270.00000000	0.00244469313420	0.000112992298606	0.00244730296039	2.64629439792
5270.00000000	0.00244468592303	0.000112998071089	0.00244729602344	2.64643719321
5270.00000000	0.00244466496412	0.000113014860751	0.00244727586216	2.64685251112
5270.00000000	0.00244463366461	0.000113039193813	0.00244724571989	2.64745543795
5270.00000000	0.00244459962177	0.000113060838920	0.00244721271328	2.64799848205
5270.00000000	0.00244456839954	0.000113075030009	0.00244718218007	2.64836415498
5270.00000000	0.00244454296856	0.000113080505000	0.00244715702924	2.64851971725
5270.00000000	0.00244452547699	0.000113083282822	0.00244713968471	2.64860361019
5270.00000000	0.00244452350255	0.000113091503821	0.00244713809229	2.64879802221
5270.00000000	0.00244453894097	0.000113107955802	0.00244715427457	2.64916610004
5270.00000000	0.00244455771612	0.000113126857945	0.00244717390339	2.64958786606
5270.00000000	0.00244456136446	0.000113142286401	0.00244717826110	2.64994475759
5270.00000000	0.00244454563756	0.000113154626444	0.00244716312157	2.65025039186
5270.00000000	0.00244452502411	0.000113166495453	0.00244714307902	2.65055030405
5270.00000000	0.00244451832946	0.000113178393122	0.00244713694176	2.65083581939
5270.00000000	0.00244453426416	0.000113183507160	0.00244715309593	2.65093817262
5270.00000000	0.00244456551308	0.000113174128691	0.00244718387767	2.65068499138
5270.00000000	0.00244459669066	0.000113148509645	0.00244721383725	2.65005206544
5270.00000000	0.00244461317338	0.000113111397252	0.00244722858672	2.64916625773
5270.00000000	0.00244460962184	0.000113070733003	0.00244722315980	2.64821906394
5270.00000000	0.00244459504988	0.000113048762775	0.00244720758839	2.64772099382
5270.00000000	0.00244458502593	0.000113087712756	0.00244719937475	2.64864278968
5270.00000000	0.00244458640221	0.000113174418635	0.00244720475786	2.65066915455
5270.00000000	0.00244460129107	0.000113248286988	0.00244722304803	2.65238063123
5270.00000000	0.00244462702931	0.000113272750984	0.00244724989091	2.65292489067
5270.00000000	0.00244465387495	0.000113251735928	0.00244727573517	2.65240432099
5270.00000000	0.00244467198074	0.000113204540973	0.00244729163802	2.65128096426
5270.00000000	0.00244467951694	0.000113146769384	0.00244729649450	2.64992170987
5270.00000000	0.00244468458466	0.000113094116867	0.00244729912306	2.64868485031
5270.00000000	0.00244469966569	0.000113063269866	0.00244731276269	2.64794712463
5270.00000000	0.00244472506453	0.000113058067184	0.00244733789406	2.64779798124
5270.00000000	0.00244474984643	0.000113068473156	0.00244736313023	2.64801453580
5270.00000000	0.00244476613971	0.000113081626111	0.00244738001382	2.64830450901
5270.00000000	0.00244477238529	0.000113093342325	0.00244738679410	2.64857174846
5270.00000000	0.00244476981429	0.000113108668359	0.00244738493412	2.64893294465
5270.00000000	0.00244475683436	0.000113127895152	0.00244737285672	2.64939662866
5270.00000000	0.00244473443183	0.000113141639257	0.00244735111349	2.64974229607
5270.00000000	0.00244470918590	0.000113143081045	0.00244732596121	2.64980333879
5270.00000000	0.00244468721405	0.000113133576052	0.00244730357344	2.64960482913
5270.00000000	0.00244466979693	0.000113114042647	0.00244728527203	2.64916685277
5270.00000000	0.00244465352073	0.000113086456538	0.00244726773833	2.64853930580
5270.00000000	0.00244463845472	0.000113055537371	0.00244725125985	2.64783248968
5270.00000000	0.00244462975924	0.000113027214109	0.00244724126536	2.64717948713
5270.00000000	0.00244463081629	0.000113009585903	0.00244724150717	2.64676606605
5270.00000000	0.00244463608364	0.000113007871758	0.00244724668976	2.64672028196
5270.00000000	0.00244464269140	0.000113021225583	0.00244725390714	2.64702544805
5270.00000000	0.00244465638095	0.000113040647760	0.00244726847914	2.64746487582
5270.00000000	0.00244467852384	0.000113055608226	0.00244729128947	2.64779080964
5270.00000000	0.00244470164834	0.000113062791536	0.00244731472112	2.64793379366
5270.00000000	0.00244471685443	0.000113060088253	0.00244732978610	2.64785412652
5270.00000000	0.00244472217002	0.000113045100158	0.00244733440364	2.64749785826
5270.00000000	0.00244472331279	0.000113023441677	0.00244733454486	2.64699010609
5270.00000000	0.00244472551884	0.000113007098527	0.00244733599385	2.64660551168
5270.00000000	0.00244472689648	0.000113006028669	0.00244733732062	2.64657900217
5270.00000000	0.00244472516371	0.000113021119001	0.00244733628654	2.64693378561
5270.00000000	0.00244472542579	0.000113041646550	0.00244733749642	2.64741356969
5270.00000000	0.00244473245572	0.000113051411168	0.00244734496988	2.64763432721
5270.00000000	0.00244474745398	0.000113043640911	0.00244735959321	2.64743639003
5270.00000000	0.00244476337967	0.000113026193093	0.00244737469606	2.64701113164
5270.00000000	0.00244476935292	0.000113012585517	0.00244738003454	2.64668644548
5270.00000000	0.00244476386061	0.000113013837887	0.00244737460592	2.64672167108
5270.00000000	0.00244475242256	0.000113030427777	0.00244736394622	2.64712201173
5270.00000000	0.00244474254042	0.000113054973873	0.00244735520839	2.64770673964
5270.00000000	0.00244473974905	0.000113085097067	0.00244735381172	2.64841422928
5270.00000000	0.00244474520414	0.000113121925813	0.00244736096301	2.64926961420
5270.00000000	0.00244475932696	0.000113163202831	0.00244737697897	2.65021963923
5270.00000000	0.00244477889918	0.000113206822522	0.00244739854755	2.65121853616
5270.00000000	0.00244479484328	0.000113247191014	0.00244741634219	2.65214531441
5270.00000000	0.00244479496529	0.000113278446911	0.00244741791054	2.65287612107
5270.00000000	0.00244477249855	0.000113293800716	0.00244739617858	2.65325952675
5270.00000000	0.00244473364168	0.000113289820586	0.00244735717913	2.65320855763
5270.00000000	0.00244469467208	0.000113276146959	0.00244731761836	2.65293101141
5274.00000000	0.00531407268121	0.00424609525843	0.00680210948197	38.6258496604
5274.00000000	0.00531405324366	0.00424608169325	0.00680208582879	38.6258625976
5274.00000000	0.00531403867887	0.00424607059090	0.00680206751977	38.6258661205
5274.00000000	0.00531402952332	0.00424606220685	0.00680205513350	38.6258590891
5274.00000000	0.00531403108963	0.00424605787010	0.00680205365003	38.6258223148
5274.00000000	0.00531403314756	0.00424605201024	0.00680205159985	38.6257729325
5274.00000000	0.00531402932408	0.00424604370271	0.00680204342698	38.6257383680
5274.00000000	0.00531403143061	0.00424604326124	0.00680204479711	38.6257243865
5274.00000000	0.00531404432095	0.00424605494545	0.00680206216120	38.6257334974
5274.00000000	0.00531406770213	0.00424606843399	0.00680208884747	38.6256993203
5274.00000000	0.00531409895381	0.00424607587057	0.00680211790470	38.6255839350
5274.00000000	0.00531412383752	0.00424608255930	0.00680214152021	38.6254971120
5274.00000000	0.00531413868295	0.00424609493532	0.00680216084354	38.6255004960
5274.00000000	0.00531414899490	0.00424610722925	0.00680217657389	38.6255271767
5274.00000000	0.00531415656025	0.00424611731338	0.00680218877905	38.6255537571
5274.00000000	0.00531415865572	0.00424613179350	0.00680219945503	38.6256380257
5274.00000000	0.00531414902272	0.00424614962246	0.00680220305871	38.6258059989
5274.00000000	0.00531412745594	0.00424616718818	0.00680219717503	38.6260349875
5274.00000000	0.00531410535971	0.00424618482432	0.00680219092178	38.6262672238
5274.00000000	0.00531409016068	0.00424620126872	0.00680218931303	38.6264553524
5274.00000000	0.00531408030849	0.00424621453899	0.00680218990004	38.6265944798
5274.00000000	0.00531408005738	0.00424622623424	0.00680219700454	38.6266727597
5274.00000000	0.00531409473114	0.00424623837050	0.00680221604410	38.6266754653
5274.00000000	0.00531411044125	0.00424624589917	0.00680223301703	38.6266424021
5274.00000000	0.00531410806265	0.00424624174636	0.00680222856643	38.6266275819
5274.00000000	0.00531409075802	0.00424622529785	0.00680220477967	38.6266103331
5274.00000000	0.00531407906475	0.00424620429614	0.00680218253437	38.6265336173
5274.00000000	0.00531408322454	0.00424619071583	0.00680217730675	38.6264223805
5274.00000000	0.00531409322049	0.00424619049394	0.00680218497741	38.6263683610
5274.00000000	0.00531409671515	0.00424619748952	0.00680219207447	38.6263960198
5274.00000000	0.00531408945594	0.00424620082270	0.00680218848404	38.6264561230
5274.00000000	0.00531407324985	0.00424620063409	0.00680217570559	38.6265400946
5274.00000000	0.00531405189046	0.00424620104956	0.00680215927833	38.6266551384
5274.00000000	0.00531401581305	0.00424619536650	0.00680212754599	38.6268074410
5274.00000000	0.00531395684132	0.00424617321715	0.00680206764899	38.6269717719
5274.00000000	0.00531389013601	0.00424613349762	0.00680199074222	38.6270611496
5274.00000000	0.00531383917992	0.00424608460660	0.00680192041386	38.6270073602
5274.00000000	0.00531381353147	0.00424603707443	0.00680187070479	38.6268294350
5274.00000000	0.00531380622929	0.00424599590941	0.00680183930310	38.6265969367
5274.00000000	0.00531380793805	0.00424596710262	0.00680182265566	38.6263983805
5274.00000000	0.00531382311065	0.00424595544124	0.00680182722952	38.6262418570
5274.00000000	0.00531386104318	0.00424595980714	0.00680185958912	38.6260711276
5274.00000000	0.00531391946456	0.00424597948079	0.00680191751105	38.6258934015
5274.00000000	0.00531397994691	0.00424601019850	0.00680198393720	38.6257775191
5274.00000000	0.00531401592280	0.00424604072054	0.00680203109580	38.6257892087
5274.00000000	0.00531402127203	0.00424606710897	0.00680205174734	38.6259347342
5274.00000000	0.00531401029949	0.00424609071694	0.00680205791210	38.6261477836
5274.00000000	0.00531399172049	0.00424610733905	0.00680205377369	38.6263548577
5274.00000000	0.00531398115752	0.00424611001282	0.00680204719062	38.6264279945
5274.00000000	0.00531402533906	0.00424608592900	0.00680206667276	38.6260371964
5274.00000000	0.00531411953737	0.00424603828240	0.00680211052197	38.6252283540
5274.00000000	0.00531421281127	0.00424599636782	0.00680215722834	38.6244621029
5274.00000000	0.00531427567617	0.00424598609919	0.00680219993214	38.6240639965
5274.00000000	0.00531430451747	0.00424600486761	0.00680223418004	38.6240358635
5274.00000000	0.00531430306815	0.00424603209530	0.00680225004351	38.6242226580
5274.00000000	0.00531427568261	0.00424605236286	0.00680224129967	38.6245000171
5274.00000000	0.00531422974752	0.00424605930827	0.00680220974822	38.6247872405
5274.00000000	0.00531418549979	0.00424605844660	0.00680217464184	38.6250142196
5274.00000000	0.00531416089632	0.00424606476746	0.00680215936607	38.6251851777
5274.00000000	0.00531416314356	0.00424608577271	0.00680217423369	38.6253115881
5274.00000000	0.00531419238138	0.00424611764019	0.00680221696807	38.6253675625
5274.00000000	0.00531423862038	0.00424614941615	0.00680227292739	38.6253335436
5274.00000000	0.00531428368017	0.00424617331753	0.00680232304994	38.6252539076
5274.00000000	0.00531430865256	0.00424618379975	0.00680234910277	38.6251915847
5274.00000000	0.00531430274242	0.00424617901410	0.00680234149818	38.6251911675
5274.00000000	0.00531426728262	0.00424616488230	0.00680230497396	38.6252846158
5274.00000000	0.00531422126009	0.00424615245184	0.00680226125972	38.6254447982
5274.00000000	0.00531419396314	0.00424615513232	0.00680224160741	38.6256059618
5274.00000000	0.00531421098077	0.00424618279281	0.00680227216878	38.6256985026
5274.00000000	0.00531427383209	0.00424623005085	0.00680235077067	38.6256790137
5274.00000000	0.00531435086347	0.00424628215501	0.00680244347570	38.6256168585
5274.00000000	0.00531441316342	0.00424632247072	0.00680251731323	38.6255545881
5274.00000000	0.00531445476268	0.00424633441349	0.00680255726737	38.6254144580
5274.00000000	0.00531447728875	0.00424631813006	0.00680256470123	38.6251888761
5274.00000000	0.00531447788065	0.00424629148162	0.00680254852910	38.6250104121
5274.00000000	0.00531445892277	0.00424626866984	0.00680251947871	38.6249599789
5274.00000000	0.00531443490122	0.00424625391496	0.00680249150162	38.6249891848
5274.00000000	0.00531441763139	0.00424624607518	0.00680247311585	38.6250283960
5274.00000000	0.00531440787188	0.00424624222524	0.00680246308804	38.6250543747
5274.00000000	0.00531439651536	0.00424623885595	0.00680245211260	38.6250919129
5274.00000000	0.00531437179585	0.00424623507127	0.00680243043809	38.6251969768
5274.00000000	0.00531433239488	0.00424623374955	0.00680239883122	38.6253954401
5274.00000000	0.00531429271154	0.00424623729644	0.00680237004297	38.6256274270
5274.00000000	0.00531427401931	0.00424624266565	0.00680235879147	38.6257610390
5274.00000000	0.00531428261257	0.00424624164719	0.00680236486911	38.6257091551
5274.00000000	0.00531430547919	0.00424623116392	0.00680237618951	38.6255199430
5274.00000000	0.00531432512665	0.00424621560156	0.00680238182453	38.6253142350
5274.00000000	0.00531433495965	0.00424620138558	0.00680238063256	38.6251689892
5274.00000000	0.00531433892076	0.00424619810213	0.00680238167757	38.6251265563
5274.00000000	0.00531434474026	0.00424621022085	0.00680239378881	38.6251757042
5274.00000000	0.00531435815616	0.00424622547757	0.00680241379352	38.6252055611
5274.00000000	0.00531437503004	0.00424622307913	0.00680242547902	38.6251010602
5274.00000000	0.00531439154604	0.00424619598131	0.00680242146712	38.6248359110
5274.00000000	0.00531441074334	0.00424616416703	0.00680241660605	38.6245256280
5274.00000000	0.00531442830197	0.00424614821830	0.00680242036841	38.6243283620
5274.00000000	0.00531443312727	0.00424614253021	0.00680242058763	38.6242655624
5274.00000000	0.00531441862486	0.00424613113897	0.00680240214700	38.6242668518
5274.00000000	0.00531438506994	0.00424610703210	0.00680236088425	38.6242846384
5274.00000000	0.00531433870066	0.00424607720463	0.00680230603935	38.6243321552
5274.00000000	0.00531429439894	0.00424605425619	0.00680225710372	38.6244140698
