DevNumber	X [V]	Y [V]	R [V]	Theta [°]
4253.00000000	-0.145896911451	-0.120673188327	0.189335488359	-140.405417336
4253.00000000	-0.145896344564	-0.120672690011	0.189334733928	-140.405424200
4253.00000000	-0.145895562879	-0.120672123241	0.189333770351	-140.405405598
4253.00000000	-0.145894856903	-0.120671674450	0.189332940307	-140.405374087
4253.00000000	-0.145894394325	-0.120671394263	0.189332405279	-140.405350204
4253.00000000	-0.145894395391	-0.120671282560	0.189332334907	-140.405376458
4253.00000000	-0.145894844719	-0.120671281934	0.189332680747	-140.405463268
4253.00000000	-0.145895479607	-0.120671296141	0.189333179031	-140.405582408
4253.00000000	-0.145896073947	-0.120671263530	0.189333616231	-140.405704645
4253.00000000	-0.145896474946	-0.120671174941	0.189333868770	-140.405802645
4253.00000000	-0.145896463702	-0.120670971823	0.189333730649	-140.405847842
4253.00000000	-0.145895941039	-0.120670624107	0.189333106281	-140.405828118
4253.00000000	-0.145895179548	-0.120670290958	0.189332307162	-140.405758935
4253.00000000	-0.145894734473	-0.120670257361	0.189331942784	-140.405680926
4253.00000000	-0.145894951053	-0.120670651407	0.189332360820	-140.405630810
4253.00000000	-0.145895653312	-0.120671339683	0.189333340635	-140.405605758
4253.00000000	-0.145896380466	-0.120672054687	0.189334356669	-140.405579275
4253.00000000	-0.145896843567	-0.120672580467	0.189335048629	-140.405545988
4253.00000000	-0.145896968726	-0.120672833210	0.189335306159	-140.405511191
4253.00000000	-0.145896651142	-0.120672794576	0.189335036814	-140.405458947
4253.00000000	-0.145895917800	-0.120672575239	0.189334331925	-140.405368652
4253.00000000	-0.145894989334	-0.120672320983	0.189333454425	-140.405248865
4253.00000000	-0.145894218771	-0.120672053845	0.189332690389	-140.405162536
4253.00000000	-0.145894091594	-0.120671861689	0.189332469919	-140.405182815
4253.00000000	-0.145894736610	-0.120671796703	0.189332925530	-140.405322377
4253.00000000	-0.145895675585	-0.120671713460	0.189333596025	-140.405522893
4253.00000000	-0.145896256097	-0.120671454516	0.189333878316	-140.405695241
4253.00000000	-0.145896177816	-0.120671051973	0.189333561435	-140.405774012
4253.00000000	-0.145895627362	-0.120670641964	0.189332875950	-140.405763455
4253.00000000	-0.145895011201	-0.120670358295	0.189332220355	-140.405710763
4253.00000000	-0.145894638166	-0.120670352578	0.189331929259	-140.405640147
4253.00000000	-0.145894573453	-0.120670666929	0.189332079744	-140.405554361
4253.00000000	-0.145894587948	-0.120671092399	0.189332362087	-140.405457941
4253.00000000	-0.145894474190	-0.120671444738	0.189332498991	-140.405353837
4253.00000000	-0.145894328427	-0.120671742158	0.189332576232	-140.405256368
4253.00000000	-0.145894311203	-0.120672080774	0.189332778778	-140.405174084
4253.00000000	-0.145894489865	-0.120672474211	0.189333167208	-140.405116798
4253.00000000	-0.145894841158	-0.120672863822	0.189333686225	-140.405093701
4253.00000000	-0.145895031816	-0.120673085483	0.189333974417	-140.405078786
4253.00000000	-0.145894761031	-0.120673003961	0.189333713800	-140.405045568
4253.00000000	-0.145894404049	-0.120672763066	0.189333285185	-140.405032889
4253.00000000	-0.145894435839	-0.120672571366	0.189333187500	-140.405083723
4253.00000000	-0.145894821739	-0.120672516647	0.189333449987	-140.405170913
4253.00000000	-0.145895185359	-0.120672478927	0.189333706142	-140.405249842
4253.00000000	-0.145895136049	-0.120672259363	0.189333528205	-140.405291531
4253.00000000	-0.145894660092	-0.120671833388	0.189332889949	-140.405299064
4253.00000000	-0.145894086922	-0.120671436938	0.189332195602	-140.405280962
4253.00000000	-0.145893501908	-0.120671283913	0.189331647275	-140.405203810
4253.00000000	-0.145892662029	-0.120671274175	0.189330993883	-140.405044088
4253.00000000	-0.145891710119	-0.120671259195	0.189330250824	-140.404863977
4253.00000000	-0.145891041941	-0.120671228370	0.189329716302	-140.404742287
4253.00000000	-0.145890802590	-0.120671230654	0.189329533322	-140.404695588
4253.00000000	-0.145890825690	-0.120671262535	0.189329571442	-140.404692609
4253.00000000	-0.145890995823	-0.120671332770	0.189329747306	-140.404709047
4253.00000000	-0.145891352847	-0.120671425980	0.189330081824	-140.404756174
4253.00000000	-0.145891864131	-0.120671504307	0.189330525725	-140.404836525
4253.00000000	-0.145892379212	-0.120671593721	0.189330979618	-140.404915023
4253.00000000	-0.145892771243	-0.120671760481	0.189331387991	-140.404951750
4253.00000000	-0.145892922960	-0.120671948328	0.189331624625	-140.404937209
4253.00000000	-0.145892638047	-0.120672001108	0.189331438720	-140.404869948
4253.00000000	-0.145891785351	-0.120671819059	0.189330665630	-140.404747933
4253.00000000	-0.145890567080	-0.120671452450	0.189329493211	-140.404598442
4253.00000000	-0.145889595533	-0.120671138454	0.189328544442	-140.404484269
4253.00000000	-0.145889410904	-0.120671115071	0.189328387270	-140.404454110
4253.00000000	-0.145890106640	-0.120671486495	0.189329160111	-140.404501692
4253.00000000	-0.145891264957	-0.120672102237	0.189330445119	-140.404581524
4253.00000000	-0.145892283629	-0.120672627412	0.189331564798	-140.404655540
4253.00000000	-0.145892804602	-0.120672789412	0.189332069495	-140.404718248
4253.00000000	-0.145892772855	-0.120672494691	0.189331857189	-140.404780851
4253.00000000	-0.145892281864	-0.120671855697	0.189331071578	-140.404835156
4253.00000000	-0.145891552906	-0.120671146694	0.189330057978	-140.404859889
4253.00000000	-0.145890800299	-0.120670610998	0.189329136613	-140.404839646
4253.00000000	-0.145890219897	-0.120670377043	0.189328540261	-140.404782254
4253.00000000	-0.145889912992	-0.120670459945	0.189328356609	-140.404703725
4253.00000000	-0.145889620519	-0.120670631632	0.189328240665	-140.404607276
4253.00000000	-0.145888973272	-0.120670634273	0.189327743604	-140.404481817
4253.00000000	-0.145887979687	-0.120670424381	0.189326844207	-140.404339115
4253.00000000	-0.145887229435	-0.120670268889	0.189326166987	-140.404230662
4253.00000000	-0.145887188274	-0.120670410826	0.189326225736	-140.404189624
4253.00000000	-0.145887704952	-0.120670817836	0.189326883282	-140.404194371
4253.00000000	-0.145888350274	-0.120671279065	0.189327674514	-140.404211289
4253.00000000	-0.145888782554	-0.120671523544	0.189328163434	-140.404237659
4253.00000000	-0.145888959724	-0.120671461974	0.189328260712	-140.404286189
4253.00000000	-0.145889064352	-0.120671243724	0.189328202230	-140.404357265
4253.00000000	-0.145889319896	-0.120671059655	0.189328281822	-140.404449479
4253.00000000	-0.145889655944	-0.120670909315	0.189328444948	-140.404549355
4253.00000000	-0.145889725574	-0.120670683721	0.189328354817	-140.404615392
4253.00000000	-0.145889367521	-0.120670384028	0.189327887902	-140.404616217
4253.00000000	-0.145888750781	-0.120670133036	0.189327252690	-140.404555787
4253.00000000	-0.145888208704	-0.120670076979	0.189326799258	-140.404464301
4253.00000000	-0.145887981432	-0.120670244271	0.189326730756	-140.404381452
4253.00000000	-0.145888064040	-0.120670516138	0.189326967689	-140.404333988
4253.00000000	-0.145888339072	-0.120670759892	0.189327334978	-140.404330196
4253.00000000	-0.145888754984	-0.120670956091	0.189327780515	-140.404364667
4253.00000000	-0.145889379609	-0.120671174379	0.189328400957	-140.404434244
4253.00000000	-0.145890122850	-0.120671371849	0.189329099531	-140.404531553
4253.00000000	-0.145890640455	-0.120671459868	0.189329554479	-140.404610865
4253.00000000	-0.145890754772	-0.120671453524	0.189329638524	-140.404634394
4253.00000000	-0.145890523524	-0.120671389533	0.189329419547	-140.404604712
4253.00000000	-0.145889930266	-0.120671213813	0.189328850406	-140.404531260
5260.00000000	-0.137737558150	-0.0742790165551	0.156489639356	-151.662932975
5260.00000000	-0.137736654303	-0.0742786677374	0.156488678246	-151.662888307
5260.00000000	-0.137735860173	-0.0742783552954	0.156487830974	-151.662850984
5260.00000000	-0.137735391944	-0.0742781355078	0.156487314529	-151.662840439
5260.00000000	-0.137735301681	-0.0742780431588	0.156487191248	-151.662854513
5260.00000000	-0.137735578591	-0.0742780616091	0.156487443733	-151.662896691
5260.00000000	-0.137736124540	-0.0742781172298	0.156487950662	-151.662973647
5260.00000000	-0.137736823834	-0.0742781182202	0.156488566631	-151.663094857
5260.00000000	-0.137737533103	-0.0742780525072	0.156489159719	-151.663239295
5260.00000000	-0.137738108650	-0.0742779771653	0.156489630539	-151.663363596
5260.00000000	-0.137738366273	-0.0742778841972	0.156489813165	-151.663438327
5260.00000000	-0.137738210931	-0.0742777376523	0.156489606879	-151.663458557
5260.00000000	-0.137737817954	-0.0742776058094	0.156489198412	-151.663432751
5260.00000000	-0.137737510497	-0.0742776059610	0.156488927868	-151.663379271
5260.00000000	-0.137737431048	-0.0742777156366	0.156488909996	-151.663330119
5260.00000000	-0.137737553137	-0.0742778173001	0.156489065711	-151.663318575
5260.00000000	-0.137737821578	-0.0742778566746	0.156489320674	-151.663352537
5260.00000000	-0.137738145029	-0.0742778659244	0.156489609759	-151.663405767
5260.00000000	-0.137738286180	-0.0742778670375	0.156489734524	-151.663429938
5260.00000000	-0.137738069314	-0.0742778761851	0.156489547986	-151.663389302
5260.00000000	-0.137737611759	-0.0742779494355	0.156489180027	-151.663286180
5260.00000000	-0.137737167436	-0.0742781055220	0.156488863032	-151.663158663
5260.00000000	-0.137736982006	-0.0742782787315	0.156488782037	-151.663070619
5260.00000000	-0.137737267534	-0.0742784357864	0.156489107898	-151.663069627
5260.00000000	-0.137737948782	-0.0742785633708	0.156489768071	-151.663146904
5260.00000000	-0.137738641211	-0.0742786324645	0.156490410324	-151.663244972
5260.00000000	-0.137739008388	-0.0742786687439	0.156490750724	-151.663297090
5260.00000000	-0.137738962731	-0.0742787084601	0.156490729389	-151.663276357
5260.00000000	-0.137738657038	-0.0742787479768	0.156490479083	-151.663210497
5260.00000000	-0.137738328747	-0.0742787711931	0.156490201150	-151.663145964
5260.00000000	-0.137738086527	-0.0742787612616	0.156489983241	-151.663107070
5260.00000000	-0.137737810235	-0.0742786908230	0.156489706622	-151.663081754
5260.00000000	-0.137737296246	-0.0742785144118	0.156489170489	-151.663049279
5260.00000000	-0.137736488040	-0.0742782380772	0.156488327965	-151.662997875
5260.00000000	-0.137735541848	-0.0742779538895	0.156487360263	-151.662925020
5260.00000000	-0.137734694329	-0.0742777516640	0.156486518314	-151.662842899
5260.00000000	-0.137734242852	-0.0742776724592	0.156486083343	-151.662789961
5260.00000000	-0.137734363394	-0.0742777252350	0.156486214491	-151.662793903
5260.00000000	-0.137734844826	-0.0742778905375	0.156486716695	-151.662824300
5260.00000000	-0.137735160977	-0.0742780511894	0.156487071216	-151.662827472
5260.00000000	-0.137735126812	-0.0742780623818	0.156487046458	-151.662817928
5260.00000000	-0.137735006639	-0.0742779269923	0.156486876421	-151.662840674
5260.00000000	-0.137735009069	-0.0742777627173	0.156486800586	-151.662894036
5260.00000000	-0.137735107941	-0.0742776604373	0.156486839062	-151.662944180
5260.00000000	-0.137735090169	-0.0742776096954	0.156486799335	-151.662957444
5260.00000000	-0.137734864994	-0.0742775660684	0.156486580434	-151.662932370
5260.00000000	-0.137734545081	-0.0742775242448	0.156486279004	-151.662890250
5260.00000000	-0.137734138721	-0.0742774801221	0.156485900395	-151.662833848
5260.00000000	-0.137733520554	-0.0742774135292	0.156485324695	-151.662747876
5260.00000000	-0.137732869408	-0.0742773454498	0.156484719262	-151.662656650
5260.00000000	-0.137732544129	-0.0742773716712	0.156484445408	-151.662591668
5260.00000000	-0.137732580624	-0.0742775016089	0.156484539206	-151.662556136
5260.00000000	-0.137732681087	-0.0742775983363	0.156484673543	-151.662542424
5260.00000000	-0.137732654563	-0.0742775551683	0.156484629707	-151.662551726
5260.00000000	-0.137732618126	-0.0742774244047	0.156484535569	-151.662587534
5260.00000000	-0.137732687693	-0.0742772991507	0.156484537346	-151.662639990
5260.00000000	-0.137732777347	-0.0742771969990	0.156484567769	-151.662688492
5260.00000000	-0.137732756967	-0.0742771237491	0.156484515062	-151.662708556
5260.00000000	-0.137732604815	-0.0742771162830	0.156484377599	-151.662684519
5260.00000000	-0.137732213083	-0.0742771412104	0.156484044640	-151.662608404
5260.00000000	-0.137731526510	-0.0742771463081	0.156483442761	-151.662487438
5260.00000000	-0.137730791011	-0.0742771503164	0.156482797302	-151.662358319
5260.00000000	-0.137730385756	-0.0742771861729	0.156482457631	-151.662276330
5260.00000000	-0.137730417793	-0.0742772620371	0.156482521839	-151.662257450
5260.00000000	-0.137730792296	-0.0742774098296	0.156482921616	-151.662274908
5260.00000000	-0.137731333725	-0.0742776279160	0.156483501682	-151.662298725
5260.00000000	-0.137731821175	-0.0742778333229	0.156484028218	-151.662317247
5260.00000000	-0.137732156196	-0.0742779371963	0.156484372397	-151.662341997
5260.00000000	-0.137732289378	-0.0742779030334	0.156484473404	-151.662376153
5260.00000000	-0.137732202675	-0.0742778136417	0.156484354659	-151.662389892
5260.00000000	-0.137731937599	-0.0742777443877	0.156484088476	-151.662366141
5260.00000000	-0.137731541539	-0.0742776736672	0.156483706308	-151.662320098
5260.00000000	-0.137731133533	-0.0742776067710	0.156483315443	-151.662270747
5260.00000000	-0.137730804305	-0.0742775617113	0.156483004279	-151.662228049
5260.00000000	-0.137730370261	-0.0742774609154	0.156482574404	-151.662185096
5260.00000000	-0.137729610226	-0.0742772185399	0.156481790401	-151.662131113
5260.00000000	-0.137728664005	-0.0742768800178	0.156480796885	-151.662075755
5260.00000000	-0.137728066091	-0.0742766284096	0.156480151192	-151.662052923
5260.00000000	-0.137728165243	-0.0742765960530	0.156480223103	-151.662080584
5260.00000000	-0.137728723431	-0.0742767344127	0.156480780075	-151.662133008
5260.00000000	-0.137729321641	-0.0742768946097	0.156481382639	-151.662185350
5260.00000000	-0.137729689560	-0.0742769335885	0.156481724970	-151.662236733
5260.00000000	-0.137729858496	-0.0742768664992	0.156481841817	-151.662287715
5260.00000000	-0.137730093586	-0.0742768791713	0.156482054750	-151.662324489
5260.00000000	-0.137730514677	-0.0742770512094	0.156482507040	-151.662342232
5260.00000000	-0.137730894947	-0.0742772296003	0.156482926417	-151.662350832
5260.00000000	-0.137730867551	-0.0742772310391	0.156482902987	-151.662345607
5260.00000000	-0.137730351107	-0.0742770528786	0.156482363864	-151.662313265
5260.00000000	-0.137729623841	-0.0742768691170	0.156481636524	-151.662246088
5260.00000000	-0.137729077592	-0.0742768113325	0.156481128307	-151.662169772
5260.00000000	-0.137728952212	-0.0742768534101	0.156481037924	-151.662134421
5260.00000000	-0.137729295228	-0.0742769455953	0.156481383592	-151.662164328
5260.00000000	-0.137729983241	-0.0742770540441	0.156482040634	-151.662248955
5260.00000000	-0.137730748412	-0.0742771552182	0.156482762135	-151.662349335
5260.00000000	-0.137731404165	-0.0742772599866	0.156483389036	-151.662429540
5260.00000000	-0.137731821393	-0.0742773266848	0.156483787926	-151.662480558
5260.00000000	-0.137731858002	-0.0742772711482	0.156483793786	-151.662504818
5260.00000000	-0.137731549553	-0.0742771112840	0.156483446418	-151.662502730
5260.00000000	-0.137731110290	-0.0742769613533	0.156482988627	-151.662474706
5260.00000000	-0.137730591015	-0.0742768577554	0.156482482404	-151.662417844
5270.00000000	-0.0179258510309	-0.00253220910012	0.0181038177772	-171.959586380
5270.00000000	-0.0179257985269	-0.00253221181515	0.0181037661690	-171.959554630
5270.00000000	-0.0179257116675	-0.00253222339466	0.0181036817832	-171.959479892
5270.00000000	-0.0179256015389	-0.00253223223128	0.0181035739732	-171.959403448
5270.00000000	-0.0179254876938	-0.00253223315308	0.0181034613763	-171.959350161
5270.00000000	-0.0179254215615	-0.00253223222172	0.0181033957638	-171.959323803
5270.00000000	-0.0179254311005	-0.00253223174469	0.0181034051424	-171.959329521
5270.00000000	-0.0179255145482	-0.00253222861122	0.0181034873314	-171.959376283
5270.00000000	-0.0179256565239	-0.00253222517152	0.0181036274302	-171.959449913
5270.00000000	-0.0179258185157	-0.00253222170842	0.0181037873452	-171.959532476
5270.00000000	-0.0179259457541	-0.00253221804367	0.0181039128202	-171.959600285
5270.00000000	-0.0179260085220	-0.00253221236157	0.0181039741763	-171.959645876
5270.00000000	-0.0179260232374	-0.00253219765241	0.0181039866896	-171.959698484
5270.00000000	-0.0179260289712	-0.00253217377447	0.0181039890273	-171.959775849
5270.00000000	-0.0179260484123	-0.00253214776264	0.0181040046391	-171.959865968
5270.00000000	-0.0179260841637	-0.00253212620124	0.0181040370234	-171.959949360
5270.00000000	-0.0179261291051	-0.00253210775031	0.0181040789424	-171.960027073
5270.00000000	-0.0179261619236	-0.00253208973137	0.0181041089181	-171.960098066
5270.00000000	-0.0179261602299	-0.00253207752977	0.0181041055345	-171.960135552
5270.00000000	-0.0179261188473	-0.00253207665301	0.0181040644360	-171.960119982
5270.00000000	-0.0179260378550	-0.00253208670482	0.0181039856457	-171.960052632
5270.00000000	-0.0179259261052	-0.00253210202528	0.0181038771371	-171.959955157
5270.00000000	-0.0179258156262	-0.00253211211040	0.0181037691546	-171.959874649
5270.00000000	-0.0179257517356	-0.00253211987993	0.0181037069787	-171.959822019
5270.00000000	-0.0179257548112	-0.00253213791190	0.0181037125462	-171.959766873
5270.00000000	-0.0179257962734	-0.00253217110431	0.0181037582434	-171.959681210
5270.00000000	-0.0179258399731	-0.00253221500475	0.0181038076540	-171.959562982
5270.00000000	-0.0179258686149	-0.00253225659200	0.0181038418311	-171.959445338
5270.00000000	-0.0179258805533	-0.00253227924237	0.0181038568204	-171.959379643
5270.00000000	-0.0179258737393	-0.00253227618105	0.0181038496452	-171.959386219
5270.00000000	-0.0179258514905	-0.00253226133944	0.0181038255391	-171.959422880
5270.00000000	-0.0179258214922	-0.00253224889755	0.0181037940955	-171.959448590
5270.00000000	-0.0179257749188	-0.00253223412826	0.0181037459141	-171.959474256
5270.00000000	-0.0179257214549	-0.00253220810142	0.0181036893352	-171.959532150
5270.00000000	-0.0179257028006	-0.00253216923196	0.0181036654276	-171.959645700
5270.00000000	-0.0179257464005	-0.00253212621485	0.0181037025822	-171.959799805
5270.00000000	-0.0179258376791	-0.00253209303898	0.0181037883233	-171.959944175
5270.00000000	-0.0179259318498	-0.00253207903395	0.0181038796095	-171.960029748
5270.00000000	-0.0179259760715	-0.00253208991442	0.0181039249183	-171.960015226
5270.00000000	-0.0179259469565	-0.00253213193196	0.0181039019664	-171.959870667
5270.00000000	-0.0179258979974	-0.00253219634484	0.0181038624979	-171.959647143
5270.00000000	-0.0179259015009	-0.00253226366513	0.0181038753832	-171.959437730
5270.00000000	-0.0179259755805	-0.00253231584820	0.0181039560337	-171.959306997
5270.00000000	-0.0179260827339	-0.00253233782188	0.0181040652072	-171.959285573
5270.00000000	-0.0179261527442	-0.00253232697701	0.0181041330123	-171.959350550
5270.00000000	-0.0179261567885	-0.00253230066600	0.0181041333366	-171.959434790
5270.00000000	-0.0179261151461	-0.00253228254142	0.0181040895684	-171.959473153
5270.00000000	-0.0179260356389	-0.00253228253350	0.0181040108417	-171.959437982
5270.00000000	-0.0179259226457	-0.00253230003746	0.0181039014077	-171.959333110
5270.00000000	-0.0179258323937	-0.00253232650749	0.0181038157455	-171.959210207
5270.00000000	-0.0179258191453	-0.00253234554144	0.0181038052898	-171.959144695
5270.00000000	-0.0179258640069	-0.00253234752899	0.0181038499884	-171.959158326
5270.00000000	-0.0179259076638	-0.00253233615289	0.0181038916248	-171.959213302
5270.00000000	-0.0179259346620	-0.00253231385860	0.0181039152391	-171.959295118
5270.00000000	-0.0179259694403	-0.00253228256447	0.0181039452982	-171.959408581
5270.00000000	-0.0179260162614	-0.00253225285381	0.0181039875033	-171.959522412
5270.00000000	-0.0179260492240	-0.00253223845264	0.0181040181275	-171.959582132
5270.00000000	-0.0179260502376	-0.00253224997648	0.0181040207430	-171.959546468
5270.00000000	-0.0179260246203	-0.00253228515544	0.0181040002982	-171.959424888
5270.00000000	-0.0179259687304	-0.00253232915777	0.0181039511126	-171.959262256
5270.00000000	-0.0179258762794	-0.00253237737390	0.0181038663149	-171.959070233
5270.00000000	-0.0179257564131	-0.00253243014410	0.0181037550087	-171.958851800
5270.00000000	-0.0179256462890	-0.00253247760859	0.0181036526070	-171.958654304
5270.00000000	-0.0179255859054	-0.00253250380494	0.0181035964818	-171.958545478
5270.00000000	-0.0179255829277	-0.00253249693047	0.0181035925717	-171.958565702
5270.00000000	-0.0179256126452	-0.00253245871394	0.0181036166509	-171.958698621
5270.00000000	-0.0179256507674	-0.00253239761219	0.0181036458511	-171.958906976
5270.00000000	-0.0179256944086	-0.00253232948183	0.0181036795330	-171.959139801
5270.00000000	-0.0179257470432	-0.00253228149738	0.0181037249382	-171.959313473
5270.00000000	-0.0179257957572	-0.00253227917973	0.0181037728491	-171.959342301
5270.00000000	-0.0179258288483	-0.00253231573084	0.0181038107275	-171.959242408
5270.00000000	-0.0179258441899	-0.00253236093908	0.0181038322420	-171.959107530
5270.00000000	-0.0179258377696	-0.00253238941197	0.0181038298677	-171.959015461
5270.00000000	-0.0179257993200	-0.00253239679456	0.0181037928287	-171.958975304
5270.00000000	-0.0179257074745	-0.00253239161694	0.0181037011620	-171.958950869
5270.00000000	-0.0179255539191	-0.00253238300643	0.0181035479119	-171.958909871
5270.00000000	-0.0179253738086	-0.00253237469260	0.0181033684093	-171.958856187
5270.00000000	-0.0179252363805	-0.00253236456401	0.0181032309156	-171.958827085
5270.00000000	-0.0179251772252	-0.00253234670050	0.0181031698430	-171.958856877
5270.00000000	-0.0179251848173	-0.00253232185418	0.0181031738849	-171.958938102
5270.00000000	-0.0179252447615	-0.00253229865264	0.0181032299942	-171.959037351
5270.00000000	-0.0179253456523	-0.00253228507673	0.0181033279941	-171.959124561
5270.00000000	-0.0179254712017	-0.00253228581442	0.0181034524124	-171.959177830
5270.00000000	-0.0179255923978	-0.00253230320893	0.0181035748501	-171.959176973
5270.00000000	-0.0179256781640	-0.00253233269020	0.0181036638969	-171.959122555
5270.00000000	-0.0179256969039	-0.00253236233006	0.0181036865986	-171.959037967
5270.00000000	-0.0179256278085	-0.00253237816450	0.0181036203975	-171.958957757
5270.00000000	-0.0179254891028	-0.00253237606234	0.0181034827615	-171.958902937
5270.00000000	-0.0179253145588	-0.00253236302317	0.0181033081097	-171.958866525
5270.00000000	-0.0179251446315	-0.00253234222339	0.0181031369435	-171.958856477
5270.00000000	-0.0179250319482	-0.00253231555341	0.0181030216375	-171.958890169
5270.00000000	-0.0179250091218	-0.00253228528149	0.0181029948010	-171.958974931
5270.00000000	-0.0179250650352	-0.00253225401304	0.0181030457907	-171.959097676
5270.00000000	-0.0179251711121	-0.00253223165559	0.0181031476975	-171.959214703
5270.00000000	-0.0179253018251	-0.00253223077150	0.0181032770017	-171.959275341
5270.00000000	-0.0179254246298	-0.00253225126529	0.0181034014658	-171.959265483
5270.00000000	-0.0179255038889	-0.00253228059329	0.0181034840480	-171.959208663
5270.00000000	-0.0179255313975	-0.00253230477581	0.0181035146687	-171.959145058
5270.00000000	-0.0179255237821	-0.00253232365404	0.0181035097689	-171.959082527
5270.00000000	-0.0179254802059	-0.00253234706773	0.0181034698962	-171.958989862
5274.00000000	0.0226572689079	0.00314680205192	0.0228747502177	7.90706135145
5274.00000000	0.0226571597858	0.00314681207999	0.0228746435125	7.90712383122
5274.00000000	0.0226570393372	0.00314683253120	0.0228745270226	7.90721607394
5274.00000000	0.0226569424849	0.00314684279799	0.0228744325035	7.90727491934
5274.00000000	0.0226568973076	0.00314684187864	0.0228743876293	7.90728820590
5274.00000000	0.0226569088347	0.00314684314041	0.0228743992204	7.90728736421
5274.00000000	0.0226569428666	0.00314683860413	0.0228744323047	7.90726438289
5274.00000000	0.0226569788555	0.00314680168726	0.0228744628728	7.90716039178
5274.00000000	0.0226570241798	0.00314672689795	0.0228744974776	7.90695922365
5274.00000000	0.0226570936404	0.00314663517777	0.0228745536606	7.90670773471
5274.00000000	0.0226571752135	0.00314654474504	0.0228746220184	7.90645526778
5274.00000000	0.0226572441934	0.00314646945176	0.0228746799857	7.90624470153
5274.00000000	0.0226572846530	0.00314642267614	0.0228747136267	7.90611471345
5274.00000000	0.0226572914779	0.00314640348083	0.0228747177465	7.90606473933
5274.00000000	0.0226572761114	0.00314639454469	0.0228747012969	7.90604786334
5274.00000000	0.0226572653865	0.00314638191018	0.0228746889360	7.90602021270
5274.00000000	0.0226572822496	0.00314636391379	0.0228747031634	7.90596975461
5274.00000000	0.0226573227530	0.00314633259772	0.0228747389745	7.90587810643
5274.00000000	0.0226573640897	0.00314628071450	0.0228747727820	7.90573514534
5274.00000000	0.0226573833267	0.00314620807381	0.0228747818450	7.90554829996
5274.00000000	0.0226573682199	0.00314611768825	0.0228747544503	7.90532926177
5274.00000000	0.0226573163717	0.00314601156233	0.0228746884988	7.90508382875
5274.00000000	0.0226572502101	0.00314589159944	0.0228746064674	7.90480899575
5274.00000000	0.0226572260045	0.00314577136060	0.0228745659559	7.90451902383
5274.00000000	0.0226572706999	0.00314566133216	0.0228745950955	7.90423064962
5274.00000000	0.0226573591950	0.00314556180752	0.0228746690638	7.90395324955
5274.00000000	0.0226574396384	0.00314547039023	0.0228747361721	7.90369873856
5274.00000000	0.0226574688870	0.00314538209665	0.0228747530020	7.90346961115
5274.00000000	0.0226574478788	0.00314528836556	0.0228747193050	7.90324430254
5274.00000000	0.0226574086280	0.00314519211946	0.0228746671933	7.90301903627
5274.00000000	0.0226573762010	0.00314510363587	0.0228746229082	7.90281067760
5274.00000000	0.0226573389951	0.00314502453848	0.0228745751804	7.90262725099
5274.00000000	0.0226572882475	0.00314495229406	0.0228745149820	7.90246548927
5274.00000000	0.0226572505532	0.00314489031205	0.0228744691240	7.90232469265
5274.00000000	0.0226572345088	0.00314484778894	0.0228744473857	7.90222471768
5274.00000000	0.0226572075055	0.00314483472225	0.0228744188424	7.90220159810
5274.00000000	0.0226571667808	0.00314484473327	0.0228743798808	7.90224045983
5274.00000000	0.0226571378829	0.00314485089302	0.0228743521042	7.90226569381
5274.00000000	0.0226571156329	0.00314484146947	0.0228743287698	7.90224997605
5274.00000000	0.0226570745562	0.00314482257302	0.0228742854853	7.90221723903
5274.00000000	0.0226570367929	0.00314479084630	0.0228742437187	7.90215152856
5274.00000000	0.0226570427309	0.00314474047234	0.0228742426748	7.90202450434
5274.00000000	0.0226570877825	0.00314467112504	0.0228742777650	7.90183693774
5274.00000000	0.0226571272641	0.00314458477327	0.0228743050006	7.90160910110
5274.00000000	0.0226571192214	0.00314448231511	0.0228742829492	7.90135766877
5274.00000000	0.0226570563221	0.00314437519941	0.0228742059223	7.90111356870
5274.00000000	0.0226569664378	0.00314428022620	0.0228741038361	7.90090888446
5274.00000000	0.0226568683579	0.00314420154378	0.0228739958717	7.90074743869
5274.00000000	0.0226567475778	0.00314413768774	0.0228738674606	7.90063059269
5274.00000000	0.0226566267822	0.00314409264276	0.0228737416200	7.90056042271
5274.00000000	0.0226565657887	0.00314406822612	0.0228736778492	7.90052084296
5274.00000000	0.0226565797748	0.00314405506681	0.0228736898938	7.90048337792
5274.00000000	0.0226566192421	0.00314404295995	0.0228737273224	7.90043975094
5274.00000000	0.0226566508501	0.00314403010489	0.0228737568634	7.90039697369
5274.00000000	0.0226566839088	0.00314402486946	0.0228737888886	7.90037260213
5274.00000000	0.0226567182993	0.00314403096589	0.0228738237907	7.90037588739
5274.00000000	0.0226567328125	0.00314404286663	0.0228738398019	7.90040041730
5274.00000000	0.0226567267900	0.00314405711412	0.0228738357949	7.90043784010
5274.00000000	0.0226567177817	0.00314406642884	0.0228738281525	7.90046405224
5274.00000000	0.0226567035769	0.00314406559565	0.0228738139680	7.90046687575
5274.00000000	0.0226566847597	0.00314406436590	0.0228737951603	7.90047030341
5274.00000000	0.0226566790485	0.00314407638766	0.0228737911558	7.90050209686
5274.00000000	0.0226567001696	0.00314410452492	0.0228738159440	7.90056463582
5274.00000000	0.0226567370923	0.00314414124241	0.0228738575632	7.90064302235
5274.00000000	0.0226567780239	0.00314417357430	0.0228739025505	7.90070914724
5274.00000000	0.0226568190832	0.00314419068004	0.0228739455713	7.90073745077
5274.00000000	0.0226568568851	0.00314418868025	0.0228739827396	7.90071947360
5274.00000000	0.0226568876110	0.00314417578572	0.0228740114014	7.90067690225
5274.00000000	0.0226568963226	0.00314416059105	0.0228740179417	7.90063620384
5274.00000000	0.0226568619673	0.00314414475808	0.0228739817361	7.90060874986
5274.00000000	0.0226567824575	0.00314413771070	0.0228739020124	7.90061864037
5274.00000000	0.0226566717572	0.00314415400770	0.0228737946030	7.90069718955
5274.00000000	0.0226565641007	0.00314419177699	0.0228736931600	7.90082796635
5274.00000000	0.0226564992684	0.00314422403786	0.0228736333778	7.90093033191
5274.00000000	0.0226564700000	0.00314421303505	0.0228736028747	7.90091311057
5274.00000000	0.0226564331710	0.00314415130149	0.0228735579095	7.90077262367
5274.00000000	0.0226563648954	0.00314406551813	0.0228734784905	7.90058329318
5274.00000000	0.0226563001821	0.00314398344407	0.0228734031101	7.90040193812
5274.00000000	0.0226562840481	0.00314392521558	0.0228733791257	7.90026302034
5274.00000000	0.0226563128426	0.00314390360587	0.0228734046768	7.90019948987
5274.00000000	0.0226563501305	0.00314390586191	0.0228734419208	7.90019224942
5274.00000000	0.0226563775789	0.00314390186724	0.0228734685596	7.90017288784
5274.00000000	0.0226564087397	0.00314387683176	0.0228734959836	7.90010004326
5274.00000000	0.0226564563141	0.00314383859957	0.0228735378517	7.89998880529
5274.00000000	0.0226564972147	0.00314378985836	0.0228735716649	7.89985379127
5274.00000000	0.0226564741822	0.00314371994484	0.0228735392421	7.89968825690
5274.00000000	0.0226563511828	0.00314362416709	0.0228734042464	7.89949296445
5274.00000000	0.0226561719899	0.00314351609494	0.0228732119012	7.89928651041
5274.00000000	0.0226560098911	0.00314342410182	0.0228730386978	7.89911406323
5274.00000000	0.0226559032672	0.00314336629741	0.0228729251415	7.89900734517
5274.00000000	0.0226558691294	0.00314334298772	0.0228728881243	7.89896126116
5274.00000000	0.0226559029846	0.00314334514859	0.0228729219553	7.89895496811
5274.00000000	0.0226559921278	0.00314336135126	0.0228730124794	7.89896448266
5274.00000000	0.0226561279791	0.00314338134602	0.0228731497895	7.89896732691
5274.00000000	0.0226562860146	0.00314339644872	0.0228733084011	7.89895039644
5274.00000000	0.0226564078509	0.00314339684836	0.0228734291363	7.89890944707
5274.00000000	0.0226564469140	0.00314337604491	0.0228734649698	7.89884438391
5274.00000000	0.0226564197332	0.00314334177176	0.0228734333370	7.89876870403
5274.00000000	0.0226563654795	0.00314330268650	0.0228733742268	7.89869040373
5274.00000000	0.0226562814086	0.00314325615144	0.0228732845586	7.89860388279
