DevNumber	X [V]	Y [V]	R [V]	Theta [°]
4253.00000000	0.00106645544604	-0.00635445083055	0.00644331999642	-80.4729429822
4253.00000000	0.00106645083465	-0.00635444627156	0.00644331473707	-80.4729767124
4253.00000000	0.00106645726325	-0.00635446922826	0.00644333844115	-80.4729541234
4253.00000000	0.00106647236148	-0.00635451531042	0.00644338638669	-80.4728895414
4253.00000000	0.00106648954119	-0.00635457318721	0.00644344630869	-80.4728240660
4253.00000000	0.00106650266590	-0.00635463123657	0.00644350572974	-80.4727944055
4253.00000000	0.00106650694185	-0.00635467687309	0.00644355144454	-80.4728240745
4253.00000000	0.00106650146784	-0.00635470160882	0.00644357493307	-80.4729084824
4253.00000000	0.00106649449242	-0.00635471149425	0.00644358352763	-80.4729842004
4253.00000000	0.00106649713387	-0.00635471303597	0.00644358548528	-80.4729633059
4253.00000000	0.00106651540229	-0.00635469945062	0.00644357511099	-80.4727831109
4253.00000000	0.00106654748463	-0.00635466645970	0.00644354788537	-80.4724532160
4253.00000000	0.00106658325953	-0.00635462236204	0.00644351031765	-80.4720745892
4253.00000000	0.00106661041996	-0.00635458047875	0.00644347350805	-80.4717747610
4253.00000000	0.00106662642931	-0.00635455198001	0.00644344805259	-80.4715924198
4253.00000000	0.00106663433221	-0.00635453995222	0.00644343749896	-80.4715054113
4253.00000000	0.00106663793179	-0.00635453897041	0.00644343712656	-80.4714723998
4253.00000000	0.00106663971251	-0.00635454425379	0.00644344263183	-80.4714645610
4253.00000000	0.00106663715076	-0.00635454205788	0.00644344004215	-80.4714837938
4253.00000000	0.00106661626280	-0.00635450470726	0.00644339974910	-80.4716119904
4253.00000000	0.00106656853533	-0.00635442087101	0.00644330916894	-80.4719071350
4253.00000000	0.00106651013461	-0.00635431552944	0.00644319561358	-80.4722642357
4253.00000000	0.00106646074949	-0.00635422474022	0.00644309790236	-80.4725637022
4253.00000000	0.00106642442359	-0.00635415977636	0.00644302782198	-80.4727866597
4253.00000000	0.00106639848894	-0.00635411073147	0.00644297516097	-80.4729419202
4253.00000000	0.00106638303842	-0.00635408189383	0.00644294416382	-80.4730349780
4253.00000000	0.00106637870740	-0.00635408887823	0.00644295033506	-80.4730832417
4253.00000000	0.00106638069377	-0.00635413096510	0.00644299217023	-80.4731277664
4253.00000000	0.00106638254772	-0.00635419090053	0.00644305158589	-80.4731997216
4253.00000000	0.00106638967487	-0.00635425772113	0.00644311866453	-80.4732355635
4253.00000000	0.00106641192173	-0.00635432447671	0.00644318818149	-80.4731387118
4253.00000000	0.00106644690202	-0.00635438455601	0.00644325322182	-80.4729203675
4253.00000000	0.00106648148827	-0.00635443511222	0.00644330880528	-80.4726914669
4253.00000000	0.00106650862280	-0.00635446425995	0.00644334204226	-80.4724964084
4253.00000000	0.00106653287575	-0.00635445460144	0.00644333653140	-80.4722695039
4253.00000000	0.00106655806837	-0.00635440283841	0.00644328965250	-80.4719723833
4253.00000000	0.00106658060579	-0.00635432847926	0.00644322004987	-80.4716652822
4253.00000000	0.00106659273782	-0.00635425901519	0.00644315355245	-80.4714566337
4253.00000000	0.00106658871672	-0.00635420797158	0.00644310254743	-80.4714167586
4253.00000000	0.00106657782443	-0.00635418474640	0.00644307783958	-80.4714780938
4253.00000000	0.00106657913569	-0.00635419290722	0.00644308610488	-80.4714786075
4253.00000000	0.00106659266806	-0.00635421202301	0.00644310719707	-80.4713880698
4253.00000000	0.00106660178962	-0.00635422383456	0.00644312035564	-80.4713254625
4253.00000000	0.00106659779999	-0.00635423492092	0.00644313062860	-80.4713767710
4253.00000000	0.00106658394537	-0.00635425730203	0.00644315040744	-80.4715312200
4253.00000000	0.00106657000657	-0.00635429779189	0.00644318803132	-80.4717130627
4253.00000000	0.00106656538556	-0.00635435684227	0.00644324550212	-80.4718405094
4253.00000000	0.00106657110393	-0.00635442969517	0.00644331829655	-80.4718975981
4253.00000000	0.00106658020228	-0.00635450676579	0.00644339581001	-80.4719312530
4253.00000000	0.00106658640061	-0.00635457057876	0.00644345976866	-80.4719708244
4253.00000000	0.00106658732932	-0.00635460814339	0.00644349696881	-80.4720179716
4253.00000000	0.00106658297212	-0.00635462183504	0.00644350975034	-80.4720763339
4253.00000000	0.00106657439730	-0.00635461174592	0.00644349838103	-80.4721366796
4253.00000000	0.00106656300363	-0.00635458208009	0.00644346723848	-80.4721929309
4253.00000000	0.00106654894487	-0.00635454478223	0.00644342812803	-80.4722613207
4253.00000000	0.00106653304077	-0.00635450485888	0.00644338612288	-80.4723420297
4253.00000000	0.00106651682892	-0.00635446537367	0.00644334449890	-80.4724260834
4253.00000000	0.00106650624444	-0.00635444376925	0.00644332144053	-80.4724871064
4253.00000000	0.00106650625415	-0.00635446080093	0.00644333823889	-80.4725120893
4253.00000000	0.00106650743081	-0.00635451287956	0.00644338979393	-80.4725784221
4253.00000000	0.00106649023724	-0.00635456649239	0.00644343982142	-80.4728081087
4253.00000000	0.00106644148831	-0.00635458947614	0.00644345441966	-80.4732694367
4253.00000000	0.00106637005531	-0.00635458569920	0.00644343887248	-80.4738903081
4253.00000000	0.00106629793761	-0.00635458028181	0.00644342159491	-80.4745147731
4253.00000000	0.00106623961027	-0.00635458765277	0.00644341921214	-80.4750371233
4253.00000000	0.00106619730968	-0.00635460439769	0.00644342872656	-80.4754327190
4253.00000000	0.00106617465317	-0.00635461973821	0.00644344010667	-80.4756539778
4253.00000000	0.00106617192519	-0.00635462121775	0.00644344111443	-80.4756800778
4253.00000000	0.00106618180716	-0.00635460537382	0.00644342712404	-80.4755701054
4253.00000000	0.00106620304086	-0.00635457951292	0.00644340513319	-80.4753458438
4253.00000000	0.00106623512115	-0.00635455517455	0.00644338643882	-80.4750287008
4253.00000000	0.00106626667209	-0.00635453841971	0.00644337513603	-80.4747273574
4253.00000000	0.00106628217519	-0.00635452530273	0.00644336476541	-80.4745720994
4253.00000000	0.00106627647769	-0.00635450447519	0.00644334328218	-80.4745914160
4253.00000000	0.00106625546947	-0.00635446681210	0.00644330266185	-80.4747202289
4253.00000000	0.00106623518083	-0.00635441427909	0.00644324749572	-80.4748208515
4253.00000000	0.00106622547714	-0.00635435694699	0.00644318934829	-80.4748215854
4253.00000000	0.00106622327198	-0.00635430247719	0.00644313526456	-80.4747607697
4253.00000000	0.00106622889265	-0.00635425870980	0.00644309303072	-80.4746470700
4253.00000000	0.00106624741337	-0.00635423493071	0.00644307264441	-80.4744496502
4253.00000000	0.00106627368640	-0.00635422798894	0.00644307014627	-80.4742090198
4253.00000000	0.00106629291113	-0.00635422716321	0.00644307251348	-80.4740392037
4253.00000000	0.00106629600632	-0.00635423544023	0.00644308118861	-80.4740242401
4253.00000000	0.00106628819410	-0.00635426793381	0.00644311194125	-80.4741405727
4253.00000000	0.00106628115373	-0.00635432806594	0.00644317007911	-80.4742908088
4253.00000000	0.00106627692535	-0.00635440565553	0.00644324589912	-80.4744420716
4253.00000000	0.00106626724416	-0.00635448398269	0.00644332154422	-80.4746422355
4253.00000000	0.00106624871309	-0.00635454619520	0.00644337983244	-80.4748962922
4253.00000000	0.00106623322297	-0.00635458950767	0.00644341998451	-80.4750958664
4253.00000000	0.00106624068848	-0.00635461309931	0.00644344448628	-80.4750651110
4253.00000000	0.00106627732408	-0.00635461960085	0.00644345696062	-80.4747534017
4253.00000000	0.00106632822386	-0.00635462178224	0.00644346753513	-80.4743102473
4253.00000000	0.00106636789300	-0.00635462405625	0.00644347634274	-80.4739657170
4253.00000000	0.00106638138074	-0.00635461313606	0.00644346780531	-80.4738313667
4253.00000000	0.00106637041462	-0.00635459965387	0.00644345269418	-80.4739076930
4253.00000000	0.00106634319592	-0.00635461054257	0.00644345892819	-80.4741624104
4253.00000000	0.00106631214229	-0.00635465079529	0.00644349348684	-80.4744939674
4253.00000000	0.00106629114009	-0.00635469870378	0.00644353725924	-80.4747486410
4253.00000000	0.00106629589063	-0.00635473463069	0.00644357347695	-80.4747598469
4253.00000000	0.00106632559606	-0.00635476136233	0.00644360475580	-80.4745386855
5260.00000000	0.00136494523098	0.00986332897777	0.00995732564534	82.1211154009
5260.00000000	0.00136498171491	0.00986339487246	0.00995739591922	82.1209594263
5260.00000000	0.00136500948507	0.00986345343160	0.00995745773236	82.1208473339
5260.00000000	0.00136502804336	0.00986349428275	0.00995750074190	82.1207737799
5260.00000000	0.00136503624574	0.00986352153455	0.00995752886085	82.1207485248
5260.00000000	0.00136503198899	0.00986352975218	0.00995753641737	82.1207792690
5260.00000000	0.00136501222281	0.00986351259657	0.00995751671408	82.1208783981
5260.00000000	0.00136498572573	0.00986348234019	0.00995748311104	82.1210055583
5260.00000000	0.00136496449771	0.00986345427615	0.00995745240198	82.1211044163
5260.00000000	0.00136495428855	0.00986342803212	0.00995742500623	82.1211419056
5260.00000000	0.00136495667942	0.00986339534189	0.00995739295233	82.1211024932
5260.00000000	0.00136496873503	0.00986336406064	0.00995736361896	82.1210091050
5260.00000000	0.00136498863189	0.00986334960684	0.00995735202913	82.1208842960
5260.00000000	0.00136501720306	0.00986335682933	0.00995736310010	82.1207271434
5260.00000000	0.00136505314311	0.00986337792892	0.00995738892744	82.1205389368
5260.00000000	0.00136508818565	0.00986340155992	0.00995741713934	82.1203578436
5260.00000000	0.00136511271705	0.00986341920929	0.00995743798517	82.1202319435
5260.00000000	0.00136512633571	0.00986342274493	0.00995744335448	82.1201571099
5260.00000000	0.00136513185268	0.00986340638273	0.00995742790313	82.1201127570
5260.00000000	0.00136512116041	0.00986337052032	0.00995739091347	82.1201454098
5260.00000000	0.00136509147819	0.00986332672964	0.00995734346698	82.1202800471
5260.00000000	0.00136505329142	0.00986328949489	0.00995730134868	82.1204683317
5260.00000000	0.00136501791468	0.00986326635007	0.00995727357261	82.1206517158
5260.00000000	0.00136498630502	0.00986324685309	0.00995724992646	82.1208165064
5260.00000000	0.00136495512383	0.00986321745552	0.00995721653199	82.1209710461
5260.00000000	0.00136492313809	0.00986318391710	0.00995717892555	82.1211269063
5260.00000000	0.00136489214306	0.00986316228484	0.00995715324876	82.1212865121
5260.00000000	0.00136486600821	0.00986314971859	0.00995713721869	82.1214255669
5260.00000000	0.00136485076457	0.00986313592382	0.00995712146463	82.1215015739
5260.00000000	0.00136486018450	0.00986312318225	0.00995711013454	82.1214378309
5260.00000000	0.00136490334769	0.00986311790365	0.00995711082241	82.1211876397
5260.00000000	0.00136497326916	0.00986313349977	0.00995713585625	82.1208013946
5260.00000000	0.00136505047266	0.00986319318705	0.00995720556371	82.1204084261
5260.00000000	0.00136512320084	0.00986330158809	0.00995732291186	82.1200794011
5260.00000000	0.00136518809124	0.00986341751928	0.00995744664480	82.1198009976
5260.00000000	0.00136523690128	0.00986349174597	0.00995752686260	82.1195813525
5260.00000000	0.00136526645037	0.00986350872280	0.00995754773051	82.1194263258
5260.00000000	0.00136527927609	0.00986348029005	0.00995752132481	82.1193307919
5260.00000000	0.00136527430300	0.00986343513066	0.00995747591005	82.1193235090
5260.00000000	0.00136525295645	0.00986340599178	0.00995744411954	82.1194221895
5260.00000000	0.00136522728742	0.00986339436211	0.00995742908028	82.1195593210
5260.00000000	0.00136521122984	0.00986338388444	0.00995741649997	82.1196425790
5260.00000000	0.00136520611252	0.00986337060065	0.00995740264002	82.1196612668
5260.00000000	0.00136520294566	0.00986336167336	0.00995739336284	82.1196722742
5260.00000000	0.00136519463150	0.00986336602298	0.00995739653148	82.1197230943
5260.00000000	0.00136518696870	0.00986338728547	0.00995741654259	82.1197835444
5260.00000000	0.00136519350411	0.00986341367330	0.00995744357726	82.1197671116
5260.00000000	0.00136521153004	0.00986342323352	0.00995745551862	82.1196719109
5260.00000000	0.00136521804865	0.00986341398055	0.00995744724676	82.1196274569
5260.00000000	0.00136520216420	0.00986339883147	0.00995743006291	82.1197060427
5260.00000000	0.00136517586508	0.00986338809045	0.00995741581764	82.1198474673
5260.00000000	0.00136515027305	0.00986338245865	0.00995740673035	82.1199888926
5260.00000000	0.00136512537934	0.00986337602858	0.00995739694812	82.1201257081
5260.00000000	0.00136509985600	0.00986336822536	0.00995738571945	82.1202650295
5260.00000000	0.00136506943988	0.00986336210534	0.00995737548738	82.1204335667
5260.00000000	0.00136503203316	0.00986335574062	0.00995736405469	82.1206417562
5260.00000000	0.00136499361890	0.00986334520775	0.00995734835521	82.1208524011
5260.00000000	0.00136496724426	0.00986333394346	0.00995733358174	82.1209938462
5260.00000000	0.00136496769002	0.00986332679708	0.00995732656394	82.1209856684
5260.00000000	0.00136499056932	0.00986332050610	0.00995732346870	82.1208502984
5260.00000000	0.00136500766488	0.00986331744054	0.00995732277563	82.1207504388
5260.00000000	0.00136499651394	0.00986331468569	0.00995731851816	82.1208118241
5260.00000000	0.00136496419368	0.00986331281674	0.00995731223629	82.1209945694
5260.00000000	0.00136493308762	0.00986332595852	0.00995732098999	82.1211822343
5260.00000000	0.00136491378892	0.00986336462089	0.00995735664199	82.1213227285
5260.00000000	0.00136490223126	0.00986342585531	0.00995741571413	82.1214369029
5260.00000000	0.00136489900436	0.00986349627042	0.00995748502227	82.1215108338
5260.00000000	0.00136490758863	0.00986355345730	0.00995754284603	82.1215070103
5260.00000000	0.00136492556340	0.00986357841106	0.00995757002811	82.1214242412
5260.00000000	0.00136494907929	0.00986357036499	0.00995756528144	82.1212838620
5260.00000000	0.00136497548405	0.00986354232631	0.00995754112695	82.1211112478
5260.00000000	0.00136499985612	0.00986350846760	0.00995751092882	82.1209456277
5260.00000000	0.00136501274721	0.00986348006909	0.00995748456556	82.1208497520
5260.00000000	0.00136500699758	0.00986346384755	0.00995746770898	82.1208697279
5260.00000000	0.00136498681969	0.00986344942988	0.00995745066137	82.1209733642
5260.00000000	0.00136495933899	0.00986340533278	0.00995740321348	82.1210952148
5260.00000000	0.00136492612262	0.00986330784221	0.00995730208995	82.1212076440
5260.00000000	0.00136488805221	0.00986317617178	0.00995716644386	82.1213207832
5260.00000000	0.00136485536803	0.00986306198194	0.00995704885171	82.1214170121
5260.00000000	0.00136484132498	0.00986301061969	0.00995699604934	82.1214565446
5260.00000000	0.00136484106997	0.00986303028489	0.00995701549396	82.1214735094
5260.00000000	0.00136483934071	0.00986308942581	0.00995707383961	82.1215300140
5260.00000000	0.00136483342850	0.00986314815490	0.00995713120397	82.1216100356
5260.00000000	0.00136482932816	0.00986318650110	0.00995716862619	82.1216636523
5260.00000000	0.00136483437791	0.00986320073322	0.00995718341615	82.1216460945
5260.00000000	0.00136485071475	0.00986319157826	0.00995717658691	82.1215457552
5260.00000000	0.00136487357127	0.00986316821819	0.00995715658036	82.1213970497
5260.00000000	0.00136489059303	0.00986314041358	0.00995713137148	82.1212780957
5260.00000000	0.00136489199696	0.00986312023987	0.00995711158065	82.1212541809
5260.00000000	0.00136488577103	0.00986312274667	0.00995711321036	82.1212916457
5260.00000000	0.00136488571916	0.00986315014002	0.00995714033802	82.1213135484
5260.00000000	0.00136489640231	0.00986318851035	0.00995717981056	82.1212829207
5260.00000000	0.00136490496807	0.00986322333147	0.00995721547714	82.1212615626
5260.00000000	0.00136489924540	0.00986324632188	0.00995723746609	82.1213123151
5260.00000000	0.00136489440787	0.00986326254725	0.00995725287520	82.1213526862
5260.00000000	0.00136491012592	0.00986327555741	0.00995726791712	82.1212733575
5260.00000000	0.00136494249947	0.00986329191463	0.00995728855764	82.1211017355
5260.00000000	0.00136498075528	0.00986332282225	0.00995732441764	82.1209080636
5260.00000000	0.00136502226014	0.00986336304873	0.00995736995405	82.1207032250
5260.00000000	0.00136506162829	0.00986340554919	0.00995741745016	82.1205123609
5270.00000000	-0.0240787959602	0.0732507398011	0.0771068044747	108.196596255
5270.00000000	-0.0240785748856	0.0732506626948	0.0771066621878	108.196458088
5270.00000000	-0.0240783743886	0.0732506929166	0.0771066282881	108.196309542
5270.00000000	-0.0240782164708	0.0732507712994	0.0771066534377	108.196179878
5270.00000000	-0.0240781295811	0.0732509170703	0.0771067647861	108.196084716
5270.00000000	-0.0240781394528	0.0732511408550	0.0771069804627	108.196039758
5270.00000000	-0.0240781985854	0.0732513499061	0.0771071975251	108.196032993
5270.00000000	-0.0240782279658	0.0732514681992	0.0771073190774	108.196026285
5270.00000000	-0.0240782278337	0.0732514965380	0.0771073459579	108.196019616
5270.00000000	-0.0240782488938	0.0732514815375	0.0771073382840	108.196037963
5270.00000000	-0.0240783090521	0.0732514940721	0.0771073689773	108.196077521
5270.00000000	-0.0240783647225	0.0732515721478	0.0771074605330	108.196098702
5270.00000000	-0.0240783570293	0.0732516918286	0.0771075718266	108.196065501
5270.00000000	-0.0240782866330	0.0732518292157	0.0771076803608	108.195983930
5270.00000000	-0.0240781889694	0.0732520280585	0.0771078387632	108.195868850
5270.00000000	-0.0240780711242	0.0732523158159	0.0771080753323	108.195718894
5270.00000000	-0.0240779255301	0.0732525965236	0.0771082965399	108.195550987
5270.00000000	-0.0240777543347	0.0732527364758	0.0771083760365	108.195397667
5270.00000000	-0.0240775752959	0.0732526744156	0.0771082611733	108.195285683
5270.00000000	-0.0240774270595	0.0732523863066	0.0771079411826	108.195247891
5270.00000000	-0.0240773180773	0.0732519296369	0.0771074733170	108.195276919
5270.00000000	-0.0240772296373	0.0732514711088	0.0771070101003	108.195320879
5270.00000000	-0.0240771603807	0.0732511714965	0.0771067038435	108.195341509
5270.00000000	-0.0240771122808	0.0732509865665	0.0771065131409	108.195350464
5270.00000000	-0.0240770733422	0.0732507672913	0.0771062926712	108.195373855
5270.00000000	-0.0240770283207	0.0732505054097	0.0771060298261	108.195402838
5270.00000000	-0.0240769889974	0.0732502915638	0.0771058143940	108.195424698
5270.00000000	-0.0240769746326	0.0732501708343	0.0771056952158	108.195442571
5270.00000000	-0.0240769743609	0.0732501707144	0.0771056950170	108.195442407
5270.00000000	-0.0240769819432	0.0732503341515	0.0771058526495	108.195409837
5270.00000000	-0.0240769801565	0.0732506228278	0.0771061263332	108.195341593
5270.00000000	-0.0240769424747	0.0732510203482	0.0771064922103	108.195222756
5270.00000000	-0.0240768898163	0.0732515720076	0.0771069998431	108.195057584
5270.00000000	-0.0240768497048	0.0732521855612	0.0771075701939	108.194886910
5270.00000000	-0.0240768136990	0.0732525474789	0.0771079027729	108.194777521
5270.00000000	-0.0240767902674	0.0732524784612	0.0771078298897	108.194776993
5270.00000000	-0.0240768136764	0.0732521093455	0.0771074865391	108.194879160
5270.00000000	-0.0240768768332	0.0732516714693	0.0771070902777	108.195025341
5270.00000000	-0.0240769393918	0.0732513372063	0.0771067922623	108.195147060
5270.00000000	-0.0240769965394	0.0732512013698	0.0771066810625	108.195218919
5270.00000000	-0.0240770722979	0.0732512410228	0.0771067423889	108.195263198
5270.00000000	-0.0240771695891	0.0732513098131	0.0771068381193	108.195315916
5270.00000000	-0.0240772561358	0.0732512849510	0.0771068415252	108.195382779
5270.00000000	-0.0240773037047	0.0732512109693	0.0771067860967	108.195433524
5270.00000000	-0.0240773302052	0.0732512121744	0.0771067955165	108.195451952
5270.00000000	-0.0240773662071	0.0732514003352	0.0771069855106	108.195433707
5270.00000000	-0.0240773872953	0.0732518085049	0.0771073798557	108.195353886
5270.00000000	-0.0240773475461	0.0732523087177	0.0771078426447	108.195209765
5270.00000000	-0.0240772558744	0.0732527354798	0.0771082194433	108.195046034
5270.00000000	-0.0240771633167	0.0732530305906	0.0771084708971	108.194912226
5270.00000000	-0.0240770945863	0.0732532090046	0.0771086189293	108.194822314
5270.00000000	-0.0240770570298	0.0732532648751	0.0771086602794	108.194782840
5270.00000000	-0.0240770604400	0.0732531739808	0.0771085749946	108.194806336
5270.00000000	-0.0240770798442	0.0732529628342	0.0771083804642	108.194869023
5270.00000000	-0.0240770504101	0.0732526804135	0.0771081029738	108.194913773
5270.00000000	-0.0240769508055	0.0732523879666	0.0771077940477	108.194911315
5270.00000000	-0.0240768211596	0.0732521507738	0.0771075282326	108.194874831
5270.00000000	-0.0240766976893	0.0732520537671	0.0771073975227	108.194810179
5270.00000000	-0.0240765989471	0.0732521999292	0.0771075055447	108.194706563
5270.00000000	-0.0240765359600	0.0732525763224	0.0771078434512	108.194574770
5270.00000000	-0.0240765287658	0.0732529947831	0.0771082387433	108.194472602
5270.00000000	-0.0240765835518	0.0732532570034	0.0771085049597	108.194450437
5270.00000000	-0.0240766658614	0.0732533536040	0.0771086224311	108.194486127
5270.00000000	-0.0240767347799	0.0732533780570	0.0771086671810	108.194529103
5270.00000000	-0.0240767862233	0.0732533586031	0.0771086647627	108.194569931
5270.00000000	-0.0240768470250	0.0732533360881	0.0771086623584	108.194618075
5270.00000000	-0.0240769494480	0.0732534158922	0.0771087701536	108.194671859
5270.00000000	-0.0240770913241	0.0732536292550	0.0771090171488	108.194722506
5270.00000000	-0.0240772154392	0.0732538332972	0.0771092497437	108.194762778
5270.00000000	-0.0240772633861	0.0732538610090	0.0771092910413	108.194790194
5270.00000000	-0.0240772554542	0.0732537246390	0.0771091590131	108.194816234
5270.00000000	-0.0240772410967	0.0732535615443	0.0771089995899	108.194843940
5270.00000000	-0.0240772322555	0.0732534472625	0.0771088882615	108.194864214
5270.00000000	-0.0240772223671	0.0732533732565	0.0771088148681	108.194874405
5270.00000000	-0.0240771873592	0.0732532690341	0.0771087049256	108.194873874
5270.00000000	-0.0240771287472	0.0732530399488	0.0771084689930	108.194885652
5270.00000000	-0.0240770805956	0.0732526414965	0.0771080754281	108.194944111
5270.00000000	-0.0240770830687	0.0732521507475	0.0771076099891	108.195059721
5270.00000000	-0.0240771588780	0.0732517150233	0.0771072197235	108.195214334
5270.00000000	-0.0240772923565	0.0732514422591	0.0771070022778	108.195371847
5270.00000000	-0.0240774066564	0.0732513301474	0.0771069314631	108.195478546
5270.00000000	-0.0240774283701	0.0732513022553	0.0771069117461	108.195500346
5270.00000000	-0.0240773666535	0.0732513050080	0.0771068950895	108.195456141
5270.00000000	-0.0240772608856	0.0732513414858	0.0771068967163	108.195373014
5270.00000000	-0.0240771191297	0.0732514163914	0.0771069236121	108.195255566
5270.00000000	-0.0240769380634	0.0732515313068	0.0771069762427	108.195101086
5270.00000000	-0.0240767211013	0.0732516564071	0.0771070273410	108.194918902
5270.00000000	-0.0240764999357	0.0732517423482	0.0771070399264	108.194742838
5270.00000000	-0.0240763498856	0.0732518542764	0.0771070994056	108.194610946
5270.00000000	-0.0240763384221	0.0732520645410	0.0771072955779	108.194554068
5270.00000000	-0.0240764653859	0.0732523273577	0.0771075848980	108.194582715
5270.00000000	-0.0240766452235	0.0732525634897	0.0771078653773	108.194654878
5270.00000000	-0.0240767694071	0.0732527474497	0.0771080789154	108.194699858
5270.00000000	-0.0240767991088	0.0732528745764	0.0771082089601	108.194691329
5270.00000000	-0.0240767564313	0.0732529490938	0.0771082664258	108.194643913
5270.00000000	-0.0240766786457	0.0732530300088	0.0771083190070	108.194570230
5270.00000000	-0.0240765970138	0.0732532163147	0.0771084705088	108.194469380
5270.00000000	-0.0240765410733	0.0732535471421	0.0771087673287	108.194353136
5270.00000000	-0.0240765602532	0.0732539363962	0.0771091431100	108.194276364
5270.00000000	-0.0240766883396	0.0732543001606	0.0771095286811	108.194282383
5274.00000000	-0.0151407897030	0.0586613791710	0.0605838338096	104.472463704
5274.00000000	-0.0151406629576	0.0586613616253	0.0605837851453	104.472351788
5274.00000000	-0.0151405678577	0.0586614147885	0.0605838128549	104.472252138
5274.00000000	-0.0151405470831	0.0586615835599	0.0605839710792	104.472193226
5274.00000000	-0.0151405949311	0.0586618580516	0.0605842488187	104.472172166
5274.00000000	-0.0151406942239	0.0586621851051	0.0605845903088	104.472185793
5274.00000000	-0.0151408107899	0.0586624327718	0.0605848592479	104.472233998
5274.00000000	-0.0151408853312	0.0586624713059	0.0605849151879	104.472293148
5274.00000000	-0.0151409028851	0.0586623036410	0.0605847572302	104.472348849
5274.00000000	-0.0151409010976	0.0586620580875	0.0605845190218	104.472405248
5274.00000000	-0.0151408946317	0.0586618400388	0.0605843062763	104.472450863
5274.00000000	-0.0151408688185	0.0586617027403	0.0605841668836	104.472459676
5274.00000000	-0.0151408276402	0.0586616993163	0.0605841532772	104.472422778
5274.00000000	-0.0151407842544	0.0586618642710	0.0605843021548	104.472344062
5274.00000000	-0.0151407092996	0.0586621632898	0.0605845729533	104.472204753
5274.00000000	-0.0151405640608	0.0586624978246	0.0605848605767	104.471992693
5274.00000000	-0.0151403731350	0.0586627742626	0.0605850805303	104.471752529
5274.00000000	-0.0151401780669	0.0586629439386	0.0605851960749	104.471533805
5274.00000000	-0.0151400139186	0.0586629929858	0.0605852025458	104.471371903
5274.00000000	-0.0151399116102	0.0586628700356	0.0605850579300	104.471307275
5274.00000000	-0.0151398663517	0.0586625572282	0.0605847437372	104.471339757
5274.00000000	-0.0151398279491	0.0586621469989	0.0605843369267	104.471401541
5274.00000000	-0.0151397606164	0.0586617585460	0.0605839439723	104.471431688
5274.00000000	-0.0151396719351	0.0586614185940	0.0605835926449	104.471430823
5274.00000000	-0.0151395738167	0.0586610965359	0.0605832562855	104.471417087
5274.00000000	-0.0151394823333	0.0586608432186	0.0605829881438	104.471393181
5274.00000000	-0.0151394260364	0.0586607437573	0.0605828777698	104.471365135
5274.00000000	-0.0151394183898	0.0586608120662	0.0605829420006	104.471341988
5274.00000000	-0.0151394183862	0.0586610086118	0.0605831323095	104.471295534
5274.00000000	-0.0151393805514	0.0586612866108	0.0605833920337	104.471195187
5274.00000000	-0.0151393297188	0.0586615742996	0.0605836578925	104.471080649
5274.00000000	-0.0151393145047	0.0586618725306	0.0605839428601	104.470996236
5274.00000000	-0.0151393321685	0.0586622205017	0.0605842842056	104.470930177
5274.00000000	-0.0151393305622	0.0586625510376	0.0605846038537	104.470850592
5274.00000000	-0.0151392620109	0.0586626868225	0.0605847182008	104.470755730
5274.00000000	-0.0151391359857	0.0586625348583	0.0605845395658	104.470676240
5274.00000000	-0.0151390036360	0.0586622077903	0.0605841898016	104.470632338
5274.00000000	-0.0151389054405	0.0586618745226	0.0605838425692	104.470621176
5274.00000000	-0.0151388584868	0.0586616205264	0.0605835848977	104.470638204
5274.00000000	-0.0151388801671	0.0586614685257	0.0605834431368	104.470693979
5274.00000000	-0.0151389591523	0.0586614060366	0.0605834023674	104.470781076
5274.00000000	-0.0151390718046	0.0586613619714	0.0605833878505	104.470894649
5274.00000000	-0.0151391816678	0.0586612801292	0.0605833360584	104.471014595
5274.00000000	-0.0151392436922	0.0586612023432	0.0605832762396	104.471089776
5274.00000000	-0.0151392397246	0.0586612134643	0.0605832860163	104.471083515
5274.00000000	-0.0151391924572	0.0586613824840	0.0605834378621	104.471000286
5274.00000000	-0.0151391407911	0.0586617530265	0.0605837837382	104.470865405
5274.00000000	-0.0151391015372	0.0586622596559	0.0605842644858	104.470709731
5274.00000000	-0.0151390988700	0.0586627429945	0.0605847318244	104.470593066
5274.00000000	-0.0151391584884	0.0586630650437	0.0605850585545	104.470571553
5274.00000000	-0.0151392517829	0.0586631679597	0.0605851815184	104.470632663
5274.00000000	-0.0151393567687	0.0586630895530	0.0605851318334	104.470747328
5274.00000000	-0.0151394682481	0.0586629033098	0.0605849793560	104.470893423
5274.00000000	-0.0151395629082	0.0586626778790	0.0605847847317	104.471033379
5274.00000000	-0.0151396086689	0.0586624236135	0.0605845499683	104.471135372
5274.00000000	-0.0151395988284	0.0586621380246	0.0605842709810	104.471193853
5274.00000000	-0.0151395689589	0.0586618990087	0.0605840320841	104.471222988
5274.00000000	-0.0151395578841	0.0586618053367	0.0605839386165	104.471234984
5274.00000000	-0.0151395715191	0.0586619247341	0.0605840576331	104.471219252
5274.00000000	-0.0151395978207	0.0586622341385	0.0605843637937	104.471170216
5274.00000000	-0.0151396297786	0.0586625716833	0.0605846986155	104.471119709
5274.00000000	-0.0151396539164	0.0586627335822	0.0605848614098	104.471103551
5274.00000000	-0.0151396321584	0.0586626753845	0.0605847996213	104.471097381
5274.00000000	-0.0151395589290	0.0586625162635	0.0605846272493	104.471067929
5274.00000000	-0.0151394673390	0.0586623740900	0.0605844666989	104.471017658
5274.00000000	-0.0151393983295	0.0586623158522	0.0605843930639	104.470968228
5274.00000000	-0.0151393521304	0.0586623730113	0.0605844368650	104.470912414
5274.00000000	-0.0151392958235	0.0586625365719	0.0605845811661	104.470822200
5274.00000000	-0.0151392261408	0.0586627407367	0.0605847614412	104.470710143
5274.00000000	-0.0151392055613	0.0586629506382	0.0605849595411	104.470641694
5274.00000000	-0.0151392821645	0.0586631587050	0.0605851801492	104.470662671
5274.00000000	-0.0151394084340	0.0586633073286	0.0605853556106	104.470743174
5274.00000000	-0.0151394947906	0.0586632961979	0.0605853664124	104.470824881
5274.00000000	-0.0151395272500	0.0586631200228	0.0605852039376	104.470896237
5274.00000000	-0.0151395567256	0.0586628756517	0.0605849746849	104.470980979
5274.00000000	-0.0151396065074	0.0586625762056	0.0605846971790	104.471097331
5274.00000000	-0.0151396361303	0.0586621536159	0.0605842953992	104.471224326
5274.00000000	-0.0151396327089	0.0586616676163	0.0605838239639	104.471336050
5274.00000000	-0.0151396161367	0.0586612830165	0.0605834474251	104.471411769
5274.00000000	-0.0151395933955	0.0586610790151	0.0605832442132	104.471439157
5274.00000000	-0.0151395418400	0.0586609860244	0.0605831412893	104.471413923
5274.00000000	-0.0151394438654	0.0586609215174	0.0605830543454	104.471339450
5274.00000000	-0.0151393388988	0.0586608823903	0.0605829902291	104.471252576
5274.00000000	-0.0151392886760	0.0586609224510	0.0605830164684	104.471197117
5274.00000000	-0.0151393193585	0.0586610515815	0.0605831491694	104.471194696
5274.00000000	-0.0151393975801	0.0586611777351	0.0605832908676	104.471236512
5274.00000000	-0.0151394598568	0.0586612081610	0.0605833358908	104.471286350
5274.00000000	-0.0151394714043	0.0586611528550	0.0605832852252	104.471309995
5274.00000000	-0.0151394400638	0.0586611240345	0.0605832494872	104.471288107
5274.00000000	-0.0151393718189	0.0586611985145	0.0605833045502	104.471208011
5274.00000000	-0.0151392776083	0.0586613491893	0.0605834269021	104.471086130
5274.00000000	-0.0151391895586	0.0586615068970	0.0605835576037	104.470968229
5274.00000000	-0.0151391255971	0.0586616183073	0.0605836494962	104.470883329
5274.00000000	-0.0151390751497	0.0586616458087	0.0605836635189	104.470830634
5274.00000000	-0.0151390403808	0.0586616645516	0.0605836729789	104.470794365
5274.00000000	-0.0151390191015	0.0586617868761	0.0605837861053	104.470745971
5274.00000000	-0.0151389926025	0.0586620266019	0.0605840116042	104.470665053
5274.00000000	-0.0151389587662	0.0586623283306	0.0605842953057	104.470562763
5274.00000000	-0.0151389630568	0.0586626485019	0.0605846063921	104.470491030
5274.00000000	-0.0151390482195	0.0586629776626	0.0605849463913	104.470491229
