DevNumber	X [V]	Y [V]	R [V]	Theta [°]
4253.00000000	-0.0147431092804	-0.00621330250002	0.0159988874367	-157.147606573
4253.00000000	-0.0147432274380	-0.00621334414200	0.0159990124919	-157.147633482
4253.00000000	-0.0147433304016	-0.00621339815868	0.0159991283516	-157.147598422
4253.00000000	-0.0147433921515	-0.00621345938223	0.0159992090313	-157.147482260
4253.00000000	-0.0147434186006	-0.00621352172586	0.0159992576162	-157.147313308
4253.00000000	-0.0147434050203	-0.00621356285368	0.0159992610745	-157.147158696
4253.00000000	-0.0147433435846	-0.00621355673396	0.0159992020845	-157.147093447
4253.00000000	-0.0147432763300	-0.00621351527909	0.0159991240094	-157.147136713
4253.00000000	-0.0147432604807	-0.00621346972112	0.0159990917110	-157.147265014
4253.00000000	-0.0147433113604	-0.00621343301780	0.0159991243428	-157.147456902
4253.00000000	-0.0147434173418	-0.00621341049716	0.0159992132594	-157.147678619
4253.00000000	-0.0147435621200	-0.00621341032161	0.0159993466057	-157.147880549
4253.00000000	-0.0147437158658	-0.00621342684638	0.0159994947016	-157.148039837
4253.00000000	-0.0147438163089	-0.00621343637724	0.0159995909624	-157.148148073
4253.00000000	-0.0147438253847	-0.00621342644257	0.0159995954677	-157.148193479
4253.00000000	-0.0147437566077	-0.00621341234273	0.0159995266133	-157.148144360
4253.00000000	-0.0147436245365	-0.00621340835429	0.0159994033592	-157.147973847
4253.00000000	-0.0147434459560	-0.00621340935771	0.0159992391852	-157.147722175
4253.00000000	-0.0147432661904	-0.00621340672474	0.0159990725071	-157.147480849
4253.00000000	-0.0147431334850	-0.00621339952800	0.0159989474233	-157.147320032
4253.00000000	-0.0147430655802	-0.00621339195463	0.0159988819073	-157.147250582
4253.00000000	-0.0147430621596	-0.00621339069872	0.0159988782674	-157.147249969
4253.00000000	-0.0147431316403	-0.00621340798263	0.0159989490068	-157.147289565
4253.00000000	-0.0147432594705	-0.00621345353851	0.0159990844954	-157.147317014
4253.00000000	-0.0147434017105	-0.00621351744571	0.0159992403896	-157.147303942
4253.00000000	-0.0147435328832	-0.00621357355853	0.0159993830583	-157.147301200
4253.00000000	-0.0147436310345	-0.00621359823602	0.0159994830891	-157.147356270
4253.00000000	-0.0147436551170	-0.00621358324898	0.0159994994609	-157.147439220
4253.00000000	-0.0147435783672	-0.00621353663319	0.0159994106317	-157.147486312
4253.00000000	-0.0147434242273	-0.00621347454110	0.0159992444765	-157.147476846
4253.00000000	-0.0147432514490	-0.00621341961402	0.0159990639285	-157.147417811
4253.00000000	-0.0147431129624	-0.00621339482264	0.0159989266841	-157.147307017
4253.00000000	-0.0147430504589	-0.00621341406320	0.0159988765591	-157.147156590
4253.00000000	-0.0147431121098	-0.00621347384822	0.0159989565892	-157.147045038
4253.00000000	-0.0147432980543	-0.00621355086408	0.0159991578484	-157.147049494
4253.00000000	-0.0147435362825	-0.00621362272471	0.0159994052851	-157.147143678
4253.00000000	-0.0147437238304	-0.00621367272572	0.0159995975303	-157.147239511
4253.00000000	-0.0147437971091	-0.00621369555877	0.0159996739245	-157.147266075
4253.00000000	-0.0147437620791	-0.00621369904253	0.0159996429971	-157.147205861
4253.00000000	-0.0147436374582	-0.00621368594539	0.0159995230719	-157.147075762
4253.00000000	-0.0147434439311	-0.00621365993630	0.0159993346347	-157.146892437
4253.00000000	-0.0147432387678	-0.00621363554315	0.0159991361025	-157.146687590
4253.00000000	-0.0147430827315	-0.00621362248403	0.0159989872430	-157.146513664
4253.00000000	-0.0147430104248	-0.00621362129691	0.0159989201513	-157.146417013
4253.00000000	-0.0147430406562	-0.00621363106659	0.0159989518039	-157.146426820
4253.00000000	-0.0147431736734	-0.00621365045288	0.0159990819085	-157.146547851
4253.00000000	-0.0147433526963	-0.00621367839852	0.0159992577318	-157.146704620
4253.00000000	-0.0147434961127	-0.00621369743955	0.0159993972854	-157.146841250
4253.00000000	-0.0147435898184	-0.00621368915471	0.0159994804179	-157.146998915
4253.00000000	-0.0147436454614	-0.00621365672063	0.0159995190970	-157.147183335
4253.00000000	-0.0147436135446	-0.00621360626885	0.0159994700918	-157.147305437
4253.00000000	-0.0147434674139	-0.00621354375490	0.0159993111533	-157.147308499
4253.00000000	-0.0147432889848	-0.00621349057504	0.0159991260766	-157.147235838
4253.00000000	-0.0147431641571	-0.00621346007421	0.0159989992017	-157.147162882
4253.00000000	-0.0147431004840	-0.00621344067124	0.0159989329911	-157.147138356
4253.00000000	-0.0147430875460	-0.00621342436640	0.0159989147365	-157.147174170
4253.00000000	-0.0147431345815	-0.00621342134630	0.0159989569071	-157.147249554
4253.00000000	-0.0147432280852	-0.00621343100208	0.0159990468213	-157.147347735
4253.00000000	-0.0147433373297	-0.00621344193849	0.0159991517382	-157.147463581
4253.00000000	-0.0147434282984	-0.00621344492051	0.0159992367246	-157.147580257
4253.00000000	-0.0147434594355	-0.00621344188211	0.0159992642378	-157.147633589
4253.00000000	-0.0147433953488	-0.00621343256758	0.0159992015639	-157.147575197
4253.00000000	-0.0147432247778	-0.00621341091607	0.0159990359728	-157.147409421
4253.00000000	-0.0147430040875	-0.00621338426629	0.0159988222556	-157.147190429
4253.00000000	-0.0147428168049	-0.00621336223203	0.0159986411164	-157.147002664
4253.00000000	-0.0147427109194	-0.00621335088162	0.0159985391343	-157.146892850
4253.00000000	-0.0147427085011	-0.00621335770838	0.0159985395572	-157.146866957
4253.00000000	-0.0147428237861	-0.00621337953057	0.0159986542677	-157.146955286
4253.00000000	-0.0147430345125	-0.00621340204978	0.0159988571989	-157.147174057
4253.00000000	-0.0147432771034	-0.00621341155509	0.0159990844394	-157.147480086
4253.00000000	-0.0147434948439	-0.00621341145854	0.0159992850517	-157.147783233
4253.00000000	-0.0147436597521	-0.00621341464117	0.0159994382523	-157.148002076
4253.00000000	-0.0147437465937	-0.00621342459292	0.0159995221426	-157.148090007
4253.00000000	-0.0147437322398	-0.00621343126831	0.0159995115077	-157.148048016
4253.00000000	-0.0147436584597	-0.00621343515149	0.0159994450265	-157.147932593
4253.00000000	-0.0147436103585	-0.00621344797743	0.0159994056818	-157.147823371
4253.00000000	-0.0147436422565	-0.00621347141112	0.0159994441767	-157.147790401
4253.00000000	-0.0147437686280	-0.00621349483792	0.0159995697273	-157.147888842
4253.00000000	-0.0147439794421	-0.00621351438296	0.0159997715851	-157.148117525
4253.00000000	-0.0147442159410	-0.00621354263039	0.0160000004917	-157.148353204
4253.00000000	-0.0147443803454	-0.00621358901744	0.0160001700068	-157.148428761
4253.00000000	-0.0147444114033	-0.00621363932570	0.0160002181641	-157.148305940
4253.00000000	-0.0147443170808	-0.00621366607924	0.0160001416345	-157.148086486
4253.00000000	-0.0147441420052	-0.00621365012729	0.0159999741054	-157.147895652
4253.00000000	-0.0147439323097	-0.00621359266823	0.0159997585544	-157.147793639
4253.00000000	-0.0147437501692	-0.00621352148584	0.0159995630661	-157.147775232
4253.00000000	-0.0147436400035	-0.00621346929057	0.0159994412771	-157.147794266
4253.00000000	-0.0147435961328	-0.00621344520035	0.0159993914942	-157.147812751
4253.00000000	-0.0147435974351	-0.00621343498465	0.0159993887270	-157.147848275
4253.00000000	-0.0147436535271	-0.00621343037596	0.0159994386265	-157.147941493
4253.00000000	-0.0147437603350	-0.00621343143516	0.0159995374625	-157.148086538
4253.00000000	-0.0147438527721	-0.00621343450132	0.0159996238352	-157.148204973
4253.00000000	-0.0147438687575	-0.00621343759675	0.0159996397681	-157.148216989
4253.00000000	-0.0147437971684	-0.00621343691280	0.0159995735322	-157.148119687
4253.00000000	-0.0147436760547	-0.00621342186417	0.0159994560804	-157.148000912
4253.00000000	-0.0147435311422	-0.00621338557959	0.0159993084507	-157.147919117
4253.00000000	-0.0147433871768	-0.00621333896890	0.0159991576837	-157.147872715
4253.00000000	-0.0147433036901	-0.00621330241060	0.0159990665522	-157.147877251
4253.00000000	-0.0147432984648	-0.00621328709563	0.0159990557895	-157.147920524
4253.00000000	-0.0147433394448	-0.00621328989406	0.0159990946398	-157.147968283
5260.00000000	-0.0514777979114	-0.0383170580394	0.0641728962615	-143.338162116
5260.00000000	-0.0514775501071	-0.0383167812552	0.0641725322142	-143.338228246
5260.00000000	-0.0514774720101	-0.0383166366520	0.0641723832258	-143.338290179
5260.00000000	-0.0514775606272	-0.0383166764030	0.0641724780471	-143.338308951
5260.00000000	-0.0514777921171	-0.0383168828939	0.0641727870359	-143.338284468
5260.00000000	-0.0514780911597	-0.0383171552679	0.0641731895520	-143.338248811
5260.00000000	-0.0514783574909	-0.0383173659879	0.0641735290148	-143.338239874
5260.00000000	-0.0514785025516	-0.0383174209703	0.0641736782082	-143.338277826
5260.00000000	-0.0514785409915	-0.0383173485480	0.0641736658012	-143.338350188
5260.00000000	-0.0514785875199	-0.0383172865338	0.0641736660972	-143.338419406
5260.00000000	-0.0514786537919	-0.0383173175097	0.0641737377544	-143.338432550
5260.00000000	-0.0514786147783	-0.0383174065603	0.0641737596296	-143.338347974
5260.00000000	-0.0514783922216	-0.0383174705948	0.0641736193346	-143.338183469
5260.00000000	-0.0514779935753	-0.0383174219440	0.0641732705024	-143.338005794
5260.00000000	-0.0514775098088	-0.0383172739392	0.0641727940661	-143.337853898
5260.00000000	-0.0514771016163	-0.0383171206806	0.0641723751163	-143.337746051
5260.00000000	-0.0514768426768	-0.0383170004203	0.0641720955960	-143.337694138
5260.00000000	-0.0514767283010	-0.0383169053575	0.0641719470855	-143.337701248
5260.00000000	-0.0514767153337	-0.0383168334900	0.0641718937717	-143.337745808
5260.00000000	-0.0514766947333	-0.0383167641806	0.0641718358623	-143.337784466
5260.00000000	-0.0514766482683	-0.0383167006545	0.0641717606583	-143.337805193
5260.00000000	-0.0514766915844	-0.0383166835450	0.0641717851892	-143.337840539
5260.00000000	-0.0514768897577	-0.0383167361795	0.0641719755857	-143.337908491
5260.00000000	-0.0514771624116	-0.0383168166076	0.0641722423240	-143.337996242
5260.00000000	-0.0514774041733	-0.0383168699553	0.0641724681120	-143.338086920
5260.00000000	-0.0514776068503	-0.0383169039804	0.0641726510102	-143.338170599
5260.00000000	-0.0514777859164	-0.0383169477008	0.0641728207574	-143.338234747
5260.00000000	-0.0514778792338	-0.0383170149287	0.0641729357553	-143.338236345
5260.00000000	-0.0514778613385	-0.0383171085342	0.0641729772911	-143.338159764
5260.00000000	-0.0514777631890	-0.0383171908198	0.0641729476903	-143.338048507
5260.00000000	-0.0514775650603	-0.0383171928183	0.0641727899504	-143.337941452
5260.00000000	-0.0514772313780	-0.0383170930558	0.0641724627125	-143.337835014
5260.00000000	-0.0514768817165	-0.0383169924314	0.0641721221422	-143.337720673
5260.00000000	-0.0514767262587	-0.0383170201213	0.0641720139726	-143.337617964
5260.00000000	-0.0514768468580	-0.0383171739988	0.0641722025934	-143.337572048
5260.00000000	-0.0514771564719	-0.0383173462908	0.0641725538311	-143.337613711
5260.00000000	-0.0514775020562	-0.0383174703859	0.0641729051448	-143.337709069
5260.00000000	-0.0514777244189	-0.0383175571499	0.0641731353237	-143.337765471
5260.00000000	-0.0514777648679	-0.0383176439070	0.0641732195731	-143.337724899
5260.00000000	-0.0514776444647	-0.0383177179985	0.0641731672293	-143.337607647
5260.00000000	-0.0514773779716	-0.0383177230443	0.0641729564703	-143.337461963
5260.00000000	-0.0514770197708	-0.0383176492685	0.0641726250822	-143.337323840
5260.00000000	-0.0514767180750	-0.0383175463310	0.0641723216083	-143.337236725
5260.00000000	-0.0514765773250	-0.0383174763553	0.0641721669210	-143.337211805
5260.00000000	-0.0514765451632	-0.0383174501792	0.0641721254921	-143.337213406
5260.00000000	-0.0514765164777	-0.0383174322229	0.0641720917599	-143.337210974
5260.00000000	-0.0514764910182	-0.0383174310599	0.0641720706428	-143.337198234
5260.00000000	-0.0514765782680	-0.0383174795205	0.0641721695674	-143.337210041
5260.00000000	-0.0514768814852	-0.0383176023204	0.0641724861216	-143.337283742
5260.00000000	-0.0514773631906	-0.0383177875419	0.0641729831249	-143.337407890
5260.00000000	-0.0514778160227	-0.0383179589789	0.0641734487368	-143.337526516
5260.00000000	-0.0514781038673	-0.0383180821335	0.0641737531718	-143.337591765
5260.00000000	-0.0514782822155	-0.0383181865025	0.0641739585556	-143.337612095
5260.00000000	-0.0514784339629	-0.0383182820163	0.0641741373137	-143.337624585
5260.00000000	-0.0514785154286	-0.0383183087733	0.0641742186394	-143.337648851
5260.00000000	-0.0514784168373	-0.0383182110188	0.0641740811836	-143.337666303
5260.00000000	-0.0514781559174	-0.0383180247415	0.0641737606561	-143.337660617
5260.00000000	-0.0514778851928	-0.0383178310886	0.0641734278596	-143.337654986
5260.00000000	-0.0514778127668	-0.0383177284269	0.0641733084627	-143.337689901
5260.00000000	-0.0514780053992	-0.0383177584723	0.0641734809265	-143.337771076
5260.00000000	-0.0514783048417	-0.0383178753147	0.0641737908964	-143.337847027
5260.00000000	-0.0514785380522	-0.0383180249738	0.0641740673317	-143.337864166
5260.00000000	-0.0514786624395	-0.0383181765343	0.0641742576075	-143.337821931
5260.00000000	-0.0514787190104	-0.0383182760793	0.0641743624249	-143.337780795
5260.00000000	-0.0514786854817	-0.0383182444379	0.0641743166362	-143.337785583
5260.00000000	-0.0514784974239	-0.0383180673160	0.0641740600231	-143.337812182
5260.00000000	-0.0514781681697	-0.0383177978282	0.0641736349953	-143.337829663
5260.00000000	-0.0514778430024	-0.0383175236773	0.0641732104616	-143.337852662
5260.00000000	-0.0514777656296	-0.0383173679485	0.0641730554105	-143.337922947
5260.00000000	-0.0514780726978	-0.0383174206586	0.0641733332047	-143.338048895
5260.00000000	-0.0514786228425	-0.0383176194642	0.0641738932213	-143.338199792
5260.00000000	-0.0514791424709	-0.0383178047429	0.0641744206818	-143.338344106
5260.00000000	-0.0514794767714	-0.0383178872055	0.0641747380871	-143.338463258
5260.00000000	-0.0514796099370	-0.0383178604620	0.0641748289414	-143.338553399
5260.00000000	-0.0514796133087	-0.0383177634565	0.0641747737255	-143.338624671
5260.00000000	-0.0514796212371	-0.0383176744852	0.0641747269622	-143.338692618
5260.00000000	-0.0514797669332	-0.0383176662304	0.0641748389078	-143.338776198
5260.00000000	-0.0514801082131	-0.0383177719081	0.0641751757741	-143.338882441
5260.00000000	-0.0514805671066	-0.0383179677727	0.0641756608369	-143.338986789
5260.00000000	-0.0514809853533	-0.0383181825926	0.0641761246115	-143.339055893
5260.00000000	-0.0514812313724	-0.0383183447120	0.0641764187618	-143.339070930
5260.00000000	-0.0514812350523	-0.0383183979455	0.0641764534983	-143.339034767
5260.00000000	-0.0514810356568	-0.0383183299020	0.0641762529194	-143.338977208
5260.00000000	-0.0514807664260	-0.0383181895873	0.0641759531682	-143.338934181
5260.00000000	-0.0514805703650	-0.0383180596682	0.0641757183196	-143.338922712
5260.00000000	-0.0514805175738	-0.0383180073500	0.0641756447333	-143.338932040
5260.00000000	-0.0514805409425	-0.0383180446651	0.0641756857594	-143.338917773
5260.00000000	-0.0514805279531	-0.0383181320099	0.0641757274915	-143.338848294
5260.00000000	-0.0514804974013	-0.0383182501237	0.0641757735070	-143.338747416
5260.00000000	-0.0514805200481	-0.0383183885649	0.0641758743347	-143.338660340
5260.00000000	-0.0514805583725	-0.0383184876311	0.0641759642287	-143.338609820
5260.00000000	-0.0514805147030	-0.0383184685586	0.0641759178100	-143.338600201
5260.00000000	-0.0514803404770	-0.0383183335540	0.0641756974406	-143.338604013
5260.00000000	-0.0514800556939	-0.0383181508760	0.0641753599195	-143.338583033
5260.00000000	-0.0514797760218	-0.0383179998811	0.0641750454159	-143.338542086
5260.00000000	-0.0514796272772	-0.0383179422445	0.0641748916824	-143.338504071
5260.00000000	-0.0514796694038	-0.0383179832120	0.0641749499366	-143.338497188
5260.00000000	-0.0514799101135	-0.0383180992704	0.0641752123253	-143.338542386
5260.00000000	-0.0514802162183	-0.0383182301865	0.0641755360438	-143.338611804
5260.00000000	-0.0514803939048	-0.0383183011801	0.0641757209692	-143.338655680
5270.00000000	0.0208401905462	-0.0273563379648	0.0343901551152	-52.6996743950
5270.00000000	0.0208401676158	-0.0273563095297	0.0343901186002	-52.6996760760
5270.00000000	0.0208401547159	-0.0273562899597	0.0343900952156	-52.6996734141
5270.00000000	0.0208401495771	-0.0273562857338	0.0343900887400	-52.6996759581
5270.00000000	0.0208401276370	-0.0273563038029	0.0343900898180	-52.6997232780
5270.00000000	0.0208400799560	-0.0273563423142	0.0343900915582	-52.6998253512
5270.00000000	0.0208400085103	-0.0273563754252	0.0343900746017	-52.6999534675
5270.00000000	0.0208399304554	-0.0273563854090	0.0343900352433	-52.7000669937
5270.00000000	0.0208398918060	-0.0273564046977	0.0343900271659	-52.7001376901
5270.00000000	0.0208399051965	-0.0273564530665	0.0343900737565	-52.7001687771
5270.00000000	0.0208399196179	-0.0273564870062	0.0343901094939	-52.7001839301
5270.00000000	0.0208398731374	-0.0273564367001	0.0343900413101	-52.7001947416
5270.00000000	0.0208397604076	-0.0273562887816	0.0343898553319	-52.7001948038
5270.00000000	0.0208396247214	-0.0273560927355	0.0343896171581	-52.7001767000
5270.00000000	0.0208395161145	-0.0273559227265	0.0343894161059	-52.7001489947
5270.00000000	0.0208394526976	-0.0273558294664	0.0343893034900	-52.7001388852
5270.00000000	0.0208394136786	-0.0273557918183	0.0343892498970	-52.7001525878
5270.00000000	0.0208393916689	-0.0273557794280	0.0343892267032	-52.7001692485
5270.00000000	0.0208393819617	-0.0273557822235	0.0343892230445	-52.7001849363
5270.00000000	0.0208393726429	-0.0273557908766	0.0343892242808	-52.7002060233
5270.00000000	0.0208393748920	-0.0273558051406	0.0343892369904	-52.7002174438
5270.00000000	0.0208394046994	-0.0273558390572	0.0343892820330	-52.7002121822
5270.00000000	0.0208394646810	-0.0273559104981	0.0343893752105	-52.7002048151
5270.00000000	0.0208395471312	-0.0273560156085	0.0343895087869	-52.7002016633
5270.00000000	0.0208396364122	-0.0273561432601	0.0343896644337	-52.7002122165
5270.00000000	0.0208397092502	-0.0273562741762	0.0343898127130	-52.7002478577
5270.00000000	0.0208397436004	-0.0273563642457	0.0343899051769	-52.7002932680
5270.00000000	0.0208397339657	-0.0273563796087	0.0343899115593	-52.7003215475
5270.00000000	0.0208396990139	-0.0273563463740	0.0343898639417	-52.7003343157
5270.00000000	0.0208396534326	-0.0273563062388	0.0343898043934	-52.7003542046
5270.00000000	0.0208395893960	-0.0273562545740	0.0343897244901	-52.7003869123
5270.00000000	0.0208395058922	-0.0273561658962	0.0343896033471	-52.7004080517
5270.00000000	0.0208394370078	-0.0273560662461	0.0343894823349	-52.7003987380
5270.00000000	0.0208394228038	-0.0273560189718	0.0343894361219	-52.7003698340
5270.00000000	0.0208394579749	-0.0273560410739	0.0343894750167	-52.7003455353
5270.00000000	0.0208395122738	-0.0273561115674	0.0343895639969	-52.7003447428
5270.00000000	0.0208395528462	-0.0273561928159	0.0343896532144	-52.7003730008
5270.00000000	0.0208395349502	-0.0273562187815	0.0343896630249	-52.7004229342
5270.00000000	0.0208394515422	-0.0273561586534	0.0343895646505	-52.7004727710
5270.00000000	0.0208393489572	-0.0273560251012	0.0343893962480	-52.7004738938
5270.00000000	0.0208392670417	-0.0273558407389	0.0343891999524	-52.7003963234
5270.00000000	0.0208392251829	-0.0273556607593	0.0343890314171	-52.7002700877
5270.00000000	0.0208392266204	-0.0273555526334	0.0343889462766	-52.7001590147
5270.00000000	0.0208392618889	-0.0273555418540	0.0343889590742	-52.7001013882
5270.00000000	0.0208393185311	-0.0273556035247	0.0343890424560	-52.7000885829
5270.00000000	0.0208393734317	-0.0273556981851	0.0343891510250	-52.7001113935
5270.00000000	0.0208394064463	-0.0273557967759	0.0343892494579	-52.7001671783
5270.00000000	0.0208394266490	-0.0273559137379	0.0343893547408	-52.7002584912
5270.00000000	0.0208394631358	-0.0273560910971	0.0343895179364	-52.7003891997
5270.00000000	0.0208395324253	-0.0273563283254	0.0343897486346	-52.7005368771
5270.00000000	0.0208396200370	-0.0273565538494	0.0343899811254	-52.7006484531
5270.00000000	0.0208397014249	-0.0273567095948	0.0343901543371	-52.7006978281
5270.00000000	0.0208397612044	-0.0273567994410	0.0343902620332	-52.7007093097
5270.00000000	0.0208398037007	-0.0273568381521	0.0343903185790	-52.7006920713
5270.00000000	0.0208398268579	-0.0273568074201	0.0343903081650	-52.7006303543
5270.00000000	0.0208398213027	-0.0273566969791	0.0343902169452	-52.7005262162
5270.00000000	0.0208398084178	-0.0273565502162	0.0343900923905	-52.7003951213
5270.00000000	0.0208398295124	-0.0273564431157	0.0343900199774	-52.7002590354
5270.00000000	0.0208398983823	-0.0273564398445	0.0343900591094	-52.7001644588
5270.00000000	0.0208399814711	-0.0273565399511	0.0343901890924	-52.7001554091
5270.00000000	0.0208400368241	-0.0273566741144	0.0343903293592	-52.7002175012
5270.00000000	0.0208400378125	-0.0273567445582	0.0343903859944	-52.7002873111
5270.00000000	0.0208399871319	-0.0273566850259	0.0343903079262	-52.7002943744
5270.00000000	0.0208399129613	-0.0273565188635	0.0343901308017	-52.7002249153
5270.00000000	0.0208398328716	-0.0273563168022	0.0343899215338	-52.7001270562
5270.00000000	0.0208397391373	-0.0273561184662	0.0343897069608	-52.7000510404
5270.00000000	0.0208396190186	-0.0273559418468	0.0343894936742	-52.7000319174
5270.00000000	0.0208394929412	-0.0273558301562	0.0343893284258	-52.7000862455
5270.00000000	0.0208394299410	-0.0273558625939	0.0343893160520	-52.7002024918
5270.00000000	0.0208394718229	-0.0273560570554	0.0343894961213	-52.7003433172
5270.00000000	0.0208395876966	-0.0273563336314	0.0343897863489	-52.7004689817
5270.00000000	0.0208397120015	-0.0273566051221	0.0343900776404	-52.7005783359
5270.00000000	0.0208397912687	-0.0273568175966	0.0343902946940	-52.7006877949
5270.00000000	0.0208398082055	-0.0273569341515	0.0343903976745	-52.7007830205
5270.00000000	0.0208397835888	-0.0273569723333	0.0343904131303	-52.7008541928
5270.00000000	0.0208397599054	-0.0273570113862	0.0343904298446	-52.7009250076
5270.00000000	0.0208397699225	-0.0273571150761	0.0343905183984	-52.7010164147
5270.00000000	0.0208398283212	-0.0273573048024	0.0343907047108	-52.7011305609
5270.00000000	0.0208399257032	-0.0273575552050	0.0343909629133	-52.7012542976
5270.00000000	0.0208400314369	-0.0273577935702	0.0343912166013	-52.7013548118
5270.00000000	0.0208401228511	-0.0273579412684	0.0343913894877	-52.7013827701
5270.00000000	0.0208401780634	-0.0273579583593	0.0343914365403	-52.7013268524
5270.00000000	0.0208401882119	-0.0273578645407	0.0343913680585	-52.7012186891
5270.00000000	0.0208401720666	-0.0273577263255	0.0343912483267	-52.7011005513
5270.00000000	0.0208401472916	-0.0273576091749	0.0343911401221	-52.7010151153
5270.00000000	0.0208401208872	-0.0273575403601	0.0343910693807	-52.7009806362
5270.00000000	0.0208400937355	-0.0273575022599	0.0343910226194	-52.7009781554
5270.00000000	0.0208400708638	-0.0273574592473	0.0343909745439	-52.7009650431
5270.00000000	0.0208400754542	-0.0273574234078	0.0343909488158	-52.7009227772
5270.00000000	0.0208401175209	-0.0273574281654	0.0343909780918	-52.7008718300
5270.00000000	0.0208401639580	-0.0273574524332	0.0343910255362	-52.7008347875
5270.00000000	0.0208401740577	-0.0273574289358	0.0343910129646	-52.7007976806
5270.00000000	0.0208401349394	-0.0273573086769	0.0343908935960	-52.7007281139
5270.00000000	0.0208400675156	-0.0273571241268	0.0343907059326	-52.7006311530
5270.00000000	0.0208400243741	-0.0273569814081	0.0343905662599	-52.7005442420
5270.00000000	0.0208400529726	-0.0273569548940	0.0343905624987	-52.7004795723
5270.00000000	0.0208401546672	-0.0273570500624	0.0343906998281	-52.7004408781
5270.00000000	0.0208402722561	-0.0273572220706	0.0343909079137	-52.7004586953
5270.00000000	0.0208403214146	-0.0273573604242	0.0343910477602	-52.7005332246
5270.00000000	0.0208402688940	-0.0273573760883	0.0343910283942	-52.7006186430
5274.00000000	0.0113724425178	-0.0311819099364	0.0331910222214	-69.9624386545
5274.00000000	0.0113724187080	-0.0311818344270	0.0331909431246	-69.9624326063
5274.00000000	0.0113724295594	-0.0311818069331	0.0331909210131	-69.9623987460
5274.00000000	0.0113724761184	-0.0311818403839	0.0331909683919	-69.9623430242
5274.00000000	0.0113725416120	-0.0311819467843	0.0331910907922	-69.9622997432
5274.00000000	0.0113725959326	-0.0311820933001	0.0331912470513	-69.9622983096
5274.00000000	0.0113726126804	-0.0311822268475	0.0331913782532	-69.9623501386
5274.00000000	0.0113725973365	-0.0311823275039	0.0331914675593	-69.9624345573
5274.00000000	0.0113725757451	-0.0311824066458	0.0331915345126	-69.9625163821
5274.00000000	0.0113725594172	-0.0311824714537	0.0331915898032	-69.9625811929
5274.00000000	0.0113725497100	-0.0311825051257	0.0331916181109	-69.9626168508
5274.00000000	0.0113725466904	-0.0311824799261	0.0331915934020	-69.9626068434
5274.00000000	0.0113725471461	-0.0311823968149	0.0331915154778	-69.9625569473
5274.00000000	0.0113725425694	-0.0311822722662	0.0331913969000	-69.9624907035
5274.00000000	0.0113725367088	-0.0311821441852	0.0331912745640	-69.9624244522
5274.00000000	0.0113725369523	-0.0311820587224	0.0331911943578	-69.9623735086
5274.00000000	0.0113725355960	-0.0311820254114	0.0331911625985	-69.9623560057
5274.00000000	0.0113725272581	-0.0311820325278	0.0331911664273	-69.9623737367
5274.00000000	0.0113725124707	-0.0311820601977	0.0331911873555	-69.9624140841
5274.00000000	0.0113724908484	-0.0311820699277	0.0331911890880	-69.9624549048
5274.00000000	0.0113724670537	-0.0311820694848	0.0331911805190	-69.9624932317
5274.00000000	0.0113724407471	-0.0311821046278	0.0331912045212	-69.9625566802
5274.00000000	0.0113724120416	-0.0311821791273	0.0331912646757	-69.9626472970
5274.00000000	0.0113724003429	-0.0311822643428	0.0331913407247	-69.9627166709
5274.00000000	0.0113724174206	-0.0311823643009	0.0331914404837	-69.9627480965
5274.00000000	0.0113724431003	-0.0311825041730	0.0331915806880	-69.9627891790
5274.00000000	0.0113724565708	-0.0311826544911	0.0331917265229	-69.9628562395
5274.00000000	0.0113724615932	-0.0311827317055	0.0331918007843	-69.9628937628
5274.00000000	0.0113724733246	-0.0311827215092	0.0331917952247	-69.9628687072
5274.00000000	0.0113724825116	-0.0311826638019	0.0331917441581	-69.9628196776
5274.00000000	0.0113724605550	-0.0311825423607	0.0331916225447	-69.9627834585
5274.00000000	0.0113724065349	-0.0311823452451	0.0331914188515	-69.9627544795
5274.00000000	0.0113723510065	-0.0311821659679	0.0331912314003	-69.9627384969
5274.00000000	0.0113723108629	-0.0311821056344	0.0331911609642	-69.9627679147
5274.00000000	0.0113722696688	-0.0311821434793	0.0331911824041	-69.9628571049
5274.00000000	0.0113722099980	-0.0311821913191	0.0331912069033	-69.9629821711
5274.00000000	0.0113721432880	-0.0311821971653	0.0331911895390	-69.9630938156
5274.00000000	0.0113720976872	-0.0311821452540	0.0331911251458	-69.9631370656
5274.00000000	0.0113720814983	-0.0311820491707	0.0331910293315	-69.9631064914
5274.00000000	0.0113720781287	-0.0311819260384	0.0331909124977	-69.9630391288
5274.00000000	0.0113720751244	-0.0311817948004	0.0331907881739	-69.9629663789
5274.00000000	0.0113720755158	-0.0311816984994	0.0331906978360	-69.9629087855
5274.00000000	0.0113720824856	-0.0311816656868	0.0331906693976	-69.9628780745
5274.00000000	0.0113720942357	-0.0311816865737	0.0331906930462	-69.9628713724
5274.00000000	0.0113721126587	-0.0311817369435	0.0331907466794	-69.9628712866
5274.00000000	0.0113721342371	-0.0311817860456	0.0331908002027	-69.9628653337
5274.00000000	0.0113721578313	-0.0311818268409	0.0331908466128	-69.9628511984
5274.00000000	0.0113721780776	-0.0311818923976	0.0331909151384	-69.9628571382
5274.00000000	0.0113721834726	-0.0311820267030	0.0331910431629	-69.9629278253
5274.00000000	0.0113721807716	-0.0311822343493	0.0331912373152	-69.9630550191
5274.00000000	0.0113721877855	-0.0311824229241	0.0331914168792	-69.9631551768
5274.00000000	0.0113722163365	-0.0311825159524	0.0331915140590	-69.9631638958
5274.00000000	0.0113722693786	-0.0311825523083	0.0331915663879	-69.9630993782
5274.00000000	0.0113723389125	-0.0311825851246	0.0331916210419	-69.9630060220
5274.00000000	0.0113723977613	-0.0311826026550	0.0331916576745	-69.9629209537
5274.00000000	0.0113724250265	-0.0311825639095	0.0331916306160	-69.9628538210
5274.00000000	0.0113724295124	-0.0311824644795	0.0331915387415	-69.9627877380
5274.00000000	0.0113724195839	-0.0311823548788	0.0331914323732	-69.9627390154
5274.00000000	0.0113723938007	-0.0311823204441	0.0331913911886	-69.9627604622
5274.00000000	0.0113723711214	-0.0311824081867	0.0331914658496	-69.9628491380
5274.00000000	0.0113723811468	-0.0311825773857	0.0331916282421	-69.9629329524
5274.00000000	0.0113724129334	-0.0311827248176	0.0331917776411	-69.9629686014
5274.00000000	0.0113724337173	-0.0311827658532	0.0331918233140	-69.9629591661
5274.00000000	0.0113724413244	-0.0311827011380	0.0331917651224	-69.9629085540
5274.00000000	0.0113724541284	-0.0311825785901	0.0331916543793	-69.9628153086
5274.00000000	0.0113724780132	-0.0311824418152	0.0331915340670	-69.9626956780
5274.00000000	0.0113724972475	-0.0311823091608	0.0331914160325	-69.9625860254
5274.00000000	0.0113724993268	-0.0311821949732	0.0331913094693	-69.9625151155
5274.00000000	0.0113724899426	-0.0311821476901	0.0331912618330	-69.9625023678
5274.00000000	0.0113724754861	-0.0311822083886	0.0331913139040	-69.9625617136
5274.00000000	0.0113724662863	-0.0311823850362	0.0331914767068	-69.9626811134
5274.00000000	0.0113724679810	-0.0311826429480	0.0331917195878	-69.9628309081
5274.00000000	0.0113724682486	-0.0311829156724	0.0331919758962	-69.9629917757
5274.00000000	0.0113724563348	-0.0311831409056	0.0331921834146	-69.9631443076
5274.00000000	0.0113724344074	-0.0311832982900	0.0331923237601	-69.9632729489
5274.00000000	0.0113724169177	-0.0311834270343	0.0331924387196	-69.9633774543
5274.00000000	0.0113724222398	-0.0311835839882	0.0331925879972	-69.9634616490
5274.00000000	0.0113724453593	-0.0311837747032	0.0331927750903	-69.9635369481
5274.00000000	0.0113724492845	-0.0311839478912	0.0331929391408	-69.9636330075
5274.00000000	0.0113724246730	-0.0311840568146	0.0331930330395	-69.9637373367
5274.00000000	0.0113724044682	-0.0311840817275	0.0331930495221	-69.9637848357
5274.00000000	0.0113724078094	-0.0311840003211	0.0331929741875	-69.9637312735
5274.00000000	0.0113724280831	-0.0311838140329	0.0331928061204	-69.9635882244
5274.00000000	0.0113724497273	-0.0311835864873	0.0331925997628	-69.9634185511
5274.00000000	0.0113724630733	-0.0311833942377	0.0331924237220	-69.9632832075
5274.00000000	0.0113724633438	-0.0311832618304	0.0331922994215	-69.9632044596
5274.00000000	0.0113724487024	-0.0311831713232	0.0331922093761	-69.9631746748
5274.00000000	0.0113724301698	-0.0311831034676	0.0331921392778	-69.9631645973
5274.00000000	0.0113724358300	-0.0311830926777	0.0331921310803	-69.9631490366
5274.00000000	0.0113724833398	-0.0311831770111	0.0331922265872	-69.9631218675
5274.00000000	0.0113725525533	-0.0311833059598	0.0331923714453	-69.9630858887
5274.00000000	0.0113726071465	-0.0311833731728	0.0331924532950	-69.9630371073
5274.00000000	0.0113726211651	-0.0311833086210	0.0331923974536	-69.9629761954
5274.00000000	0.0113725929328	-0.0311831294300	0.0331922194356	-69.9629159995
5274.00000000	0.0113725517744	-0.0311829463442	0.0331920333298	-69.9628744617
5274.00000000	0.0113725327510	-0.0311828835593	0.0331919678272	-69.9628681784
5274.00000000	0.0113725496996	-0.0311829928029	0.0331920762655	-69.9629053041
5274.00000000	0.0113725924843	-0.0311832291207	0.0331923129385	-69.9629756877
5274.00000000	0.0113726331145	-0.0311834657361	0.0331925491530	-69.9630497400
5274.00000000	0.0113726402199	-0.0311835916229	0.0331926698546	-69.9631126702
