DevNumber	X [V]	Y [V]	R [V]	Theta [°]
4253.00000000	-0.0218206337622	-0.0111816652341	0.0245187621056	-152.867791729
4253.00000000	-0.0218206924779	-0.0111816674266	0.0245188153599	-152.867849742
4253.00000000	-0.0218206896570	-0.0111816638768	0.0245188112306	-152.867854119
4253.00000000	-0.0218206262335	-0.0111816654132	0.0245187554871	-152.867783334
4253.00000000	-0.0218205209688	-0.0111816770948	0.0245186671334	-152.867646859
4253.00000000	-0.0218204248025	-0.0111817029787	0.0245185933541	-152.867490544
4253.00000000	-0.0218203354634	-0.0111817277783	0.0245185251564	-152.867343759
4253.00000000	-0.0218202068982	-0.0111817219396	0.0245184080767	-152.867218887
4253.00000000	-0.0218200460579	-0.0111816816861	0.0245182465788	-152.867131189
4253.00000000	-0.0218199191790	-0.0111816284046	0.0245181093634	-152.867106778
4253.00000000	-0.0218198592195	-0.0111815708323	0.0245180297462	-152.867162610
4253.00000000	-0.0218198235677	-0.0111815033345	0.0245179672352	-152.867264990
4253.00000000	-0.0218197384497	-0.0111814307294	0.0245178583724	-152.867325275
4253.00000000	-0.0218195871579	-0.0111813709643	0.0245176964738	-152.867288331
4253.00000000	-0.0218194142213	-0.0111813361864	0.0245175267079	-152.867176351
4253.00000000	-0.0218192727391	-0.0111813274565	0.0245173968144	-152.867043719
4253.00000000	-0.0218191975577	-0.0111813323462	0.0245173321366	-152.866953422
4253.00000000	-0.0218191517784	-0.0111813293820	0.0245172900435	-152.866910796
4253.00000000	-0.0218190089798	-0.0111813021623	0.0245171505462	-152.866815213
4253.00000000	-0.0218186640150	-0.0111812500125	0.0245168197620	-152.866556007
4253.00000000	-0.0218181427797	-0.0111811816957	0.0245163247341	-152.866142540
4253.00000000	-0.0218175734689	-0.0111811148996	0.0245157876167	-152.865674650
4253.00000000	-0.0218171242950	-0.0111810786890	0.0245153713648	-152.865271183
4253.00000000	-0.0218169323883	-0.0111810925446	0.0245152068996	-152.865037803
4253.00000000	-0.0218170453404	-0.0111811541297	0.0245153355077	-152.865030113
4253.00000000	-0.0218173877311	-0.0111812434078	0.0245156809319	-152.865209389
4253.00000000	-0.0218178290400	-0.0111813333410	0.0245161146860	-152.865492734
4253.00000000	-0.0218182665688	-0.0111813995568	0.0245165342598	-152.865821368
4253.00000000	-0.0218186592362	-0.0111814346257	0.0245168997052	-152.866166955
4253.00000000	-0.0218189801789	-0.0111814412049	0.0245171883271	-152.866495339
4253.00000000	-0.0218192049381	-0.0111814239535	0.0245173804832	-152.866770766
4253.00000000	-0.0218193919351	-0.0111814054213	0.0245175384493	-152.867008607
4253.00000000	-0.0218195998772	-0.0111814022752	0.0245177220729	-152.867236768
4253.00000000	-0.0218197888658	-0.0111814048138	0.0245178914216	-152.867432903
4253.00000000	-0.0218198941698	-0.0111814082688	0.0245179867129	-152.867537944
4253.00000000	-0.0218199262321	-0.0111814269005	0.0245180237439	-152.867533365
4253.00000000	-0.0218199167714	-0.0111814596444	0.0245180302571	-152.867455185
4253.00000000	-0.0218198580020	-0.0111814867824	0.0245179903314	-152.867336112
4253.00000000	-0.0218197398313	-0.0111815001039	0.0245178912405	-152.867182467
4253.00000000	-0.0218195852950	-0.0111815065021	0.0245177566286	-152.867004462
4253.00000000	-0.0218193891146	-0.0111814993402	0.0245175787718	-152.866810273
4253.00000000	-0.0218191068716	-0.0111814610456	0.0245173101255	-152.866589105
4253.00000000	-0.0218187715463	-0.0111813957037	0.0245169819038	-152.866367608
4253.00000000	-0.0218184721147	-0.0111813253445	0.0245166833376	-152.866194797
4253.00000000	-0.0218182516208	-0.0111812759949	0.0245164646036	-152.866062422
4253.00000000	-0.0218181195336	-0.0111812675925	0.0245163432216	-152.865939112
4253.00000000	-0.0218181232635	-0.0111813082901	0.0245163651021	-152.865858443
4253.00000000	-0.0218182644243	-0.0111813778872	0.0245165224685	-152.865864151
4253.00000000	-0.0218184708458	-0.0111814342654	0.0245167318842	-152.865966911
4253.00000000	-0.0218187111454	-0.0111814506543	0.0245169532116	-152.866188946
4253.00000000	-0.0218189761549	-0.0111814243120	0.0245171770417	-152.866526184
4253.00000000	-0.0218192169913	-0.0111813701079	0.0245173666531	-152.866895599
4253.00000000	-0.0218193977713	-0.0111813210050	0.0245175051447	-152.867190392
4253.00000000	-0.0218195379312	-0.0111813099341	0.0245176248314	-152.867362794
4253.00000000	-0.0218196636360	-0.0111813433303	0.0245177519332	-152.867427309
4253.00000000	-0.0218197439423	-0.0111814034054	0.0245178507994	-152.867387955
4253.00000000	-0.0218197427110	-0.0111814669589	0.0245178786874	-152.867254469
4253.00000000	-0.0218196729919	-0.0111815126635	0.0245178374846	-152.867085112
4253.00000000	-0.0218195586764	-0.0111815285840	0.0245177430101	-152.866930168
4253.00000000	-0.0218194035670	-0.0111815214881	0.0245176017345	-152.866779614
4253.00000000	-0.0218192289119	-0.0111815138322	0.0245174428090	-152.866609392
4253.00000000	-0.0218190720823	-0.0111815245093	0.0245173081084	-152.866420037
4253.00000000	-0.0218189792959	-0.0111815547260	0.0245172393145	-152.866258301
4253.00000000	-0.0218190159501	-0.0111815948996	0.0245172902567	-152.866213816
4253.00000000	-0.0218191656005	-0.0111816295503	0.0245174392403	-152.866301250
4253.00000000	-0.0218193275416	-0.0111816412054	0.0245175886746	-152.866449607
4253.00000000	-0.0218194341124	-0.0111816254278	0.0245176763213	-152.866596002
4253.00000000	-0.0218195094799	-0.0111815912917	0.0245177278262	-152.866747321
4253.00000000	-0.0218196289230	-0.0111815536400	0.0245178169531	-152.866952925
4253.00000000	-0.0218198334425	-0.0111815315246	0.0245179888795	-152.867216887
4253.00000000	-0.0218200259671	-0.0111815290165	0.0245181590734	-152.867427284
4253.00000000	-0.0218200234680	-0.0111815249170	0.0245181549798	-152.867433146
4253.00000000	-0.0218197682899	-0.0111814984190	0.0245179157988	-152.867216301
4253.00000000	-0.0218194186152	-0.0111814603903	0.0245175872624	-152.866922720
4253.00000000	-0.0218191595373	-0.0111814361222	0.0245173456285	-152.866697071
4253.00000000	-0.0218190253959	-0.0111814303835	0.0245172236326	-152.866566038
4253.00000000	-0.0218189582592	-0.0111814292771	0.0245171633798	-152.866496784
4253.00000000	-0.0218189012372	-0.0111814217971	0.0245171092220	-152.866451566
4253.00000000	-0.0218188365870	-0.0111813977701	0.0245170407289	-152.866432632
4253.00000000	-0.0218187958475	-0.0111813617109	0.0245169880276	-152.866464207
4253.00000000	-0.0218188175498	-0.0111813345283	0.0245169949445	-152.866543871
4253.00000000	-0.0218189024392	-0.0111813341302	0.0245170703099	-152.866635175
4253.00000000	-0.0218190239945	-0.0111813639012	0.0245171920652	-152.866702812
4253.00000000	-0.0218191459960	-0.0111814146674	0.0245173237927	-152.866727259
4253.00000000	-0.0218192627020	-0.0111814732434	0.0245174543693	-152.866729820
4253.00000000	-0.0218194032578	-0.0111815292763	0.0245176050111	-152.866763087
4253.00000000	-0.0218195723876	-0.0111815785365	0.0245177779937	-152.866840894
4253.00000000	-0.0218197475817	-0.0111816180611	0.0245179519331	-152.866945409
4253.00000000	-0.0218198952614	-0.0111816380269	0.0245180924662	-152.867061276
4253.00000000	-0.0218199773175	-0.0111816258465	0.0245181599373	-152.867174059
4253.00000000	-0.0218200284726	-0.0111815993491	0.0245181933786	-152.867283683
4253.00000000	-0.0218201663376	-0.0111815987943	0.0245183158189	-152.867431764
4253.00000000	-0.0218204167741	-0.0111816336413	0.0245185545880	-152.867626188
4253.00000000	-0.0218206683812	-0.0111816734093	0.0245187966433	-152.867811621
4253.00000000	-0.0218208226362	-0.0111816974829	0.0245189449022	-152.867925943
4253.00000000	-0.0218208683848	-0.0111817209868	0.0245189963353	-152.867925817
4253.00000000	-0.0218207992645	-0.0111817498753	0.0245189479957	-152.867792079
4253.00000000	-0.0218206144464	-0.0111817645338	0.0245187902007	-152.867564635
4253.00000000	-0.0218203747988	-0.0111817538114	0.0245185720355	-152.867331539
4253.00000000	-0.0218201403243	-0.0111817326859	0.0245183537301	-152.867125588
5260.00000000	0.000705814427325	0.00755824016698	0.00759112431907	84.6649953230
5260.00000000	0.000705856604492	0.00755828536595	0.00759117324392	84.6647100816
5260.00000000	0.000705875091768	0.00755830819491	0.00759119769301	84.6645871720
5260.00000000	0.000705863907136	0.00755829518821	0.00759118370266	84.6646620958
5260.00000000	0.000705827215743	0.00755825500342	0.00759114028030	84.6649096296
5260.00000000	0.000705777731105	0.00755821339635	0.00759109425251	84.6652523104
5260.00000000	0.000705730344561	0.00755818983415	0.00759106638677	84.6655918900
5260.00000000	0.000705697017630	0.00755817832280	0.00759105182699	84.6658342682
5260.00000000	0.000705674106168	0.00755816020282	0.00759103165555	84.6659937366
5260.00000000	0.000705653601130	0.00755813889768	0.00759100853652	84.6661328863
5260.00000000	0.000705630607257	0.00755812758513	0.00759099513549	84.6662977520
5260.00000000	0.000705603872345	0.00755812406469	0.00759098914515	84.6664961999
5260.00000000	0.000705577687158	0.00755810875158	0.00759097146440	84.6666822433
5260.00000000	0.000705557242043	0.00755806367701	0.00759092468462	84.6668042703
5260.00000000	0.000705548064238	0.00755799432717	0.00759085478194	84.6668245909
5260.00000000	0.000705551592778	0.00755792778657	0.00759078885737	84.6667513896
5260.00000000	0.000705565196579	0.00755788451688	0.00759074703946	84.6666187938
5260.00000000	0.000705582155096	0.00755785551917	0.00759071974363	84.6664709979
5260.00000000	0.000705591448380	0.00755782127182	0.00759068650840	84.6663771254
5260.00000000	0.000705582744154	0.00755777458072	0.00759063921036	84.6664097818
5260.00000000	0.000705552318241	0.00755772546040	0.00759058747453	84.6666039854
5260.00000000	0.000705506700360	0.00755768608886	0.00759054403334	84.6669192086
5260.00000000	0.000705462913000	0.00755766851858	0.00759052246940	84.6672359723
5260.00000000	0.000705439123037	0.00755768005272	0.00759053174262	84.6674228611
5260.00000000	0.000705440027097	0.00755771881326	0.00759057041942	84.6674432575
5260.00000000	0.000705453036924	0.00755777004100	0.00759062263454	84.6673814179
5260.00000000	0.000705472536409	0.00755781076378	0.00759066499332	84.6672634365
5260.00000000	0.000705503444314	0.00755783472535	0.00759069172379	84.6670479579
5260.00000000	0.000705541579551	0.00755785235606	0.00759071282269	84.6667737225
5260.00000000	0.000705567471887	0.00755786798183	0.00759073078749	84.6665900928
5260.00000000	0.000705567928478	0.00755786889006	0.00759073173423	84.6665872985
5260.00000000	0.000705553203220	0.00755785272440	0.00759071426984	84.6666866237
5260.00000000	0.000705539102464	0.00755783243084	0.00759069275348	84.6667783598
5260.00000000	0.000705532095991	0.00755781835509	0.00759067808743	84.6668211415
5260.00000000	0.000705525071998	0.00755781661339	0.00759067570041	84.6668727084
5260.00000000	0.000705508219818	0.00755782662930	0.00759068410664	84.6670063878
5260.00000000	0.000705479966886	0.00755783221915	0.00759068704641	84.6672226442
5260.00000000	0.000705447057001	0.00755781957538	0.00759067139878	84.6674611089
5260.00000000	0.000705417712200	0.00755779031150	0.00759063953440	84.6676611224
5260.00000000	0.000705391765728	0.00755775531653	0.00759060227964	84.6678315772
5260.00000000	0.000705366584406	0.00755772282420	0.00759056758786	84.6679980384
5260.00000000	0.000705343198177	0.00755769519064	0.00759053790070	84.6681544179
5260.00000000	0.000705325665494	0.00755767743439	0.00759051859207	84.6682737333
5260.00000000	0.000705315783632	0.00755767018730	0.00759051045811	84.6683429191
5260.00000000	0.000705310532171	0.00755766882228	0.00759050861103	84.6683814300
5260.00000000	0.000705309404945	0.00755767239235	0.00759051206091	84.6683924059
5260.00000000	0.000705319175836	0.00755768778597	0.00759052829585	84.6683297680
5260.00000000	0.000705342234247	0.00755772051391	0.00759056302482	84.6681794247
5260.00000000	0.000705373722813	0.00755777355739	0.00759061876487	84.6679799751
5260.00000000	0.000705411705421	0.00755784305765	0.00759069149408	84.6677432662
5260.00000000	0.000705453435563	0.00755791084334	0.00759076286453	84.6674771948
5260.00000000	0.000705497493109	0.00755796269310	0.00759081858452	84.6671824578
5260.00000000	0.000705546750978	0.00755800295348	0.00759086324884	84.6668405124
5260.00000000	0.000705593980313	0.00755803940110	0.00759090392863	84.6665111409
5260.00000000	0.000705623991168	0.00755807672365	0.00759094387922	84.6663117877
5260.00000000	0.000705630078637	0.00755810887733	0.00759097645955	84.6662885989
5260.00000000	0.000705616177689	0.00755812158588	0.00759098782090	84.6664019837
5260.00000000	0.000705591928455	0.00755810538064	0.00759096943179	84.6665728520
5260.00000000	0.000705567301508	0.00755805781406	0.00759091978206	84.6667245576
5260.00000000	0.000705545331451	0.00755798701830	0.00759084725070	84.6668400010
5260.00000000	0.000705526375762	0.00755791947268	0.00759077823562	84.6669350727
5260.00000000	0.000705510784587	0.00755787647594	0.00759073397589	84.6670220825
5260.00000000	0.000705501065631	0.00755786164081	0.00759071830167	84.6670847173
5260.00000000	0.000705508315897	0.00755788667382	0.00759074390017	84.6670477901
5260.00000000	0.000705537640125	0.00755796266704	0.00759082228998	84.6668807201
5260.00000000	0.000705577627004	0.00755807034678	0.00759093322027	84.6666557515
5260.00000000	0.000705611567079	0.00755817620311	0.00759104177309	84.6664749527
5260.00000000	0.000705631117328	0.00755825554065	0.00759112258441	84.6663836936
5260.00000000	0.000705640013357	0.00755830077941	0.00759116845423	84.6663485791
5260.00000000	0.000705642190386	0.00755831776756	0.00759118557119	84.6663441376
5260.00000000	0.000705633498016	0.00755830792347	0.00759117496172	84.6664025541
5260.00000000	0.000705614935375	0.00755826094524	0.00759112646142	84.6665090937
5260.00000000	0.000705595580744	0.00755817641195	0.00759104049507	84.6665952388
5260.00000000	0.000705580840541	0.00755809349575	0.00759095656772	84.6666478418
5260.00000000	0.000705574901299	0.00755805405657	0.00759091674723	84.6666648070
5260.00000000	0.000705581520565	0.00755805571392	0.00759091901267	84.6666162242
5260.00000000	0.000705596047560	0.00755807736299	0.00759094191832	84.6665222391
5260.00000000	0.000705607883604	0.00755810338847	0.00759096893132	84.6664515480
5260.00000000	0.000705612451544	0.00755812551155	0.00759099138322	84.6664327407
5260.00000000	0.000705618073244	0.00755814962278	0.00759101591262	84.6664074092
5260.00000000	0.000705629752825	0.00755817868618	0.00759104593585	84.6663400265
5260.00000000	0.000705641753337	0.00755820314068	0.00759107140000	84.6662669989
5260.00000000	0.000705654895807	0.00755821255586	0.00759108199610	84.6661748379
5260.00000000	0.000705677051099	0.00755820403477	0.00759107557146	84.6660023600
5260.00000000	0.000705703969045	0.00755818390446	0.00759105803071	84.6657859440
5260.00000000	0.000705724660258	0.00755816750298	0.00759104362385	84.6656189383
5260.00000000	0.000705736945882	0.00755817517228	0.00759105240211	84.6655319920
5260.00000000	0.000705738654178	0.00755820727024	0.00759108451988	84.6655416776
5260.00000000	0.000705727356020	0.00755824072655	0.00759111678092	84.6656500604
5260.00000000	0.000705704493387	0.00755825165486	0.00759112553645	84.6658295424
5260.00000000	0.000705674431874	0.00755823561597	0.00759110677242	84.6660442026
5260.00000000	0.000705650290291	0.00755821102445	0.00759108004320	84.6662083743
5260.00000000	0.000705646308923	0.00755820359316	0.00759107227399	84.6662330807
5260.00000000	0.000705659995650	0.00755821262945	0.00759108254344	84.6661365637
5260.00000000	0.000705676824134	0.00755821725397	0.00759108871232	84.6660133409
5260.00000000	0.000705690364853	0.00755821565560	0.00759108837964	84.6659104598
5260.00000000	0.000705701324633	0.00755821062659	0.00759108439128	84.6658245674
5260.00000000	0.000705704882689	0.00755820297586	0.00759107710445	84.6657924599
5260.00000000	0.000705695353406	0.00755819635054	0.00759106962194	84.6658594246
5260.00000000	0.000705670621027	0.00755818335958	0.00759105438806	84.6660361759
5270.00000000	0.00844703884173	-0.0186967546770	0.0205163617790	-65.6869417598
5270.00000000	0.00844704950712	-0.0186968001183	0.0205164075812	-65.6869668652
5270.00000000	0.00844705186460	-0.0186967304349	0.0205163450488	-65.6868807427
5270.00000000	0.00844702933065	-0.0186965558944	0.0205161767108	-65.6867374013
5270.00000000	0.00844697988519	-0.0186963589380	0.0205159768649	-65.6866367736
5270.00000000	0.00844692740240	-0.0186962245449	0.0205158327828	-65.6866158130
5270.00000000	0.00844689329270	-0.0186961822135	0.0205157801620	-65.6866539494
5270.00000000	0.00844687611755	-0.0186962165348	0.0205158043679	-65.6867371259
5270.00000000	0.00844687324292	-0.0186962959445	0.0205158755510	-65.6868357510
5270.00000000	0.00844688235979	-0.0186963866561	0.0205159619710	-65.6869168518
5270.00000000	0.00844689937000	-0.0186964662362	0.0205160414965	-65.6869650636
5270.00000000	0.00844692037402	-0.0186965143903	0.0205160940277	-65.6869669765
5270.00000000	0.00844693291381	-0.0186964880836	0.0205160752170	-65.6869048141
5270.00000000	0.00844691945573	-0.0186963670820	0.0205159594061	-65.6867999336
5270.00000000	0.00844687431740	-0.0186961941316	0.0205157832105	-65.6867159471
5270.00000000	0.00844681167968	-0.0186960463073	0.0205156227075	-65.6867053880
5270.00000000	0.00844675085191	-0.0186959769456	0.0205155344533	-65.6867804440
5270.00000000	0.00844670328970	-0.0186959751161	0.0205155132036	-65.6868993911
5270.00000000	0.00844666712782	-0.0186959725331	0.0205154959610	-65.6869884569
5270.00000000	0.00844662515252	-0.0186958943344	0.0205154074157	-65.6870053715
5270.00000000	0.00844656687320	-0.0186957102421	0.0205152156557	-65.6869420181
5270.00000000	0.00844650533319	-0.0186954600220	0.0205149622904	-65.6868109229
5270.00000000	0.00844646450897	-0.0186952328204	0.0205147384314	-65.6866535679
5270.00000000	0.00844645721911	-0.0186951003556	0.0205146147139	-65.6865197979
5270.00000000	0.00844648333868	-0.0186950894683	0.0205146155464	-65.6864407985
5270.00000000	0.00844654044282	-0.0186951832343	0.0205147245075	-65.6864032813
5270.00000000	0.00844662236846	-0.0186953575565	0.0205149170995	-65.6863952224
5270.00000000	0.00844671271826	-0.0186955842311	0.0205151608691	-65.6864259231
5270.00000000	0.00844679676940	-0.0186958265405	0.0205154162935	-65.6864906321
5270.00000000	0.00844686817687	-0.0186960378940	0.0205156383019	-65.6865519237
5270.00000000	0.00844691945227	-0.0186961843422	0.0205157928726	-65.6865898193
5270.00000000	0.00844694835556	-0.0186962784203	0.0205158905069	-65.6866244349
5270.00000000	0.00844695989372	-0.0186963488439	0.0205159594350	-65.6866760462
5270.00000000	0.00844696045879	-0.0186963909879	0.0205159980738	-65.6867230670
5270.00000000	0.00844695547286	-0.0186963804491	0.0205159864168	-65.6867236384
5270.00000000	0.00844695247987	-0.0186963184423	0.0205159286774	-65.6866599576
5270.00000000	0.00844695294892	-0.0186962266747	0.0205158452420	-65.6865532447
5270.00000000	0.00844695135694	-0.0186961314499	0.0205157578075	-65.6864478009
5270.00000000	0.00844694025106	-0.0186960437153	0.0205156732819	-65.6863751827
5270.00000000	0.00844691860132	-0.0186959744660	0.0205156012607	-65.6863506549
5270.00000000	0.00844689069093	-0.0186959217086	0.0205155416911	-65.6863610246
5270.00000000	0.00844685705709	-0.0186958601140	0.0205154717115	-65.6863757993
5270.00000000	0.00844681931149	-0.0186957962279	0.0205153979508	-65.6863984040
5270.00000000	0.00844677901170	-0.0186957557876	0.0205153445046	-65.6864544698
5270.00000000	0.00844673270052	-0.0186957304342	0.0205153023323	-65.6865431838
5270.00000000	0.00844668339612	-0.0186956934315	0.0205152483114	-65.6866261209
5270.00000000	0.00844665670937	-0.0186956576791	0.0205152047424	-65.6866529311
5270.00000000	0.00844667401526	-0.0186956613043	0.0205152151713	-65.6866130538
5270.00000000	0.00844672618654	-0.0186957223473	0.0205152922806	-65.6865504636
5270.00000000	0.00844679120267	-0.0186958444782	0.0205154303483	-65.6865254264
5270.00000000	0.00844685489898	-0.0186960334530	0.0205156287878	-65.6865806104
5270.00000000	0.00844691256959	-0.0186962787536	0.0205158760766	-65.6867158954
5270.00000000	0.00844696632717	-0.0186965491605	0.0205161446340	-65.6868900038
5270.00000000	0.00844701258033	-0.0186967985898	0.0205163909848	-65.6870590864
5270.00000000	0.00844703379416	-0.0186969728519	0.0205165585258	-65.6872054632
5270.00000000	0.00844701124191	-0.0186970231185	0.0205165950493	-65.6873206541
5270.00000000	0.00844695130034	-0.0186969390875	0.0205164937919	-65.6873765873
5270.00000000	0.00844688416252	-0.0186967542485	0.0205162977041	-65.6873349273
5270.00000000	0.00844683283151	-0.0186965066493	0.0205160509302	-65.6871808750
5270.00000000	0.00844679390433	-0.0186962353742	0.0205157876873	-65.6869680268
5270.00000000	0.00844675669307	-0.0186959922748	0.0205155508278	-65.6867832041
5270.00000000	0.00844672012812	-0.0186958075292	0.0205153674130	-65.6866638323
5270.00000000	0.00844669159940	-0.0186956991896	0.0205152569363	-65.6866118636
5270.00000000	0.00844668649551	-0.0186957218401	0.0205152754765	-65.6866508992
5270.00000000	0.00844671006223	-0.0186958730181	0.0205154229492	-65.6867647552
5270.00000000	0.00844674585284	-0.0186960549046	0.0205156034398	-65.6868828091
5270.00000000	0.00844677412554	-0.0186961759287	0.0205157253707	-65.6869500123
5270.00000000	0.00844679324647	-0.0186962296402	0.0205157821910	-65.6869631079
5270.00000000	0.00844681722383	-0.0186962622184	0.0205158217518	-65.6869395436
5270.00000000	0.00844685534375	-0.0186962970182	0.0205158691601	-65.6868825401
5270.00000000	0.00844689356186	-0.0186963064715	0.0205158935102	-65.6867961425
5270.00000000	0.00844690894079	-0.0186962361251	0.0205158357349	-65.6866761146
5270.00000000	0.00844689416535	-0.0186960657946	0.0205156744281	-65.6865178629
5270.00000000	0.00844686327839	-0.0186958707302	0.0205154839476	-65.6863721729
5270.00000000	0.00844683286207	-0.0186957571728	0.0205153679388	-65.6863190071
5270.00000000	0.00844681127139	-0.0186957435077	0.0205153465961	-65.6863582444
5270.00000000	0.00844680443159	-0.0186957810683	0.0205153780092	-65.6864188432
5270.00000000	0.00844680723935	-0.0186958167803	0.0205154117097	-65.6864527618
5270.00000000	0.00844681302151	-0.0186958345066	0.0205154302445	-65.6864584289
5270.00000000	0.00844682614186	-0.0186958597328	0.0205154586354	-65.6864540434
5270.00000000	0.00844684721420	-0.0186959117400	0.0205155147059	-65.6864602142
5270.00000000	0.00844686700731	-0.0186959796553	0.0205155847470	-65.6864879332
5270.00000000	0.00844688013082	-0.0186960561510	0.0205156598613	-65.6865424930
5270.00000000	0.00844689321809	-0.0186961398545	0.0205157415293	-65.6866054325
5270.00000000	0.00844691303718	-0.0186962293710	0.0205158312663	-65.6866579227
5270.00000000	0.00844693867292	-0.0186963429976	0.0205159453701	-65.6867233318
5270.00000000	0.00844697203044	-0.0186965005785	0.0205161027090	-65.6868196279
5270.00000000	0.00844700611550	-0.0186966666580	0.0205162680923	-65.6869238428
5270.00000000	0.00844702172483	-0.0186967741654	0.0205163724915	-65.6870077303
5270.00000000	0.00844701279084	-0.0186967841998	0.0205163779577	-65.6870420050
5270.00000000	0.00844699284072	-0.0186967191523	0.0205163104653	-65.6870179860
5270.00000000	0.00844698092372	-0.0186966536968	0.0205162459086	-65.6869730533
5270.00000000	0.00844698132380	-0.0186966407826	0.0205162343046	-65.6869571862
5270.00000000	0.00844698663174	-0.0186966573935	0.0205162516276	-65.6869627769
5270.00000000	0.00844699890483	-0.0186966632192	0.0205162619897	-65.6869382401
5270.00000000	0.00844702588239	-0.0186966509161	0.0205162618851	-65.6868554356
5270.00000000	0.00844706129603	-0.0186966283064	0.0205162558613	-65.6867393102
5270.00000000	0.00844708551961	-0.0186965954760	0.0205162359162	-65.6866399116
5270.00000000	0.00844709510243	-0.0186965529388	0.0205162010973	-65.6865666125
5270.00000000	0.00844710025177	-0.0186965045674	0.0205161591362	-65.6864978880
5274.00000000	0.00496632036546	-0.0109785316506	0.0120495848549	-65.6595956023
5274.00000000	0.00496629772769	-0.0109785408050	0.0120495838653	-65.6597116179
5274.00000000	0.00496629396295	-0.0109785120173	0.0120495560848	-65.6596715098
5274.00000000	0.00496630768078	-0.0109784583141	0.0120495128090	-65.6595068309
5274.00000000	0.00496633468702	-0.0109784024704	0.0120494730600	-65.6592803853
5274.00000000	0.00496637463619	-0.0109783607419	0.0120494515064	-65.6590255287
5274.00000000	0.00496643352322	-0.0109783314003	0.0120494490445	-65.6587129026
5274.00000000	0.00496651575008	-0.0109783028209	0.0120494568975	-65.6583006538
5274.00000000	0.00496661740115	-0.0109782694930	0.0120494684310	-65.6577949466
5274.00000000	0.00496673101692	-0.0109782241659	0.0120494739649	-65.6572138874
5274.00000000	0.00496685207907	-0.0109781598210	0.0120494652426	-65.6565632931
5274.00000000	0.00496697697878	-0.0109780755399	0.0120494399400	-65.6558569953
5274.00000000	0.00496709669360	-0.0109779653885	0.0120493889320	-65.6551224466
5274.00000000	0.00496720234472	-0.0109778203209	0.0120493003171	-65.6543803749
5274.00000000	0.00496729600075	-0.0109776558383	0.0120491890707	-65.6536521988
5274.00000000	0.00496738316199	-0.0109775105915	0.0120490926740	-65.6529898564
5274.00000000	0.00496747497733	-0.0109774157993	0.0120490441646	-65.6524062537
5274.00000000	0.00496757929360	-0.0109773581865	0.0120490346830	-65.6518413786
5274.00000000	0.00496769032779	-0.0109772915194	0.0120490197234	-65.6512296476
5274.00000000	0.00496779852299	-0.0109771832307	0.0120489656753	-65.6505486115
5274.00000000	0.00496789713472	-0.0109770256763	0.0120488627945	-65.6498124944
5274.00000000	0.00496798057157	-0.0109768310337	0.0120487198698	-65.6490693861
5274.00000000	0.00496805003026	-0.0109766369774	0.0120485717177	-65.6483879678
5274.00000000	0.00496811166054	-0.0109764913781	0.0120484644850	-65.6478354669
5274.00000000	0.00496817008376	-0.0109764232403	0.0120484265002	-65.6474487463
5274.00000000	0.00496823623375	-0.0109764287444	0.0120484587917	-65.6471729557
5274.00000000	0.00496831832746	-0.0109764868366	0.0120485455668	-65.6469312156
5274.00000000	0.00496840048202	-0.0109765684764	0.0120486538197	-65.6467353909
5274.00000000	0.00496846450184	-0.0109766531343	0.0120487573440	-65.6466240510
5274.00000000	0.00496851180555	-0.0109767326988	0.0120488493352	-65.6465751423
5274.00000000	0.00496854473529	-0.0109768018311	0.0120489258951	-65.6465680477
5274.00000000	0.00496855380994	-0.0109768670078	0.0120489890144	-65.6466565396
5274.00000000	0.00496853011926	-0.0109769307343	0.0120490373014	-65.6468841295
5274.00000000	0.00496848306678	-0.0109769760276	0.0120490591623	-65.6471767790
5274.00000000	0.00496843785184	-0.0109769827623	0.0120490466532	-65.6473858606
5274.00000000	0.00496841181805	-0.0109769390815	0.0120489961239	-65.6474129922
5274.00000000	0.00496840666944	-0.0109768536117	0.0120489161357	-65.6472677045
5274.00000000	0.00496842044453	-0.0109767592365	0.0120488358380	-65.6470229716
5274.00000000	0.00496845005499	-0.0109766767999	0.0120487729465	-65.6467330439
5274.00000000	0.00496849151301	-0.0109766078073	0.0120487271888	-65.6464181502
5274.00000000	0.00496854683886	-0.0109765470384	0.0120486946420	-65.6460593024
5274.00000000	0.00496861888154	-0.0109764844781	0.0120486673574	-65.6456245190
5274.00000000	0.00496870254732	-0.0109764268788	0.0120486493861	-65.6451491090
5274.00000000	0.00496879207836	-0.0109763891681	0.0120486519531	-65.6446872915
5274.00000000	0.00496888584929	-0.0109763737270	0.0120486765571	-65.6442507796
5274.00000000	0.00496897954428	-0.0109763676601	0.0120487096703	-65.6438329828
5274.00000000	0.00496907090773	-0.0109763704676	0.0120487499072	-65.6434426928
5274.00000000	0.00496916324748	-0.0109763837704	0.0120488001085	-65.6430687593
5274.00000000	0.00496926404828	-0.0109764012337	0.0120488575901	-65.6426663352
5274.00000000	0.00496937819903	-0.0109764251246	0.0120489264336	-65.6422186888
5274.00000000	0.00496950327074	-0.0109764645930	0.0120490139729	-65.6417542900
5274.00000000	0.00496963724515	-0.0109765194233	0.0120491191794	-65.6412814614
5274.00000000	0.00496978261206	-0.0109765849621	0.0120492388408	-65.6407802930
5274.00000000	0.00496992885332	-0.0109766436742	0.0120493526447	-65.6402619578
5274.00000000	0.00497004716120	-0.0109766659951	0.0120494217767	-65.6397932569
5274.00000000	0.00497011799686	-0.0109766280004	0.0120494163826	-65.6394118961
5274.00000000	0.00497014951498	-0.0109765265214	0.0120493369393	-65.6390763296
5274.00000000	0.00497016169383	-0.0109763842635	0.0120492123711	-65.6387445464
5274.00000000	0.00497017245449	-0.0109762293888	0.0120490757248	-65.6383941517
5274.00000000	0.00497019822245	-0.0109760872267	0.0120489568502	-65.6380036764
5274.00000000	0.00497024585251	-0.0109759761311	0.0120488752946	-65.6375794297
5274.00000000	0.00497030907463	-0.0109758982144	0.0120488303960	-65.6371527194
5274.00000000	0.00497038031975	-0.0109758569263	0.0120488221744	-65.6367631045
5274.00000000	0.00497046383228	-0.0109758807972	0.0120488783703	-65.6364481700
5274.00000000	0.00497055201150	-0.0109759606153	0.0120489874565	-65.6362227738
5274.00000000	0.00497061752076	-0.0109760332148	0.0120490806152	-65.6360814211
5274.00000000	0.00497065040272	-0.0109760539425	0.0120491130618	-65.6359796469
5274.00000000	0.00497066767764	-0.0109760357925	0.0120491036546	-65.6358692126
5274.00000000	0.00497068626841	-0.0109760179109	0.0120490950349	-65.6357536049
5274.00000000	0.00497070767903	-0.0109760162199	0.0120491023272	-65.6356575433
5274.00000000	0.00497072475936	-0.0109760071330	0.0120491010958	-65.6355657307
5274.00000000	0.00497072478520	-0.0109759497306	0.0120490488164	-65.6354530119
5274.00000000	0.00497070036506	-0.0109758329156	0.0120489323307	-65.6353296335
5274.00000000	0.00497067734213	-0.0109757088858	0.0120488098493	-65.6351860462
5274.00000000	0.00497069232780	-0.0109756486966	0.0120487612031	-65.6350030530
5274.00000000	0.00497075355554	-0.0109756675348	0.0120488036229	-65.6347747845
5274.00000000	0.00497083518719	-0.0109757242718	0.0120488889840	-65.6345324836
5274.00000000	0.00497090618709	-0.0109757769850	0.0120489662937	-65.6343283459
5274.00000000	0.00497096073352	-0.0109758234317	0.0120490311070	-65.6341831878
5274.00000000	0.00497100279429	-0.0109758785814	0.0120490986972	-65.6341091885
5274.00000000	0.00497103858551	-0.0109759444559	0.0120491734704	-65.6340833873
5274.00000000	0.00497108168572	-0.0109760084695	0.0120492495637	-65.6340222759
5274.00000000	0.00497113987623	-0.0109760551048	0.0120493160525	-65.6338617085
5274.00000000	0.00497121136297	-0.0109760772792	0.0120493657449	-65.6335955622
5274.00000000	0.00497129127284	-0.0109760819815	0.0120494029970	-65.6332586562
5274.00000000	0.00497137732103	-0.0109760910425	0.0120494467525	-65.6329037154
5274.00000000	0.00497147359302	-0.0109761193444	0.0120495122535	-65.6325422413
5274.00000000	0.00497157547700	-0.0109761505781	0.0120495827412	-65.6321622153
5274.00000000	0.00497166003453	-0.0109761548695	0.0120496215384	-65.6318043828
5274.00000000	0.00497171099059	-0.0109761142104	0.0120496055260	-65.6315039033
5274.00000000	0.00497173427320	-0.0109760382564	0.0120495459454	-65.6312540403
5274.00000000	0.00497174836246	-0.0109759686638	0.0120494883662	-65.6310564756
5274.00000000	0.00497176903295	-0.0109759337291	0.0120494650729	-65.6308984021
5274.00000000	0.00497179561733	-0.0109759149518	0.0120494589376	-65.6307464133
5274.00000000	0.00497181976675	-0.0109758842625	0.0120494409471	-65.6305815996
5274.00000000	0.00497183718931	-0.0109758465054	0.0120494137429	-65.6304320548
5274.00000000	0.00497184695162	-0.0109758084681	0.0120493831228	-65.6303151394
5274.00000000	0.00497185085884	-0.0109757647968	0.0120493449547	-65.6302125300
5274.00000000	0.00497184595587	-0.0109757122122	0.0120492950322	-65.6301305918
5274.00000000	0.00497182913669	-0.0109756547890	0.0120492357854	-65.6300907739
