DevNumber	X [V]	Y [V]	R [V]	Theta [°]
4253.00000000	4.82011659895E-6	-7.48589542079E-6	8.90349112868E-6	-57.2227933168
4253.00000000	4.80932807676E-6	-7.47593908194E-6	8.88928015684E-6	-57.2465172053
4253.00000000	4.79627297175E-6	-7.47290298498E-6	8.87966854350E-6	-57.3067627328
4253.00000000	4.78589330185E-6	-7.48058134290E-6	8.88053331306E-6	-57.3898796338
4253.00000000	4.78074896458E-6	-7.49288250948E-6	8.88812966620E-6	-57.4605488468
4253.00000000	4.77886858532E-6	-7.49887649932E-6	8.89217260897E-6	-57.4915367335
4253.00000000	4.77726219280E-6	-7.49554928524E-6	8.88850342556E-6	-57.4887427872
4253.00000000	4.77700016423E-6	-7.48644605014E-6	8.88068719361E-6	-57.4586021956
4253.00000000	4.77855509371E-6	-7.47557479460E-6	8.87236199066E-6	-57.4123738049
4253.00000000	4.77991731265E-6	-7.46757281578E-6	8.86635512907E-6	-57.3771063250
4253.00000000	4.78262234823E-6	-7.46706951817E-6	8.86738990431E-6	-57.3606322501
4253.00000000	4.78879251667E-6	-7.47124800102E-6	8.87423689454E-6	-57.3416366607
4253.00000000	4.79583153767E-6	-7.47074190127E-6	8.87761142949E-6	-57.3016267318
4253.00000000	4.79789729849E-6	-7.46392726819E-6	8.87299435093E-6	-57.2666295410
4253.00000000	4.79438911267E-6	-7.45749260422E-6	8.86568457062E-6	-57.2632150265
4253.00000000	4.79224054902E-6	-7.45579099119E-6	8.86309137852E-6	-57.2689496833
4253.00000000	4.79433101966E-6	-7.45679756873E-6	8.86506852242E-6	-57.2611016211
4253.00000000	4.79633232688E-6	-7.45550179925E-6	8.86506124449E-6	-57.2456925930
4253.00000000	4.79721032024E-6	-7.45012313248E-6	8.86101357327E-6	-57.2221015071
4253.00000000	4.80181186721E-6	-7.44617170379E-6	8.86018454946E-6	-57.1832491274
4253.00000000	4.81554252311E-6	-7.44994844331E-6	8.87080501420E-6	-57.1219376225
4253.00000000	4.83434596530E-6	-7.46198977405E-6	8.89112997882E-6	-57.0622971195
4253.00000000	4.84955392858E-6	-7.47738004372E-6	8.91231651280E-6	-57.0340400460
4253.00000000	4.85515743364E-6	-7.48747269855E-6	8.92383331966E-6	-57.0391155871
4253.00000000	4.84924254375E-6	-7.49074373140E-6	8.92336230900E-6	-57.0824083371
4253.00000000	4.83791271217E-6	-7.49345182081E-6	8.91948538882E-6	-57.1529564065
4253.00000000	4.82563291514E-6	-7.49678603904E-6	8.91563424255E-6	-57.2308769772
4253.00000000	4.81424967887E-6	-7.49784717187E-6	8.91037104633E-6	-57.2961183711
4253.00000000	4.80901444741E-6	-7.49389379667E-6	8.90421609078E-6	-57.3107206805
4253.00000000	4.81170311683E-6	-7.48385799893E-6	8.89722526593E-6	-57.2612443242
4253.00000000	4.81673668529E-6	-7.46918004931E-6	8.88760951575E-6	-57.1827754491
4253.00000000	4.82083825969E-6	-7.45342913485E-6	8.87660337033E-6	-57.1054264892
4253.00000000	4.82648966936E-6	-7.43973822150E-6	8.86818512058E-6	-57.0267285156
4253.00000000	4.83294068059E-6	-7.43197019008E-6	8.86518451744E-6	-56.9644273763
4253.00000000	4.83280571265E-6	-7.43102976338E-6	8.86432255733E-6	-56.9618449283
4253.00000000	4.82116868544E-6	-7.43398076181E-6	8.86045921273E-6	-57.0353316172
4253.00000000	4.80241191682E-6	-7.43793733162E-6	8.85359090809E-6	-57.1511057242
4253.00000000	4.78561735093E-6	-7.43912785125E-6	8.84549357678E-6	-57.2466794496
4253.00000000	4.77585778322E-6	-7.43679126053E-6	8.83825106106E-6	-57.2916935556
4253.00000000	4.77453578157E-6	-7.43490085985E-6	8.83594605718E-6	-57.2922828175
4253.00000000	4.78231136624E-6	-7.43580336070E-6	8.84090909481E-6	-57.2530418150
4253.00000000	4.79744314324E-6	-7.43838733607E-6	8.85127487280E-6	-57.1797066397
4253.00000000	4.81995830398E-6	-7.44106873076E-6	8.86574880695E-6	-57.0668189250
4253.00000000	4.84732226409E-6	-7.44163450437E-6	8.88112927665E-6	-56.9206355345
4253.00000000	4.86829055381E-6	-7.44214713901E-6	8.89302012564E-6	-56.8092407141
4253.00000000	4.87364332909E-6	-7.44652725987E-6	8.89961614516E-6	-56.7958388332
4253.00000000	4.86564932706E-6	-7.45163196795E-6	8.89951472608E-6	-56.8568991210
4253.00000000	4.85405736697E-6	-7.45327621136E-6	8.89456009057E-6	-56.9252129827
4253.00000000	4.84729772369E-6	-7.45311406238E-6	8.89073700258E-6	-56.9611459543
4253.00000000	4.84965046971E-6	-7.45289778044E-6	8.89183867398E-6	-56.9476772840
4253.00000000	4.86019158715E-6	-7.45293151770E-6	8.89762049491E-6	-56.8909014324
4253.00000000	4.87548141291E-6	-7.45309523962E-6	8.90611855179E-6	-56.8090838088
4253.00000000	4.88975616815E-6	-7.45193690930E-6	8.91297251674E-6	-56.7282153562
4253.00000000	4.89530656898E-6	-7.44760640431E-6	8.91239965205E-6	-56.6831089748
4253.00000000	4.89005694956E-6	-7.43918953744E-6	8.90248268428E-6	-56.6815881318
4253.00000000	4.88026052006E-6	-7.42961308239E-6	8.88909968994E-6	-56.7004476038
4253.00000000	4.87313901618E-6	-7.42760704601E-6	8.88351452416E-6	-56.7317342635
4253.00000000	4.87043985913E-6	-7.43815342829E-6	8.89085546189E-6	-56.7835604840
4253.00000000	4.86608136743E-6	-7.45372931231E-6	8.90150709350E-6	-56.8619514604
4253.00000000	4.85595610948E-6	-7.46258945617E-6	8.90340109894E-6	-56.9476815910
4253.00000000	4.84223899566E-6	-7.46390494061E-6	8.89703070994E-6	-57.0263433186
4253.00000000	4.83120065416E-6	-7.46447712723E-6	8.89150822660E-6	-57.0880222448
4253.00000000	4.82646517223E-6	-7.46543534858E-6	8.88974077252E-6	-57.1170004246
4253.00000000	4.82367953203E-6	-7.46789642510E-6	8.89029590304E-6	-57.1406881766
4253.00000000	4.81908379837E-6	-7.47533179234E-6	8.89405161113E-6	-57.1915461588
4253.00000000	4.81423013394E-6	-7.48643001551E-6	8.90075537018E-6	-57.2565154581
4253.00000000	4.81377231481E-6	-7.49900118074E-6	8.91108425544E-6	-57.3027101040
4253.00000000	4.82008548588E-6	-7.51211007985E-6	8.92552642386E-6	-57.3140637646
4253.00000000	4.83347891298E-6	-7.52275961250E-6	8.94172413966E-6	-57.2786844684
4253.00000000	4.85048789474E-6	-7.52770003920E-6	8.95508239478E-6	-57.2042149651
4253.00000000	4.86385297131E-6	-7.52711879407E-6	8.96184038390E-6	-57.1303748354
4253.00000000	4.87052964416E-6	-7.52253038329E-6	8.96161382688E-6	-57.0786001915
4253.00000000	4.86940291811E-6	-7.51358791134E-6	8.95349585807E-6	-57.0535513401
4253.00000000	4.85815288123E-6	-7.50047021394E-6	8.93636966824E-6	-57.0683406375
4253.00000000	4.83894685897E-6	-7.48667325910E-6	8.91435265134E-6	-57.1237409005
4253.00000000	4.81966839962E-6	-7.47917400625E-6	8.89759783863E-6	-57.2017880380
4253.00000000	4.81141219107E-6	-7.48022010756E-6	8.89400810265E-6	-57.2501466102
4253.00000000	4.81766406781E-6	-7.48537659132E-6	8.90172734834E-6	-57.2342577378
4253.00000000	4.82752994455E-6	-7.48634528994E-6	8.90788477506E-6	-57.1842689262
4253.00000000	4.83159656345E-6	-7.48014965721E-6	8.90488429156E-6	-57.1406752177
4253.00000000	4.83004313560E-6	-7.47164851026E-6	8.89690104208E-6	-57.1193740497
4253.00000000	4.82611248654E-6	-7.46338604960E-6	8.88782836570E-6	-57.1117372239
4253.00000000	4.82094276055E-6	-7.45739534091E-6	8.87999067405E-6	-57.1187586120
4253.00000000	4.81438254368E-6	-7.45336231485E-6	8.87304283058E-6	-57.1401950394
4253.00000000	4.80878514690E-6	-7.44924443828E-6	8.86654708950E-6	-57.1561401834
4253.00000000	4.80611773246E-6	-7.44488294759E-6	8.86143610041E-6	-57.1553356618
4253.00000000	4.80603259370E-6	-7.44128152311E-6	8.85836440874E-6	-57.1431645179
4253.00000000	4.80882083433E-6	-7.43892595971E-6	8.85789914431E-6	-57.1197479220
4253.00000000	4.81169407964E-6	-7.43892584453E-6	8.85945921806E-6	-57.1041423788
4253.00000000	4.80930459006E-6	-7.44192900198E-6	8.86068382860E-6	-57.1276629573
4253.00000000	4.79881300257E-6	-7.44722908255E-6	8.85944847277E-6	-57.2032542374
4253.00000000	4.78420432833E-6	-7.45326168689E-6	8.85662016960E-6	-57.3038359931
4253.00000000	4.77496315861E-6	-7.45773019660E-6	8.85539456215E-6	-57.3697713921
4253.00000000	4.77672180059E-6	-7.45959097608E-6	8.85790995047E-6	-57.3666814021
4253.00000000	4.78944585944E-6	-7.46032668593E-6	8.86539710906E-6	-57.2999932102
4253.00000000	4.80713095703E-6	-7.46362469263E-6	8.87773628750E-6	-57.2154443327
4253.00000000	4.82270059138E-6	-7.47090696575E-6	8.89229396078E-6	-57.1565114486
4253.00000000	4.83247736016E-6	-7.47737060004E-6	8.90302805380E-6	-57.1262098656
4253.00000000	4.83551439626E-6	-7.47675902251E-6	8.90416334964E-6	-57.1076607063
4253.00000000	4.83461578355E-6	-7.46930506348E-6	8.89741692324E-6	-57.0864525051
5260.00000000	-0.000165698350715	0.000640897440300	0.000661970899974	104.495894218
5260.00000000	-0.000165685041910	0.000640898984697	0.000661969064004	104.494745505
5260.00000000	-0.000165668166551	0.000640894008067	0.000661960022195	104.493439167
5260.00000000	-0.000165655381695	0.000640883020777	0.000661946184976	104.492605782
5260.00000000	-0.000165648257727	0.000640868782240	0.000661930616710	104.492317194
5260.00000000	-0.000165642565381	0.000640853258884	0.000661914162780	104.492176403
5260.00000000	-0.000165638158504	0.000640838369088	0.000661898643939	104.492129614
5260.00000000	-0.000165639580167	0.000640829864920	0.000661890766132	104.492432983
5260.00000000	-0.000165649021067	0.000640831155245	0.000661894378064	104.493196263
5260.00000000	-0.000165663470433	0.000640841392642	0.000661907905950	104.494185445
5260.00000000	-0.000165671731902	0.000640854527854	0.000661922690820	104.494593229
5260.00000000	-0.000165663693038	0.000640863666393	0.000661929526531	104.493721560
5260.00000000	-0.000165644275479	0.000640866973486	0.000661927868958	104.492022643
5260.00000000	-0.000165628147709	0.000640864819346	0.000661921747633	104.490717706
5260.00000000	-0.000165622971209	0.000640859573231	0.000661915373136	104.490397508
5260.00000000	-0.000165626564590	0.000640856566413	0.000661913361108	104.490763784
5260.00000000	-0.000165635253545	0.000640857162255	0.000661916112231	104.491479072
5260.00000000	-0.000165641841575	0.000640857745691	0.000661918325696	104.492018553
5260.00000000	-0.000165636866447	0.000640858041441	0.000661917367052	104.491595200
5260.00000000	-0.000165623337904	0.000640857940630	0.000661913884223	104.490463600
5260.00000000	-0.000165615484994	0.000640854293489	0.000661908388188	104.489884459
5260.00000000	-0.000165619668905	0.000640851008449	0.000661906254509	104.490306255
5260.00000000	-0.000165629500878	0.000640852863000	0.000661910510247	104.491090082
5260.00000000	-0.000165641871967	0.000640854764591	0.000661915447053	104.492085675
5260.00000000	-0.000165661537001	0.000640850800825	0.000661916530810	104.493819589
5260.00000000	-0.000165686139990	0.000640843927806	0.000661916034548	104.496030356
5260.00000000	-0.000165703020351	0.000640843859427	0.000661920193920	104.497446484
5260.00000000	-0.000165702330088	0.000640854962088	0.000661930770270	104.497148057
5260.00000000	-0.000165687367829	0.000640868732159	0.000661940356616	104.495595829
5260.00000000	-0.000165671033729	0.000640877778244	0.000661945026466	104.494031021
5260.00000000	-0.000165661754678	0.000640881594919	0.000661946399393	104.493170739
5260.00000000	-0.000165662071479	0.000640874968639	0.000661940063264	104.493340827
5260.00000000	-0.000165673127732	0.000640852973843	0.000661921535634	104.494743874
5260.00000000	-0.000165692745557	0.000640821122033	0.000661895608366	104.497078104
5260.00000000	-0.000165714090711	0.000640794552107	0.000661875228325	104.499442806
5260.00000000	-0.000165726789876	0.000640786064187	0.000661870190399	104.500691079
5260.00000000	-0.000165726453080	0.000640794995862	0.000661878753227	104.500469257
5260.00000000	-0.000165719427751	0.000640812018140	0.000661893474305	104.499511543
5260.00000000	-0.000165716344221	0.000640829168446	0.000661909306380	104.498881440
5260.00000000	-0.000165718606567	0.000640841996725	0.000661922292516	104.498793027
5260.00000000	-0.000165715223809	0.000640847627710	0.000661926897280	104.498387515
5260.00000000	-0.000165699959858	0.000640843614561	0.000661919190703	104.497195309
5260.00000000	-0.000165681094095	0.000640833812882	0.000661904978584	104.495826644
5260.00000000	-0.000165666895349	0.000640827229488	0.000661895050796	104.494779328
5260.00000000	-0.000165657559202	0.000640829187456	0.000661894609750	104.493954463
5260.00000000	-0.000165655003511	0.000640840175397	0.000661904608378	104.493502229
5260.00000000	-0.000165665577709	0.000640853129845	0.000661919797007	104.494107766
5260.00000000	-0.000165690686366	0.000640857207993	0.000661930029977	104.496123618
5260.00000000	-0.000165724300465	0.000640849602733	0.000661931081826	104.499105359
5260.00000000	-0.000165756485429	0.000640837299327	0.000661927229135	104.502069163
5260.00000000	-0.000165775477546	0.000640827893316	0.000661922879048	104.503864617
5260.00000000	-0.000165774995666	0.000640823708655	0.000661918707064	104.503914952
5260.00000000	-0.000165758464688	0.000640823473028	0.000661914339020	104.502534730
5260.00000000	-0.000165734764497	0.000640821715814	0.000661906703110	104.500586661
5260.00000000	-0.000165717204357	0.000640817715570	0.000661898433604	104.499201731
5260.00000000	-0.000165714010389	0.000640819525116	0.000661899385866	104.498894840
5260.00000000	-0.000165721065349	0.000640832742807	0.000661913948905	104.499199628
5260.00000000	-0.000165729184753	0.000640850106546	0.000661932792464	104.499503751
5260.00000000	-0.000165734245423	0.000640857941052	0.000661941644494	104.499758052
5260.00000000	-0.000165736150198	0.000640852071367	0.000661936438684	104.500044881
5260.00000000	-0.000165734050487	0.000640839658620	0.000661923895589	104.500137940
5260.00000000	-0.000165724354169	0.000640830214105	0.000661912324160	104.499530046
5260.00000000	-0.000165707488633	0.000640827699268	0.000661905666948	104.498171136
5260.00000000	-0.000165686739118	0.000640827407528	0.000661900190179	104.496438524
5260.00000000	-0.000165666371082	0.000640825880714	0.000661893613733	104.494764613
5260.00000000	-0.000165651074156	0.000640826593035	0.000661890474860	104.493467166
5260.00000000	-0.000165647000979	0.000640831169167	0.000661893885988	104.493026661
5260.00000000	-0.000165654614730	0.000640839364935	0.000661903726407	104.493487204
5260.00000000	-0.000165666190270	0.000640852710479	0.000661919544301	104.494168187
5260.00000000	-0.000165676077204	0.000640868579572	0.000661937382870	104.494652955
5260.00000000	-0.000165682653542	0.000640882987020	0.000661952977738	104.494891934
5260.00000000	-0.000165680236232	0.000640892297318	0.000661961386668	104.494487666
5260.00000000	-0.000165663771588	0.000640890567179	0.000661955590894	104.493145403
5260.00000000	-0.000165641715891	0.000640871849753	0.000661931949561	104.491702515
5260.00000000	-0.000165628065807	0.000640842331282	0.000661899954484	104.491197933
5260.00000000	-0.000165628515224	0.000640817154074	0.000661875690754	104.491780975
5260.00000000	-0.000165638080050	0.000640802655144	0.000661864046766	104.492896718
5260.00000000	-0.000165651777420	0.000640795681264	0.000661860722878	104.494195821
5260.00000000	-0.000165664494550	0.000640792881290	0.000661861195015	104.495322340
5260.00000000	-0.000165669750172	0.000640792682938	0.000661862318484	104.495767122
5260.00000000	-0.000165667996161	0.000640793148156	0.000661862329851	104.495610034
5260.00000000	-0.000165662562193	0.000640791152600	0.000661859037683	104.495197842
5260.00000000	-0.000165655236140	0.000640781513538	0.000661847871760	104.494792679
5260.00000000	-0.000165650791439	0.000640767077648	0.000661832782886	104.494732942
5260.00000000	-0.000165656420185	0.000640759321440	0.000661826682418	104.495372788
5260.00000000	-0.000165671870483	0.000640765393590	0.000661836428652	104.496536180
5260.00000000	-0.000165692469783	0.000640783992165	0.000661859591724	104.497859617
5260.00000000	-0.000165712262197	0.000640806418066	0.000661886258565	104.499032390
5260.00000000	-0.000165721774063	0.000640822697296	0.000661904400777	104.499476730
5260.00000000	-0.000165716633198	0.000640829851531	0.000661910040060	104.498890854
5260.00000000	-0.000165702212974	0.000640832487141	0.000661908981628	104.497625254
5260.00000000	-0.000165691337424	0.000640833054459	0.000661906808384	104.496701530
5260.00000000	-0.000165692087416	0.000640832452433	0.000661906413267	104.496777429
5260.00000000	-0.000165701861847	0.000640833730476	0.000661910097472	104.497568885
5260.00000000	-0.000165710174305	0.000640836712379	0.000661915065398	104.498200889
5260.00000000	-0.000165711246717	0.000640838594099	0.000661917155674	104.498249984
5260.00000000	-0.000165709289951	0.000640834851304	0.000661913042191	104.498167107
5260.00000000	-0.000165705176193	0.000640823325963	0.000661900853992	104.498072113
5260.00000000	-0.000165695932636	0.000640808140004	0.000661883837533	104.497626526
5260.00000000	-0.000165683606519	0.000640798770095	0.000661871680331	104.496796532
5270.00000000	0.00187345050551	-0.00449488561203	0.00486968309666	-67.3738195203
5270.00000000	0.00187340314654	-0.00449488269212	0.00486966218186	-67.3743206358
5270.00000000	0.00187335172382	-0.00449486602049	0.00486962701070	-67.3748036443
5270.00000000	0.00187329596400	-0.00449483253819	0.00486957465444	-67.3752576727
5270.00000000	0.00187324849941	-0.00449479944263	0.00486952584653	-67.3756233690
5270.00000000	0.00187321892149	-0.00449478732914	0.00486950328699	-67.3758897789
5270.00000000	0.00187320516724	-0.00449479863288	0.00486950842988	-67.3760903251
5270.00000000	0.00187320488686	-0.00449481507198	0.00486952349614	-67.3761677773
5270.00000000	0.00187321063643	-0.00449481790324	0.00486952832127	-67.3761181473
5270.00000000	0.00187321182212	-0.00449480137163	0.00486951351790	-67.3760304439
5270.00000000	0.00187320670033	-0.00449477484386	0.00486948706120	-67.3759659991
5270.00000000	0.00187319717256	-0.00449475580514	0.00486946582236	-67.3759833042
5270.00000000	0.00187319103515	-0.00449475210880	0.00486946004951	-67.3760332313
5270.00000000	0.00187319828080	-0.00449475805925	0.00486946832933	-67.3759814705
5270.00000000	0.00187321471276	-0.00449476683794	0.00486948275359	-67.3758427399
5270.00000000	0.00187322801233	-0.00449478167306	0.00486950156327	-67.3757654439
5270.00000000	0.00187322975941	-0.00449480943046	0.00486952785675	-67.3758721072
5270.00000000	0.00187321483930	-0.00449484420210	0.00486955421320	-67.3761915349
5270.00000000	0.00187318562572	-0.00449486869842	0.00486956558683	-67.3766196894
5270.00000000	0.00187315334007	-0.00449487754837	0.00486956133654	-67.3770103912
5270.00000000	0.00187312376396	-0.00449488707232	0.00486955875085	-67.3773747164
5270.00000000	0.00187310117349	-0.00449491521825	0.00486957604165	-67.3777474530
5270.00000000	0.00187308348826	-0.00449496487596	0.00486961507617	-67.3781642695
5270.00000000	0.00187306059868	-0.00449502243198	0.00486965939982	-67.3786733469
5270.00000000	0.00187302980273	-0.00449507886845	0.00486969964942	-67.3792632168
5270.00000000	0.00187299909342	-0.00449514228042	0.00486974637175	-67.3798837022
5270.00000000	0.00187298002501	-0.00449521852353	0.00486980941602	-67.3804358123
5270.00000000	0.00187297598436	-0.00449530010331	0.00486988316664	-67.3808488493
5270.00000000	0.00187297323989	-0.00449537346609	0.00486994983105	-67.3812106162
5270.00000000	0.00187295531614	-0.00449543567055	0.00487000035774	-67.3816867340
5270.00000000	0.00187292215427	-0.00449548970646	0.00487003748413	-67.3822913703
5270.00000000	0.00187288607214	-0.00449551718221	0.00487004897047	-67.3828075419
5270.00000000	0.00187286052883	-0.00449550114546	0.00487002434381	-67.3830123892
5270.00000000	0.00187284995217	-0.00449545501404	0.00486997769262	-67.3829185338
5270.00000000	0.00187285746820	-0.00449539835386	0.00486992828039	-67.3825805443
5270.00000000	0.00187288811581	-0.00449534007871	0.00486988627358	-67.3819840210
5270.00000000	0.00187293275170	-0.00449528902310	0.00486985631139	-67.3812682360
5270.00000000	0.00187296943570	-0.00449526378821	0.00486984712621	-67.3807556439
5270.00000000	0.00187298558448	-0.00449526721306	0.00486985649855	-67.3805957590
5270.00000000	0.00187298913974	-0.00449528156681	0.00486987111560	-67.3806220990
5270.00000000	0.00187299096416	-0.00449529164153	0.00486988111706	-67.3806478736
5270.00000000	0.00187299076883	-0.00449528692629	0.00486987668938	-67.3806286584
5270.00000000	0.00187298190516	-0.00449526285239	0.00486985105821	-67.3806159856
5270.00000000	0.00187296237729	-0.00449523026079	0.00486981346299	-67.3806805877
5270.00000000	0.00187294062033	-0.00449520962039	0.00486978604238	-67.3808234805
5270.00000000	0.00187292527672	-0.00449521905544	0.00486978885051	-67.3810328151
5270.00000000	0.00187292371014	-0.00449526190390	0.00486982780072	-67.3812437186
5270.00000000	0.00187293515956	-0.00449531106284	0.00486987758199	-67.3813418137
5270.00000000	0.00187295242378	-0.00449532737488	0.00486989927916	-67.3812281280
5270.00000000	0.00187297867213	-0.00449528845702	0.00486987344990	-67.3807669595
5270.00000000	0.00187302093512	-0.00449520586662	0.00486981346734	-67.3799342346
5270.00000000	0.00187307150066	-0.00449512066212	0.00486975426624	-67.3789994891
5270.00000000	0.00187311697270	-0.00449507310613	0.00486972785922	-67.3782904232
5270.00000000	0.00187315569182	-0.00449506179750	0.00486973231391	-67.3778187359
5270.00000000	0.00187319135614	-0.00449506327853	0.00486974739948	-67.3774381089
5270.00000000	0.00187321900170	-0.00449508426634	0.00486977740660	-67.3772328544
5270.00000000	0.00187323125006	-0.00449514213484	0.00486983553404	-67.3773617317
5270.00000000	0.00187323193764	-0.00449522914289	0.00486991611214	-67.3777480301
5270.00000000	0.00187324168593	-0.00449530919478	0.00486999375467	-67.3780044378
5270.00000000	0.00187327359569	-0.00449535502837	0.00487004833604	-67.3778653196
5270.00000000	0.00187331478213	-0.00449537391071	0.00487008160815	-67.3775034975
5270.00000000	0.00187334613350	-0.00449538358602	0.00487010259865	-67.3772068188
5270.00000000	0.00187335446857	-0.00449538847580	0.00487011031839	-67.3771384322
5270.00000000	0.00187334016500	-0.00449538016077	0.00487009714109	-67.3772561334
5270.00000000	0.00187331421996	-0.00449535251614	0.00487006164346	-67.3774127823
5270.00000000	0.00187329194946	-0.00449530386898	0.00487000817272	-67.3774344816
5270.00000000	0.00187328155313	-0.00449523999040	0.00486994521002	-67.3772582976
5270.00000000	0.00187327531159	-0.00449517597814	0.00486988372218	-67.3770363828
5270.00000000	0.00187326385997	-0.00449512782645	0.00486983487042	-67.3769428263
5270.00000000	0.00187324982562	-0.00449510310551	0.00486980665308	-67.3769833604
5270.00000000	0.00187323580299	-0.00449509371178	0.00486979258812	-67.3770931355
5270.00000000	0.00187321954601	-0.00449508778711	0.00486978086585	-67.3772428773
5270.00000000	0.00187320647724	-0.00449508318739	0.00486977159299	-67.3773639910
5270.00000000	0.00187320365848	-0.00449508552586	0.00486977266727	-67.3774051870
5270.00000000	0.00187320848581	-0.00449510201619	0.00486978974570	-67.3774273916
5270.00000000	0.00187321077682	-0.00449513737236	0.00486982326279	-67.3775625220
5270.00000000	0.00187319846386	-0.00449518102311	0.00486985881885	-67.3778937901
5270.00000000	0.00187316832590	-0.00449520406569	0.00486986849610	-67.3783253739
5270.00000000	0.00187313982173	-0.00449518189168	0.00486983706412	-67.3785345878
5270.00000000	0.00187313196649	-0.00449511560648	0.00486977285708	-67.3783199233
5270.00000000	0.00187313773864	-0.00449503657830	0.00486970212931	-67.3778995814
5270.00000000	0.00187313124326	-0.00449498860104	0.00486965534488	-67.3777529917
5270.00000000	0.00187309045664	-0.00449499317534	0.00486964387867	-67.3782166633
5270.00000000	0.00187301672719	-0.00449504300461	0.00486966151531	-67.3792429249
5270.00000000	0.00187293600878	-0.00449511571940	0.00486969759059	-67.3804486476
5270.00000000	0.00187287728967	-0.00449519058587	0.00486974411499	-67.3814251601
5270.00000000	0.00187285106136	-0.00449525942353	0.00486979757104	-67.3820215030
5270.00000000	0.00187284947276	-0.00449532284651	0.00486985550525	-67.3823257320
5270.00000000	0.00187286230203	-0.00449538164355	0.00486991471419	-67.3824524389
5270.00000000	0.00187288551025	-0.00449542522359	0.00486996386798	-67.3823975732
5270.00000000	0.00187291535409	-0.00449543280696	0.00486998234550	-67.3821077731
5270.00000000	0.00187294936247	-0.00449540133124	0.00486996636983	-67.3815960154
5270.00000000	0.00187298210090	-0.00449536102657	0.00486994175627	-67.3810580962
5270.00000000	0.00187300195108	-0.00449534695326	0.00486993639989	-67.3807788377
5270.00000000	0.00187300823633	-0.00449537022167	0.00486996029586	-67.3808158667
5270.00000000	0.00187300895214	-0.00449541377428	0.00487000077380	-67.3810051637
5270.00000000	0.00187300925226	-0.00449545032988	0.00487003463309	-67.3811673119
5270.00000000	0.00187301056880	-0.00449546394984	0.00487004771180	-67.3812146416
5270.00000000	0.00187301357393	-0.00449546692187	0.00487005161100	-67.3811954535
5270.00000000	0.00187301853417	-0.00449548162936	0.00487006709495	-67.3812081332
5274.00000000	0.00503494524142	-0.00519362580587	0.00723356223416	-45.8887846930
5274.00000000	0.00503494664706	-0.00519359896955	0.00723354394437	-45.8886287415
5274.00000000	0.00503494897663	-0.00519358324222	0.00723353427386	-45.8885287827
5274.00000000	0.00503493906745	-0.00519358184916	0.00723352637631	-45.8885774565
5274.00000000	0.00503491434531	-0.00519359042377	0.00723351532483	-45.8887653286
5274.00000000	0.00503487951534	-0.00519360370093	0.00723350061424	-45.8890366126
5274.00000000	0.00503484335873	-0.00519362334954	0.00723348955511	-45.8893505705
5274.00000000	0.00503481715314	-0.00519366004079	0.00723349765915	-45.8897018966
5274.00000000	0.00503479691550	-0.00519372277773	0.00723352861833	-45.8901628764
5274.00000000	0.00503477118028	-0.00519380330945	0.00723356852840	-45.8907532232
5274.00000000	0.00503473635992	-0.00519387643147	0.00723359679546	-45.8913543834
5274.00000000	0.00503469464863	-0.00519392183637	0.00723360036547	-45.8918419264
5274.00000000	0.00503465870172	-0.00519393046012	0.00723358153803	-45.8920939119
5274.00000000	0.00503464420710	-0.00519390231467	0.00723355124033	-45.8920211828
5274.00000000	0.00503465285158	-0.00519385753729	0.00723352510562	-45.8917251593
5274.00000000	0.00503467498877	-0.00519382329812	0.00723351592897	-45.8914104938
5274.00000000	0.00503469558534	-0.00519380086640	0.00723351415820	-45.8911696854
5274.00000000	0.00503469995877	-0.00519376681566	0.00723349275318	-45.8909570859
5274.00000000	0.00503469343588	-0.00519371306317	0.00723344961798	-45.8906978365
5274.00000000	0.00503469380430	-0.00519364317942	0.00723339969712	-45.8903104545
5274.00000000	0.00503470264003	-0.00519356308310	0.00723334833751	-45.8898186050
5274.00000000	0.00503471451919	-0.00519348972251	0.00723330393303	-45.8893465767
5274.00000000	0.00503472543932	-0.00519343439497	0.00723327180909	-45.8889794226
5274.00000000	0.00503474045948	-0.00519338752567	0.00723324861222	-45.8886355823
5274.00000000	0.00503477160229	-0.00519333828055	0.00723323493213	-45.8881869463
5274.00000000	0.00503481765816	-0.00519329901631	0.00723323879902	-45.8877085259
5274.00000000	0.00503486307675	-0.00519328781137	0.00723326236863	-45.8873884409
5274.00000000	0.00503489530407	-0.00519330250173	0.00723329534842	-45.8872861569
5274.00000000	0.00503490906852	-0.00519333306999	0.00723332687662	-45.8873764195
5274.00000000	0.00503490502652	-0.00519337535157	0.00723335442021	-45.8876325311
5274.00000000	0.00503488982900	-0.00519342791451	0.00723338158080	-45.8880087704
5274.00000000	0.00503487560891	-0.00519348509073	0.00723341273430	-45.8884048832
5274.00000000	0.00503487890802	-0.00519354088929	0.00723345509333	-45.8886937625
5274.00000000	0.00503491266349	-0.00519358992642	0.00723351379710	-45.8887721512
5274.00000000	0.00503497974592	-0.00519362963544	0.00723358900076	-45.8886095776
5274.00000000	0.00503507185156	-0.00519365890214	0.00723367412469	-45.8882471303
5274.00000000	0.00503515544899	-0.00519369124919	0.00723375553827	-45.8879500591
5274.00000000	0.00503519466328	-0.00519375514851	0.00723382871236	-45.8880793454
5274.00000000	0.00503517646082	-0.00519385942765	0.00723389091332	-45.8887577633
5274.00000000	0.00503511556261	-0.00519397760228	0.00723393337416	-45.8897555791
5274.00000000	0.00503504264782	-0.00519407215483	0.00723395051234	-45.8906914964
5274.00000000	0.00503498206864	-0.00519411995522	0.00723394266917	-45.8912995235
5274.00000000	0.00503494446732	-0.00519412321200	0.00723391883632	-45.8915313175
5274.00000000	0.00503492263969	-0.00519409560260	0.00723388381968	-45.8915032479
5274.00000000	0.00503490249758	-0.00519405075520	0.00723383759894	-45.8913705622
5274.00000000	0.00503487412039	-0.00519400735761	0.00723378668742	-45.8912927013
5274.00000000	0.00503484076196	-0.00519397088443	0.00723373728073	-45.8912813423
5274.00000000	0.00503482143274	-0.00519391603593	0.00723368444486	-45.8910888934
5274.00000000	0.00503484133809	-0.00519382233953	0.00723363102420	-45.8904591353
5274.00000000	0.00503491327937	-0.00519369386306	0.00723358885160	-45.8893416823
5274.00000000	0.00503503734580	-0.00519355717859	0.00723357707091	-45.8878825265
5274.00000000	0.00503518388922	-0.00519344909197	0.00723360147292	-45.8864532184
5274.00000000	0.00503530638265	-0.00519338839769	0.00723364316347	-45.8854219874
5274.00000000	0.00503538290723	-0.00519336871869	0.00723368230369	-45.8848783171
5274.00000000	0.00503541347191	-0.00519337991677	0.00723371161942	-45.8847662503
5274.00000000	0.00503539811420	-0.00519343050257	0.00723373724664	-45.8851324916
5274.00000000	0.00503534278551	-0.00519352255135	0.00723376481917	-45.8859546349
5274.00000000	0.00503527225627	-0.00519364057843	0.00723380046398	-45.8870064398
5274.00000000	0.00503524193609	-0.00519374382854	0.00723385348978	-45.8877481067
5274.00000000	0.00503528373532	-0.00519380169654	0.00723392413273	-45.8878294420
5274.00000000	0.00503536195976	-0.00519381774117	0.00723399010189	-45.8874730628
5274.00000000	0.00503541543750	-0.00519381100221	0.00723402248786	-45.8871318045
5274.00000000	0.00503541511613	-0.00519379502672	0.00723401079425	-45.8870455569
5274.00000000	0.00503537199227	-0.00519377765590	0.00723396830512	-45.8871950160
5274.00000000	0.00503530495529	-0.00519376304126	0.00723391114969	-45.8874956581
5274.00000000	0.00503523422829	-0.00519373126422	0.00723383910373	-45.8877226693
5274.00000000	0.00503518747124	-0.00519366148892	0.00723375646065	-45.8876038778
5274.00000000	0.00503517153618	-0.00519357487827	0.00723368318458	-45.8872169843
5274.00000000	0.00503516075460	-0.00519351468946	0.00723363246608	-45.8869464516
5274.00000000	0.00503513247463	-0.00519351376090	0.00723361211441	-45.8871021561
5274.00000000	0.00503509003156	-0.00519357361434	0.00723362554418	-45.8876735221
5274.00000000	0.00503505372388	-0.00519365310563	0.00723365734494	-45.8883182636
5274.00000000	0.00503504451773	-0.00519371402834	0.00723369467863	-45.8887065011
5274.00000000	0.00503506174569	-0.00519375955079	0.00723373935487	-45.8888595009
5274.00000000	0.00503507386762	-0.00519380358804	0.00723377941075	-45.8890333482
5274.00000000	0.00503504953349	-0.00519384821608	0.00723379451577	-45.8894177738
5274.00000000	0.00503499413933	-0.00519387765250	0.00723377709445	-45.8898950842
5274.00000000	0.00503493543522	-0.00519386869632	0.00723372980359	-45.8901795612
5274.00000000	0.00503489573675	-0.00519381418916	0.00723366303552	-45.8901048280
5274.00000000	0.00503487202430	-0.00519373448049	0.00723358929957	-45.8898002380
5274.00000000	0.00503485233687	-0.00519365849008	0.00723352103513	-45.8894932504
5274.00000000	0.00503482937945	-0.00519359878290	0.00723346218611	-45.8892946294
5274.00000000	0.00503479099462	-0.00519355101256	0.00723340116954	-45.8892495570
5274.00000000	0.00503472994257	-0.00519352272565	0.00723333836458	-45.8894408198
5274.00000000	0.00503466561922	-0.00519352359622	0.00723329421784	-45.8898114489
5274.00000000	0.00503462327640	-0.00519355821728	0.00723328960374	-45.8902431494
5274.00000000	0.00503461522218	-0.00519362260460	0.00723333022849	-45.8906439467
5274.00000000	0.00503465329114	-0.00519369460480	0.00723340842272	-45.8908243893
5274.00000000	0.00503474843238	-0.00519374728806	0.00723351247110	-45.8905737426
5274.00000000	0.00503489303511	-0.00519376018115	0.00723362237708	-45.8898224389
5274.00000000	0.00503505673082	-0.00519372206322	0.00723370894856	-45.8886813439
5274.00000000	0.00503519653794	-0.00519365434651	0.00723375764362	-45.8875129392
5274.00000000	0.00503526868604	-0.00519359634242	0.00723376621883	-45.8867828547
5274.00000000	0.00503524846846	-0.00519356193726	0.00723372744408	-45.8867081381
5274.00000000	0.00503515335823	-0.00519354862705	0.00723365168379	-45.8871756260
5274.00000000	0.00503502198338	-0.00519354561083	0.00723355807227	-45.8879061147
5274.00000000	0.00503488736475	-0.00519354068276	0.00723346083139	-45.8886445292
5274.00000000	0.00503477244563	-0.00519353365337	0.00723337579474	-45.8892593417
5274.00000000	0.00503469231079	-0.00519354405177	0.00723332748339	-45.8897724239
5274.00000000	0.00503465045572	-0.00519359210817	0.00723333285543	-45.8902754221
