DevNumber	X [V]	Y [V]	R [V]	Theta [°]
4253.00000000	0.0771879551854	0.151512742270	0.170041440525	63.0034955120
4253.00000000	0.0771879183384	0.151512740364	0.170041422100	63.0035062832
4253.00000000	0.0771878801778	0.151512555669	0.170041240209	63.0034894905
4253.00000000	0.0771880605500	0.151512540848	0.170041308880	63.0034330693
4253.00000000	0.0771885834956	0.151513004461	0.170041959359	63.0033469746
4253.00000000	0.0771892986782	0.151513799316	0.170042992251	63.0032538299
4253.00000000	0.0771899290383	0.151514520534	0.170043921025	63.0031748894
4253.00000000	0.0771903015962	0.151514950755	0.170044473485	63.0031288404
4253.00000000	0.0771904224974	0.151515118841	0.170044678137	63.0031182517
4253.00000000	0.0771903314497	0.151515028887	0.170044556655	63.0031318281
4253.00000000	0.0771901260392	0.151514690595	0.170044161981	63.0031417553
4253.00000000	0.0771899857071	0.151514260220	0.170043714801	63.0031180595
4253.00000000	0.0771898559802	0.151513753081	0.170043204037	63.0030794383
4253.00000000	0.0771895753266	0.151513178343	0.170042564526	63.0030757900
4253.00000000	0.0771892144475	0.151512739591	0.170042009767	63.0031170282
4253.00000000	0.0771889202335	0.151512542975	0.170041701019	63.0031752876
4253.00000000	0.0771887202637	0.151512472497	0.170041547447	63.0032245454
4253.00000000	0.0771886477219	0.151512466652	0.170041509309	63.0032454309
4253.00000000	0.0771887865437	0.151512634366	0.170041721765	63.0032294047
4253.00000000	0.0771891161077	0.151513061485	0.170042251944	63.0031957886
4253.00000000	0.0771894975254	0.151513637292	0.170042938147	63.0031693473
4253.00000000	0.0771898251310	0.151514117212	0.170043514485	63.0031443957
4253.00000000	0.0771900558743	0.151514326496	0.170043805707	63.0031071304
4253.00000000	0.0771900776629	0.151514160971	0.170043668111	63.0030752711
4253.00000000	0.0771897496581	0.151513524173	0.170042951808	63.0030763467
4253.00000000	0.0771891574519	0.151512613021	0.170041871116	63.0031147805
4253.00000000	0.0771886015349	0.151511896129	0.170040979989	63.0031720328
4253.00000000	0.0771882809373	0.151511582420	0.170040554932	63.0032203039
4253.00000000	0.0771882771661	0.151511679298	0.170040639541	63.0032362541
4253.00000000	0.0771885601992	0.151512101580	0.170041144288	63.0032158682
4253.00000000	0.0771890449981	0.151512779888	0.170041968752	63.0031740662
4253.00000000	0.0771895746491	0.151513609362	0.170042948271	63.0031419202
4253.00000000	0.0771899998718	0.151514350232	0.170043801435	63.0031275746
4253.00000000	0.0771902404102	0.151514762183	0.170044277686	63.0031183674
4253.00000000	0.0771902840413	0.151514820351	0.170044349322	63.0031141652
4253.00000000	0.0771900684904	0.151514578637	0.170044036100	63.0031419087
4253.00000000	0.0771896071462	0.151514146865	0.170043441954	63.0032143771
4253.00000000	0.0771891387072	0.151513759995	0.170042884597	63.0032958440
4253.00000000	0.0771888517261	0.151513538289	0.170042556778	63.0033480943
4253.00000000	0.0771887522270	0.151513462022	0.170042443656	63.0033663020
4253.00000000	0.0771888352364	0.151513598114	0.170042602599	63.0033621955
4253.00000000	0.0771890436760	0.151513945870	0.170043007080	63.0033528058
4253.00000000	0.0771892002879	0.151514242645	0.170043342608	63.0033511788
4253.00000000	0.0771891411397	0.151514214096	0.170043290320	63.0033645703
4253.00000000	0.0771888323243	0.151513808004	0.170042788296	63.0033951733
4253.00000000	0.0771883652519	0.151513189297	0.170042024986	63.0034407705
4253.00000000	0.0771879442350	0.151512693435	0.170041392041	63.0034913302
4253.00000000	0.0771876972336	0.151512482214	0.170041091713	63.0035331817
4253.00000000	0.0771875760070	0.151512384182	0.170040949334	63.0035545839
4253.00000000	0.0771875502079	0.151512231051	0.170040801178	63.0035389076
4253.00000000	0.0771876776159	0.151512138495	0.170040776542	63.0034864980
4253.00000000	0.0771880175796	0.151512335108	0.170041106053	63.0034145015
4253.00000000	0.0771885528774	0.151512893226	0.170041846346	63.0033391533
4253.00000000	0.0771892139875	0.151513711730	0.170042875764	63.0032658601
4253.00000000	0.0771899373318	0.151514709702	0.170044093344	63.0032013334
4253.00000000	0.0771905693000	0.151515729551	0.170045288939	63.0031675875
4253.00000000	0.0771908813851	0.151516431378	0.170046055957	63.0031812373
4253.00000000	0.0771908204603	0.151516649558	0.170046222706	63.0032328995
4253.00000000	0.0771906031759	0.151516577475	0.170046059844	63.0032871089
4253.00000000	0.0771904475692	0.151516435572	0.170045862767	63.0033121219
4253.00000000	0.0771904414356	0.151516363550	0.170045795810	63.0033029476
4253.00000000	0.0771906101718	0.151516500760	0.170045994664	63.0032732748
4253.00000000	0.0771909047909	0.151516872379	0.170046459528	63.0032416620
4253.00000000	0.0771911781899	0.151517315573	0.170046978535	63.0032273678
4253.00000000	0.0771913111044	0.151517624759	0.170047314364	63.0032347538
4253.00000000	0.0771913784134	0.151517730849	0.170047439449	63.0032307725
4253.00000000	0.0771915860204	0.151517734955	0.170047537349	63.0031690720
4253.00000000	0.0771919980521	0.151517780158	0.170047764664	63.0030522841
4253.00000000	0.0771924519240	0.151517932406	0.170048106355	63.0029393080
4253.00000000	0.0771927117818	0.151518065282	0.170048342712	63.0028816166
4253.00000000	0.0771926773541	0.151517973616	0.170048245406	63.0028779320
4253.00000000	0.0771925523850	0.151517773568	0.170048010428	63.0028848527
4253.00000000	0.0771927016763	0.151517857178	0.170048152698	63.0028528206
4253.00000000	0.0771933065320	0.151518370634	0.170048884774	63.0027497640
4253.00000000	0.0771941721344	0.151519111901	0.170049938203	63.0026032714
4253.00000000	0.0771949241528	0.151519802091	0.170050894560	63.0024830683
4253.00000000	0.0771953159784	0.151520231325	0.170051454889	63.0024310879
4253.00000000	0.0771952741186	0.151520242025	0.170051445420	63.0024452914
4253.00000000	0.0771947953404	0.151519755580	0.170050794643	63.0025146259
4253.00000000	0.0771940442526	0.151518960109	0.170049744900	63.0026184471
4253.00000000	0.0771933827063	0.151518271191	0.170048830747	63.0027116850
4253.00000000	0.0771930394719	0.151517974868	0.170048410904	63.0027694079
4253.00000000	0.0771929324259	0.151517983971	0.170048370422	63.0028029377
4253.00000000	0.0771929662514	0.151518092801	0.170048482748	63.0028094283
4253.00000000	0.0771931310635	0.151518202839	0.170048655611	63.0027767788
4253.00000000	0.0771934199332	0.151518340608	0.170048909498	63.0027111261
4253.00000000	0.0771937461503	0.151518543609	0.170049238464	63.0026442386
4253.00000000	0.0771938961061	0.151518637762	0.170049390429	63.0026136199
4253.00000000	0.0771938068973	0.151518468450	0.170049199072	63.0026145056
4253.00000000	0.0771936432076	0.151518162586	0.170048852231	63.0026168657
4253.00000000	0.0771936754782	0.151518062721	0.170048777898	63.0025919028
4253.00000000	0.0771940455991	0.151518375615	0.170049224711	63.0025286432
4253.00000000	0.0771945539483	0.151518854903	0.170049882535	63.0024493356
4253.00000000	0.0771948727451	0.151519129771	0.170050272169	63.0023956690
4253.00000000	0.0771948555092	0.151519073935	0.170050214593	63.0023923032
4253.00000000	0.0771945607623	0.151518732670	0.170049776716	63.0024285941
4253.00000000	0.0771941734695	0.151518262642	0.170049182097	63.0024729746
4253.00000000	0.0771938935675	0.151517909251	0.170048740154	63.0025029543
4253.00000000	0.0771938694774	0.151517873108	0.170048697014	63.0025046585
4253.00000000	0.0771940722764	0.151518067259	0.170048962068	63.0024734702
5260.00000000	0.0654206153334	0.132128655343	0.147437574835	63.6586933312
5260.00000000	0.0654208518513	0.132129148939	0.147438122127	63.6586960738
5260.00000000	0.0654211108723	0.132129687716	0.147438719893	63.6586987703
5260.00000000	0.0654215377054	0.132130334059	0.147439488517	63.6586615729
5260.00000000	0.0654221571576	0.132131076219	0.147440428478	63.6585738175
5260.00000000	0.0654227889314	0.132131704222	0.147441271604	63.6584620883
5260.00000000	0.0654232264071	0.132131974221	0.147441707685	63.6583562935
5260.00000000	0.0654234222551	0.132131897055	0.147441725434	63.6582747838
5260.00000000	0.0654234955868	0.132131715048	0.147441594865	63.6582178625
5260.00000000	0.0654235068798	0.132131541452	0.147441444305	63.6581839962
5260.00000000	0.0654234417352	0.132131333412	0.147441228961	63.6581708100
5260.00000000	0.0654233520348	0.132131142171	0.147441017776	63.6581690721
5260.00000000	0.0654232341124	0.132130975007	0.147440815645	63.6581813142
5260.00000000	0.0654230176774	0.132130748317	0.147440516456	63.6582175991
5260.00000000	0.0654227417811	0.132130516096	0.147440185926	63.6582736380
5260.00000000	0.0654224843804	0.132130304933	0.147439882475	63.6583268671
5260.00000000	0.0654222146210	0.132129978953	0.147439470645	63.6583646022
5260.00000000	0.0654219697778	0.132129611808	0.147439032980	63.6583865620
5260.00000000	0.0654219214135	0.132129540726	0.147438947819	63.6583911482
5260.00000000	0.0654221782669	0.132129955755	0.147439433725	63.6583732626
5260.00000000	0.0654226396603	0.132130680834	0.147440288245	63.6583376080
5260.00000000	0.0654231113157	0.132131421290	0.147441161099	63.6583010316
5260.00000000	0.0654234900870	0.132132045268	0.147441888356	63.6582767180
5260.00000000	0.0654237497366	0.132132530415	0.147442438340	63.6582699498
5260.00000000	0.0654238304786	0.132132783298	0.147442700791	63.6582854361
5260.00000000	0.0654236850830	0.132132670464	0.147442535158	63.6583166138
5260.00000000	0.0654234157971	0.132132255263	0.147442043582	63.6583387989
5260.00000000	0.0654232216858	0.132131780163	0.147441531682	63.6583244761
5260.00000000	0.0654232530440	0.132131489576	0.147441285183	63.6582634495
5260.00000000	0.0654234802469	0.132131446505	0.147441347400	63.6581768993
5260.00000000	0.0654237558668	0.132131590352	0.147441598610	63.6581057188
5260.00000000	0.0654239418682	0.132131788269	0.147441858509	63.6580750713
5260.00000000	0.0654240005514	0.132131874620	0.147441961933	63.6580695247
5260.00000000	0.0654239801002	0.132131792089	0.147441878897	63.6580624158
5260.00000000	0.0654239488512	0.132131648172	0.147441736059	63.6580484824
5260.00000000	0.0654239051036	0.132131533490	0.147441613873	63.6580439425
5260.00000000	0.0654238436080	0.132131489335	0.147441547016	63.6580577445
5260.00000000	0.0654238095963	0.132131513418	0.147441553506	63.6580737417
5260.00000000	0.0654237781306	0.132131496012	0.147441523945	63.6580816982
5260.00000000	0.0654237007534	0.132131380649	0.147441386227	63.6580887525
5260.00000000	0.0654236140453	0.132131250210	0.147441230858	63.6580964565
5260.00000000	0.0654235205758	0.132131069889	0.147441027786	63.6580979139
5260.00000000	0.0654233631306	0.132130718659	0.147440643164	63.6580921807
5260.00000000	0.0654231139416	0.132130196727	0.147440064857	63.6580889625
5260.00000000	0.0654227631115	0.132129592308	0.147439367527	63.6581069175
5260.00000000	0.0654223232968	0.132129047753	0.147438684360	63.6581661848
5260.00000000	0.0654219162564	0.132128753903	0.147438240408	63.6582572690
5260.00000000	0.0654216405405	0.132128767632	0.147438130370	63.6583556564
5260.00000000	0.0654214652546	0.132128970251	0.147438234172	63.6584516394
5260.00000000	0.0654213836219	0.132129272581	0.147438468887	63.6585322005
5260.00000000	0.0654214329549	0.132129604271	0.147438788027	63.6585722142
5260.00000000	0.0654216276975	0.132129943832	0.147439178741	63.6585629452
5260.00000000	0.0654219847665	0.132130387777	0.147439735027	63.6585151445
5260.00000000	0.0654224977718	0.132131031758	0.147440539772	63.6584475314
5260.00000000	0.0654230517807	0.132131776290	0.147441452821	63.6583829777
5260.00000000	0.0654234937335	0.132132410085	0.147442216909	63.6583383536
5260.00000000	0.0654237349362	0.132132837990	0.147442707410	63.6583281390
5260.00000000	0.0654237651659	0.132133074109	0.147442932424	63.6583583253
5260.00000000	0.0654236734762	0.132133144096	0.147442954460	63.6584023237
5260.00000000	0.0654236255135	0.132133110438	0.147442903014	63.6584132229
5260.00000000	0.0654237374179	0.132133143846	0.147442982608	63.6583800132
5260.00000000	0.0654240551442	0.132133493320	0.147443436777	63.6583296259
5260.00000000	0.0654245341538	0.132134201149	0.147444283655	63.6582848634
5260.00000000	0.0654249788029	0.132134919779	0.147445124966	63.6582539296
5260.00000000	0.0654252302496	0.132135314189	0.147445589995	63.6582343727
5260.00000000	0.0654253315050	0.132135426269	0.147445735366	63.6582184371
5260.00000000	0.0654254697178	0.132135519848	0.147445880557	63.6581864415
5260.00000000	0.0654257643957	0.132135750549	0.147446218059	63.6581236026
5260.00000000	0.0654261243012	0.132136017858	0.147446617311	63.6580443611
5260.00000000	0.0654264250816	0.132136206976	0.147446920256	63.6579722277
5260.00000000	0.0654266081570	0.132136287757	0.147447073884	63.6579224031
5260.00000000	0.0654267373070	0.132136339945	0.147447177962	63.6578864273
5260.00000000	0.0654270009816	0.132136588748	0.147447517929	63.6578375071
5260.00000000	0.0654275656268	0.132137231770	0.147448344730	63.6577517532
5260.00000000	0.0654283258893	0.132138141757	0.147449497577	63.6576439125
5260.00000000	0.0654289571496	0.132138916650	0.147450472116	63.6575577017
5260.00000000	0.0654291803071	0.132139158213	0.147450787617	63.6575216440
5260.00000000	0.0654288938756	0.132138720468	0.147450268228	63.6575459085
5260.00000000	0.0654281881715	0.132137743204	0.147449079300	63.6576231489
5260.00000000	0.0654273221852	0.132136580974	0.147447653490	63.6577243128
5260.00000000	0.0654266359151	0.132135691051	0.147446551458	63.6578098483
5260.00000000	0.0654262896437	0.132135268974	0.147446019557	63.6578576546
5260.00000000	0.0654262226981	0.132135211089	0.147445937977	63.6578709866
5260.00000000	0.0654263212602	0.132135349391	0.147446105654	63.6578605109
5260.00000000	0.0654264651615	0.132135534265	0.147446335183	63.6578422765
5260.00000000	0.0654265699439	0.132135684917	0.147446516687	63.6578317641
5260.00000000	0.0654265748638	0.132135758441	0.147446584759	63.6578427284
5260.00000000	0.0654263950041	0.132135641172	0.147446399858	63.6578851417
5260.00000000	0.0654261169158	0.132135375989	0.147446038815	63.6579362573
5260.00000000	0.0654259881250	0.132135241406	0.147445861060	63.6579579014
5260.00000000	0.0654261669265	0.132135444752	0.147446122630	63.6579306985
5260.00000000	0.0654266020840	0.132135949108	0.147446767706	63.6578661258
5260.00000000	0.0654270991769	0.132136553533	0.147447529943	63.6577972401
5260.00000000	0.0654274270936	0.132137000020	0.147448075574	63.6577600351
5260.00000000	0.0654274656941	0.132137139736	0.147448217910	63.6577706839
5260.00000000	0.0654272923940	0.132137017027	0.147448031044	63.6578098743
5260.00000000	0.0654271046994	0.132136756739	0.147447714498	63.6578303551
5260.00000000	0.0654270701582	0.132136509288	0.147447477416	63.6577997164
5260.00000000	0.0654272342207	0.132136416176	0.147447466773	63.6577265292
5260.00000000	0.0654274758882	0.132136445942	0.147447600684	63.6576475051
5270.00000000	0.0183745788463	0.0139965930077	0.0230982632162	37.2978591083
5270.00000000	0.0183745835904	0.0139965915316	0.0230982660956	37.2978490648
5270.00000000	0.0183746241643	0.0139966208781	0.0230983161547	37.2978459863
5270.00000000	0.0183747093278	0.0139966696744	0.0230984134705	37.2978142648
5270.00000000	0.0183748359377	0.0139967322104	0.0230985520825	37.2977473582
5270.00000000	0.0183749804748	0.0139967992428	0.0230987076802	37.2976623792
5270.00000000	0.0183751081427	0.0139968559167	0.0230988435816	37.2975823170
5270.00000000	0.0183751852003	0.0139968902927	0.0230989257112	37.2975343269
5270.00000000	0.0183752006175	0.0139968943470	0.0230989404323	37.2975191541
5270.00000000	0.0183751642619	0.0139968601383	0.0230988907825	37.2975062974
5270.00000000	0.0183751036759	0.0139967931366	0.0230988019864	37.2974651527
5270.00000000	0.0183750562670	0.0139967178799	0.0230987186707	37.2973879128
5270.00000000	0.0183750204912	0.0139966443969	0.0230986456838	37.2972966872
5270.00000000	0.0183749677571	0.0139965731475	0.0230985605601	37.2972353575
5270.00000000	0.0183749007616	0.0139965199560	0.0230984750335	37.2972310959
5270.00000000	0.0183748378506	0.0139964971266	0.0230984111542	37.2972806070
5270.00000000	0.0183747734095	0.0139964869470	0.0230983537229	37.2973573795
5270.00000000	0.0183746982668	0.0139964654260	0.0230982809061	37.2974278582
5270.00000000	0.0183746346459	0.0139964434716	0.0230982169924	37.2974801639
5270.00000000	0.0183746306766	0.0139964609126	0.0230982244032	37.2975205457
5270.00000000	0.0183747095473	0.0139965351203	0.0230983321112	37.2975484271
5270.00000000	0.0183748490376	0.0139966453423	0.0230985098652	37.2975562574
5270.00000000	0.0183749960511	0.0139967561674	0.0230986939693	37.2975539701
5270.00000000	0.0183751020956	0.0139968499062	0.0230988351291	37.2975795461
5270.00000000	0.0183751341070	0.0139969205778	0.0230989034179	37.2976708808
5270.00000000	0.0183750964790	0.0139969576747	0.0230988959641	37.2978006369
5270.00000000	0.0183750261103	0.0139969477001	0.0230988339418	37.2978867232
5270.00000000	0.0183749608122	0.0139968886047	0.0230987461881	37.2978682630
5270.00000000	0.0183749396208	0.0139968147908	0.0230986846022	37.2977544647
5270.00000000	0.0183749594679	0.0139967581191	0.0230986660501	37.2976128078
5270.00000000	0.0183749881426	0.0139967223028	0.0230986671577	37.2974990347
5270.00000000	0.0183750048275	0.0139967027475	0.0230986685809	37.2974353693
5270.00000000	0.0183750239286	0.0139967045478	0.0230986848668	37.2974102119
5270.00000000	0.0183750600465	0.0139967228875	0.0230987247115	37.2973921130
5270.00000000	0.0183751041600	0.0139967454154	0.0230987734547	37.2973702608
5270.00000000	0.0183751218490	0.0139967555432	0.0230987936634	37.2973636579
5270.00000000	0.0183750906376	0.0139967432097	0.0230987613611	37.2973862332
5270.00000000	0.0183750418798	0.0139967248954	0.0230987114766	37.2974233806
5270.00000000	0.0183750071320	0.0139967252886	0.0230986840731	37.2974763842
5270.00000000	0.0183749768932	0.0139967504083	0.0230986752394	37.2975714014
5270.00000000	0.0183749434540	0.0139967939473	0.0230986750213	37.2977075744
5270.00000000	0.0183748978693	0.0139968406518	0.0230986670598	37.2978682493
5270.00000000	0.0183748330662	0.0139968775547	0.0230986378710	37.2980384702
5270.00000000	0.0183747562086	0.0139968967476	0.0230985883614	37.2981918650
5270.00000000	0.0183746592281	0.0139968816619	0.0230985020728	37.2983078681
5270.00000000	0.0183745390325	0.0139968251216	0.0230983721968	37.2983769676
5270.00000000	0.0183744324489	0.0139967530329	0.0230982437272	37.2983949271
5270.00000000	0.0183743720157	0.0139966995199	0.0230981632261	37.2983801713
5270.00000000	0.0183743520493	0.0139966792107	0.0230981350364	37.2983701083
5270.00000000	0.0183743749739	0.0139966898333	0.0230981597096	37.2983566108
5270.00000000	0.0183744471632	0.0139967237968	0.0230982377163	37.2983151202
5270.00000000	0.0183745670353	0.0139967734462	0.0230983631593	37.2982329094
5270.00000000	0.0183747278978	0.0139968296075	0.0230985251560	37.2981019367
5270.00000000	0.0183749038013	0.0139968792441	0.0230986951640	37.2979354837
5270.00000000	0.0183750632700	0.0139969123395	0.0230988420752	37.2977610965
5270.00000000	0.0183751853438	0.0139969361232	0.0230989535966	37.2976245437
5270.00000000	0.0183752602041	0.0139969648761	0.0230990305708	37.2975687609
5270.00000000	0.0183752831099	0.0139969934581	0.0230990661117	37.2975907302
5270.00000000	0.0183752673731	0.0139970007358	0.0230990580031	37.2976287434
5270.00000000	0.0183752467183	0.0139969771794	0.0230990272982	37.2976133072
5270.00000000	0.0183752498053	0.0139969435498	0.0230990093758	37.2975423097
5270.00000000	0.0183753008960	0.0139969325844	0.0230990433739	37.2974438820
5270.00000000	0.0183754017350	0.0139969474375	0.0230991325917	37.2973216265
5270.00000000	0.0183755001581	0.0139969626269	0.0230992200915	37.2972036665
5270.00000000	0.0183755513029	0.0139969689567	0.0230992646129	37.2971392854
5270.00000000	0.0183755854933	0.0139969877969	0.0230993032278	37.2971250720
5270.00000000	0.0183756587534	0.0139970371305	0.0230993914001	37.2971123059
5270.00000000	0.0183757724589	0.0139971179322	0.0230995308150	37.2971008428
5270.00000000	0.0183758913855	0.0139972213073	0.0230996880615	37.2971260729
5270.00000000	0.0183759972530	0.0139973234999	0.0230998342029	37.2971685970
5270.00000000	0.0183760690066	0.0139973836159	0.0230999277104	37.2971793704
5270.00000000	0.0183761009942	0.0139973830263	0.0230999527994	37.2971301309
5270.00000000	0.0183761437351	0.0139973595067	0.0230999725483	37.2970194860
5270.00000000	0.0183762426646	0.0139973561273	0.0231000491995	37.2968641322
5270.00000000	0.0183763555782	0.0139973718282	0.0231001485370	37.2967254097
5270.00000000	0.0183764133898	0.0139973835180	0.0231002016100	37.2966615882
5270.00000000	0.0183764111103	0.0139973804683	0.0231001979487	37.2966589967
5270.00000000	0.0183763782711	0.0139973707064	0.0231001659097	37.2966890903
5270.00000000	0.0183763317803	0.0139973622051	0.0231001237746	37.2967421888
5270.00000000	0.0183762902299	0.0139973515674	0.0231000842751	37.2967836469
5270.00000000	0.0183762742134	0.0139973342817	0.0231000610596	37.2967736121
5270.00000000	0.0183762718805	0.0139973140575	0.0231000469490	37.2967372134
5270.00000000	0.0183762415593	0.0139972782413	0.0231000011257	37.2967121146
5270.00000000	0.0183761735082	0.0139972126228	0.0230999072295	37.2966849176
5270.00000000	0.0183760964863	0.0139971311786	0.0230997966074	37.2966399765
5270.00000000	0.0183760269285	0.0139970570953	0.0230996963834	37.2965983413
5270.00000000	0.0183759562482	0.0139970009098	0.0230996061114	37.2965937079
5270.00000000	0.0183758807712	0.0139969653719	0.0230995245349	37.2966370251
5270.00000000	0.0183758308107	0.0139969534752	0.0230994775823	37.2966886402
5270.00000000	0.0183758453957	0.0139969630607	0.0230994949929	37.2966856332
5270.00000000	0.0183759422562	0.0139969914575	0.0230995892531	37.2965960865
5270.00000000	0.0183761235453	0.0139970450817	0.0230997659636	37.2964294261
5270.00000000	0.0183763546012	0.0139971185186	0.0230999942695	37.2962270657
5270.00000000	0.0183765501151	0.0139971851197	0.0231001901595	37.2960646375
5270.00000000	0.0183766460052	0.0139972261199	0.0231002912850	37.2960014225
5270.00000000	0.0183766434876	0.0139972332645	0.0231002936114	37.2960193033
5270.00000000	0.0183765880873	0.0139972025665	0.0231002309386	37.2960419935
5270.00000000	0.0183765339283	0.0139971485488	0.0231001551232	37.2960168056
5270.00000000	0.0183765173265	0.0139970945190	0.0231001091778	37.2959351484
5270.00000000	0.0183765352744	0.0139970437379	0.0231000926858	37.2958079760
5274.00000000	-0.00795835259065	0.0213606430289	0.0227950092469	110.433926219
5274.00000000	-0.00795836834503	0.0213606926651	0.0227950612600	110.433919769
5274.00000000	-0.00795838735907	0.0213607422006	0.0227951143169	110.433921085
5274.00000000	-0.00795840992749	0.0213608346464	0.0227952088248	110.433893117
5274.00000000	-0.00795844391953	0.0213610017387	0.0227953772704	110.433826552
5274.00000000	-0.00795849218151	0.0213612193058	0.0227955979969	110.433749306
5274.00000000	-0.00795854068020	0.0213614340892	0.0227958161974	110.433675061
5274.00000000	-0.00795856046298	0.0213616048649	0.0227959831340	110.433571801
5274.00000000	-0.00795852971201	0.0213617088340	0.0227960698254	110.433408143
5274.00000000	-0.00795845100467	0.0213617233311	0.0227960559323	110.433210046
5274.00000000	-0.00795834491834	0.0213616461199	0.0227959465430	110.433027934
5274.00000000	-0.00795824061296	0.0213615255576	0.0227957971522	110.432888054
5274.00000000	-0.00795815697952	0.0213614034241	0.0227956535058	110.432798240
5274.00000000	-0.00795809530555	0.0213612813049	0.0227955175392	110.432760134
5274.00000000	-0.00795804890578	0.0213611721058	0.0227953990121	110.432746667
5274.00000000	-0.00795799295652	0.0213610926426	0.0227953050162	110.432684614
5274.00000000	-0.00795789661467	0.0213610220933	0.0227952052721	110.432519600
5274.00000000	-0.00795776149310	0.0213609502612	0.0227950907882	110.432264369
5274.00000000	-0.00795761314926	0.0213609180276	0.0227950087961	110.431943246
5274.00000000	-0.00795746956379	0.0213609771907	0.0227950141128	110.431553133
5274.00000000	-0.00795733285805	0.0213611333979	0.0227951127713	110.431094077
5274.00000000	-0.00795719652668	0.0213613316300	0.0227952509434	110.430599033
5274.00000000	-0.00795706266403	0.0213615083689	0.0227953698376	110.430128668
5274.00000000	-0.00795694606384	0.0213616326645	0.0227954456143	110.429744978
5274.00000000	-0.00795685103281	0.0213616960044	0.0227954717991	110.429465573
5274.00000000	-0.00795676787725	0.0213617106642	0.0227954565112	110.429256848
5274.00000000	-0.00795667748749	0.0213617049332	0.0227954195902	110.429048973
5274.00000000	-0.00795656478514	0.0213617142639	0.0227953889959	110.428775328
5274.00000000	-0.00795643596233	0.0213617834537	0.0227954088699	110.428411198
5274.00000000	-0.00795629100598	0.0213619207045	0.0227954868945	110.427949360
5274.00000000	-0.00795611990476	0.0213620950669	0.0227955905734	110.427393386
5274.00000000	-0.00795592788351	0.0213622650739	0.0227956828715	110.426791963
5274.00000000	-0.00795573354214	0.0213624118966	0.0227957526358	110.426205418
5274.00000000	-0.00795554537980	0.0213625335009	0.0227958009262	110.425655550
5274.00000000	-0.00795536671706	0.0213626203641	0.0227958199770	110.425158534
5274.00000000	-0.00795520847724	0.0213626501915	0.0227957927065	110.424759651
5274.00000000	-0.00795508152054	0.0213626255684	0.0227957253267	110.424482211
5274.00000000	-0.00795498260574	0.0213625998897	0.0227956667440	110.424271747
5274.00000000	-0.00795489233883	0.0213626258736	0.0227956595943	110.424036338
5274.00000000	-0.00795479847329	0.0213627030922	0.0227956992031	110.423747514
5274.00000000	-0.00795470493808	0.0213627991690	0.0227957566004	110.423442930
5274.00000000	-0.00795461749485	0.0213628890845	0.0227958103502	110.423158100
5274.00000000	-0.00795454078831	0.0213629576129	0.0227958478044	110.422917318
5274.00000000	-0.00795447948722	0.0213629746757	0.0227958424039	110.422757962
5274.00000000	-0.00795442612896	0.0213629131432	0.0227957661201	110.422686246
5274.00000000	-0.00795436287679	0.0213627854487	0.0227956243807	110.422649253
5274.00000000	-0.00795429931511	0.0213626528093	0.0227954778991	110.422615866
5274.00000000	-0.00795426052285	0.0213625577313	0.0227953752609	110.422607880
5274.00000000	-0.00795424206338	0.0213625047500	0.0227953191685	110.422610867
5274.00000000	-0.00795422083739	0.0213624964757	0.0227953040077	110.422568126
5274.00000000	-0.00795418621407	0.0213625196320	0.0227953136270	110.422466261
5274.00000000	-0.00795414311237	0.0213625654302	0.0227953415068	110.422324568
5274.00000000	-0.00795410106216	0.0213626485085	0.0227954046905	110.422152655
5274.00000000	-0.00795407369512	0.0213627614630	0.0227955009963	110.421989127
5274.00000000	-0.00795407644655	0.0213628639464	0.0227955979985	110.421905727
5274.00000000	-0.00795410527289	0.0213629347242	0.0227956743862	110.421911554
5274.00000000	-0.00795414573253	0.0213629800639	0.0227957309939	110.421967091
5274.00000000	-0.00795419060442	0.0213629980223	0.0227957634808	110.422057036
5274.00000000	-0.00795423550855	0.0213629842391	0.0227957662325	110.422174894
5274.00000000	-0.00795427499883	0.0213629797794	0.0227957758327	110.422271823
5274.00000000	-0.00795429655309	0.0213630293760	0.0227958298330	110.422279096
5274.00000000	-0.00795428835533	0.0213631236550	0.0227959153258	110.422177101
5274.00000000	-0.00795424834213	0.0213632241148	0.0227959955094	110.421994748
5274.00000000	-0.00795417761519	0.0213632981095	0.0227960401747	110.421763261
5274.00000000	-0.00795407756557	0.0213633307347	0.0227960358396	110.421498988
5274.00000000	-0.00795396612197	0.0213633409085	0.0227960064889	110.421227566
5274.00000000	-0.00795386688448	0.0213633696547	0.0227959988028	110.420968607
5274.00000000	-0.00795379665358	0.0213634376961	0.0227960380637	110.420743511
5274.00000000	-0.00795376444567	0.0213635260089	0.0227961095889	110.420590201
5274.00000000	-0.00795376065624	0.0213636075813	0.0227961847129	110.420509740
5274.00000000	-0.00795375237195	0.0213636627673	0.0227962335405	110.420441832
5274.00000000	-0.00795371548159	0.0213637110353	0.0227962659040	110.420312611
5274.00000000	-0.00795364595446	0.0213637995126	0.0227963245630	110.420071257
5274.00000000	-0.00795354777059	0.0213639441990	0.0227964259014	110.419713114
5274.00000000	-0.00795342466385	0.0213641088521	0.0227965372574	110.419278763
5274.00000000	-0.00795328793184	0.0213642405751	0.0227966130002	110.418841197
5274.00000000	-0.00795315344195	0.0213642867165	0.0227966093220	110.418483956
5274.00000000	-0.00795303628902	0.0213642209288	0.0227965067962	110.418265695
5274.00000000	-0.00795295421023	0.0213640902604	0.0227963557027	110.418186937
5274.00000000	-0.00795291756351	0.0213639593752	0.0227962202560	110.418215383
5274.00000000	-0.00795292100408	0.0213638619380	0.0227961301409	110.418308925
5274.00000000	-0.00795293710153	0.0213638162214	0.0227960929127	110.418386929
5274.00000000	-0.00795292960326	0.0213638157077	0.0227960898153	110.418369717
5274.00000000	-0.00795289033117	0.0213638451588	0.0227961037151	110.418251388
5274.00000000	-0.00795283576133	0.0213639147404	0.0227961498872	110.418061837
5274.00000000	-0.00795277193938	0.0213640304908	0.0227962361001	110.417810012
5274.00000000	-0.00795269167929	0.0213641575919	0.0227963272164	110.417509516
5274.00000000	-0.00795259748648	0.0213642371616	0.0227963689275	110.417217880
5274.00000000	-0.00795250449844	0.0213642597685	0.0227963576752	110.416979027
5274.00000000	-0.00795242905366	0.0213642682262	0.0227963392828	110.416793902
5274.00000000	-0.00795238696499	0.0213643215865	0.0227963746085	110.416647978
5274.00000000	-0.00795238496502	0.0213644369812	0.0227964820566	110.416542092
5274.00000000	-0.00795240987149	0.0213645654216	0.0227966111170	110.416488147
5274.00000000	-0.00795242882582	0.0213646409849	0.0227966885455	110.416466542
5274.00000000	-0.00795240688743	0.0213646258418	0.0227966667007	110.416428144
5274.00000000	-0.00795233739426	0.0213645412861	0.0227965632146	110.416338590
5274.00000000	-0.00795223787412	0.0213644488316	0.0227964418514	110.416185233
5274.00000000	-0.00795212349286	0.0213644001594	0.0227963563364	110.415958482
5274.00000000	-0.00795201173034	0.0213644205751	0.0227963364835	110.415677326
5274.00000000	-0.00795190895877	0.0213644819271	0.0227963581325	110.415381458
