DevNumber	X [V]	Y [V]	R [V]	Theta [°]
4253.00000000	0.0220755215797	-0.0460232167264	0.0510437570214	-64.3748032324
4253.00000000	0.0220757530983	-0.0460236912274	0.0510442849794	-64.3747992660
4253.00000000	0.0220759607448	-0.0460241128930	0.0510447549743	-64.3747938109
4253.00000000	0.0220760774171	-0.0460243770337	0.0510450435935	-64.3748039573
4253.00000000	0.0220760670667	-0.0460244105820	0.0510450693657	-64.3748307182
4253.00000000	0.0220759134539	-0.0460241820802	0.0510447969041	-64.3748752586
4253.00000000	0.0220756418426	-0.0460238016925	0.0510443364635	-64.3749654894
4253.00000000	0.0220753421538	-0.0460234402526	0.0510438809642	-64.3750933366
4253.00000000	0.0220751159906	-0.0460231941165	0.0510435612265	-64.3752027461
4253.00000000	0.0220750063841	-0.0460230519834	0.0510433856707	-64.3752446790
4253.00000000	0.0220749868867	-0.0460229521217	0.0510432871987	-64.3752159342
4253.00000000	0.0220750001346	-0.0460228471720	0.0510431983007	-64.3751515780
4253.00000000	0.0220750237003	-0.0460227425361	0.0510431141479	-64.3750769314
4253.00000000	0.0220750978979	-0.0460226841921	0.0510430936312	-64.3749735130
4253.00000000	0.0220752506706	-0.0460227351587	0.0510432056562	-64.3748436351
4253.00000000	0.0220754680113	-0.0460229247910	0.0510434706327	-64.3747157261
4253.00000000	0.0220756889778	-0.0460232011102	0.0510438153381	-64.3746262317
4253.00000000	0.0220758429126	-0.0460234693926	0.0510441238071	-64.3746006776
4253.00000000	0.0220759386262	-0.0460236990179	0.0510443722414	-64.3746152813
4253.00000000	0.0220760466509	-0.0460239058832	0.0510446054787	-64.3746063764
4253.00000000	0.0220761700535	-0.0460240362644	0.0510447764056	-64.3745447793
4253.00000000	0.0220762149729	-0.0460239444692	0.0510447130664	-64.3744547563
4253.00000000	0.0220761324767	-0.0460235948242	0.0510443621340	-64.3743685109
4253.00000000	0.0220759643140	-0.0460231092152	0.0510438515614	-64.3743029596
4253.00000000	0.0220757647675	-0.0460226387744	0.0510433410920	-64.3742765337
4253.00000000	0.0220755858802	-0.0460223077515	0.0510429652619	-64.3742968817
4253.00000000	0.0220754628338	-0.0460221819644	0.0510427986311	-64.3743603500
4253.00000000	0.0220754122277	-0.0460222512399	0.0510428392061	-64.3744451993
4253.00000000	0.0220754501922	-0.0460224391924	0.0510430250907	-64.3744980207
4253.00000000	0.0220755942552	-0.0460226492526	0.0510432767948	-64.3744541933
4253.00000000	0.0220758455699	-0.0460228555582	0.0510435714989	-64.3742999964
4253.00000000	0.0220761610499	-0.0460230724712	0.0510439035184	-64.3740860110
4253.00000000	0.0220764659998	-0.0460232943710	0.0510442354806	-64.3738851064
4253.00000000	0.0220767231323	-0.0460235171809	0.0510445475831	-64.3737330400
4253.00000000	0.0220769215776	-0.0460236908782	0.0510447900221	-64.3736165273
4253.00000000	0.0220769918289	-0.0460237158864	0.0510448429540	-64.3735575703
4253.00000000	0.0220768697806	-0.0460235593688	0.0510446490465	-64.3736051050
4253.00000000	0.0220765890933	-0.0460232881206	0.0510442830827	-64.3737574940
4253.00000000	0.0220762600591	-0.0460230118584	0.0510438916885	-64.3739563813
4253.00000000	0.0220759975089	-0.0460227982169	0.0510435855101	-64.3741183850
4253.00000000	0.0220758698636	-0.0460226714114	0.0510434159718	-64.3741860121
4253.00000000	0.0220758908750	-0.0460226532979	0.0510434087273	-64.3741559534
4253.00000000	0.0220760543181	-0.0460227681922	0.0510435830083	-64.3740463137
4253.00000000	0.0220763398003	-0.0460229873332	0.0510439040635	-64.3738637715
4253.00000000	0.0220766904797	-0.0460232564675	0.0510442983928	-64.3736395184
4253.00000000	0.0220769785567	-0.0460235005952	0.0510446431003	-64.3734664854
4253.00000000	0.0220770581980	-0.0460236019302	0.0510447689123	-64.3734350796
4253.00000000	0.0220768972500	-0.0460234962043	0.0510446039759	-64.3735466403
4253.00000000	0.0220766040583	-0.0460232592168	0.0510442634943	-64.3737283166
4253.00000000	0.0220763092237	-0.0460230077967	0.0510439092899	-64.3739046515
4253.00000000	0.0220760810308	-0.0460228315473	0.0510436516847	-64.3740500355
4253.00000000	0.0220759319597	-0.0460227963184	0.0510435554488	-64.3741838043
4253.00000000	0.0220758538255	-0.0460229131573	0.0510436270029	-64.3743196034
4253.00000000	0.0220758117242	-0.0460231189507	0.0510437943460	-64.3744621180
4253.00000000	0.0220757485731	-0.0460233054541	0.0510439351930	-64.3746165711
4253.00000000	0.0220756292147	-0.0460233892378	0.0510439591152	-64.3747780438
4253.00000000	0.0220754809803	-0.0460233765610	0.0510438835766	-64.3749219144
4253.00000000	0.0220753693590	-0.0460233262960	0.0510437899816	-64.3750104827
4253.00000000	0.0220753783059	-0.0460233266378	0.0510437941591	-64.3750015937
4253.00000000	0.0220755257454	-0.0460234189140	0.0510439411240	-64.3748971689
4253.00000000	0.0220756937610	-0.0460235032174	0.0510440897992	-64.3747680499
4253.00000000	0.0220757419845	-0.0460234518115	0.0510440643054	-64.3746942891
4253.00000000	0.0220756507278	-0.0460232530167	0.0510438455966	-64.3746901419
4253.00000000	0.0220755242632	-0.0460230468145	0.0510436049823	-64.3747180318
4253.00000000	0.0220754641499	-0.0460229631642	0.0510435035616	-64.3747382627
4253.00000000	0.0220754671388	-0.0460229840328	0.0510435236703	-64.3747453686
4253.00000000	0.0220754994745	-0.0460230213124	0.0510435712678	-64.3747307398
4253.00000000	0.0220756008812	-0.0460230355356	0.0510436279488	-64.3746350129
4253.00000000	0.0220758386595	-0.0460230494320	0.0510437433143	-64.3744011088
4253.00000000	0.0220761939343	-0.0460230851141	0.0510439291399	-64.3740588674
4253.00000000	0.0220765394294	-0.0460231173486	0.0510441076292	-64.3737248523
4253.00000000	0.0220767481302	-0.0460230959761	0.0510441786223	-64.3735032587
4253.00000000	0.0220767258467	-0.0460229539883	0.0510440409638	-64.3734568795
4253.00000000	0.0220764446758	-0.0460226780610	0.0510436705717	-64.3736074870
4253.00000000	0.0220759942663	-0.0460223446245	0.0510431751323	-64.3739014604
4253.00000000	0.0220755475622	-0.0460220719142	0.0510427360498	-64.3742211705
4253.00000000	0.0220752333478	-0.0460219411555	0.0510424822582	-64.3744757063
4253.00000000	0.0220750955617	-0.0460220218718	0.0510424954447	-64.3746543452
4253.00000000	0.0220751447544	-0.0460223487200	0.0510428114197	-64.3747632312
4253.00000000	0.0220753441978	-0.0460228218573	0.0510433242761	-64.3747910659
4253.00000000	0.0220755745565	-0.0460232403926	0.0510438012714	-64.3747611046
4253.00000000	0.0220756855491	-0.0460234150524	0.0510440067544	-64.3747335610
4253.00000000	0.0220756516379	-0.0460233179930	0.0510439045756	-64.3747207639
4253.00000000	0.0220755566385	-0.0460230791349	0.0510436481255	-64.3747009556
4253.00000000	0.0220754399320	-0.0460228120553	0.0510433568417	-64.3746894161
4253.00000000	0.0220752989312	-0.0460225576427	0.0510430664721	-64.3747086140
4253.00000000	0.0220751559472	-0.0460223253503	0.0510427951893	-64.3747405579
4253.00000000	0.0220750452058	-0.0460221602406	0.0510425984257	-64.3747724841
4253.00000000	0.0220749195694	-0.0460220822401	0.0510424737616	-64.3748617746
4253.00000000	0.0220747081602	-0.0460220411326	0.0510423452672	-64.3750557870
4253.00000000	0.0220744548070	-0.0460220250388	0.0510422211869	-64.3753043957
4253.00000000	0.0220742632445	-0.0460220484639	0.0510421594625	-64.3755096509
4253.00000000	0.0220741965160	-0.0460221034888	0.0510421802175	-64.3756039001
4253.00000000	0.0220742527746	-0.0460221698857	0.0510422644144	-64.3755791926
4253.00000000	0.0220744191357	-0.0460222646842	0.0510424218356	-64.3754568368
4253.00000000	0.0220746663039	-0.0460223924929	0.0510426439676	-64.3752687215
4253.00000000	0.0220748975976	-0.0460224726039	0.0510428162284	-64.3750735191
4253.00000000	0.0220750067891	-0.0460224055003	0.0510428029479	-64.3749304303
4253.00000000	0.0220749375791	-0.0460221687015	0.0510425595078	-64.3748855208
4253.00000000	0.0220747267328	-0.0460218252959	0.0510421586916	-64.3749322083
5260.00000000	0.0657243987865	-0.0742812981516	0.0991837075881	-48.4974656873
5260.00000000	0.0657247832817	-0.0742817710366	0.0991843165312	-48.4974803601
5260.00000000	0.0657250269395	-0.0742822018272	0.0991848006224	-48.4975398499
5260.00000000	0.0657250736411	-0.0742824410397	0.0991850107221	-48.4976112140
5260.00000000	0.0657248492793	-0.0742823469584	0.0991847915884	-48.4976722663
5260.00000000	0.0657243735669	-0.0742819584947	0.0991841854257	-48.4977293742
5260.00000000	0.0657238366182	-0.0742815159894	0.0991834982116	-48.4977922892
5260.00000000	0.0657234671036	-0.0742812739864	0.0991830721099	-48.4978595178
5260.00000000	0.0657233645899	-0.0742813118251	0.0991830325180	-48.4979183539
5260.00000000	0.0657234652431	-0.0742815262947	0.0991832598387	-48.4979569054
5260.00000000	0.0657236121540	-0.0742817392263	0.0991835166600	-48.4979748549
5260.00000000	0.0657237107588	-0.0742818443362	0.0991836607204	-48.4979724301
5260.00000000	0.0657237722467	-0.0742818445728	0.0991837016424	-48.4979459186
5260.00000000	0.0657238262454	-0.0742817626878	0.0991836760982	-48.4978912117
5260.00000000	0.0657238758043	-0.0742816512296	0.0991836254638	-48.4978271051
5260.00000000	0.0657239216569	-0.0742816112419	0.0991836259000	-48.4977919604
5260.00000000	0.0657239940261	-0.0742816977470	0.0991837386416	-48.4977937646
5260.00000000	0.0657241295487	-0.0742818641985	0.0991839531061	-48.4977988492
5260.00000000	0.0657243353046	-0.0742820682463	0.0991842422676	-48.4977879400
5260.00000000	0.0657245293721	-0.0742822429450	0.0991845017032	-48.4977708531
5260.00000000	0.0657245866205	-0.0742822754413	0.0991845639763	-48.4977585249
5260.00000000	0.0657244517316	-0.0742820924805	0.0991843375674	-48.4977468463
5260.00000000	0.0657241805653	-0.0742817276949	0.0991838846805	-48.4977245248
5260.00000000	0.0657238675782	-0.0742812749838	0.0991833382311	-48.4976866387
5260.00000000	0.0657235605205	-0.0742808238718	0.0991827969084	-48.4976467990
5260.00000000	0.0657232920386	-0.0742804351012	0.0991823278372	-48.4976141338
5260.00000000	0.0657231190885	-0.0742801742140	0.0991820178459	-48.4975890912
5260.00000000	0.0657230295351	-0.0742800675095	0.0991818785892	-48.4975869891
5260.00000000	0.0657230045391	-0.0742800926695	0.0991818808687	-48.4976074348
5260.00000000	0.0657230438568	-0.0742801894808	0.0991819794273	-48.4976274839
5260.00000000	0.0657231638007	-0.0742803591891	0.0991821860075	-48.4976405557
5260.00000000	0.0657234150650	-0.0742806829525	0.0991825949837	-48.4976557852
5260.00000000	0.0657238611190	-0.0742812048868	0.0991832814532	-48.4976626003
5260.00000000	0.0657244722288	-0.0742818619197	0.0991841784763	-48.4976497215
5260.00000000	0.0657250604594	-0.0742825081403	0.0991850522407	-48.4976426022
5260.00000000	0.0657254012717	-0.0742829302863	0.0991855942375	-48.4976567500
5260.00000000	0.0657253681566	-0.0742829034747	0.0991855522138	-48.4976608133
5260.00000000	0.0657250194184	-0.0742823960088	0.0991849410665	-48.4976174349
5260.00000000	0.0657245896901	-0.0742816930858	0.0991841298678	-48.4975342751
5260.00000000	0.0657242908934	-0.0742811425115	0.0991835195294	-48.4974527870
5260.00000000	0.0657241702556	-0.0742808784683	0.0991832418395	-48.4974039039
5260.00000000	0.0657241771125	-0.0742808256950	0.0991832068600	-48.4973807357
5260.00000000	0.0657242693352	-0.0742808838282	0.0991833115093	-48.4973630902
5260.00000000	0.0657244558928	-0.0742810410944	0.0991835529132	-48.4973425801
5260.00000000	0.0657247216818	-0.0742813073943	0.0991839284781	-48.4973295299
5260.00000000	0.0657249367307	-0.0742815974238	0.0991842881916	-48.4973475151
5260.00000000	0.0657249553982	-0.0742817744735	0.0991844331588	-48.4974072127
5260.00000000	0.0657247473685	-0.0742817606512	0.0991842849553	-48.4974919219
5260.00000000	0.0657244221814	-0.0742816215993	0.0991839653296	-48.4975793803
5260.00000000	0.0657241401255	-0.0742814931567	0.0991836822306	-48.4976522404
5260.00000000	0.0657239773388	-0.0742814351256	0.0991835308987	-48.4977004539
5260.00000000	0.0657239429863	-0.0742814790474	0.0991835410294	-48.4977321291
5260.00000000	0.0657240518737	-0.0742816602511	0.0991837488924	-48.4977543843
5260.00000000	0.0657242949831	-0.0742819538616	0.0991841298824	-48.4977615988
5260.00000000	0.0657245835976	-0.0742822840223	0.0991845683997	-48.4977631174
5260.00000000	0.0657247583821	-0.0742825241768	0.0991848640795	-48.4977794289
5260.00000000	0.0657247411953	-0.0742825710730	0.0991848878126	-48.4978048158
5260.00000000	0.0657246016149	-0.0742824535402	0.0991847072960	-48.4978202124
5260.00000000	0.0657244611963	-0.0742822869755	0.0991844895024	-48.4978172027
5260.00000000	0.0657243377297	-0.0742820869909	0.0991842579129	-48.4977940661
5260.00000000	0.0657242005345	-0.0742818370705	0.0991839798277	-48.4977577537
5260.00000000	0.0657240785715	-0.0742815921912	0.0991837156116	-48.4977167809
5260.00000000	0.0657240421186	-0.0742814367779	0.0991835750626	-48.4976730602
5260.00000000	0.0657240816241	-0.0742813850288	0.0991835624845	-48.4976361593
5260.00000000	0.0657241154605	-0.0742813854612	0.0991835852301	-48.4976216860
5260.00000000	0.0657240685470	-0.0742813468605	0.0991835252337	-48.4976272063
5260.00000000	0.0657239220239	-0.0742812157068	0.0991833299153	-48.4976403924
5260.00000000	0.0657237492095	-0.0742810495160	0.0991830909346	-48.4976515411
5260.00000000	0.0657236436249	-0.0742809313567	0.0991829324761	-48.4976519899
5260.00000000	0.0657236369371	-0.0742808840696	0.0991828926297	-48.4976367818
5260.00000000	0.0657236772520	-0.0742808827953	0.0991829183901	-48.4976188522
5260.00000000	0.0657236815295	-0.0742808530612	0.0991828989559	-48.4976056194
5260.00000000	0.0657235808477	-0.0742807097323	0.0991827248959	-48.4975943122
5260.00000000	0.0657233814993	-0.0742805009973	0.0991824364699	-48.4976006545
5260.00000000	0.0657231596142	-0.0742803437798	0.0991821716929	-48.4976364682
5260.00000000	0.0657230039782	-0.0742803055078	0.0991820398976	-48.4976891525
5260.00000000	0.0657229578799	-0.0742803866581	0.0991820701264	-48.4977401611
5260.00000000	0.0657230729986	-0.0742805906376	0.0991822991760	-48.4977684392
5260.00000000	0.0657233940216	-0.0742809249708	0.0991827622938	-48.4977575338
5260.00000000	0.0657238650566	-0.0742813390215	0.0991833845199	-48.4977122430
5260.00000000	0.0657243602084	-0.0742817424535	0.0991840147742	-48.4976524543
5260.00000000	0.0657247466023	-0.0742820442082	0.0991844968112	-48.4976007972
5260.00000000	0.0657249764978	-0.0742822286542	0.0991847872885	-48.4975719418
5260.00000000	0.0657250908832	-0.0742823235126	0.0991849341283	-48.4975587662
5260.00000000	0.0657251145083	-0.0742823162889	0.0991849443735	-48.4975457801
5260.00000000	0.0657249963214	-0.0742821419529	0.0991847354918	-48.4975301768
5260.00000000	0.0657247112391	-0.0742817634336	0.0991842630979	-48.4975086177
5260.00000000	0.0657243659622	-0.0742813020834	0.0991836887817	-48.4974813933
5260.00000000	0.0657240880468	-0.0742809259663	0.0991832229362	-48.4974576526
5260.00000000	0.0657238970903	-0.0742806736160	0.0991829074064	-48.4974436680
5260.00000000	0.0657237734425	-0.0742805473167	0.0991827308819	-48.4974488153
5260.00000000	0.0657236718372	-0.0742805149387	0.0991826393041	-48.4974803794
5260.00000000	0.0657235560927	-0.0742804870495	0.0991825417188	-48.4975197791
5260.00000000	0.0657234644480	-0.0742804465903	0.0991824506891	-48.4975439404
5260.00000000	0.0657234890782	-0.0742805291685	0.0991825288555	-48.4975648954
5260.00000000	0.0657236003195	-0.0742807395366	0.0991827601202	-48.4975972969
5260.00000000	0.0657236094687	-0.0742808415621	0.0991828425926	-48.4976323939
5260.00000000	0.0657233813916	-0.0742806416169	0.0991825417126	-48.4976545304
5260.00000000	0.0657229677742	-0.0742801715751	0.0991819156009	-48.4976535462
5260.00000000	0.0657225558047	-0.0742796377234	0.0991812427923	-48.4976274223
5270.00000000	-0.0151338705203	0.0167264682174	0.0225567900188	132.138346831
5270.00000000	-0.0151339278049	0.0167265732595	0.0225569063439	132.138275717
5270.00000000	-0.0151339615020	0.0167267438846	0.0225570554755	132.138048411
5270.00000000	-0.0151340016159	0.0167269291425	0.0225572197632	132.137808259
5270.00000000	-0.0151340372036	0.0167270671405	0.0225573459698	132.137640122
5270.00000000	-0.0151340290735	0.0167270978103	0.0225573632580	132.137572544
5270.00000000	-0.0151339798187	0.0167270138519	0.0225572679541	132.137622848
5270.00000000	-0.0151339171940	0.0167268752558	0.0225571231645	132.137741080
5270.00000000	-0.0151338558849	0.0167267547864	0.0225569926991	132.137830901
5270.00000000	-0.0151338100491	0.0167267052946	0.0225569252473	132.137828910
5270.00000000	-0.0151337767647	0.0167267272386	0.0225569191886	132.137728822
5270.00000000	-0.0151337301713	0.0167267651915	0.0225569160718	132.137576383
5270.00000000	-0.0151336501098	0.0167267807272	0.0225568738779	132.137399109
5270.00000000	-0.0151335535506	0.0167267845348	0.0225568119188	132.137210745
5270.00000000	-0.0151334939819	0.0167268060452	0.0225567879046	132.137061887
5270.00000000	-0.0151335132813	0.0167268467928	0.0225568310688	132.137028799
5270.00000000	-0.0151336052618	0.0167268817357	0.0225569186908	132.137142502
5270.00000000	-0.0151337257383	0.0167269064175	0.0225570178220	132.137327364
5270.00000000	-0.0151338210728	0.0167269410622	0.0225571074733	132.137447890
5270.00000000	-0.0151338566823	0.0167269847077	0.0225571637289	132.137440584
5270.00000000	-0.0151338276100	0.0167270024781	0.0225571574014	132.137355542
5270.00000000	-0.0151337453527	0.0167269591225	0.0225570700643	132.137274491
5270.00000000	-0.0151336307563	0.0167268622394	0.0225569213379	132.137223746
5270.00000000	-0.0151335056631	0.0167267396885	0.0225567465354	132.137196971
5270.00000000	-0.0151333850468	0.0167266044029	0.0225565652932	132.137200330
5270.00000000	-0.0151332681693	0.0167264493997	0.0225563719380	132.137244334
5270.00000000	-0.0151331520818	0.0167262553458	0.0225561501553	132.137356377
5270.00000000	-0.0151330552435	0.0167260309092	0.0225559187571	132.137556459
5270.00000000	-0.0151330044622	0.0167258241831	0.0225557313926	132.137813117
5270.00000000	-0.0151330209269	0.0167256946699	0.0225556464009	132.138064855
5270.00000000	-0.0151331181077	0.0167256760940	0.0225556978270	132.138279565
5270.00000000	-0.0151332742571	0.0167257464292	0.0225558547467	132.138453821
5270.00000000	-0.0151334309761	0.0167258433418	0.0225560317566	132.138583851
5270.00000000	-0.0151335460199	0.0167259180778	0.0225561643610	132.138673176
5270.00000000	-0.0151336134442	0.0167259403185	0.0225562260899	132.138762271
5270.00000000	-0.0151336443739	0.0167258728350	0.0225561968011	132.138935538
5270.00000000	-0.0151336391863	0.0167256833278	0.0225560527975	132.139248737
5270.00000000	-0.0151335953114	0.0167253871240	0.0225558037210	132.139670913
5270.00000000	-0.0151335433013	0.0167250783366	0.0225555398565	132.140099223
5270.00000000	-0.0151335220241	0.0167248653326	0.0225553676372	132.140422179
5270.00000000	-0.0151335560911	0.0167247714034	0.0225553208458	132.140646438
5270.00000000	-0.0151336497325	0.0167247478576	0.0225553662157	132.140862949
5270.00000000	-0.0151337829662	0.0167247505212	0.0225554575849	132.141109364
5270.00000000	-0.0151339254157	0.0167247586803	0.0225555592128	132.141363769
5270.00000000	-0.0151340621324	0.0167247553053	0.0225556484422	132.141627031
5270.00000000	-0.0151341885807	0.0167247109649	0.0225557004071	132.141940773
5270.00000000	-0.0151342961981	0.0167246117734	0.0225556990666	132.142312533
5270.00000000	-0.0151343810509	0.0167244745423	0.0225556542470	132.142706251
5270.00000000	-0.0151344633028	0.0167243470899	0.0225556149339	132.143078405
5270.00000000	-0.0151345642485	0.0167242778796	0.0225556313497	132.143386499
5270.00000000	-0.0151346813695	0.0167242695915	0.0225557037915	132.143621219
5270.00000000	-0.0151347994992	0.0167242916698	0.0225557994258	132.143806080
5270.00000000	-0.0151349057926	0.0167243196306	0.0225558914800	132.143958620
5270.00000000	-0.0151350037299	0.0167243518390	0.0225559810768	132.144088181
5270.00000000	-0.0151350973712	0.0167243711444	0.0225560582241	132.144231642
5270.00000000	-0.0151351800143	0.0167243190615	0.0225560750606	132.144476065
5270.00000000	-0.0151352658826	0.0167241737344	0.0225560249254	132.144885493
5270.00000000	-0.0151353771914	0.0167240013463	0.0225559717981	132.145388962
5270.00000000	-0.0151355081077	0.0167238734794	0.0225559648393	132.145853476
5270.00000000	-0.0151356323414	0.0167237839656	0.0225559818341	132.146240030
5270.00000000	-0.0151357390534	0.0167236655655	0.0225559656552	132.146642822
5270.00000000	-0.0151358345363	0.0167234812696	0.0225558930855	132.147136788
5270.00000000	-0.0151359161384	0.0167232696346	0.0225557909331	132.147651217
5270.00000000	-0.0151359734106	0.0167231209326	0.0225557191154	132.148012554
5270.00000000	-0.0151360068977	0.0167230956916	0.0225557228729	132.148118647
5270.00000000	-0.0151360150235	0.0167231686160	0.0225557823928	132.148009644
5270.00000000	-0.0151360016146	0.0167232725445	0.0225558504490	132.147807237
5270.00000000	-0.0151359894468	0.0167233385524	0.0225558912232	132.147671806
5270.00000000	-0.0151360063537	0.0167233405331	0.0225559040370	132.147700271
5270.00000000	-0.0151360660260	0.0167233152046	0.0225559253008	132.147855827
5270.00000000	-0.0151361500369	0.0167233069064	0.0225559755237	132.148028191
5270.00000000	-0.0151362305850	0.0167233134991	0.0225560344633	132.148168650
5270.00000000	-0.0151362808403	0.0167232845300	0.0225560467092	132.148312675
5270.00000000	-0.0151362904986	0.0167231936852	0.0225559858373	132.148485717
5270.00000000	-0.0151362668063	0.0167230588818	0.0225558699942	132.148670882
5270.00000000	-0.0151362268521	0.0167229119777	0.0225557342672	132.148846050
5270.00000000	-0.0151362044856	0.0167227879419	0.0225556272974	132.149015361
5270.00000000	-0.0151362463923	0.0167227359097	0.0225556168427	132.149182980
5270.00000000	-0.0151363708699	0.0167227928165	0.0225557425658	132.149320403
5270.00000000	-0.0151365369805	0.0167229232272	0.0225559507232	132.149410935
5270.00000000	-0.0151366770927	0.0167230332347	0.0225561263070	132.149487283
5270.00000000	-0.0151367565530	0.0167230606295	0.0225561999406	132.149590229
5270.00000000	-0.0151367857160	0.0167230469368	0.0225562093593	132.149668490
5270.00000000	-0.0151367918865	0.0167230729595	0.0225562327933	132.149635752
5270.00000000	-0.0151367789011	0.0167231433707	0.0225562762818	132.149491275
5270.00000000	-0.0151367245938	0.0167232028857	0.0225562839622	132.149287552
5270.00000000	-0.0151366353441	0.0167232017234	0.0225562232083	132.149121454
5270.00000000	-0.0151365642651	0.0167231534616	0.0225561397285	132.149069860
5270.00000000	-0.0151365275843	0.0167231139996	0.0225560858562	132.149068047
5270.00000000	-0.0151364870944	0.0167231248642	0.0225560667401	132.148973274
5270.00000000	-0.0151364207540	0.0167232042581	0.0225560810847	132.148713003
5270.00000000	-0.0151363385749	0.0167233196276	0.0225561114738	132.148361580
5270.00000000	-0.0151362579955	0.0167233978432	0.0225561153909	132.148076502
5270.00000000	-0.0151361940906	0.0167233854139	0.0225560632924	132.147977336
5270.00000000	-0.0151361654279	0.0167232982974	0.0225559794689	132.148071851
5270.00000000	-0.0151361680042	0.0167231805309	0.0225558938843	132.148277445
5270.00000000	-0.0151361641487	0.0167230359971	0.0225557841383	132.148516556
5270.00000000	-0.0151361240655	0.0167228510598	0.0225556201265	132.148756313
5270.00000000	-0.0151360646739	0.0167226502734	0.0225554314075	132.148986726
5270.00000000	-0.0151360267678	0.0167224864508	0.0225552845119	132.149194597
5274.00000000	0.0471503096922	0.0462685752177	0.0660600693062	44.4592296410
5274.00000000	0.0471506481683	0.0462687855712	0.0660604582252	44.4591542449
5274.00000000	0.0471510303000	0.0462690214798	0.0660608962023	44.4590681501
5274.00000000	0.0471512873414	0.0462692359974	0.0660612299139	44.4590448025
5274.00000000	0.0471513463737	0.0462694202492	0.0660614010981	44.4591230025
5274.00000000	0.0471512271155	0.0462695750440	0.0660614243961	44.4592912724
5274.00000000	0.0471509800106	0.0462696882193	0.0660613272942	44.4595114408
5274.00000000	0.0471506834734	0.0462697561658	0.0660611632327	44.4597336404
5274.00000000	0.0471504567594	0.0462697856575	0.0660610220736	44.4598896199
5274.00000000	0.0471503608237	0.0462697774062	0.0660609478211	44.4599427908
5274.00000000	0.0471503346912	0.0462697502866	0.0660609101744	44.4599418776
5274.00000000	0.0471502773703	0.0462697470526	0.0660608669971	44.4599746969
5274.00000000	0.0471501811058	0.0462697719720	0.0660608157432	44.4600486017
5274.00000000	0.0471501213798	0.0462698107964	0.0660608003075	44.4601089179
5274.00000000	0.0471501467868	0.0462698864398	0.0660608714230	44.4601403098
5274.00000000	0.0471502740837	0.0462700395904	0.0660610695483	44.4601577853
5274.00000000	0.0471504711924	0.0462702682101	0.0660613703605	44.4601795696
5274.00000000	0.0471506401146	0.0462705075758	0.0660616585815	44.4602251283
5274.00000000	0.0471507328318	0.0462707051716	0.0660618631561	44.4602911223
5274.00000000	0.0471507681431	0.0462708537258	0.0660619924087	44.4603616306
5274.00000000	0.0471507317108	0.0462709166771	0.0660620104977	44.4604227306
5274.00000000	0.0471505347831	0.0462708471867	0.0660618212715	44.4604993429
5274.00000000	0.0471501345157	0.0462706474221	0.0660613956688	44.4606188372
5274.00000000	0.0471496035524	0.0462703596723	0.0660608151581	44.4607632635
5274.00000000	0.0471490360186	0.0462700479975	0.0660601917888	44.4609150983
5274.00000000	0.0471485139309	0.0462697786862	0.0660596305285	44.4610655520
5274.00000000	0.0471480954177	0.0462695702356	0.0660591858208	44.4611907614
5274.00000000	0.0471478287171	0.0462694053405	0.0660588799730	44.4612507072
5274.00000000	0.0471477394904	0.0462692641523	0.0660587173978	44.4612175116
5274.00000000	0.0471478033268	0.0462691468143	0.0660586807729	44.4611060924
5274.00000000	0.0471479993478	0.0462690957263	0.0660587848952	44.4609553818
5274.00000000	0.0471482868671	0.0462691384351	0.0660590200202	44.4608071507
5274.00000000	0.0471486695272	0.0462692576656	0.0660593766479	44.4606484931
5274.00000000	0.0471491590382	0.0462694426144	0.0660598555694	44.4604656084
5274.00000000	0.0471496694877	0.0462696648593	0.0660603755590	44.4602930942
5274.00000000	0.0471500219832	0.0462698529352	0.0660607588790	44.4601953850
5274.00000000	0.0471500846978	0.0462699456910	0.0660608686081	44.4602147064
5274.00000000	0.0471499059104	0.0462699328968	0.0660607320398	44.4603153966
5274.00000000	0.0471496565451	0.0462698430351	0.0660604911185	44.4604112546
5274.00000000	0.0471494567137	0.0462697330670	0.0660602714685	44.4604645753
5274.00000000	0.0471493553998	0.0462696794102	0.0660601615752	44.4604929068
5274.00000000	0.0471493821819	0.0462697161283	0.0660602064085	44.4604993669
5274.00000000	0.0471495197239	0.0462698164764	0.0660603748624	44.4604779309
5274.00000000	0.0471497332811	0.0462699436371	0.0660606163509	44.4604269149
5274.00000000	0.0471499812191	0.0462700845484	0.0660608920094	44.4603635256
5274.00000000	0.0471501512032	0.0462702122526	0.0660611027791	44.4603393166
5274.00000000	0.0471501221775	0.0462702800985	0.0660611295827	44.4603989480
5274.00000000	0.0471498627296	0.0462702635669	0.0660609328270	44.4605463246
5274.00000000	0.0471494884749	0.0462702249047	0.0660606386298	44.4607497462
5274.00000000	0.0471491399349	0.0462702436267	0.0660604029800	44.4609730709
5274.00000000	0.0471488605711	0.0462703294704	0.0660602637178	44.4611959233
5274.00000000	0.0471486970817	0.0462704858234	0.0660602565453	44.4613920303
5274.00000000	0.0471487086229	0.0462707461872	0.0660604471491	44.4615461916
5274.00000000	0.0471488463296	0.0462710840241	0.0660607820645	44.4616716642
5274.00000000	0.0471489588150	0.0462714085976	0.0660610896894	44.4618042472
5274.00000000	0.0471489189926	0.0462716729497	0.0660612464289	44.4619920775
5274.00000000	0.0471487122490	0.0462718907399	0.0660612514215	44.4622524889
5274.00000000	0.0471484163259	0.0462720486486	0.0660611508239	44.4625300099
5274.00000000	0.0471481475680	0.0462721603071	0.0660610372200	44.4627623995
5274.00000000	0.0471479118877	0.0462722749162	0.0660609492915	44.4629765213
5274.00000000	0.0471475770300	0.0462723676477	0.0660607752568	44.4632373531
5274.00000000	0.0471470660150	0.0462723996171	0.0660604329394	44.4635675934
5274.00000000	0.0471465045132	0.0462724430465	0.0660600626196	44.4639356030
5274.00000000	0.0471461144367	0.0462725760257	0.0660598773730	44.4642549015
5274.00000000	0.0471459581647	0.0462727739510	0.0660599044837	44.4644723584
5274.00000000	0.0471459089806	0.0462729886959	0.0660600198036	44.4646351666
5274.00000000	0.0471458516367	0.0462732215265	0.0660601419692	44.4648141265
5274.00000000	0.0471457358688	0.0462734774081	0.0660602385861	44.4650428489
5274.00000000	0.0471455335402	0.0462737500209	0.0660602851477	44.4653345163
5274.00000000	0.0471452242145	0.0462740292266	0.0660602599685	44.4656952699
5274.00000000	0.0471448025873	0.0462742768139	0.0660601324979	44.4661046815
5274.00000000	0.0471443285446	0.0462744740249	0.0660599323357	44.4665147582
5274.00000000	0.0471438414630	0.0462746140689	0.0660596828263	44.4668973743
5274.00000000	0.0471433459467	0.0462747069832	0.0660593942859	44.4672559459
5274.00000000	0.0471428638571	0.0462747724097	0.0660590960748	44.4675893486
5274.00000000	0.0471424523155	0.0462748389440	0.0660588489879	44.4678805761
5274.00000000	0.0471421882264	0.0462749244618	0.0660587204290	44.4680939659
5274.00000000	0.0471421139351	0.0462750468205	0.0660587531256	44.4682148411
5274.00000000	0.0471421844955	0.0462752317982	0.0660589330596	44.4682864652
5274.00000000	0.0471422765974	0.0462754921544	0.0660591811705	44.4683916575
5274.00000000	0.0471422788320	0.0462758028465	0.0660594004103	44.4685826070
5274.00000000	0.0471421360288	0.0462761099713	0.0660595136482	44.4688594703
5274.00000000	0.0471419153422	0.0462763964657	0.0660595568558	44.4691708844
5274.00000000	0.0471417122042	0.0462766672669	0.0660596015948	44.4694619224
5274.00000000	0.0471415065006	0.0462769198960	0.0660596317747	44.4697432714
5274.00000000	0.0471412572390	0.0462771617319	0.0660596233113	44.4700444055
5274.00000000	0.0471409740226	0.0462774040212	0.0660595909368	44.4703664513
5274.00000000	0.0471406827047	0.0462776473042	0.0660595534793	44.4706940349
5274.00000000	0.0471403937819	0.0462778710524	0.0660595040479	44.4710080729
5274.00000000	0.0471401261375	0.0462780582523	0.0660594441989	44.4712865614
5274.00000000	0.0471399328864	0.0462782325971	0.0660594284326	44.4715118913
5274.00000000	0.0471397878049	0.0462784189127	0.0660594554273	44.4717153616
5274.00000000	0.0471396151283	0.0462786079883	0.0660594646647	44.4719373073
5274.00000000	0.0471394132395	0.0462787818725	0.0660594424149	44.4721676007
5274.00000000	0.0471392784166	0.0462789527024	0.0660594658839	44.4723552528
5274.00000000	0.0471392128848	0.0462791037026	0.0660595249068	44.4724885288
5274.00000000	0.0471390530534	0.0462791518177	0.0660594445612	44.4726154261
5274.00000000	0.0471387160742	0.0462790838980	0.0660591565157	44.4727781482
5274.00000000	0.0471382724502	0.0462789689697	0.0660587594380	44.4729765786
5274.00000000	0.0471378311761	0.0462788940403	0.0660583920602	44.4731983397
