DevNumber	X [V]	Y [V]	R [V]	Theta [°]
4253.00000000	0.0429581343874	0.0885711918000	0.0984391046633	64.1260353715
4253.00000000	0.0429578386840	0.0885707457828	0.0984385743138	64.1260769425
4253.00000000	0.0429575161289	0.0885702995943	0.0984380320922	64.1261325328
4253.00000000	0.0429575165416	0.0885701465827	0.0984378945991	64.1260934514
4253.00000000	0.0429580106760	0.0885704865349	0.0984384161101	64.1259210211
4253.00000000	0.0429587874646	0.0885711886160	0.0984393867986	64.1256925494
4253.00000000	0.0429594389760	0.0885718843255	0.0984402970846	64.1255280700
4253.00000000	0.0429597383623	0.0885723049425	0.0984408061882	64.1254781224
4253.00000000	0.0429596607081	0.0885723560575	0.0984408182906	64.1255317719
4253.00000000	0.0429592831804	0.0885720868819	0.0984404113461	64.1256611077
4253.00000000	0.0429588277300	0.0885717310467	0.0984398924245	64.1258092405
4253.00000000	0.0429584966880	0.0885714703933	0.0984395134350	64.1259163989
4253.00000000	0.0429582640639	0.0885712233278	0.0984391896206	64.1259754685
4253.00000000	0.0429580064935	0.0885708860532	0.0984387737537	64.1260246896
4253.00000000	0.0429578058197	0.0885706080069	0.0984384360072	64.1260591584
4253.00000000	0.0429578288490	0.0885705628292	0.0984384054082	64.1260356228
4253.00000000	0.0429580345286	0.0885706613935	0.0984385838493	64.1259529439
4253.00000000	0.0429582327526	0.0885706897174	0.0984386958378	64.1258563285
4253.00000000	0.0429582484484	0.0885705565574	0.0984385828760	64.1258142857
4253.00000000	0.0429580309821	0.0885702707101	0.0984382307821	64.1258555666
4253.00000000	0.0429576819643	0.0885698992054	0.0984377442092	64.1259439845
4253.00000000	0.0429573057624	0.0885695483394	0.0984372643434	64.1260518819
4253.00000000	0.0429569301911	0.0885692801900	0.0984368591780	64.1261804606
4253.00000000	0.0429565461643	0.0885690602126	0.0984364936662	64.1263257044
4253.00000000	0.0429562476186	0.0885689184655	0.0984362358465	64.1264460523
4253.00000000	0.0429561589998	0.0885689273527	0.0984362051707	64.1264947206
4253.00000000	0.0429562436495	0.0885690763131	0.0984363761393	64.1264882248
4253.00000000	0.0429563484149	0.0885692555961	0.0984365831690	64.1264788960
4253.00000000	0.0429563678911	0.0885693816429	0.0984367050799	64.1265007122
4253.00000000	0.0429562869747	0.0885694301467	0.0984367134110	64.1265554091
4253.00000000	0.0429561394597	0.0885693936860	0.0984366162319	64.1266234034
4253.00000000	0.0429559856691	0.0885692632709	0.0984364317778	64.1266708201
4253.00000000	0.0429558266681	0.0885689676724	0.0984360964245	64.1266790090
4253.00000000	0.0429555046777	0.0885683887457	0.0984354350177	64.1267005924
4253.00000000	0.0429549104937	0.0885675471078	0.0984344184532	64.1267980005
4253.00000000	0.0429541952726	0.0885666580384	0.0984333063937	64.1269467537
4253.00000000	0.0429536181372	0.0885659445109	0.0984324125387	64.1270677785
4253.00000000	0.0429533508521	0.0885655656324	0.0984319550004	64.1271115279
4253.00000000	0.0429532959120	0.0885655105135	0.0984318814318	64.1271263015
4253.00000000	0.0429532183659	0.0885655848602	0.0984319144872	64.1271858001
4253.00000000	0.0429530487139	0.0885656423978	0.0984318922258	64.1272892687
4253.00000000	0.0429528663569	0.0885656577378	0.0984318264527	64.1273886730
4253.00000000	0.0429527357571	0.0885656535980	0.0984317657378	64.1274560220
4253.00000000	0.0429527122281	0.0885657240139	0.0984318188283	64.1274862311
4253.00000000	0.0429528513736	0.0885659473184	0.0984320804693	64.1274700753
4253.00000000	0.0429531485869	0.0885662748177	0.0984325048377	64.1273975993
4253.00000000	0.0429535277368	0.0885665835379	0.0984329480642	64.1272774408
4253.00000000	0.0429538554812	0.0885667722645	0.0984332608932	64.1271537274
4253.00000000	0.0429540257010	0.0885667895213	0.0984333507001	64.1270689611
4253.00000000	0.0429539729642	0.0885666339546	0.0984331877136	64.1270570663
4253.00000000	0.0429537212196	0.0885663728004	0.0984328428810	64.1271225788
4253.00000000	0.0429533656327	0.0885660871354	0.0984324306804	64.1272362520
4253.00000000	0.0429530019135	0.0885658165499	0.0984320284995	64.1273580157
4253.00000000	0.0429527881684	0.0885656374897	0.0984317741148	64.1274244804
4253.00000000	0.0429528798625	0.0885656593696	0.0984318338144	64.1273820140
4253.00000000	0.0429532416176	0.0885658776854	0.0984321881075	64.1272480019
4253.00000000	0.0429536700007	0.0885661536108	0.0984326233113	64.1270937285
4253.00000000	0.0429539703321	0.0885663392815	0.0984329214289	64.1269835960
4253.00000000	0.0429540764938	0.0885663889757	0.0984330124685	64.1269406183
4253.00000000	0.0429541211167	0.0885664393139	0.0984330772335	64.1269300340
4253.00000000	0.0429542946224	0.0885666689843	0.0984333595967	64.1268975014
4253.00000000	0.0429546124813	0.0885670933175	0.0984338801030	64.1268388124
4253.00000000	0.0429549170461	0.0885675701258	0.0984344420232	64.1268004155
4253.00000000	0.0429551043774	0.0885679565143	0.0984348714288	64.1268004499
4253.00000000	0.0429551836967	0.0885681483253	0.0984350786265	64.1268076292
4253.00000000	0.0429552137958	0.0885681610952	0.0984351032510	64.1267951092
4253.00000000	0.0429552407022	0.0885681118208	0.0984350706572	64.1267685019
4253.00000000	0.0429552395045	0.0885680697100	0.0984350322449	64.1267584329
4253.00000000	0.0429551270178	0.0885679732631	0.0984348963785	64.1267928468
4253.00000000	0.0429548972398	0.0885677905158	0.0984346316788	64.1268667684
4253.00000000	0.0429547335915	0.0885676811005	0.0984344618182	64.1269246833
4253.00000000	0.0429548719531	0.0885678116187	0.0984346396317	64.1268853719
4253.00000000	0.0429553434012	0.0885681341115	0.0984351355295	64.1267203782
4253.00000000	0.0429560142247	0.0885685286255	0.0984357832344	64.1264692635
4253.00000000	0.0429565969488	0.0885688439112	0.0984363212091	64.1262441665
4253.00000000	0.0429568099652	0.0885689083762	0.0984364721703	64.1261489817
4253.00000000	0.0429566053740	0.0885686614212	0.0984361606891	64.1261934007
4253.00000000	0.0429561831626	0.0885682240779	0.0984355829374	64.1263034313
4253.00000000	0.0429558259778	0.0885678549337	0.0984350949255	64.1263967305
4253.00000000	0.0429556279088	0.0885676924447	0.0984348622898	64.1264591900
4253.00000000	0.0429554458944	0.0885676539921	0.0984347482632	64.1265447477
4253.00000000	0.0429552173915	0.0885676620129	0.0984346557650	64.1266664571
4253.00000000	0.0429551611023	0.0885678100017	0.0984347643560	64.1267335270
4253.00000000	0.0429554488571	0.0885681496776	0.0984351955543	64.1266691026
4253.00000000	0.0429559466166	0.0885685800863	0.0984358000335	64.1265177422
4253.00000000	0.0429564016475	0.0885689842609	0.0984363622627	64.1263820977
4253.00000000	0.0429567470531	0.0885693248041	0.0984368194002	64.1262877038
4253.00000000	0.0429570355541	0.0885695913760	0.0984371851493	64.1262043234
4253.00000000	0.0429572855920	0.0885698036527	0.0984374852610	64.1261272957
4253.00000000	0.0429575037776	0.0885700226546	0.0984377775239	64.1260686579
4253.00000000	0.0429575886944	0.0885701290330	0.0984379102956	64.1260512071
4253.00000000	0.0429574341325	0.0885699318503	0.0984376654295	64.1260820668
4253.00000000	0.0429571460720	0.0885694950769	0.0984371467325	64.1261219840
4253.00000000	0.0429569925063	0.0885690982218	0.0984367226446	64.1261016048
4253.00000000	0.0429570537015	0.0885688979504	0.0984365691542	64.1260186862
4253.00000000	0.0429571849022	0.0885688529434	0.0984365859142	64.1259385431
4253.00000000	0.0429572788269	0.0885689026576	0.0984366716330	64.1259019816
4253.00000000	0.0429572773137	0.0885689715325	0.0984367329432	64.1259202687
4253.00000000	0.0429571208039	0.0885689907414	0.0984366819266	64.1260071135
4253.00000000	0.0429568750520	0.0885689641769	0.0984365507807	64.1261290687
5260.00000000	0.0923178843693	0.103838774256	0.138942732136	48.3612976397
5260.00000000	0.0923175752864	0.103838489083	0.138942313648	48.3613147593
5260.00000000	0.0923173524689	0.103838197897	0.138941947983	48.3613036458
5260.00000000	0.0923175275447	0.103838120215	0.138942006254	48.3612284056
5260.00000000	0.0923181989581	0.103838381575	0.138942647690	48.3610930972
5260.00000000	0.0923191160555	0.103838871000	0.138943622811	48.3609445625
5260.00000000	0.0923198554288	0.103839318406	0.138944448444	48.3608392881
5260.00000000	0.0923201672117	0.103839527914	0.138944812179	48.3608006067
5260.00000000	0.0923200332693	0.103839456451	0.138944669775	48.3608223045
5260.00000000	0.0923195626094	0.103839160784	0.138944136086	48.3608863418
5260.00000000	0.0923190361389	0.103838837804	0.138943544902	48.3609600959
5260.00000000	0.0923187412819	0.103838696039	0.138943243042	48.3610121229
5260.00000000	0.0923185981090	0.103838635361	0.138943102565	48.3610396209
5260.00000000	0.0923183150307	0.103838421102	0.138942754353	48.3610681556
5260.00000000	0.0923179224140	0.103838090115	0.138942246122	48.3610984655
5260.00000000	0.0923176746891	0.103837816178	0.138941876800	48.3610997536
5260.00000000	0.0923176772340	0.103837670861	0.138941769888	48.3610591531
5260.00000000	0.0923178202339	0.103837622199	0.138941828535	48.3610017496
5260.00000000	0.0923178378859	0.103837559448	0.138941793367	48.3609791160
5260.00000000	0.0923175326543	0.103837382702	0.138941458470	48.3610247566
5260.00000000	0.0923169985995	0.103837125766	0.138940911606	48.3611189457
5260.00000000	0.0923164150819	0.103836861335	0.138940326275	48.3612263260
5260.00000000	0.0923158711017	0.103836619171	0.138939783857	48.3613276232
5260.00000000	0.0923154030105	0.103836381254	0.138939295035	48.3614066964
5260.00000000	0.0923151144644	0.103836210066	0.138938975379	48.3614487190
5260.00000000	0.0923150691672	0.103836169365	0.138938914864	48.3614515273
5260.00000000	0.0923151760178	0.103836210262	0.138939016424	48.3614298026
5260.00000000	0.0923153204269	0.103836272704	0.138939159039	48.3614024055
5260.00000000	0.0923154256297	0.103836307849	0.138939255205	48.3613796126
5260.00000000	0.0923153555841	0.103836214948	0.138939139235	48.3613757453
5260.00000000	0.0923150309625	0.103835946910	0.138938723228	48.3614023495
5260.00000000	0.0923145854347	0.103835594439	0.138938163787	48.3614430822
5260.00000000	0.0923141530966	0.103835229091	0.138937603486	48.3614762215
5260.00000000	0.0923136278978	0.103834811473	0.138936942421	48.3615236586
5260.00000000	0.0923128950815	0.103834299105	0.138936072598	48.3616091223
5260.00000000	0.0923120621226	0.103833748903	0.138935107963	48.3617150846
5260.00000000	0.0923113123178	0.103833257872	0.138934242799	48.3618116327
5260.00000000	0.0923108272149	0.103832968229	0.138933704019	48.3618817809
5260.00000000	0.0923106002013	0.103832894676	0.138933498215	48.3619315942
5260.00000000	0.0923103831040	0.103832850933	0.138933321279	48.3619865194
5260.00000000	0.0923099282410	0.103832662284	0.138932878070	48.3620750215
5260.00000000	0.0923092511302	0.103832331784	0.138932181181	48.3621931549
5260.00000000	0.0923086147311	0.103831985683	0.138931499684	48.3622944671
5260.00000000	0.0923083725279	0.103831846881	0.138931235024	48.3623310847
5260.00000000	0.0923086887222	0.103832065519	0.138931608512	48.3622935379
5260.00000000	0.0923094103949	0.103832535033	0.138932438900	48.3621997593
5260.00000000	0.0923102471681	0.103832994940	0.138933338585	48.3620678748
5260.00000000	0.0923109476148	0.103833264749	0.138934005621	48.3619259209
5260.00000000	0.0923114628894	0.103833407994	0.138934455037	48.3618063600
5260.00000000	0.0923117728418	0.103833514883	0.138934740861	48.3617401195
5260.00000000	0.0923117808166	0.103833533297	0.138934759922	48.3617427071
5260.00000000	0.0923114710854	0.103833419142	0.138934468814	48.3618068885
5260.00000000	0.0923109411749	0.103833204254	0.138933956131	48.3619113296
5260.00000000	0.0923105186834	0.103833087525	0.138933588180	48.3620095603
5260.00000000	0.0923105269566	0.103833259144	0.138933721938	48.3620540350
5260.00000000	0.0923108629522	0.103833610060	0.138934207440	48.3620466312
5260.00000000	0.0923111575246	0.103833868760	0.138934596502	48.3620267269
5260.00000000	0.0923111804549	0.103833903164	0.138934637449	48.3620290865
5260.00000000	0.0923109993737	0.103833799574	0.138934439716	48.3620565128
5260.00000000	0.0923108790461	0.103833733362	0.138934310285	48.3620754564
5260.00000000	0.0923110184006	0.103833827324	0.138934473098	48.3620582522
5260.00000000	0.0923114186489	0.103834095678	0.138934939588	48.3620084234
5260.00000000	0.0923119098051	0.103834431513	0.138935516911	48.3619490664
5260.00000000	0.0923123615598	0.103834722517	0.138936034552	48.3618895701
5260.00000000	0.0923127185370	0.103834913802	0.138936414694	48.3618319616
5260.00000000	0.0923129655031	0.103835040218	0.138936673262	48.3617904845
5260.00000000	0.0923131242233	0.103835176278	0.138936880404	48.3617788474
5260.00000000	0.0923132448286	0.103835363507	0.138937100464	48.3617929776
5260.00000000	0.0923132876178	0.103835524120	0.138937248930	48.3618237981
5260.00000000	0.0923132068193	0.103835552347	0.138937216341	48.3618564344
5260.00000000	0.0923131607609	0.103835507566	0.138937152271	48.3618583595
5260.00000000	0.0923134649620	0.103835610273	0.138937431148	48.3617927466
5260.00000000	0.0923142742299	0.103836027518	0.138938280676	48.3616576571
5260.00000000	0.0923154111501	0.103836730446	0.138939561413	48.3614998655
5260.00000000	0.0923164186836	0.103837470917	0.138940784239	48.3613922388
5260.00000000	0.0923169032432	0.103837942929	0.138941458953	48.3613722316
5260.00000000	0.0923167466705	0.103837956474	0.138941365045	48.3614241966
5260.00000000	0.0923161636085	0.103837597158	0.138940709106	48.3615054395
5260.00000000	0.0923155565159	0.103837142866	0.138939966221	48.3615680662
5260.00000000	0.0923150893156	0.103836744781	0.138939358290	48.3616029802
5260.00000000	0.0923146553871	0.103836389235	0.138938804258	48.3616392960
5260.00000000	0.0923142813225	0.103836119776	0.138938354338	48.3616807498
5260.00000000	0.0923142550582	0.103836108532	0.138938328484	48.3616857634
5260.00000000	0.0923147140328	0.103836418402	0.138938865021	48.3616292132
5260.00000000	0.0923153965339	0.103836848404	0.138939639857	48.3615366900
5260.00000000	0.0923159651045	0.103837151369	0.138940244054	48.3614444727
5260.00000000	0.0923163777085	0.103837295183	0.138940625679	48.3613567166
5260.00000000	0.0923167698882	0.103837406634	0.138940969548	48.3612663882
5260.00000000	0.0923171624576	0.103837573684	0.138941355229	48.3611911742
5260.00000000	0.0923174942909	0.103837781263	0.138941730843	48.3611457832
5260.00000000	0.0923176345360	0.103837911840	0.138941921614	48.3611383390
5260.00000000	0.0923174618572	0.103837837984	0.138941751684	48.3611713199
5260.00000000	0.0923170253423	0.103837578140	0.138941267455	48.3612346524
5260.00000000	0.0923165995024	0.103837331762	0.138940800383	48.3612983846
5260.00000000	0.0923163666590	0.103837233430	0.138940572187	48.3613432021
5260.00000000	0.0923162836052	0.103837276745	0.138940549374	48.3613806662
5260.00000000	0.0923163051919	0.103837427472	0.138940676363	48.3614153119
5260.00000000	0.0923163763620	0.103837613626	0.138940862773	48.3614443832
5260.00000000	0.0923163655926	0.103837731801	0.138940943936	48.3614800815
5260.00000000	0.0923161777106	0.103837695171	0.138940791726	48.3615279484
5270.00000000	0.0179493286274	-0.0744767136071	0.0766091330580	-76.4497833566
5270.00000000	0.0179492682105	-0.0744766649464	0.0766090715962	-76.4498187576
5270.00000000	0.0179491896812	-0.0744766598676	0.0766090482597	-76.4498749648
5270.00000000	0.0179491197723	-0.0744768502032	0.0766092169180	-76.4499591465
5270.00000000	0.0179491172038	-0.0744772998289	0.0766096534270	-76.4500398006
5270.00000000	0.0179492031898	-0.0744778920698	0.0766102493294	-76.4500810580
5270.00000000	0.0179493164019	-0.0744783603296	0.0766107310804	-76.4500807953
5270.00000000	0.0179493765011	-0.0744784918889	0.0766108730587	-76.4500601515
5270.00000000	0.0179493788695	-0.0744782954699	0.0766106826618	-76.4500240123
5270.00000000	0.0179493719372	-0.0744779523847	0.0766103475019	-76.4499689355
5270.00000000	0.0179493898470	-0.0744776781134	0.0766100850609	-76.4499078544
5270.00000000	0.0179494401862	-0.0744775550242	0.0766099771921	-76.4498496857
5270.00000000	0.0179494920061	-0.0744774877038	0.0766099238868	-76.4498002124
5270.00000000	0.0179495041623	-0.0744773383988	0.0766097815859	-76.4497652114
5270.00000000	0.0179494465682	-0.0744771212144	0.0766095569527	-76.4497690295
5270.00000000	0.0179493068296	-0.0744769543150	0.0766093619586	-76.4498413845
5270.00000000	0.0179491086688	-0.0744768872765	0.0766092503579	-76.4499737158
5270.00000000	0.0179489144308	-0.0744768632438	0.0766091814855	-76.4501107312
5270.00000000	0.0179487824190	-0.0744767811609	0.0766090707580	-76.4501923314
5270.00000000	0.0179487378800	-0.0744766240545	0.0766089075894	-76.4501971859
5270.00000000	0.0179487909252	-0.0744764870058	0.0766087867833	-76.4501346030
5270.00000000	0.0179489224916	-0.0744764400525	0.0766087719619	-76.4500307157
5270.00000000	0.0179490648839	-0.0744764510842	0.0766088160482	-76.4499291177
5270.00000000	0.0179491656127	-0.0744764447589	0.0766088334992	-76.4498547711
5270.00000000	0.0179492505338	-0.0744764332824	0.0766088422389	-76.4497910154
5270.00000000	0.0179493563252	-0.0744764840041	0.0766089163355	-76.4497229844
5270.00000000	0.0179494625345	-0.0744765546040	0.0766090098550	-76.4496581330
5270.00000000	0.0179495145968	-0.0744765500488	0.0766090176248	-76.4496194813
5270.00000000	0.0179495022780	-0.0744764992524	0.0766089653561	-76.4496195369
5270.00000000	0.0179494815786	-0.0744764443052	0.0766089070884	-76.4496249584
5270.00000000	0.0179495140581	-0.0744763855082	0.0766088575380	-76.4495910400
5270.00000000	0.0179495946577	-0.0744763278487	0.0766088203682	-76.4495223336
5270.00000000	0.0179496723181	-0.0744762314610	0.0766087448595	-76.4494489776
5270.00000000	0.0179497071364	-0.0744759565340	0.0766084857437	-76.4493754846
5270.00000000	0.0179497096738	-0.0744754096035	0.0766079546326	-76.4492777964
5270.00000000	0.0179497090104	-0.0744747174963	0.0766072816363	-76.4491569931
5270.00000000	0.0179496884909	-0.0744741296407	0.0766067053375	-76.4490688947
5270.00000000	0.0179496223178	-0.0744737936434	0.0766063631886	-76.4490581272
5270.00000000	0.0179495483899	-0.0744736263956	0.0766061832747	-76.4490825710
5270.00000000	0.0179495191194	-0.0744734458979	0.0766060009433	-76.4490722222
5270.00000000	0.0179495409211	-0.0744731829706	0.0766057504438	-76.4490102927
5270.00000000	0.0179496141877	-0.0744728795960	0.0766054726818	-76.4489038537
5270.00000000	0.0179497114658	-0.0744726076081	0.0766052310594	-76.4487854554
5270.00000000	0.0179497901576	-0.0744725023134	0.0766051471347	-76.4487097843
5270.00000000	0.0179498315156	-0.0744726235006	0.0766052746389	-76.4487009507
5270.00000000	0.0179498231493	-0.0744728218977	0.0766054655524	-76.4487418036
5270.00000000	0.0179497689725	-0.0744729786277	0.0766056052247	-76.4488086633
5270.00000000	0.0179496831711	-0.0744730928433	0.0766056961563	-76.4488910667
5270.00000000	0.0179495864369	-0.0744731958147	0.0766057735952	-76.4489794486
5270.00000000	0.0179495033006	-0.0744732573026	0.0766058138916	-76.4490506734
5270.00000000	0.0179494587498	-0.0744732329653	0.0766057797931	-76.4490788017
5270.00000000	0.0179494421034	-0.0744731501493	0.0766056953821	-76.4490763922
5270.00000000	0.0179494204862	-0.0744730628936	0.0766056054904	-76.4490768189
5270.00000000	0.0179493849237	-0.0744730580934	0.0766055924912	-76.4491018356
5270.00000000	0.0179493385186	-0.0744732024961	0.0766057220010	-76.4491608833
5270.00000000	0.0179492601299	-0.0744734436224	0.0766059380478	-76.4492601367
5270.00000000	0.0179491387198	-0.0744736882383	0.0766061474073	-76.4493912823
5270.00000000	0.0179490091574	-0.0744738699552	0.0766062937091	-76.4495173323
5270.00000000	0.0179489374720	-0.0744739339040	0.0766063390818	-76.4495806615
5270.00000000	0.0179489538374	-0.0744739330296	0.0766063420662	-76.4495686089
5270.00000000	0.0179490509732	-0.0744740063641	0.0766064361184	-76.4495108321
5270.00000000	0.0179491888218	-0.0744742408285	0.0766066963545	-76.4494516895
5270.00000000	0.0179493399310	-0.0744745908271	0.0766070720157	-76.4494031519
5270.00000000	0.0179494734569	-0.0744749335935	0.0766074365264	-76.4493661320
5270.00000000	0.0179495492694	-0.0744751748563	0.0766076888364	-76.4493532880
5270.00000000	0.0179495758830	-0.0744753152597	0.0766078315670	-76.4493585417
5270.00000000	0.0179495982673	-0.0744754178721	0.0766079365678	-76.4493602479
5270.00000000	0.0179496289712	-0.0744755006024	0.0766080241892	-76.4493524210
5270.00000000	0.0179496485648	-0.0744754948218	0.0766080231605	-76.4493371617
5270.00000000	0.0179496323220	-0.0744753520483	0.0766078805555	-76.4493239522
5270.00000000	0.0179495648637	-0.0744751919526	0.0766077091105	-76.4493449455
5270.00000000	0.0179494661237	-0.0744751946468	0.0766076885946	-76.4494172106
5270.00000000	0.0179493869085	-0.0744753826665	0.0766078528201	-76.4495077556
5270.00000000	0.0179493334904	-0.0744756732543	0.0766081228032	-76.4495975168
5270.00000000	0.0179492814615	-0.0744758941786	0.0766083253876	-76.4496740599
5270.00000000	0.0179492341445	-0.0744758903768	0.0766083106053	-76.4497077972
5270.00000000	0.0179492047667	-0.0744756461850	0.0766080663274	-76.4496863668
5270.00000000	0.0179491927064	-0.0744753287243	0.0766077548777	-76.4496395057
5270.00000000	0.0179491923111	-0.0744751638439	0.0766075944943	-76.4496109001
5270.00000000	0.0179491972145	-0.0744751528844	0.0766075849887	-76.4496054144
5270.00000000	0.0179491878457	-0.0744751047777	0.0766075360260	-76.4496037963
5270.00000000	0.0179491538720	-0.0744749682732	0.0766073953611	-76.4496045779
5270.00000000	0.0179490984493	-0.0744749465029	0.0766073612113	-76.4496410605
5270.00000000	0.0179490193083	-0.0744751832082	0.0766075727851	-76.4497400827
5270.00000000	0.0179489410738	-0.0744755755186	0.0766079358454	-76.4498657124
5270.00000000	0.0179488897447	-0.0744759407856	0.0766082789193	-76.4499670394
5270.00000000	0.0179488531041	-0.0744762582571	0.0766085789695	-76.4500493106
5270.00000000	0.0179488166326	-0.0744765899779	0.0766088929123	-76.4501339551
5270.00000000	0.0179487931148	-0.0744769491124	0.0766092365409	-76.4502139841
5270.00000000	0.0179488114684	-0.0744773272242	0.0766096084287	-76.4502668939
5270.00000000	0.0179488520057	-0.0744775862133	0.0766098697068	-76.4502828010
5270.00000000	0.0179488791265	-0.0744775944943	0.0766098841114	-76.4502645331
5270.00000000	0.0179488849060	-0.0744773613288	0.0766096587897	-76.4502194750
5270.00000000	0.0179488663592	-0.0744770440595	0.0766093460057	-76.4501773667
5270.00000000	0.0179488555348	-0.0744767734758	0.0766090804172	-76.4501378237
5270.00000000	0.0179489154914	-0.0744766019249	0.0766089276886	-76.4500641700
5270.00000000	0.0179490493444	-0.0744765970294	0.0766089542903	-76.4499659900
5270.00000000	0.0179491972208	-0.0744766932750	0.0766090825036	-76.4498753369
5270.00000000	0.0179493171380	-0.0744766823463	0.0766090999754	-76.4497862324
5270.00000000	0.0179493932574	-0.0744764923798	0.0766089331312	-76.4496975994
5274.00000000	-0.0111405563383	0.0349235569796	0.0366574252728	107.692596003
5274.00000000	-0.0111405431825	0.0349236341526	0.0366574947975	107.692539755
5274.00000000	-0.0111405390838	0.0349236963332	0.0366575527914	107.692504115
5274.00000000	-0.0111405754894	0.0349237914569	0.0366576544798	107.692513141
5274.00000000	-0.0111406576848	0.0349239537892	0.0366578341139	107.692558426
5274.00000000	-0.0111407562780	0.0349241641835	0.0366580645201	107.692605299
5274.00000000	-0.0111408379941	0.0349243367866	0.0366582537936	107.692644991
5274.00000000	-0.0111408752669	0.0349243833157	0.0366583094495	107.692678390
5274.00000000	-0.0111408514970	0.0349242841167	0.0366582077186	107.692690115
5274.00000000	-0.0111407894657	0.0349240918252	0.0366580056705	107.692689088
5274.00000000	-0.0111407346961	0.0349239178527	0.0366578232817	107.692690171
5274.00000000	-0.0111407134920	0.0349238326137	0.0366577356303	107.692699086
5274.00000000	-0.0111407079100	0.0349237999648	0.0366577028292	107.692706283
5274.00000000	-0.0111406842410	0.0349237492060	0.0366576472781	107.692695149
5274.00000000	-0.0111406436542	0.0349236848054	0.0366575735888	107.692665304
5274.00000000	-0.0111406054230	0.0349236452420	0.0366575242778	107.692627168
5274.00000000	-0.0111405762602	0.0349236356116	0.0366575062401	107.692588317
5274.00000000	-0.0111405567760	0.0349236321726	0.0366574970423	107.692560937
5274.00000000	-0.0111405444583	0.0349236001878	0.0366574628269	107.692557788
5274.00000000	-0.0111405351027	0.0349235081791	0.0366573723269	107.692587562
5274.00000000	-0.0111405311018	0.0349233791313	0.0366572481670	107.692642904
5274.00000000	-0.0111405371767	0.0349232687212	0.0366571448255	107.692704397
5274.00000000	-0.0111405408644	0.0349231920903	0.0366570729400	107.692746290
5274.00000000	-0.0111405110810	0.0349231301610	0.0366570048885	107.692731357
5274.00000000	-0.0111404477858	0.0349230970091	0.0366569540684	107.692652853
5274.00000000	-0.0111403791572	0.0349231332242	0.0366569677137	107.692533455
5274.00000000	-0.0111403213078	0.0349232035998	0.0366570171797	107.692413882
5274.00000000	-0.0111402717847	0.0349232406191	0.0366570373977	107.692322553
5274.00000000	-0.0111402397043	0.0349232405742	0.0366570276055	107.692274804
5274.00000000	-0.0111402350624	0.0349232120872	0.0366569990552	107.692281423
5274.00000000	-0.0111402600761	0.0349231662231	0.0366569629622	107.692340457
5274.00000000	-0.0111403038939	0.0349231350996	0.0366569466272	107.692420490
5274.00000000	-0.0111403408831	0.0349231043526	0.0366569285759	107.692490176
5274.00000000	-0.0111403598657	0.0349229868514	0.0366568224013	107.692574258
5274.00000000	-0.0111403621521	0.0349227426875	0.0366565904810	107.692693646
5274.00000000	-0.0111403455334	0.0349224434159	0.0366563003144	107.692811062
5274.00000000	-0.0111403180059	0.0349221836081	0.0366560444297	107.692893488
5274.00000000	-0.0111402962161	0.0349220116900	0.0366558740212	107.692942708
5274.00000000	-0.0111402870744	0.0349218960239	0.0366557610479	107.692984042
5274.00000000	-0.0111402901550	0.0349217626389	0.0366556349085	107.693051993
5274.00000000	-0.0111403086059	0.0349215985546	0.0366554841933	107.693157418
5274.00000000	-0.0111403509731	0.0349214425750	0.0366553484682	107.693294608
5274.00000000	-0.0111404018839	0.0349213197842	0.0366552469587	107.693428755
5274.00000000	-0.0111404393761	0.0349212577645	0.0366551992676	107.693514050
5274.00000000	-0.0111404648303	0.0349212850147	0.0366552329650	107.693539010
5274.00000000	-0.0111404835052	0.0349213911241	0.0366553397307	107.693516411
5274.00000000	-0.0111405011735	0.0349215552743	0.0366555014858	107.693464740
5274.00000000	-0.0111405354129	0.0349217463082	0.0366556938892	107.693424975
5274.00000000	-0.0111405938573	0.0349219212337	0.0366558783027	107.693428908
5274.00000000	-0.0111406573144	0.0349220167908	0.0366559886258	107.693478009
5274.00000000	-0.0111406988137	0.0349219842370	0.0366559702247	107.693555271
5274.00000000	-0.0111407113953	0.0349218396270	0.0366558362792	107.693642705
5274.00000000	-0.0111407122459	0.0349216292990	0.0366556361593	107.693743891
5274.00000000	-0.0111407277999	0.0349214492297	0.0366554693356	107.693852598
5274.00000000	-0.0111407692915	0.0349214102194	0.0366554447813	107.693932918
5274.00000000	-0.0111408172587	0.0349215159540	0.0366555600928	107.693954117
5274.00000000	-0.0111408476101	0.0349216809068	0.0366557264671	107.693920950
5274.00000000	-0.0111408460769	0.0349217967617	0.0366558363753	107.693863628
5274.00000000	-0.0111408123870	0.0349218160384	0.0366558445007	107.693804301
5274.00000000	-0.0111407741724	0.0349218150680	0.0366558319617	107.693747856
5274.00000000	-0.0111407588867	0.0349218902388	0.0366558989307	107.693689382
5274.00000000	-0.0111407687413	0.0349220561149	0.0366560599552	107.693625256
5274.00000000	-0.0111407893775	0.0349222610470	0.0366562614649	107.693558632
5274.00000000	-0.0111408084963	0.0349224494865	0.0366564468012	107.693497584
5274.00000000	-0.0111408025177	0.0349225720340	0.0366565617347	107.693430465
5274.00000000	-0.0111407518393	0.0349226109321	0.0366565833904	107.693336521
5274.00000000	-0.0111406725599	0.0349226006033	0.0366565494555	107.693223372
5274.00000000	-0.0111405938403	0.0349225731388	0.0366564993657	107.693119197
5274.00000000	-0.0111405329927	0.0349225322725	0.0366564419398	107.693048001
5274.00000000	-0.0111404965188	0.0349225073897	0.0366564071490	107.693005508
5274.00000000	-0.0111404858626	0.0349225777121	0.0366564709064	107.692956234
5274.00000000	-0.0111404937749	0.0349227905046	0.0366566760383	107.692866933
5274.00000000	-0.0111405013956	0.0349230870657	0.0366569608880	107.692737406
5274.00000000	-0.0111405007143	0.0349233896357	0.0366572489395	107.692592665
5274.00000000	-0.0111404955432	0.0349236166320	0.0366574636276	107.692477139
5274.00000000	-0.0111404785753	0.0349236988499	0.0366575368000	107.692412818
5274.00000000	-0.0111404434818	0.0349236424767	0.0366574724280	107.692387339
5274.00000000	-0.0111403999181	0.0349235156501	0.0366573383607	107.692382713
5274.00000000	-0.0111403750549	0.0349234080500	0.0366572282939	107.692396801
5274.00000000	-0.0111403703827	0.0349233644532	0.0366571853393	107.692410552
5274.00000000	-0.0111403532412	0.0349233487544	0.0366571651736	107.692392484
5274.00000000	-0.0111403219027	0.0349233410307	0.0366571482912	107.692349487
5274.00000000	-0.0111403133062	0.0349234089970	0.0366572104304	107.692304402
5274.00000000	-0.0111403439583	0.0349235895190	0.0366573917294	107.692264296
5274.00000000	-0.0111403987061	0.0349238049725	0.0366576136305	107.692243478
5274.00000000	-0.0111404447484	0.0349239416942	0.0366577578781	107.692247096
5274.00000000	-0.0111404667345	0.0349239777580	0.0366577989179	107.692262704
5274.00000000	-0.0111404764040	0.0349239688536	0.0366577933733	107.692281332
5274.00000000	-0.0111404816276	0.0349239474552	0.0366577745744	107.692299275
5274.00000000	-0.0111404923638	0.0349239441383	0.0366577746772	107.692316837
5274.00000000	-0.0111405025198	0.0349239447514	0.0366577783478	107.692331669
5274.00000000	-0.0111404881016	0.0349238841019	0.0366577161850	107.692339008
5274.00000000	-0.0111404344470	0.0349237510491	0.0366575731195	107.692322313
5274.00000000	-0.0111403533208	0.0349236174046	0.0366574211414	107.692264992
5274.00000000	-0.0111402772723	0.0349235365851	0.0366573210330	107.692190139
5274.00000000	-0.0111402371792	0.0349235120465	0.0366572854705	107.692142093
5274.00000000	-0.0111402423692	0.0349235430593	0.0366573165938	107.692135090
5274.00000000	-0.0111402745800	0.0349235914831	0.0366573725162	107.692160053
5274.00000000	-0.0111403130582	0.0349235951680	0.0366573877206	107.692215600
5274.00000000	-0.0111403552061	0.0349235342165	0.0366573424608	107.692307314
