DevNumber	X [V]	Y [V]	R [V]	Theta [°]
4253.00000000	-0.0441733659767	0.00733424751202	0.0447780911639	170.572992655
4253.00000000	-0.0441732831339	0.00733426089853	0.0447780116324	170.572958395
4253.00000000	-0.0441731918840	0.00733428173794	0.0447779250282	170.572912966
4253.00000000	-0.0441730292490	0.00733423036976	0.0447777561759	170.572943722
4253.00000000	-0.0441727594095	0.00733404655253	0.0447774598731	170.573119198
4253.00000000	-0.0441724177992	0.00733373558708	0.0447770719441	170.573440134
4253.00000000	-0.0441720614057	0.00733333937622	0.0447766554718	170.573865584
4253.00000000	-0.0441718142529	0.00733301335501	0.0447763582625	170.574225333
4253.00000000	-0.0441718351765	0.00733296744787	0.0447763713855	170.574287667
4253.00000000	-0.0441721528068	0.00733330221591	0.0447767395528	170.573931647
4253.00000000	-0.0441725754315	0.00733386673345	0.0447772489275	170.573307624
4253.00000000	-0.0441728845413	0.00733439315244	0.0447776400854	170.572707916
4253.00000000	-0.0441730380891	0.00733474126741	0.0447778485803	170.572300680
4253.00000000	-0.0441731579537	0.00733499347585	0.0447780081390	170.572007449
4253.00000000	-0.0441733344223	0.00733526293804	0.0447782263645	170.571704304
4253.00000000	-0.0441735152213	0.00733547698789	0.0447784397857	170.571472016
4253.00000000	-0.0441736214831	0.00733553285500	0.0447785537640	170.571423771
4253.00000000	-0.0441736909604	0.00733551820052	0.0447786199021	170.571456832
4253.00000000	-0.0441738082505	0.00733558859797	0.0447787471400	170.571392558
4253.00000000	-0.0441739394946	0.00733574238691	0.0447789018047	170.571225949
4253.00000000	-0.0441740018635	0.00733587327797	0.0447789847740	170.571073807
4253.00000000	-0.0441739742978	0.00733588767883	0.0447789599399	170.571049852
4253.00000000	-0.0441738315646	0.00733569245673	0.0447787871533	170.571266350
4253.00000000	-0.0441735864224	0.00733530289151	0.0447784815053	170.571706694
4253.00000000	-0.0441733281178	0.00733488891563	0.0447781588769	170.572175097
4253.00000000	-0.0441731714799	0.00733461900059	0.0447779601420	170.572482972
4253.00000000	-0.0441731447827	0.00733452377080	0.0447779182068	170.572597583
4253.00000000	-0.0441731828718	0.00733453666637	0.0447779578938	170.572589288
4253.00000000	-0.0441731808742	0.00733454514499	0.0447779573120	170.572578167
4253.00000000	-0.0441730950715	0.00733449571007	0.0447778645708	170.572622584
4253.00000000	-0.0441729598618	0.00733442756907	0.0447777200259	170.572680259
4253.00000000	-0.0441728096417	0.00733440791356	0.0447775686152	170.572673585
4253.00000000	-0.0441726628463	0.00733445153479	0.0447774309474	170.572587756
4253.00000000	-0.0441725081560	0.00733447175856	0.0447772816590	170.572529806
4253.00000000	-0.0441723335612	0.00733439633747	0.0447770970684	170.572588416
4253.00000000	-0.0441721603527	0.00733424029375	0.0447769006399	170.572749087
4253.00000000	-0.0441720214269	0.00733404934167	0.0447767323136	170.572961009
4253.00000000	-0.0441719785542	0.00733390212100	0.0447766659066	170.573137862
4253.00000000	-0.0441720377505	0.00733384768498	0.0447767153876	170.573218983
4253.00000000	-0.0441720733105	0.00733380415934	0.0447767433384	170.573281379
4253.00000000	-0.0441719388791	0.00733364859572	0.0447765852435	170.573449574
4253.00000000	-0.0441715610094	0.00733330831590	0.0447761567451	170.573799925
4253.00000000	-0.0441710213426	0.00733283268898	0.0447755464701	170.574287231
4253.00000000	-0.0441705199853	0.00733239608186	0.0447749803805	170.574733320
4253.00000000	-0.0441701656986	0.00733212000834	0.0447745856670	170.575007585
4253.00000000	-0.0441699722421	0.00733203594939	0.0447743810570	170.575073160
4253.00000000	-0.0441699569354	0.00733217886802	0.0447743893608	170.574889535
4253.00000000	-0.0441701202897	0.00733251951847	0.0447746062953	170.574493738
4253.00000000	-0.0441704458101	0.00733291124371	0.0447749915731	170.574067455
4253.00000000	-0.0441708242527	0.00733316391946	0.0447754062877	170.573827799
4253.00000000	-0.0441710694679	0.00733316224253	0.0447756479173	170.573881306
4253.00000000	-0.0441710525367	0.00733294063999	0.0447755949221	170.574157496
4253.00000000	-0.0441707843756	0.00733261797269	0.0447752775390	170.574508619
4253.00000000	-0.0441704396283	0.00733233984999	0.0447748918997	170.574787466
4253.00000000	-0.0441701703370	0.00733219766592	0.0447746029598	170.574910524
4253.00000000	-0.0441699212579	0.00733207382748	0.0447743369637	170.575014660
4253.00000000	-0.0441695970108	0.00733180697235	0.0447739733950	170.575283589
4253.00000000	-0.0441692392477	0.00733142636009	0.0447735581364	170.575689106
4253.00000000	-0.0441689809224	0.00733107611581	0.0447732459482	170.576077130
4253.00000000	-0.0441689101855	0.00733086700282	0.0447731419267	170.576326297
4253.00000000	-0.0441689693952	0.00733079121696	0.0447731879287	170.576434377
4253.00000000	-0.0441690192735	0.00733075638489	0.0447732314308	170.576488800
4253.00000000	-0.0441690129288	0.00733072601678	0.0447732201995	170.576525808
4253.00000000	-0.0441690050116	0.00733072156535	0.0447732116604	170.576529769
4253.00000000	-0.0441690295923	0.00733075740198	0.0447732417769	170.576489678
4253.00000000	-0.0441690802123	0.00733088367902	0.0447733123894	170.576340870
4253.00000000	-0.0441691421860	0.00733113217034	0.0447734142136	170.576040156
4253.00000000	-0.0441692319129	0.00733144538085	0.0447735540152	170.575663558
4253.00000000	-0.0441693894124	0.00733175882927	0.0447737607154	170.575300862
4253.00000000	-0.0441695825143	0.00733201610964	0.0447739933412	170.575016537
4253.00000000	-0.0441697898762	0.00733220089521	0.0447742281639	170.574826720
4253.00000000	-0.0441700581129	0.00733236397865	0.0447745194861	170.574677058
4253.00000000	-0.0441703885343	0.00733255858716	0.0447748773164	170.574500632
4253.00000000	-0.0441706987773	0.00733277130859	0.0447752182076	170.574297116
4253.00000000	-0.0441708817073	0.00733291081291	0.0447754215143	170.574159348
4253.00000000	-0.0441708685833	0.00733291227579	0.0447754088071	170.574154751
4253.00000000	-0.0441707401132	0.00733286815414	0.0447752748457	170.574183526
4253.00000000	-0.0441707299306	0.00733297909688	0.0447752829699	170.574041343
4253.00000000	-0.0441709868787	0.00733330599882	0.0447755899873	170.573682528
4253.00000000	-0.0441714180934	0.00733369826279	0.0447760796251	170.573277733
4253.00000000	-0.0441717974893	0.00733396065677	0.0447764968745	170.573026023
4253.00000000	-0.0441719565867	0.00733398460545	0.0447766577459	170.573029137
4253.00000000	-0.0441718929007	0.00733381450561	0.0447765670595	170.573230508
4253.00000000	-0.0441717262088	0.00733363591503	0.0447763733681	170.573421011
4253.00000000	-0.0441716007449	0.00733362607747	0.0447762479872	170.573407135
4253.00000000	-0.0441715790710	0.00733376707339	0.0447762496991	170.573224610
4253.00000000	-0.0441716277675	0.00733388551965	0.0447763171381	170.573085299
4253.00000000	-0.0441716812767	0.00733387399598	0.0447763680372	170.573111060
4253.00000000	-0.0441717083461	0.00733375156980	0.0447763746891	170.573271274
4253.00000000	-0.0441717448858	0.00733360219589	0.0447763862702	170.573467489
4253.00000000	-0.0441718221883	0.00733347173376	0.0447764411616	170.573648375
4253.00000000	-0.0441719357934	0.00733333916218	0.0447765315205	170.573839530
4253.00000000	-0.0441720603613	0.00733317564104	0.0447766276258	170.574072051
4253.00000000	-0.0441721929878	0.00733301184091	0.0447767316361	170.574306611
4253.00000000	-0.0441723181001	0.00733289940188	0.0447768366454	170.574474762
4253.00000000	-0.0441723991471	0.00733285329322	0.0447769090473	170.574549948
4253.00000000	-0.0441724106440	0.00733286347954	0.0447769220571	170.574539499
4253.00000000	-0.0441723098180	0.00733289542111	0.0447768278232	170.574478051
4253.00000000	-0.0441720996904	0.00733294337414	0.0447766283856	170.574373486
4253.00000000	-0.0441718288312	0.00733299308266	0.0447763693240	170.574253978
5260.00000000	0.0267848974669	-0.0362656560210	0.0450846818659	-53.5513613152
5260.00000000	0.0267849613871	-0.0362657298259	0.0450847792088	-53.5513516960
5260.00000000	0.0267850533738	-0.0362658576633	0.0450849366894	-53.5513541809
5260.00000000	0.0267851153153	-0.0362659564859	0.0450850529809	-53.5513654731
5260.00000000	0.0267851123607	-0.0362659413871	0.0450850390803	-53.5513570938
5260.00000000	0.0267850614053	-0.0362657948882	0.0450848909653	-53.5512985748
5260.00000000	0.0267849869353	-0.0362655387602	0.0450846406960	-53.5511813219
5260.00000000	0.0267849057595	-0.0362652499741	0.0450843601733	-53.5510462649
5260.00000000	0.0267848414612	-0.0362650659120	0.0450841739162	-53.5509730229
5260.00000000	0.0267848271740	-0.0362650849054	0.0450841807060	-53.5510019688
5260.00000000	0.0267848696467	-0.0362652524563	0.0450843407150	-53.5510850558
5260.00000000	0.0267849367758	-0.0362654386459	0.0450845303653	-53.5511570097
5260.00000000	0.0267850113006	-0.0362655978324	0.0450847026886	-53.5512010148
5260.00000000	0.0267851038209	-0.0362657736650	0.0450848990930	-53.5512391917
5260.00000000	0.0267852085118	-0.0362659751389	0.0450851233534	-53.5512842864
5260.00000000	0.0267852990533	-0.0362661356399	0.0450853062497	-53.5513129100
5260.00000000	0.0267853737322	-0.0362662210530	0.0450854193220	-53.5513010573
5260.00000000	0.0267854603912	-0.0362662944018	0.0450855298073	-53.5512678497
5260.00000000	0.0267855746243	-0.0362664198731	0.0450856986013	-53.5512458073
5260.00000000	0.0267856896503	-0.0362665612853	0.0450858806890	-53.5512349900
5260.00000000	0.0267857685069	-0.0362666430604	0.0450859933169	-53.5512161204
5260.00000000	0.0267857939052	-0.0362666302743	0.0450859981212	-53.5511805042
5260.00000000	0.0267857529963	-0.0362665100857	0.0450858771388	-53.5511315805
5260.00000000	0.0267856638776	-0.0362663266648	0.0450856766515	-53.5510841975
5260.00000000	0.0267855782382	-0.0362661744298	0.0450855033168	-53.5510568030
5260.00000000	0.0267855407912	-0.0362661265558	0.0450854425601	-53.5510589375
5260.00000000	0.0267855428940	-0.0362661765165	0.0450854839971	-53.5510945085
5260.00000000	0.0267855448293	-0.0362662685314	0.0450855591625	-53.5511620018
5260.00000000	0.0267855209900	-0.0362663374485	0.0450856004355	-53.5512384036
5260.00000000	0.0267854691003	-0.0362663421204	0.0450855733657	-53.5512949744
5260.00000000	0.0267854041075	-0.0362662865788	0.0450854900763	-53.5513194785
5260.00000000	0.0267853561912	-0.0362662154683	0.0450854044086	-53.5513147719
5260.00000000	0.0267853366746	-0.0362661519367	0.0450853417096	-53.5512867561
5260.00000000	0.0267853125489	-0.0362660577937	0.0450852516488	-53.5512403400
5260.00000000	0.0267852679628	-0.0362659268293	0.0450851198138	-53.5511870387
5260.00000000	0.0267852270405	-0.0362658008176	0.0450849941395	-53.5511337312
5260.00000000	0.0267852131044	-0.0362657044356	0.0450849083315	-53.5510752075
5260.00000000	0.0267852199159	-0.0362656569587	0.0450848741885	-53.5510323988
5260.00000000	0.0267852193698	-0.0362656647012	0.0450848800919	-53.5510388027
5260.00000000	0.0267851728905	-0.0362656688513	0.0450848558166	-53.5510894496
5260.00000000	0.0267850532681	-0.0362655738128	0.0450847083006	-53.5511399781
5260.00000000	0.0267848529219	-0.0362653035211	0.0450843718546	-53.5511407081
5260.00000000	0.0267845978224	-0.0362648840257	0.0450838828619	-53.5510847574
5260.00000000	0.0267843442899	-0.0362644486481	0.0450833820248	-53.5510152117
5260.00000000	0.0267841564666	-0.0362641210058	0.0450830068868	-53.5509598362
5260.00000000	0.0267840864054	-0.0362639658901	0.0450828404901	-53.5509143390
5260.00000000	0.0267841539176	-0.0362640133085	0.0450829187423	-53.5508811252
5260.00000000	0.0267843269187	-0.0362642394696	0.0450832034443	-53.5508750311
5260.00000000	0.0267845318036	-0.0362645467815	0.0450835723652	-53.5508976152
5260.00000000	0.0267846962358	-0.0362648033936	0.0450838764706	-53.5509232723
5260.00000000	0.0267847795840	-0.0362649271859	0.0450840255652	-53.5509315354
5260.00000000	0.0267847754731	-0.0362649102385	0.0450840094907	-53.5509229420
5260.00000000	0.0267847090615	-0.0362647950742	0.0450838773985	-53.5509038796
5260.00000000	0.0267846437299	-0.0362646845568	0.0450837496859	-53.5508872215
5260.00000000	0.0267846126534	-0.0362646391894	0.0450836947302	-53.5508847360
5260.00000000	0.0267845828482	-0.0362645866920	0.0450836347946	-53.5508755674
5260.00000000	0.0267845328223	-0.0362644628766	0.0450835054786	-53.5508332221
5260.00000000	0.0267845001590	-0.0362643223375	0.0450833730256	-53.5507604998
5260.00000000	0.0267845212911	-0.0362642436143	0.0450833222569	-53.5506794572
5260.00000000	0.0267845904626	-0.0362642432719	0.0450833630770	-53.5506084862
5260.00000000	0.0267846685847	-0.0362642666784	0.0450834283181	-53.5505462969
5260.00000000	0.0267847300215	-0.0362642662265	0.0450834644551	-53.5504831505
5260.00000000	0.0267847731500	-0.0362642447490	0.0450834728023	-53.5504228448
5260.00000000	0.0267847946651	-0.0362642132462	0.0450834602445	-53.5503770643
5260.00000000	0.0267847939225	-0.0362641718448	0.0450834265009	-53.5503465632
5260.00000000	0.0267847604009	-0.0362641267510	0.0450833703126	-53.5503467832
5260.00000000	0.0267846711940	-0.0362640655107	0.0450832680530	-53.5503917375
5260.00000000	0.0267845378248	-0.0362639916501	0.0450831294043	-53.5504723092
5260.00000000	0.0267844249731	-0.0362639627346	0.0450830390985	-53.5505658426
5260.00000000	0.0267843937328	-0.0362640250996	0.0450830707035	-53.5506448681
5260.00000000	0.0267844553864	-0.0362641969129	0.0450832455362	-53.5507115684
5260.00000000	0.0267845811703	-0.0362644713930	0.0450835410531	-53.5507902273
5260.00000000	0.0267847234165	-0.0362647890319	0.0450838810666	-53.5508846427
5260.00000000	0.0267848415948	-0.0362650532296	0.0450841637940	-53.5509633108
5260.00000000	0.0267849064091	-0.0362651630325	0.0450842906246	-53.5509799578
5260.00000000	0.0267848998474	-0.0362650773095	0.0450842177719	-53.5509219423
5260.00000000	0.0267848398429	-0.0362648745183	0.0450840190005	-53.5508301690
5260.00000000	0.0267847764167	-0.0362647211714	0.0450838579685	-53.5507792251
5260.00000000	0.0267847392020	-0.0362647151071	0.0450838309810	-53.5508126898
5260.00000000	0.0267847274175	-0.0362648342466	0.0450839198137	-53.5509146913
5260.00000000	0.0267847066039	-0.0362649643537	0.0450840121044	-53.5510342033
5260.00000000	0.0267846247733	-0.0362649857009	0.0450839806598	-53.5511339741
5260.00000000	0.0267844743916	-0.0362648956188	0.0450838188564	-53.5512196905
5260.00000000	0.0267843093891	-0.0362647949417	0.0450836398444	-53.5513123544
5260.00000000	0.0267842269814	-0.0362648070492	0.0450836006249	-53.5514057399
5260.00000000	0.0267842667597	-0.0362649494664	0.0450837388163	-53.5514726044
5260.00000000	0.0267843535694	-0.0362650960500	0.0450839083005	-53.5514945351
5260.00000000	0.0267843904313	-0.0362651186707	0.0450839483960	-53.5514739312
5260.00000000	0.0267843448417	-0.0362649876810	0.0450838159444	-53.5514216358
5260.00000000	0.0267842661700	-0.0362647974684	0.0450836162003	-53.5513584442
5260.00000000	0.0267842269633	-0.0362646677781	0.0450834885859	-53.5513006041
5260.00000000	0.0267842552483	-0.0362646498802	0.0450834909933	-53.5512581753
5260.00000000	0.0267843347766	-0.0362647287235	0.0450836016619	-53.5512364045
5260.00000000	0.0267844568909	-0.0362648866165	0.0450838012178	-53.5512307840
5260.00000000	0.0267845945867	-0.0362650698109	0.0450840303829	-53.5512283383
5260.00000000	0.0267847064568	-0.0362652133368	0.0450842122958	-53.5512223427
5260.00000000	0.0267847799899	-0.0362653076102	0.0450843318146	-53.5512183511
5260.00000000	0.0267848109239	-0.0362653484777	0.0450843830659	-53.5512175842
5260.00000000	0.0267847905173	-0.0362653238222	0.0450843511098	-53.5512198297
5260.00000000	0.0267847075955	-0.0362652195104	0.0450842179383	-53.5512258398
5270.00000000	0.0288697105334	-0.0390939451863	0.0485983203055	-53.5552399352
5270.00000000	0.0288697519254	-0.0390939420068	0.0485983423366	-53.5551984525
5270.00000000	0.0288698425627	-0.0390939713736	0.0485984198031	-53.5551330600
5270.00000000	0.0288698925431	-0.0390938838774	0.0485983791095	-53.5550243798
5270.00000000	0.0288698418003	-0.0390935499136	0.0485980803162	-53.5548386064
5270.00000000	0.0288697212395	-0.0390929893244	0.0485975577448	-53.5545603217
5270.00000000	0.0288695760163	-0.0390922615599	0.0485968860445	-53.5541883318
5270.00000000	0.0288694530783	-0.0390916395300	0.0485963126398	-53.5538692540
5270.00000000	0.0288693935731	-0.0390915198456	0.0485961810137	-53.5538418611
5270.00000000	0.0288694102325	-0.0390920135597	0.0485965880626	-53.5541718635
5270.00000000	0.0288694722289	-0.0390927416352	0.0485972105715	-53.5546230068
5270.00000000	0.0288695260250	-0.0390932654471	0.0485976638968	-53.5549388547
5270.00000000	0.0288695479091	-0.0390935067845	0.0485978710355	-53.5550871261
5270.00000000	0.0288695623396	-0.0390937049268	0.0485980389994	-53.5552122129
5270.00000000	0.0288695833105	-0.0390940323252	0.0485983148264	-53.5554216217
5270.00000000	0.0288695749958	-0.0390943819795	0.0485985911606	-53.5556743894
5270.00000000	0.0288695377108	-0.0390946017142	0.0485987457742	-53.5558636412
5270.00000000	0.0288695209978	-0.0390947498008	0.0485988549724	-53.5559832032
5270.00000000	0.0288695558307	-0.0390949537857	0.0485990397576	-53.5560930267
5270.00000000	0.0288696474137	-0.0390951763154	0.0485992731727	-53.5561620156
5270.00000000	0.0288697930592	-0.0390953098517	0.0485994671131	-53.5561174071
5270.00000000	0.0288699399548	-0.0390953320518	0.0485995722330	-53.5559936413
5270.00000000	0.0288700097883	-0.0390951862019	0.0485994963898	-53.5558252691
5270.00000000	0.0288699782623	-0.0390948527450	0.0485992094176	-53.5556216349
5270.00000000	0.0288698898291	-0.0390944960408	0.0485988699398	-53.5554556871
5270.00000000	0.0288698034740	-0.0390943136286	0.0485986719028	-53.5554098325
5270.00000000	0.0288697360200	-0.0390943167858	0.0485986343719	-53.5554760165
5270.00000000	0.0288696660890	-0.0390943718326	0.0485986371113	-53.5555808908
5270.00000000	0.0288695601337	-0.0390943294605	0.0485985400839	-53.5556517028
5270.00000000	0.0288694351954	-0.0390941326132	0.0485983075145	-53.5556323314
5270.00000000	0.0288693404982	-0.0390938148284	0.0485979956237	-53.5554995792
5270.00000000	0.0288693226589	-0.0390934776570	0.0485977137950	-53.5552803546
5270.00000000	0.0288694080494	-0.0390931888056	0.0485975321607	-53.5549970657
5270.00000000	0.0288695642981	-0.0390928905341	0.0485973850435	-53.5546399744
5270.00000000	0.0288697256809	-0.0390925622075	0.0485972168014	-53.5542569614
5270.00000000	0.0288698366736	-0.0390922419333	0.0485970251037	-53.5539273759
5270.00000000	0.0288698841400	-0.0390919609058	0.0485968272393	-53.5536855252
5270.00000000	0.0288698922129	-0.0390918255042	0.0485967231162	-53.5535830320
5270.00000000	0.0288698875759	-0.0390918861598	0.0485967691536	-53.5536299137
5270.00000000	0.0288698479759	-0.0390919624723	0.0485968070154	-53.5537209206
5270.00000000	0.0288697396125	-0.0390918072655	0.0485966177895	-53.5537149849
5270.00000000	0.0288695626062	-0.0390912835384	0.0485960913423	-53.5535160328
5270.00000000	0.0288693728241	-0.0390904811524	0.0485953331502	-53.5531340103
5270.00000000	0.0288692642049	-0.0390896442670	0.0485945954264	-53.5526508326
5270.00000000	0.0288692919645	-0.0390889517336	0.0485940548438	-53.5521394079
5270.00000000	0.0288694338731	-0.0390885377198	0.0485938061200	-53.5517148075
5270.00000000	0.0288695959591	-0.0390885532223	0.0485939148851	-53.5515719381
5270.00000000	0.0288696921499	-0.0390890097006	0.0485943392198	-53.5518004620
5270.00000000	0.0288697246075	-0.0390897151183	0.0485949259382	-53.5522638009
5270.00000000	0.0288697191158	-0.0390903431985	0.0485954279043	-53.5527089499
5270.00000000	0.0288696704431	-0.0390906373623	0.0485956356156	-53.5529611568
5270.00000000	0.0288695794903	-0.0390905424295	0.0485955052179	-53.5529809238
5270.00000000	0.0288694762681	-0.0390901608889	0.0485951369822	-53.5528115745
5270.00000000	0.0288693927598	-0.0390897056323	0.0485947211613	-53.5525718905
5270.00000000	0.0288693473126	-0.0390893412989	0.0485944010914	-53.5523597925
5270.00000000	0.0288693199287	-0.0390889631593	0.0485940806479	-53.5521208888
5270.00000000	0.0288692484591	-0.0390884099462	0.0485935931859	-53.5518011585
5270.00000000	0.0288690897978	-0.0390877950179	0.0485930042816	-53.5515208875
5270.00000000	0.0288688967623	-0.0390873820935	0.0485925574465	-53.5514147183
5270.00000000	0.0288687741549	-0.0390873013482	0.0485924196547	-53.5514744441
5270.00000000	0.0288687848800	-0.0390874465548	0.0485925428293	-53.5515659900
5270.00000000	0.0288689096218	-0.0390876314109	0.0485927656351	-53.5515771697
5270.00000000	0.0288690618440	-0.0390877542212	0.0485929548577	-53.5515188223
5270.00000000	0.0288691602597	-0.0390877979937	0.0485930485368	-53.5514561422
5270.00000000	0.0288691841408	-0.0390877657304	0.0485930367723	-53.5514108917
5270.00000000	0.0288691497512	-0.0390877253851	0.0485929838880	-53.5514152467
5270.00000000	0.0288690875821	-0.0390877392759	0.0485929581269	-53.5514839417
5270.00000000	0.0288690367732	-0.0390878383285	0.0485930076185	-53.5516015180
5270.00000000	0.0288690246621	-0.0390880892676	0.0485932022770	-53.5517887866
5270.00000000	0.0288690697261	-0.0390884839792	0.0485935465534	-53.5520225365
5270.00000000	0.0288692032777	-0.0390889498847	0.0485940006686	-53.5522222271
5270.00000000	0.0288694195800	-0.0390894630242	0.0485945419405	-53.5523765159
5270.00000000	0.0288696787637	-0.0390900078198	0.0485951341523	-53.5525123050
5270.00000000	0.0288699128972	-0.0390904619602	0.0485956385590	-53.5526083500
5270.00000000	0.0288700383615	-0.0390906567867	0.0485958698143	-53.5526258227
5270.00000000	0.0288700374050	-0.0390905284703	0.0485957660280	-53.5525368516
5270.00000000	0.0288699783617	-0.0390901848167	0.0485954545159	-53.5523521380
5270.00000000	0.0288699685100	-0.0390899438202	0.0485952548057	-53.5521926746
5270.00000000	0.0288700512392	-0.0390900363795	0.0485953784089	-53.5521790464
5270.00000000	0.0288701770735	-0.0390903456419	0.0485957019361	-53.5522763270
5270.00000000	0.0288702855128	-0.0390905411234	0.0485959236038	-53.5523104066
5270.00000000	0.0288703490821	-0.0390904314469	0.0485958731461	-53.5521732946
5270.00000000	0.0288703608079	-0.0390901483672	0.0485956524037	-53.5519638902
5270.00000000	0.0288703277459	-0.0390899993570	0.0485955128987	-53.5518908714
5270.00000000	0.0288702645635	-0.0390902137701	0.0485956478355	-53.5521009809
5270.00000000	0.0288701658425	-0.0390907104468	0.0485959887131	-53.5525425041
5270.00000000	0.0288700139568	-0.0390911529730	0.0485962544505	-53.5529965145
5270.00000000	0.0288698052606	-0.0390912694895	0.0485962241958	-53.5532760555
5270.00000000	0.0288695695376	-0.0390910227529	0.0485958856813	-53.5533267981
5270.00000000	0.0288693759574	-0.0390905882056	0.0485954211261	-53.5532060228
5270.00000000	0.0288692835164	-0.0390901567880	0.0485950191734	-53.5529915136
5270.00000000	0.0288692663412	-0.0390898688952	0.0485947773873	-53.5528061487
5270.00000000	0.0288692445834	-0.0390898003485	0.0485947093222	-53.5527787707
5270.00000000	0.0288692040578	-0.0390899674978	0.0485948197024	-53.5529342869
5270.00000000	0.0288691779112	-0.0390903016982	0.0485950730026	-53.5531931747
5270.00000000	0.0288691601918	-0.0390906846150	0.0485953704981	-53.5534781899
5270.00000000	0.0288691265156	-0.0390910272320	0.0485956260977	-53.5537501085
5270.00000000	0.0288690873425	-0.0390912105722	0.0485957503079	-53.5539156771
5270.00000000	0.0288690854523	-0.0390911574334	0.0485957064394	-53.5538802503
5270.00000000	0.0288691212836	-0.0390908717343	0.0485954979050	-53.5536461558
5274.00000000	0.00293116804836	0.0238467214645	0.0240261913489	82.9925232322
5274.00000000	0.00293114568145	0.0238466753470	0.0240261428472	82.9925627556
5274.00000000	0.00293112117858	0.0238466422722	0.0240261070301	82.9926111293
5274.00000000	0.00293109756826	0.0238465951394	0.0240260573690	82.9926533007
5274.00000000	0.00293107581752	0.0238465138951	0.0240259740780	82.9926811467
5274.00000000	0.00293105920581	0.0238463823572	0.0240258414961	82.9926821973
5274.00000000	0.00293104603763	0.0238461997460	0.0240256586424	82.9926602382
5274.00000000	0.00293103805291	0.0238460335830	0.0240254927464	82.9926307950
5274.00000000	0.00293104465100	0.0238459501850	0.0240254107763	82.9925909138
5274.00000000	0.00293107208005	0.0238459370490	0.0240254010848	82.9925221678
5274.00000000	0.00293110815060	0.0238459414578	0.0240254098612	82.9924380720
5274.00000000	0.00293113961829	0.0238459374698	0.0240254097421	82.9923624282
5274.00000000	0.00293116953583	0.0238459518171	0.0240254276322	82.9922957882
5274.00000000	0.00293120531415	0.0238460090534	0.0240254888060	82.9922277547
5274.00000000	0.00293124152270	0.0238461036315	0.0240255870952	82.9921695681
5274.00000000	0.00293126410674	0.0238461992305	0.0240256847354	82.9921439276
5274.00000000	0.00293126837618	0.0238462663028	0.0240257518275	82.9921533370
5274.00000000	0.00293126416166	0.0238463187007	0.0240258033198	82.9921785579
5274.00000000	0.00293126378812	0.0238463691697	0.0240258533662	82.9921941261
5274.00000000	0.00293126286628	0.0238463969646	0.0240258808410	82.9922043950
5274.00000000	0.00293125187111	0.0238463859074	0.0240258685249	82.9922272027
5274.00000000	0.00293122834712	0.0238463381791	0.0240258182831	82.9922689961
5274.00000000	0.00293119624734	0.0238462602835	0.0240257370531	82.9923223111
5274.00000000	0.00293117299102	0.0238461783209	0.0240256528655	82.9923535110
5274.00000000	0.00293117184478	0.0238461249858	0.0240255997890	82.9923407064
5274.00000000	0.00293118391376	0.0238461242165	0.0240256004979	82.9923119157
5274.00000000	0.00293119578355	0.0238461726098	0.0240256499778	82.9922979004
5274.00000000	0.00293120180399	0.0238462355641	0.0240257131964	82.9923019667
5274.00000000	0.00293119896752	0.0238462567671	0.0240257338950	82.9923148495
5274.00000000	0.00293118025849	0.0238462101817	0.0240256853750	82.9923455790
5274.00000000	0.00293114030696	0.0238461116390	0.0240255826942	82.9924114722
5274.00000000	0.00293109050585	0.0238459959210	0.0240254617650	82.9924956826
5274.00000000	0.00293105436441	0.0238459056360	0.0240253677451	82.9925549611
5274.00000000	0.00293104039121	0.0238458587465	0.0240253195011	82.9925743934
5274.00000000	0.00293104309464	0.0238458369051	0.0240252981528	82.9925616399
5274.00000000	0.00293105445578	0.0238458042098	0.0240252670877	82.9925252356
5274.00000000	0.00293107089173	0.0238457469822	0.0240252122928	82.9924696815
5274.00000000	0.00293110331706	0.0238457040287	0.0240251736160	82.9923804333
5274.00000000	0.00293115424424	0.0238457156682	0.0240251913818	82.9922632748
5274.00000000	0.00293120647703	0.0238457562034	0.0240252379868	82.9921514337
5274.00000000	0.00293124431798	0.0238457540451	0.0240252404614	82.9920612362
5274.00000000	0.00293125778484	0.0238456609386	0.0240251496936	82.9920022693
5274.00000000	0.00293124055944	0.0238454999711	0.0240249878270	82.9919962056
5274.00000000	0.00293119940722	0.0238453444139	0.0240248284111	82.9920483518
5274.00000000	0.00293115490184	0.0238452378867	0.0240247172497	82.9921227020
5274.00000000	0.00293113182791	0.0238451860970	0.0240246630318	82.9921622502
5274.00000000	0.00293115094836	0.0238452001696	0.0240246793321	82.9921210857
5274.00000000	0.00293121854678	0.0238452822653	0.0240247690620	82.9919849642
5274.00000000	0.00293132005612	0.0238454098573	0.0240249080858	82.9917818139
5274.00000000	0.00293142240189	0.0238455420054	0.0240250517342	82.9915780119
5274.00000000	0.00293149773429	0.0238456369424	0.0240251551536	82.9914273249
5274.00000000	0.00293153801646	0.0238456765572	0.0240251993876	82.9913435046
5274.00000000	0.00293154831888	0.0238456656131	0.0240251897824	82.9913159341
5274.00000000	0.00293153392320	0.0238456247209	0.0240251474392	82.9913381093
5274.00000000	0.00293150626559	0.0238455745219	0.0240250942405	82.9913889674
5274.00000000	0.00293147256104	0.0238455061974	0.0240250223139	82.9914488646
5274.00000000	0.00293142600669	0.0238454080910	0.0240249192602	82.9915305118
5274.00000000	0.00293136582912	0.0238453023798	0.0240248069963	82.9916421935
5274.00000000	0.00293130678242	0.0238452249293	0.0240247229200	82.9917594228
5274.00000000	0.00293126467895	0.0238451969303	0.0240246899930	82.9918509366
5274.00000000	0.00293124199466	0.0238452131512	0.0240247033250	82.9919093515
5274.00000000	0.00293122941164	0.0238452529307	0.0240247412721	82.9919507110
5274.00000000	0.00293121478765	0.0238452829357	0.0240247692687	82.9919940573
5274.00000000	0.00293119211863	0.0238452668656	0.0240247505529	82.9920430400
5274.00000000	0.00293116604981	0.0238452084552	0.0240246893982	82.9920877505
5274.00000000	0.00293115315729	0.0238451669981	0.0240246466779	82.9921062051
5274.00000000	0.00293115533385	0.0238451873183	0.0240246671119	82.9921069656
5274.00000000	0.00293115772943	0.0238452753288	0.0240247547571	82.9921269034
5274.00000000	0.00293116385355	0.0238454139682	0.0240248931080	82.9921527467
5274.00000000	0.00293118655115	0.0238455499171	0.0240250308105	82.9921385770
5274.00000000	0.00293122443986	0.0238456270379	0.0240251119778	82.9920713332
5274.00000000	0.00293126763129	0.0238456568751	0.0240251468618	82.9919777803
5274.00000000	0.00293131055031	0.0238456814756	0.0240251765150	82.9918833487
5274.00000000	0.00293134681005	0.0238456950671	0.0240251944291	82.9918014765
5274.00000000	0.00293136748005	0.0238456700036	0.0240251720748	82.9917452577
5274.00000000	0.00293136210035	0.0238455965216	0.0240250984854	82.9917366098
5274.00000000	0.00293133095187	0.0238455100479	0.0240250088573	82.9917851768
5274.00000000	0.00293130070475	0.0238454820921	0.0240249774198	82.9918486379
5274.00000000	0.00293130396832	0.0238455506128	0.0240250458268	82.9918608508
5274.00000000	0.00293134124784	0.0238456723427	0.0240251711958	82.9918080301
5274.00000000	0.00293137925320	0.0238457685664	0.0240252713377	82.9917460702
5274.00000000	0.00293139085342	0.0238457961106	0.0240253000914	82.9917266272
5274.00000000	0.00293138732734	0.0238457741296	0.0240252778444	82.9917285775
5274.00000000	0.00293140209443	0.0238457612106	0.0240252668237	82.9916898647
5274.00000000	0.00293146003039	0.0238458021663	0.0240253145425	82.9915646480
5274.00000000	0.00293155688213	0.0238458885089	0.0240254120574	82.9913605260
5274.00000000	0.00293166112733	0.0238459723698	0.0240255080119	82.9911381835
5274.00000000	0.00293174038634	0.0238460173606	0.0240255623380	82.9909636725
5274.00000000	0.00293177415801	0.0238460223781	0.0240255714390	82.9908851964
5274.00000000	0.00293175950128	0.0238460164893	0.0240255638057	82.9909181746
5274.00000000	0.00293171705517	0.0238460141025	0.0240255562572	82.9910179484
5274.00000000	0.00293167784752	0.0238460167699	0.0240255541204	82.9911115277
5274.00000000	0.00293165516844	0.0238460244730	0.0240255589986	82.9911674499
5274.00000000	0.00293164571087	0.0238460266628	0.0240255600179	82.9911904728
5274.00000000	0.00293164248180	0.0238460177505	0.0240255507782	82.9911955225
5274.00000000	0.00293164306608	0.0238460080859	0.0240255412572	82.9911913272
5274.00000000	0.00293165543309	0.0238459936438	0.0240255284320	82.9911578522
5274.00000000	0.00293167945176	0.0238459337557	0.0240254719223	82.9910835734
5274.00000000	0.00293170458074	0.0238458131171	0.0240253552516	82.9909889873
5274.00000000	0.00293172056208	0.0238456594435	0.0240252046765	82.9909064392
