DevNumber	X [V]	Y [V]	R [V]	Theta [°]
4253.00000000	-0.0222582723940	0.00972323624299	0.0242893394929	156.402515788
4253.00000000	-0.0222582627593	0.00972316327128	0.0242893014528	156.402664429
4253.00000000	-0.0222583195227	0.00972312779527	0.0242893392685	156.402794716
4253.00000000	-0.0222584419744	0.00972316677070	0.0242894670831	156.402826092
4253.00000000	-0.0222585813307	0.00972326724759	0.0242896350080	156.402740489
4253.00000000	-0.0222586768012	0.00972337767499	0.0242897667002	156.402591937
4253.00000000	-0.0222586894913	0.00972344348708	0.0242898046743	156.402461661
4253.00000000	-0.0222586017940	0.00972343133494	0.0242897194457	156.402405119
4253.00000000	-0.0222584440112	0.00972335755263	0.0242895453209	156.402415617
4253.00000000	-0.0222582796935	0.00972326342210	0.0242893570621	156.402463930
4253.00000000	-0.0222581454130	0.00972316135554	0.0242891931519	156.402557762
4253.00000000	-0.0222580374082	0.00972304590918	0.0242890479644	156.402705330
4253.00000000	-0.0222579308767	0.00972292294636	0.0242889011183	156.402870539
4253.00000000	-0.0222578001097	0.00972279816873	0.0242887313368	156.403016788
4253.00000000	-0.0222576556623	0.00972268253057	0.0242885526776	156.403130364
4253.00000000	-0.0222575658562	0.00972261993302	0.0242884453230	156.403180880
4253.00000000	-0.0222575929474	0.00972265365414	0.0242884836474	156.403133566
4253.00000000	-0.0222577090074	0.00972275500623	0.0242886305742	156.403024066
4253.00000000	-0.0222578266084	0.00972285865322	0.0242887798319	156.402911062
4253.00000000	-0.0222578844285	0.00972292898236	0.0242888609702	156.402813631
4253.00000000	-0.0222578870232	0.00972296109240	0.0242888762017	156.402746669
4253.00000000	-0.0222578824274	0.00972296914047	0.0242888752119	156.402724932
4253.00000000	-0.0222579078992	0.00972297919778	0.0242889025798	156.402727244
4253.00000000	-0.0222579863705	0.00972301977037	0.0242889907309	156.402713639
4253.00000000	-0.0222581305679	0.00972309780938	0.0242891541101	156.402681109
4253.00000000	-0.0222583045890	0.00972317567081	0.0242893447483	156.402677125
4253.00000000	-0.0222584376365	0.00972320682133	0.0242894791403	156.402735422
4253.00000000	-0.0222584747282	0.00972316398965	0.0242894959848	156.402863032
4253.00000000	-0.0222584281466	0.00972306025132	0.0242894117716	156.403043291
4253.00000000	-0.0222583623383	0.00972295837847	0.0242893106862	156.403201364
4253.00000000	-0.0222583205003	0.00972291589380	0.0242892553400	156.403253695
4253.00000000	-0.0222583286981	0.00972295563263	0.0242892787597	156.403175535
4253.00000000	-0.0222584052268	0.00972307173432	0.0242893953648	156.402996827
4253.00000000	-0.0222585242356	0.00972322106475	0.0242895641999	156.402786405
4253.00000000	-0.0222586500157	0.00972336200197	0.0242897358805	156.402600523
4253.00000000	-0.0222587931759	0.00972349983800	0.0242899222467	156.402437759
4253.00000000	-0.0222589540308	0.00972364522359	0.0242901278502	156.402275387
4253.00000000	-0.0222590932992	0.00972378578357	0.0242903117408	156.402103065
4253.00000000	-0.0222591689370	0.00972390797129	0.0242904299673	156.401910373
4253.00000000	-0.0222591715060	0.00972400610728	0.0242904716073	156.401700675
4253.00000000	-0.0222590958709	0.00972405879968	0.0242904233913	156.401515359
4253.00000000	-0.0222589504326	0.00972404527121	0.0242902846998	156.401407267
4253.00000000	-0.0222587813237	0.00972398074693	0.0242901039022	156.401387050
4253.00000000	-0.0222586383108	0.00972390109397	0.0242899409619	156.401424178
4253.00000000	-0.0222585290242	0.00972382478892	0.0242898102679	156.401485917
4253.00000000	-0.0222584336359	0.00972374306649	0.0242896901411	156.401572492
4253.00000000	-0.0222583493440	0.00972365122391	0.0242895761314	156.401691421
4253.00000000	-0.0222582967230	0.00972356618793	0.0242894938691	156.401825545
4253.00000000	-0.0222582883459	0.00972351448150	0.0242894654935	156.401929404
4253.00000000	-0.0222583125805	0.00972350725070	0.0242894848069	156.401967919
4253.00000000	-0.0222583293217	0.00972350912146	0.0242895008970	156.401979684
4253.00000000	-0.0222582822053	0.00972346390000	0.0242894396178	156.402032943
4253.00000000	-0.0222581449401	0.00972335709623	0.0242892710758	156.402134194
4253.00000000	-0.0222579567094	0.00972323568403	0.0242890499824	156.402218898
4253.00000000	-0.0222578086967	0.00972316857651	0.0242888874827	156.402224192
4253.00000000	-0.0222577699117	0.00972318671433	0.0242888592018	156.402148359
4253.00000000	-0.0222578525569	0.00972328501718	0.0242889742882	156.402013904
4253.00000000	-0.0222580048820	0.00972342382010	0.0242891694406	156.401857703
4253.00000000	-0.0222581402822	0.00972354202370	0.0242893408372	156.401730051
4253.00000000	-0.0222581944270	0.00972360267072	0.0242894147325	156.401650085
4253.00000000	-0.0222581681912	0.00972359874496	0.0242893891191	156.401633796
4253.00000000	-0.0222581082628	0.00972354963426	0.0242893145422	156.401683363
4253.00000000	-0.0222580672798	0.00972349517851	0.0242892551865	156.401762375
4253.00000000	-0.0222580542585	0.00972346142183	0.0242892297407	156.401823049
4253.00000000	-0.0222580419638	0.00972343475411	0.0242892077985	156.401869085
4253.00000000	-0.0222580219775	0.00972340259567	0.0242891766099	156.401919726
4253.00000000	-0.0222580022850	0.00972337958695	0.0242891493534	156.401950867
4253.00000000	-0.0222579789132	0.00972337136040	0.0242891246428	156.401946580
4253.00000000	-0.0222579583359	0.00972337417587	0.0242891069133	156.401921062
4253.00000000	-0.0222579613574	0.00972337908905	0.0242891116490	156.401913295
4253.00000000	-0.0222579878422	0.00972337049480	0.0242891324786	156.401956883
4253.00000000	-0.0222580196900	0.00972334643049	0.0242891520298	156.402038975
4253.00000000	-0.0222580372972	0.00972331519798	0.0242891556618	156.402123116
4253.00000000	-0.0222580351241	0.00972329442407	0.0242891453543	156.402165969
4253.00000000	-0.0222580179896	0.00972330030138	0.0242891320054	156.402137085
4253.00000000	-0.0222579706670	0.00972331319773	0.0242890938027	156.402064520
4253.00000000	-0.0222578856504	0.00972329279740	0.0242890077288	156.402028336
4253.00000000	-0.0222578116448	0.00972325375390	0.0242889242820	156.402042851
4253.00000000	-0.0222578157929	0.00972325810296	0.0242889298243	156.402037366
4253.00000000	-0.0222579027481	0.00972332719010	0.0242890371647	156.401970137
4253.00000000	-0.0222580243418	0.00972341819606	0.0242891850216	156.401888237
4253.00000000	-0.0222581262411	0.00972348013462	0.0242893031949	156.401850573
4253.00000000	-0.0222581572910	0.00972348378876	0.0242893331111	156.401871994
4253.00000000	-0.0222581025208	0.00972342531681	0.0242892595136	156.401946669
4253.00000000	-0.0222580145397	0.00972334122812	0.0242891452276	156.402045358
4253.00000000	-0.0222579655056	0.00972328885016	0.0242890793262	156.402112277
4253.00000000	-0.0222579837384	0.00972329465365	0.0242890983575	156.402116949
4253.00000000	-0.0222580541735	0.00972333721173	0.0242891799393	156.402091466
4253.00000000	-0.0222581538052	0.00972338174745	0.0242892890679	156.402089278
4253.00000000	-0.0222582617092	0.00972341254490	0.0242894002773	156.402124599
4253.00000000	-0.0222583742202	0.00972344510181	0.0242895164129	156.402160467
4253.00000000	-0.0222585117787	0.00972350922354	0.0242896681373	156.402151755
4253.00000000	-0.0222586589220	0.00972360067791	0.0242898395868	156.402093013
4253.00000000	-0.0222587549406	0.00972367870073	0.0242899588098	156.402015029
4253.00000000	-0.0222587652826	0.00972371380647	0.0242899823404	156.401948911
4253.00000000	-0.0222587074961	0.00972371124906	0.0242899283624	156.401899872
4253.00000000	-0.0222586239227	0.00972369606825	0.0242898457007	156.401853770
4253.00000000	-0.0222585467072	0.00972369036420	0.0242897726588	156.401793185
4253.00000000	-0.0222584902410	0.00972370257973	0.0242897258047	156.401713460
4253.00000000	-0.0222584648578	0.00972373742044	0.0242897164917	156.401614179
5260.00000000	-0.0239846079916	0.0146677688049	0.0281141398983	148.552160726
5260.00000000	-0.0239845746858	0.0146677910837	0.0281141231081	148.552086579
5260.00000000	-0.0239845582373	0.0146678334223	0.0281141311646	148.551995479
5260.00000000	-0.0239845596276	0.0146679107021	0.0281141726695	148.551862598
5260.00000000	-0.0239845871592	0.0146680011838	0.0281142433639	148.551734558
5260.00000000	-0.0239846441611	0.0146680776794	0.0281143319028	148.551662171
5260.00000000	-0.0239847007469	0.0146681185460	0.0281144014981	148.551651285
5260.00000000	-0.0239847154258	0.0146680895181	0.0281143988762	148.551717361
5260.00000000	-0.0239846698079	0.0146679747377	0.0281143000748	148.551868415
5260.00000000	-0.0239845647776	0.0146677971685	0.0281141178298	148.552065465
5260.00000000	-0.0239844223239	0.0146675820720	0.0281138840798	148.552287974
5260.00000000	-0.0239842875789	0.0146673529203	0.0281136495737	148.552543120
5260.00000000	-0.0239841856128	0.0146671339469	0.0281134483429	148.552815426
5260.00000000	-0.0239841056057	0.0146669464025	0.0281132822431	148.553056438
5260.00000000	-0.0239840448941	0.0146668200889	0.0281131645497	148.553211507
5260.00000000	-0.0239840225681	0.0146667878451	0.0281131286811	148.553243831
5260.00000000	-0.0239840441037	0.0146668490813	0.0281131790010	148.553160258
5260.00000000	-0.0239840975742	0.0146669514626	0.0281132780311	148.553039101
5260.00000000	-0.0239841699020	0.0146670373998	0.0281133845699	148.552966586
5260.00000000	-0.0239842438169	0.0146670909814	0.0281134755824	148.552952015
5260.00000000	-0.0239843115592	0.0146671340889	0.0281135558646	148.552949092
5260.00000000	-0.0239843968118	0.0146672081671	0.0281136672428	148.552910939
5260.00000000	-0.0239845167742	0.0146673352535	0.0281138358879	148.552817529
5260.00000000	-0.0239846638881	0.0146675191730	0.0281140573471	148.552654176
5260.00000000	-0.0239848299790	0.0146677563259	0.0281143227689	148.552418450
5260.00000000	-0.0239849878715	0.0146679993936	0.0281145842830	148.552163728
5260.00000000	-0.0239851012218	0.0146681751477	0.0281147726788	148.551978682
5260.00000000	-0.0239851230540	0.0146682191468	0.0281148142596	148.551925399
5260.00000000	-0.0239850462694	0.0146681401463	0.0281147075371	148.551981108
5260.00000000	-0.0239849477839	0.0146680379944	0.0281145702226	148.552053994
5260.00000000	-0.0239849062892	0.0146679899061	0.0281145097341	148.552093482
5260.00000000	-0.0239849443118	0.0146680302321	0.0281145632107	148.552063798
5260.00000000	-0.0239850352143	0.0146681640547	0.0281147105794	148.551927787
5260.00000000	-0.0239851294142	0.0146683371470	0.0281148812495	148.551727009
5260.00000000	-0.0239851967822	0.0146684924621	0.0281150197544	148.551528612
5260.00000000	-0.0239852488860	0.0146686431987	0.0281151428489	148.551321948
5260.00000000	-0.0239852978682	0.0146688189801	0.0281152763475	148.551068425
5260.00000000	-0.0239853543670	0.0146690076971	0.0281154230081	148.550800408
5260.00000000	-0.0239854335013	0.0146691808585	0.0281155808638	148.550583504
5260.00000000	-0.0239855260969	0.0146693216603	0.0281157333199	148.550437172
5260.00000000	-0.0239855759090	0.0146693881588	0.0281158105101	148.550374527
5260.00000000	-0.0239855437380	0.0146693496300	0.0281157629627	148.550407303
5260.00000000	-0.0239854589695	0.0146692468987	0.0281156370469	148.550495772
5260.00000000	-0.0239853865278	0.0146691498107	0.0281155245915	148.550587536
5260.00000000	-0.0239853585146	0.0146690868164	0.0281154678264	148.550667267
5260.00000000	-0.0239853494252	0.0146690345241	0.0281154327891	148.550748514
5260.00000000	-0.0239853136428	0.0146689572104	0.0281153619252	148.550844880
5260.00000000	-0.0239852576532	0.0146688531445	0.0281152598648	148.550966271
5260.00000000	-0.0239852286731	0.0146687533803	0.0281151830909	148.551108901
5260.00000000	-0.0239852407714	0.0146686848607	0.0281151576628	148.551240889
5260.00000000	-0.0239852437903	0.0146686202591	0.0281151265333	148.551356412
5260.00000000	-0.0239851624663	0.0146684936801	0.0281149911147	148.551490009
5260.00000000	-0.0239849836467	0.0146682767084	0.0281147253610	148.551677100
5260.00000000	-0.0239847801212	0.0146680183208	0.0281144169231	148.551909932
5260.00000000	-0.0239846444923	0.0146678289245	0.0281142024034	148.552095011
5260.00000000	-0.0239846148783	0.0146677772037	0.0281141501554	148.552153446
5260.00000000	-0.0239846781210	0.0146678581324	0.0281142463310	148.552079985
5260.00000000	-0.0239847903771	0.0146680237769	0.0281144285191	148.551911351
5260.00000000	-0.0239849017542	0.0146682156515	0.0281146236425	148.551696180
5260.00000000	-0.0239849785263	0.0146683770366	0.0281147733371	148.551497228
5260.00000000	-0.0239850018434	0.0146684668839	0.0281148401054	148.551365814
5260.00000000	-0.0239849787514	0.0146684962700	0.0281148357372	148.551290172
5260.00000000	-0.0239849462056	0.0146685134168	0.0281148169182	148.551225756
5260.00000000	-0.0239849322406	0.0146685432937	0.0281148205924	148.551158965
5260.00000000	-0.0239849242323	0.0146685721107	0.0281148287954	148.551100350
5260.00000000	-0.0239848989678	0.0146685867459	0.0281148148778	148.551048043
5260.00000000	-0.0239848567176	0.0146685923916	0.0281147817796	148.550993304
5260.00000000	-0.0239848077485	0.0146685900232	0.0281147387681	148.550945355
5260.00000000	-0.0239847679646	0.0146685790970	0.0281146991276	148.550922050
5260.00000000	-0.0239847631891	0.0146685808219	0.0281146959537	148.550913973
5260.00000000	-0.0239847848175	0.0146685890160	0.0281147186801	148.550922724
5260.00000000	-0.0239847936401	0.0146685631193	0.0281147126953	148.550977128
5260.00000000	-0.0239847671824	0.0146684879196	0.0281146508895	148.551079736
5260.00000000	-0.0239847167996	0.0146683893156	0.0281145564623	148.551197596
5260.00000000	-0.0239846723696	0.0146682937550	0.0281144687014	148.551316496
5260.00000000	-0.0239846536131	0.0146681970726	0.0281144022576	148.551464644
5260.00000000	-0.0239846529097	0.0146680913586	0.0281143465033	148.551647690
5260.00000000	-0.0239846704729	0.0146680190282	0.0281143237498	148.551792118
5260.00000000	-0.0239847275615	0.0146680356820	0.0281143811415	148.551823863
5260.00000000	-0.0239848168670	0.0146681344753	0.0281145088723	148.551747056
5260.00000000	-0.0239848913526	0.0146682662272	0.0281146411556	148.551597191
5260.00000000	-0.0239849098758	0.0146683802410	0.0281147164425	148.551418664
5260.00000000	-0.0239848516217	0.0146684230911	0.0281146891019	148.551282227
5260.00000000	-0.0239847250371	0.0146683711590	0.0281145540168	148.551237922
5260.00000000	-0.0239845787190	0.0146682613805	0.0281143719164	148.551273206
5260.00000000	-0.0239844773181	0.0146681603994	0.0281142327251	148.551340954
5260.00000000	-0.0239844579802	0.0146681081805	0.0281141889835	148.551411181
5260.00000000	-0.0239845091191	0.0146681122358	0.0281142347263	148.551458505
5260.00000000	-0.0239845987285	0.0146681733753	0.0281143430714	148.551447487
5260.00000000	-0.0239846972377	0.0146682735164	0.0281144793573	148.551378124
5260.00000000	-0.0239848028889	0.0146684097628	0.0281146405737	148.551253583
5260.00000000	-0.0239849319083	0.0146685981514	0.0281148489303	148.551063238
5260.00000000	-0.0239850626135	0.0146688130671	0.0281150725656	148.550828570
5260.00000000	-0.0239851339167	0.0146689741990	0.0281152174641	148.550624250
5260.00000000	-0.0239851273077	0.0146690411098	0.0281152467363	148.550500897
5260.00000000	-0.0239850816573	0.0146690455474	0.0281152101073	148.550444644
5260.00000000	-0.0239850341679	0.0146690274785	0.0281151601667	148.550425563
5260.00000000	-0.0239850010601	0.0146690075753	0.0281151215380	148.550424963
5260.00000000	-0.0239849780109	0.0146689911012	0.0281150932794	148.550429096
5260.00000000	-0.0239849744015	0.0146689900766	0.0281150896657	148.550427040
5270.00000000	-0.00407336885512	0.000317042060594	0.00408568837505	175.549476585
5270.00000000	-0.00407334362607	0.000317066025249	0.00408566508177	175.549114073
5270.00000000	-0.00407335157923	0.000317090306963	0.00408567489538	175.548783238
5270.00000000	-0.00407338563130	0.000317121216355	0.00408571124373	175.548388150
5270.00000000	-0.00407342913588	0.000317165940797	0.00408575808866	175.547810211
5270.00000000	-0.00407346104945	0.000317212718381	0.00408579353738	175.547190961
5270.00000000	-0.00407346037002	0.000317245939005	0.00408579543932	175.546725769
5270.00000000	-0.00407342287568	0.000317260858404	0.00408575921664	175.546476356
5270.00000000	-0.00407336471502	0.000317258506058	0.00408570104893	175.546445911
5270.00000000	-0.00407330547847	0.000317242981078	0.00408564078572	175.546598466
5270.00000000	-0.00407325703286	0.000317221602372	0.00408559082640	175.546844619
5270.00000000	-0.00407322257240	0.000317206658597	0.00408555530970	175.547016034
5270.00000000	-0.00407319833707	0.000317208666876	0.00408553130345	175.546961567
5270.00000000	-0.00407318011925	0.000317231482437	0.00408551491214	175.546622728
5270.00000000	-0.00407316595972	0.000317273708023	0.00408550407432	175.546016918
5270.00000000	-0.00407316023708	0.000317334680313	0.00408550310442	175.545158182
5270.00000000	-0.00407316992334	0.000317408805263	0.00408551851961	175.544132337
5270.00000000	-0.00407319420219	0.000317475381884	0.00408554789800	175.543227941
5270.00000000	-0.00407322000313	0.000317512196111	0.00408557648180	175.542741339
5270.00000000	-0.00407323081664	0.000317511446647	0.00408558720435	175.542763603
5270.00000000	-0.00407322994711	0.000317471602558	0.00408558324116	175.543319734
5270.00000000	-0.00407323549612	0.000317398425733	0.00408558308783	175.544348902
5270.00000000	-0.00407325176404	0.000317316363712	0.00408559293223	175.545513974
5270.00000000	-0.00407327381761	0.000317257268237	0.00408561032986	175.546364234
5270.00000000	-0.00407330790470	0.000317235157944	0.00408564259719	175.546710486
5270.00000000	-0.00407335136447	0.000317242378921	0.00408568648643	175.546656850
5270.00000000	-0.00407338326722	0.000317259270165	0.00408571960445	175.546455431
5270.00000000	-0.00407338610574	0.000317262818226	0.00408572270990	175.546408916
5270.00000000	-0.00407336590029	0.000317241382038	0.00408570090096	175.546686616
5270.00000000	-0.00407334587802	0.000317200245928	0.00408567774524	175.547239947
5270.00000000	-0.00407333969889	0.000317157998970	0.00408566830505	175.547823886
5270.00000000	-0.00407334748154	0.000317141813455	0.00408567480781	175.548058652
5270.00000000	-0.00407336626257	0.000317167187118	0.00408569550182	175.547724342
5270.00000000	-0.00407338905987	0.000317227290325	0.00408572289648	175.546908851
5270.00000000	-0.00407341124094	0.000317309376290	0.00408575138476	175.545785359
5270.00000000	-0.00407344394247	0.000317400393186	0.00408579105707	175.544548482
5270.00000000	-0.00407349267428	0.000317482873080	0.00408584604973	175.543448449
5270.00000000	-0.00407354225088	0.000317544519587	0.00408590026697	175.542640626
5270.00000000	-0.00407356718777	0.000317582558875	0.00408592808490	175.542136001
5270.00000000	-0.00407355771264	0.000317598520143	0.00408591987908	175.541902531
5270.00000000	-0.00407352301709	0.000317593109586	0.00408588486794	175.541940355
5270.00000000	-0.00407348224874	0.000317565600842	0.00408584208476	175.542280505
5270.00000000	-0.00407344945666	0.000317522258801	0.00408580602339	175.542850717
5270.00000000	-0.00407342560896	0.000317474695698	0.00408577855177	175.543489698
5270.00000000	-0.00407340303714	0.000317426506374	0.00408575230404	175.544138834
5270.00000000	-0.00407337349502	0.000317377011684	0.00408571900618	175.544798635
5270.00000000	-0.00407333730444	0.000317330949945	0.00408567934713	175.545403209
5270.00000000	-0.00407330760062	0.000317300437781	0.00408564736329	175.545797455
5270.00000000	-0.00407329688123	0.000317301813996	0.00408563678315	175.545766539
5270.00000000	-0.00407330291253	0.000317332310992	0.00408564516483	175.545346720
5270.00000000	-0.00407330570215	0.000317360699909	0.00408565015108	175.544952844
5270.00000000	-0.00407328400986	0.000317360172179	0.00408562848334	175.544936593
5270.00000000	-0.00407323435696	0.000317337157738	0.00408557719281	175.545204282
5270.00000000	-0.00407317429521	0.000317314938969	0.00408551558676	175.545449514
5270.00000000	-0.00407312974894	0.000317305744955	0.00408547046097	175.545529543
5270.00000000	-0.00407311542315	0.000317304877283	0.00408545611106	175.545526070
5270.00000000	-0.00407312915967	0.000317311771268	0.00408547034153	175.545444641
5270.00000000	-0.00407315894362	0.000317330406527	0.00408550148291	175.545216528
5270.00000000	-0.00407319245537	0.000317359465807	0.00408553715061	175.544846735
5270.00000000	-0.00407322668746	0.000317385648427	0.00408557331317	175.544517952
5270.00000000	-0.00407326150069	0.000317387776532	0.00408560818652	175.544526125
5270.00000000	-0.00407328660824	0.000317366389190	0.00408563155679	175.544852501
5270.00000000	-0.00407328824791	0.000317341183350	0.00408563123363	175.545206699
5270.00000000	-0.00407326687310	0.000317322946682	0.00408560850694	175.545438391
5270.00000000	-0.00407324136119	0.000317308495397	0.00408558194971	175.545612654
5270.00000000	-0.00407323045639	0.000317300534972	0.00408557045960	175.545712076
5270.00000000	-0.00407323917307	0.000317300506181	0.00408557914772	175.545721973
5270.00000000	-0.00407326186136	0.000317300784167	0.00408560178907	175.545742797
5270.00000000	-0.00407329022533	0.000317299449486	0.00408562996372	175.545792350
5270.00000000	-0.00407331838890	0.000317302977881	0.00408565831625	175.545773691
5270.00000000	-0.00407333962341	0.000317313355588	0.00408568029260	175.545651725
5270.00000000	-0.00407334704917	0.000317324770147	0.00408568858244	175.545500224
5270.00000000	-0.00407334118044	0.000317323818870	0.00408568265756	175.545507132
5270.00000000	-0.00407332521457	0.000317303856378	0.00408566518952	175.545768843
5270.00000000	-0.00407330115134	0.000317281064650	0.00408563942896	175.546061294
5270.00000000	-0.00407326977743	0.000317274275423	0.00408560762256	175.546122049
5270.00000000	-0.00407323678840	0.000317281125602	0.00408557526513	175.545990346
5270.00000000	-0.00407321573819	0.000317295815878	0.00408555541936	175.545762027
5270.00000000	-0.00407320896261	0.000317318557166	0.00408555043046	175.545436686
5270.00000000	-0.00407320811161	0.000317344146642	0.00408555156961	175.545077977
5270.00000000	-0.00407321570588	0.000317360319450	0.00408556039718	175.544860127
5270.00000000	-0.00407323884880	0.000317353518046	0.00408558294186	175.544980432
5270.00000000	-0.00407327241630	0.000317321458763	0.00408561391783	175.545465232
5270.00000000	-0.00407330278906	0.000317276529226	0.00408564070952	175.546126489
5270.00000000	-0.00407332015011	0.000317231728788	0.00408565453937	175.546771764
5270.00000000	-0.00407331899700	0.000317192756674	0.00408565036393	175.547315390
5270.00000000	-0.00407329998388	0.000317172042174	0.00408562980004	175.547584307
5270.00000000	-0.00407327045204	0.000317177901821	0.00408560081223	175.547470230
5270.00000000	-0.00407323940999	0.000317194708162	0.00408557116863	175.547201454
5270.00000000	-0.00407321532426	0.000317200103237	0.00408554757448	175.547099797
5270.00000000	-0.00407321419098	0.000317192644031	0.00408554586549	175.547202856
5270.00000000	-0.00407325300679	0.000317193570630	0.00408558463608	175.547232162
5270.00000000	-0.00407331942582	0.000317213263612	0.00408565238357	175.547029143
5270.00000000	-0.00407337673402	0.000317241033279	0.00408571167490	175.546703288
5270.00000000	-0.00407340607703	0.000317262593188	0.00408574260342	175.546433809
5270.00000000	-0.00407341560237	0.000317270399525	0.00408575270618	175.546335042
5270.00000000	-0.00407341131502	0.000317267706866	0.00408574822269	175.546368019
5270.00000000	-0.00407338564227	0.000317274797901	0.00408572317810	175.546240922
5270.00000000	-0.00407334100813	0.000317311242533	0.00408568150902	175.545682776
5270.00000000	-0.00407329366954	0.000317375862147	0.00408563933262	175.544727749
5274.00000000	0.0357677041439	0.0140685359473	0.0384350408277	21.4712374368
5274.00000000	0.0357677842898	0.0140685810433	0.0384351319183	21.4712562648
5274.00000000	0.0357679855924	0.0140687499162	0.0384353810641	21.4713806933
5274.00000000	0.0357683669003	0.0140690374697	0.0384358411647	21.4715715383
5274.00000000	0.0357688238270	0.0140693010577	0.0384363628641	21.4716878721
5274.00000000	0.0357691922405	0.0140694045996	0.0384367436098	21.4716304841
5274.00000000	0.0357693039285	0.0140693170195	0.0384368154888	21.4714480521
5274.00000000	0.0357690195391	0.0140690556978	0.0384364551828	21.4712407177
5274.00000000	0.0357683687194	0.0140686724335	0.0384357092413	21.4710641541
5274.00000000	0.0357675666177	0.0140682856447	0.0384348212268	21.4709652411
5274.00000000	0.0357667913924	0.0140679891923	0.0384339912892	21.4709769821
5274.00000000	0.0357660903576	0.0140677724670	0.0384332595763	21.4710588479
5274.00000000	0.0357654653915	0.0140675834602	0.0384326087988	21.4711376624
5274.00000000	0.0357649525571	0.0140674049045	0.0384320661969	21.4711697895
5274.00000000	0.0357646080446	0.0140672232555	0.0384316791034	21.4711057725
5274.00000000	0.0357644729699	0.0140670191912	0.0384314787087	21.4708963654
5274.00000000	0.0357645293462	0.0140668239397	0.0384314597056	21.4705947100
5274.00000000	0.0357646691594	0.0140666742348	0.0384315350215	21.4703107156
5274.00000000	0.0357647741878	0.0140665284935	0.0384315794180	21.4700512026
5274.00000000	0.0357648098734	0.0140662973452	0.0384315280243	21.4697110343
5274.00000000	0.0357648484823	0.0140660184618	0.0384314618812	21.4693030419
5274.00000000	0.0357650300654	0.0140658461911	0.0384315678141	21.4689649503
5274.00000000	0.0357654264616	0.0140658521817	0.0384319388995	21.4687569711
5274.00000000	0.0357660144558	0.0140660219220	0.0384325482211	21.4686716384
5274.00000000	0.0357667629192	0.0140663532292	0.0384333660103	21.4687229041
5274.00000000	0.0357675521257	0.0140667814484	0.0384342571852	21.4688863855
5274.00000000	0.0357681314848	0.0140671437010	0.0384349289295	21.4690728377
5274.00000000	0.0357683021750	0.0140673403170	0.0384351597379	21.4692524708
5274.00000000	0.0357681262131	0.0140674128983	0.0384350225503	21.4694491672
5274.00000000	0.0357678664133	0.0140674401900	0.0384347907664	21.4696287791
5274.00000000	0.0357676918285	0.0140674246777	0.0384346226182	21.4697025160
5274.00000000	0.0357676604785	0.0140673639986	0.0384345712345	21.4696354415
5274.00000000	0.0357678116550	0.0140673048760	0.0384346902818	21.4694709363
5274.00000000	0.0357680729697	0.0140672503797	0.0384349135190	21.4692527579
5274.00000000	0.0357683494864	0.0140671897403	0.0384351486555	21.4690177656
5274.00000000	0.0357687017910	0.0140671862178	0.0384354752267	21.4688206639
5274.00000000	0.0357692179499	0.0140672970611	0.0384359961410	21.4686928247
5274.00000000	0.0357698102908	0.0140674430571	0.0384366008175	21.4685721918
5274.00000000	0.0357703232881	0.0140674928568	0.0384370964487	21.4683614042
5274.00000000	0.0357706790459	0.0140674072511	0.0384373961940	21.4680485675
5274.00000000	0.0357707873456	0.0140671767512	0.0384374126220	21.4676697341
5274.00000000	0.0357706054238	0.0140668121083	0.0384371098716	21.4672631383
5274.00000000	0.0357702781211	0.0140664353980	0.0384366674111	21.4669191044
5274.00000000	0.0357699811896	0.0140661864582	0.0384362999751	21.4667357457
5274.00000000	0.0357697230081	0.0140660688434	0.0384360166613	21.4667134279
5274.00000000	0.0357694269648	0.0140660165545	0.0384357220187	21.4668023902
5274.00000000	0.0357691004560	0.0140660258346	0.0384354215563	21.4669933882
5274.00000000	0.0357688375939	0.0140661421213	0.0384352194868	21.4672981164
5274.00000000	0.0357686965985	0.0140663406629	0.0384351609337	21.4676504735
5274.00000000	0.0357686323019	0.0140665288752	0.0384351699794	21.4679466570
5274.00000000	0.0357684941593	0.0140666277562	0.0384350776095	21.4681592009
5274.00000000	0.0357681092896	0.0140665583648	0.0384346940456	21.4682729126
5274.00000000	0.0357674183582	0.0140662367235	0.0384339333346	21.4682036596
5274.00000000	0.0357665837715	0.0140657050745	0.0384329620759	21.4679214254
5274.00000000	0.0357659377070	0.0140651974899	0.0384321750685	21.4675697049
5274.00000000	0.0357656862412	0.0140649212703	0.0384318399591	21.4673236762
5274.00000000	0.0357658267134	0.0140648986119	0.0384319623940	21.4672155977
5274.00000000	0.0357662624054	0.0140650708622	0.0384324308991	21.4672168666
5274.00000000	0.0357668342709	0.0140653786567	0.0384330757359	21.4673318917
5274.00000000	0.0357673522408	0.0140657251759	0.0384336845884	21.4675300420
5274.00000000	0.0357677159628	0.0140660247785	0.0384341327243	21.4677472520
5274.00000000	0.0357679608619	0.0140662543070	0.0384344446355	21.4679320697
5274.00000000	0.0357681750913	0.0140664262548	0.0384347069319	21.4680537353
5274.00000000	0.0357683660741	0.0140665245931	0.0384349206547	21.4680859639
5274.00000000	0.0357684610767	0.0140665372563	0.0384350137008	21.4680517001
5274.00000000	0.0357684604794	0.0140665121758	0.0384350039659	21.4680172319
5274.00000000	0.0357684714813	0.0140665014394	0.0384350102752	21.4679963350
5274.00000000	0.0357685649032	0.0140665281258	0.0384351069824	21.4679823883
5274.00000000	0.0357687377374	0.0140666350883	0.0384353069720	21.4680364825
5274.00000000	0.0357689855394	0.0140668767086	0.0384356260109	21.4682364831
5274.00000000	0.0357692117933	0.0140671797608	0.0384359474807	21.4685334583
5274.00000000	0.0357692653306	0.0140673647942	0.0384360650241	21.4687609377
5274.00000000	0.0357691135782	0.0140673260664	0.0384359096267	21.4687900056
5274.00000000	0.0357688200788	0.0140670659193	0.0384355412790	21.4685892412
5274.00000000	0.0357684128746	0.0140666171980	0.0384349981002	21.4681889008
5274.00000000	0.0357678992654	0.0140660642582	0.0384343177587	21.4677020171
5274.00000000	0.0357673491170	0.0140655556718	0.0384336196475	21.4672965848
5274.00000000	0.0357669364253	0.0140652075204	0.0384331081730	21.4670387282
5274.00000000	0.0357668151091	0.0140650541613	0.0384329391487	21.4668921488
5274.00000000	0.0357669942916	0.0140650715721	0.0384331122730	21.4668185465
5274.00000000	0.0357673629435	0.0140652303957	0.0384335134748	21.4668377674
5274.00000000	0.0357677383369	0.0140654690930	0.0384339501814	21.4669641224
5274.00000000	0.0357679192270	0.0140656652791	0.0384341903203	21.4671376115
5274.00000000	0.0357678285129	0.0140657308659	0.0384341299020	21.4672780931
5274.00000000	0.0357675745471	0.0140656758627	0.0384338734251	21.4673403418
5274.00000000	0.0357672904226	0.0140655325107	0.0384335565487	21.4672964745
5274.00000000	0.0357670126063	0.0140653025643	0.0384332138521	21.4671290265
5274.00000000	0.0357667761913	0.0140650524481	0.0384329023037	21.4669110046
5274.00000000	0.0357666717971	0.0140649121275	0.0384327537993	21.4667732811
5274.00000000	0.0357667611549	0.0140649337957	0.0384328448880	21.4667545917
5274.00000000	0.0357670856693	0.0140650855140	0.0384332024139	21.4667880359
5274.00000000	0.0357676928472	0.0140653600153	0.0384338679288	21.4668376115
5274.00000000	0.0357684729439	0.0140657006221	0.0384347185592	21.4668845583
5274.00000000	0.0357691208139	0.0140659639259	0.0384354178455	21.4668963967
5274.00000000	0.0357694491853	0.0140660774020	0.0384357649657	21.4668746807
5274.00000000	0.0357695387459	0.0140660941778	0.0384358544528	21.4668490948
5274.00000000	0.0357695391739	0.0140660689962	0.0384358456356	21.4668139275
5274.00000000	0.0357694856877	0.0140659875598	0.0384357660571	21.4667301311
5274.00000000	0.0357693811614	0.0140658643507	0.0384356236921	21.4666162277
5274.00000000	0.0357693187779	0.0140657768102	0.0384355336000	21.4665288160
