DevNumber	X [V]	Y [V]	R [V]	Theta [°]
4253.00000000	-0.00344996229300	-0.000980879067556	0.00358669256674	-164.128707142
4253.00000000	-0.00344995707179	-0.000980889019189	0.00358669026613	-164.128531419
4253.00000000	-0.00344996983931	-0.000980915804351	0.00358670987221	-164.128175630
4253.00000000	-0.00344999677810	-0.000980952305726	0.00358674576671	-164.127732464
4253.00000000	-0.00345002720531	-0.000980987022034	0.00358678452862	-164.127331976
4253.00000000	-0.00345005371036	-0.000981009357389	0.00358681613185	-164.127104592
4253.00000000	-0.00345006999866	-0.000981015321693	0.00358683343035	-164.127084114
4253.00000000	-0.00345007295106	-0.000981004928739	0.00358683342767	-164.127256699
4253.00000000	-0.00345006522314	-0.000980980204517	0.00358681923235	-164.127602822
4253.00000000	-0.00345005003746	-0.000980950597383	0.00358679652831	-164.127991393
4253.00000000	-0.00345003462905	-0.000980927430970	0.00358677537162	-164.128280033
4253.00000000	-0.00345002742406	-0.000980913346633	0.00358676458948	-164.128464966
4253.00000000	-0.00345002238459	-0.000980910188933	0.00358675887856	-164.128491469
4253.00000000	-0.00345000642577	-0.000980921578629	0.00358674664303	-164.128246744
4253.00000000	-0.00344998137826	-0.000980939366077	0.00358672741510	-164.127864006
4253.00000000	-0.00344995551494	-0.000980951235283	0.00358670578401	-164.127568637
4253.00000000	-0.00344992799633	-0.000980955584005	0.00358668050398	-164.127381588
4253.00000000	-0.00344990081135	-0.000980956882212	0.00358665471058	-164.127242866
4253.00000000	-0.00344987978401	-0.000980954217978	0.00358663375631	-164.127191933
4253.00000000	-0.00344987108617	-0.000980939083959	0.00358662125093	-164.127386476
4253.00000000	-0.00344987756877	-0.000980911583847	0.00358661996521	-164.127837360
4253.00000000	-0.00344989554713	-0.000980881850432	0.00358662912644	-164.128372784
4253.00000000	-0.00344991306070	-0.000980863119836	0.00358664084991	-164.128737108
4253.00000000	-0.00344992005639	-0.000980863354623	0.00358664764312	-164.128764063
4253.00000000	-0.00344991414604	-0.000980884653254	0.00358664778282	-164.128410972
4253.00000000	-0.00344990406425	-0.000980927296164	0.00358664974773	-164.127711687
4253.00000000	-0.00344990099946	-0.000980981096191	0.00358666151416	-164.126871626
4253.00000000	-0.00344990510550	-0.000981028152945	0.00358667833431	-164.126166516
4253.00000000	-0.00344990939992	-0.000981058327535	0.00358669071843	-164.125721636
4253.00000000	-0.00344991218008	-0.000981072515618	0.00358669727342	-164.125515779
4253.00000000	-0.00344991445418	-0.000981070854244	0.00358669900636	-164.125551244
4253.00000000	-0.00344991795304	-0.000981054197800	0.00358669781578	-164.125822463
4253.00000000	-0.00344992839915	-0.000981030804002	0.00358670146481	-164.126227560
4253.00000000	-0.00344995264642	-0.000981002796415	0.00358671712700	-164.126763848
4253.00000000	-0.00344999158694	-0.000980966001429	0.00358674451919	-164.127499347
4253.00000000	-0.00345003802415	-0.000980925500618	0.00358677810936	-164.128324525
4253.00000000	-0.00345008000740	-0.000980891242880	0.00358680912342	-164.129034306
4253.00000000	-0.00345010476317	-0.000980871629786	0.00358682757196	-164.129443806
4253.00000000	-0.00345010443571	-0.000980871164392	0.00358682712971	-164.129449526
4253.00000000	-0.00345008173871	-0.000980881774251	0.00358680819934	-164.129187356
4253.00000000	-0.00345004911523	-0.000980886945054	0.00358677823353	-164.128965392
4253.00000000	-0.00345001857252	-0.000980874083450	0.00358674533781	-164.129029588
4253.00000000	-0.00344999637588	-0.000980845014650	0.00358671603787	-164.129379277
4253.00000000	-0.00344998862205	-0.000980807297584	0.00358669826544	-164.129924950
4253.00000000	-0.00344999816777	-0.000980768174600	0.00358669674909	-164.130567798
4253.00000000	-0.00345002359979	-0.000980735176644	0.00358671218887	-164.131185924
4253.00000000	-0.00345006287396	-0.000980712849904	0.00358674386153	-164.131700534
4253.00000000	-0.00345010524185	-0.000980699797097	0.00358678104599	-164.132086148
4253.00000000	-0.00345013675461	-0.000980688695383	0.00358680832256	-164.132394366
4253.00000000	-0.00345015370930	-0.000980678925216	0.00358682195992	-164.132618538
4253.00000000	-0.00345015928475	-0.000980683470843	0.00358682856576	-164.132573043
4253.00000000	-0.00345015648881	-0.000980708957182	0.00358683284472	-164.132169228
4253.00000000	-0.00345014658271	-0.000980742939337	0.00358683260765	-164.131603818
4253.00000000	-0.00345013163682	-0.000980766815143	0.00358682475974	-164.131171682
4253.00000000	-0.00345011198155	-0.000980775041365	0.00358680810290	-164.130959432
4253.00000000	-0.00345008606852	-0.000980774116660	0.00358678292458	-164.130860453
4253.00000000	-0.00345005420347	-0.000980765570004	0.00358674993694	-164.130852589
4253.00000000	-0.00345002602086	-0.000980745497381	0.00358671733974	-164.131037914
4253.00000000	-0.00345001185115	-0.000980713454013	0.00358669494827	-164.131468390
4253.00000000	-0.00345001700204	-0.000980672497473	0.00358668870431	-164.132120219
4253.00000000	-0.00345004288966	-0.000980629109984	0.00358670174281	-164.132899972
4253.00000000	-0.00345007729184	-0.000980591769659	0.00358672462539	-164.133623986
4253.00000000	-0.00345009393458	-0.000980572720619	0.00358673542624	-164.133989373
4253.00000000	-0.00345007840698	-0.000980585193084	0.00358672390006	-164.133729911
4253.00000000	-0.00345004586318	-0.000980630292553	0.00358670492635	-164.132894788
4253.00000000	-0.00345001705060	-0.000980696606058	0.00358669534287	-164.131749983
4253.00000000	-0.00344999894402	-0.000980767646853	0.00358669735144	-164.130579298
4253.00000000	-0.00344999008670	-0.000980824487747	0.00358670437507	-164.129667210
4253.00000000	-0.00344998537885	-0.000980858345087	0.00358670910549	-164.129126407
4253.00000000	-0.00344998336524	-0.000980874416481	0.00358671156372	-164.128870665
4253.00000000	-0.00344997650039	-0.000980880650795	0.00358670666550	-164.128744882
4253.00000000	-0.00344995913117	-0.000980881393654	0.00358669016158	-164.128657587
4253.00000000	-0.00344993623406	-0.000980878379520	0.00358666731305	-164.128603870
4253.00000000	-0.00344991803838	-0.000980869012502	0.00358664724934	-164.128668309
4253.00000000	-0.00344990990115	-0.000980848760911	0.00358663388400	-164.128943942
4253.00000000	-0.00344990893000	-0.000980823684743	0.00358662609229	-164.129325016
4253.00000000	-0.00344990755513	-0.000980803731233	0.00358661931324	-164.129625614
4253.00000000	-0.00344990310894	-0.000980791851348	0.00358661178785	-164.129788737
4253.00000000	-0.00344989815396	-0.000980791380560	0.00358660689299	-164.129774325
4253.00000000	-0.00344989985140	-0.000980806207539	0.00358661258034	-164.129553909
4253.00000000	-0.00344990651315	-0.000980832286132	0.00358662611977	-164.129182290
4253.00000000	-0.00344990804380	-0.000980856429776	0.00358663419468	-164.128817989
4253.00000000	-0.00344990312009	-0.000980866037753	0.00358663208624	-164.128648844
4253.00000000	-0.00344990039998	-0.000980863431111	0.00358662875696	-164.128677014
4253.00000000	-0.00344990583634	-0.000980859378661	0.00358663287783	-164.128763033
4253.00000000	-0.00344992087065	-0.000980855893685	0.00358664638596	-164.128882263
4253.00000000	-0.00344993982378	-0.000980845576514	0.00358666179513	-164.129123594
4253.00000000	-0.00344995838522	-0.000980825434968	0.00358667414099	-164.129514169
4253.00000000	-0.00344998330995	-0.000980804857187	0.00358669248846	-164.129939243
4253.00000000	-0.00345001625512	-0.000980791962624	0.00358672065187	-164.130281290
4253.00000000	-0.00345004770400	-0.000980786863966	0.00358674950789	-164.130497007
4253.00000000	-0.00345006151736	-0.000980789568851	0.00358676353444	-164.130515784
4253.00000000	-0.00345004993963	-0.000980796316286	0.00358675424304	-164.130361534
4253.00000000	-0.00345002813639	-0.000980797252268	0.00358673352675	-164.130251911
4253.00000000	-0.00345001124103	-0.000980782887262	0.00358671334723	-164.130398835
4253.00000000	-0.00344999487582	-0.000980751788219	0.00358668910185	-164.130805207
4253.00000000	-0.00344997091575	-0.000980716184943	0.00358665631960	-164.131247622
4253.00000000	-0.00344994282209	-0.000980694582439	0.00358662338973	-164.131456852
4253.00000000	-0.00344992165519	-0.000980697161369	0.00358660373463	-164.131324766
4253.00000000	-0.00344992244558	-0.000980722028977	0.00358661129461	-164.130946099
5260.00000000	0.00334527128963	-0.00335184590168	0.00473557926233	-45.0562476944
5260.00000000	0.00334528416680	-0.00335184379306	0.00473558686645	-45.0561193966
5260.00000000	0.00334528076611	-0.00335184305994	0.00473558394526	-45.0561422529
5260.00000000	0.00334526926057	-0.00335185732370	0.00473558591350	-45.0563626932
5260.00000000	0.00334525545242	-0.00335189029842	0.00473559949896	-45.0567627708
5260.00000000	0.00334524703062	-0.00335193140563	0.00473562264585	-45.0571862245
5260.00000000	0.00334525589298	-0.00335196943159	0.00473565582151	-45.0574353230
5260.00000000	0.00334528857646	-0.00335200100258	0.00473570125547	-45.0574252544
5260.00000000	0.00334533232119	-0.00335202165214	0.00473574677275	-45.0572271236
5260.00000000	0.00334536944488	-0.00335202461441	0.00473577509372	-45.0569345326
5260.00000000	0.00334538522199	-0.00335200691052	0.00473577370782	-45.0566481213
5260.00000000	0.00334537120616	-0.00335197251495	0.00473573946158	-45.0564741823
5260.00000000	0.00334533726063	-0.00335192771779	0.00473568377456	-45.0563820097
5260.00000000	0.00334530817296	-0.00335188120593	0.00473563030554	-45.0562335788
5260.00000000	0.00334529824028	-0.00335184547658	0.00473559799976	-45.0560132653
5260.00000000	0.00334530191107	-0.00335182405101	0.00473558542792	-45.0557987077
5260.00000000	0.00334530472752	-0.00335180890816	0.00473557669950	-45.0556451634
5260.00000000	0.00334529755875	-0.00335179475701	0.00473556161924	-45.0555856041
5260.00000000	0.00334528226463	-0.00335178569784	0.00473554440316	-45.0556391484
5260.00000000	0.00334526183783	-0.00335179191511	0.00473553437384	-45.0558672161
5260.00000000	0.00334523802752	-0.00335182048172	0.00473553777331	-45.0563152797
5260.00000000	0.00334521975459	-0.00335186301334	0.00473555496924	-45.0568352784
5260.00000000	0.00334521333051	-0.00335189783869	0.00473557508099	-45.0571879382
5260.00000000	0.00334521494043	-0.00335190975052	0.00473558464958	-45.0572759584
5260.00000000	0.00334521911740	-0.00335189861474	0.00473557971815	-45.0571450130
5260.00000000	0.00334522218868	-0.00335187765730	0.00473556705381	-45.0569395926
5260.00000000	0.00334521880416	-0.00335186248234	0.00473555392201	-45.0568388794
5260.00000000	0.00334520940521	-0.00335185680935	0.00473554326715	-45.0568708841
5260.00000000	0.00334519897940	-0.00335185933578	0.00473553769055	-45.0569817623
5260.00000000	0.00334519220131	-0.00335186784266	0.00473553892375	-45.0571125159
5260.00000000	0.00334518867998	-0.00335188467733	0.00473554835207	-45.0572865549
5260.00000000	0.00334518485358	-0.00335191110835	0.00473556435738	-45.0575452230
5260.00000000	0.00334518479494	-0.00335193978693	0.00473558461518	-45.0577908319
5260.00000000	0.00334519566007	-0.00335196515173	0.00473561024395	-45.0579145672
5260.00000000	0.00334521907487	-0.00335198579572	0.00473564139622	-45.0578904814
5260.00000000	0.00334524781794	-0.00335200200624	0.00473567317425	-45.0577828754
5260.00000000	0.00334527699080	-0.00335201166845	0.00473570062088	-45.0576156255
5260.00000000	0.00334530778903	-0.00335201316551	0.00473572343630	-45.0573646756
5260.00000000	0.00334533567019	-0.00335201212007	0.00473574239158	-45.0571169790
5260.00000000	0.00334535190392	-0.00335201394537	0.00473575515109	-45.0569935615
5260.00000000	0.00334535844700	-0.00335201276260	0.00473575893596	-45.0569274215
5260.00000000	0.00334536349681	-0.00335199873773	0.00473575257625	-45.0567643146
5260.00000000	0.00334537127328	-0.00335197032403	0.00473573795826	-45.0564548827
5260.00000000	0.00334537729503	-0.00335193719381	0.00473571876248	-45.0561201650
5260.00000000	0.00334537487686	-0.00335191339700	0.00473570021092	-45.0559374890
5260.00000000	0.00334536347003	-0.00335190888134	0.00473568895678	-45.0559965765
5260.00000000	0.00334534813014	-0.00335192037082	0.00473568625272	-45.0562261364
5260.00000000	0.00334533723391	-0.00335193240553	0.00473568707368	-45.0564223030
5260.00000000	0.00334533879711	-0.00335193407111	0.00473568935684	-45.0564231517
5260.00000000	0.00334535343168	-0.00335193116357	0.00473569763690	-45.0562729789
5260.00000000	0.00334537739089	-0.00335194010446	0.00473572089036	-45.0561442204
5260.00000000	0.00334540287388	-0.00335196629672	0.00473575743075	-45.0561498549
5260.00000000	0.00334542049536	-0.00335200331045	0.00473579607712	-45.0563152954
5260.00000000	0.00334542301609	-0.00335203642583	0.00473582129696	-45.0565767283
5260.00000000	0.00334540472050	-0.00335204500466	0.00473581444498	-45.0568067172
5260.00000000	0.00334536444494	-0.00335202105744	0.00473576904409	-45.0569469499
5260.00000000	0.00334531521752	-0.00335197600946	0.00473570238429	-45.0569835069
5260.00000000	0.00334527907497	-0.00335192617229	0.00473564157785	-45.0568670786
5260.00000000	0.00334527538621	-0.00335188339967	0.00473560869737	-45.0565331018
5260.00000000	0.00334530001616	-0.00335185650192	0.00473560705798	-45.0560922895
5260.00000000	0.00334533150523	-0.00335184551604	0.00473562152661	-45.0557287359
5260.00000000	0.00334535581880	-0.00335183742147	0.00473563297293	-45.0554513434
5260.00000000	0.00334536906534	-0.00335182262990	0.00473563186129	-45.0552114849
5260.00000000	0.00334536832321	-0.00335180427322	0.00473561834441	-45.0550609460
5260.00000000	0.00334535855484	-0.00335178722517	0.00473559937741	-45.0549988871
5260.00000000	0.00334535003927	-0.00335177587966	0.00473558533159	-45.0549748393
5260.00000000	0.00334534988636	-0.00335177333244	0.00473558342068	-45.0549543776
5260.00000000	0.00334535842021	-0.00335177263027	0.00473558895225	-45.0548752967
5260.00000000	0.00334536903197	-0.00335176323861	0.00473558980147	-45.0547041522
5260.00000000	0.00334537993352	-0.00335174629738	0.00473558551202	-45.0544659989
5260.00000000	0.00334539909079	-0.00335173107193	0.00473558826918	-45.0541718137
5260.00000000	0.00334542530392	-0.00335172229361	0.00473560057412	-45.0538723123
5260.00000000	0.00334544535526	-0.00335171834865	0.00473561194712	-45.0536668890
5260.00000000	0.00334544851793	-0.00335172197354	0.00473561674695	-45.0536707890
5260.00000000	0.00334542948242	-0.00335173482265	0.00473561239368	-45.0539436186
5260.00000000	0.00334539732517	-0.00335174646567	0.00473559791721	-45.0543185060
5260.00000000	0.00334537000819	-0.00335174875494	0.00473558023984	-45.0545719988
5260.00000000	0.00334535300313	-0.00335174758242	0.00473556739704	-45.0547075991
5260.00000000	0.00334533925450	-0.00335174742623	0.00473555757403	-45.0548240003
5260.00000000	0.00334532529263	-0.00335173813324	0.00473554113353	-45.0548641347
5260.00000000	0.00334531545253	-0.00335170585458	0.00473551133591	-45.0546725088
5260.00000000	0.00334531699341	-0.00335165396849	0.00473547570060	-45.0542158269
5260.00000000	0.00334533077186	-0.00335160652715	0.00473545185658	-45.0536923328
5260.00000000	0.00334535475908	-0.00335158528213	0.00473545376574	-45.0533053260
5260.00000000	0.00334538121631	-0.00335159402680	0.00473547864560	-45.0531535066
5260.00000000	0.00334539812844	-0.00335162494212	0.00473551247390	-45.0532729300
5260.00000000	0.00334540181506	-0.00335167150862	0.00473554803649	-45.0536393821
5260.00000000	0.00334539961388	-0.00335173177265	0.00473558913467	-45.0541733234
5260.00000000	0.00334540022408	-0.00335179541919	0.00473563461337	-45.0547120910
5260.00000000	0.00334540365269	-0.00335184445273	0.00473567174061	-45.0551018178
5260.00000000	0.00334540361089	-0.00335186795410	0.00473568834506	-45.0553030386
5260.00000000	0.00334539715566	-0.00335186457037	0.00473568138996	-45.0553293969
5260.00000000	0.00334538317111	-0.00335184151521	0.00473565519275	-45.0552521026
5260.00000000	0.00334536147744	-0.00335181553332	0.00473562147813	-45.0552158092
5260.00000000	0.00334533348079	-0.00335180215779	0.00473559223358	-45.0553412378
5260.00000000	0.00334530690841	-0.00335180302520	0.00473557407620	-45.0555762056
5260.00000000	0.00334528337212	-0.00335180394623	0.00473555810161	-45.0557856335
5260.00000000	0.00334525910897	-0.00335178680029	0.00473552882588	-45.0558468687
5260.00000000	0.00334523749671	-0.00335175061026	0.00473548794348	-45.0557226314
5260.00000000	0.00334522480584	-0.00335171044383	0.00473545054888	-45.0554880038
5270.00000000	0.00754947996606	-0.0292365217471	0.0301955104548	-75.5213073674
5270.00000000	0.00754948285964	-0.0292363454358	0.0301953404665	-75.5212184066
5270.00000000	0.00754947971849	-0.0292362569281	0.0301952539845	-75.5211821881
5270.00000000	0.00754946709652	-0.0292362681105	0.0301952616560	-75.5212106828
5270.00000000	0.00754943661163	-0.0292363631830	0.0301953460871	-75.5213117948
5270.00000000	0.00754937976739	-0.0292364777337	0.0301954427877	-75.5214705753
5270.00000000	0.00754930449000	-0.0292365559893	0.0301954997375	-75.5216460023
5270.00000000	0.00754922956705	-0.0292365939987	0.0301955178082	-75.5218016849
5270.00000000	0.00754916712113	-0.0292366379463	0.0301955447479	-75.5219372610
5270.00000000	0.00754912428584	-0.0292367397962	0.0301956326543	-75.5220642757
5270.00000000	0.00754909549253	-0.0292369032758	0.0301957837440	-75.5221947272
5270.00000000	0.00754906585513	-0.0292370996314	0.0301959664549	-75.5223423236
5270.00000000	0.00754902726797	-0.0292372554105	0.0301961076405	-75.5224871128
5270.00000000	0.00754899801135	-0.0292372910305	0.0301961348152	-75.5225577599
5270.00000000	0.00754899847613	-0.0292372053662	0.0301960519873	-75.5225162701
5270.00000000	0.00754902421034	-0.0292370674564	0.0301959248903	-75.5224035711
5270.00000000	0.00754906452075	-0.0292369412475	0.0301958127668	-75.5222696421
5270.00000000	0.00754910923566	-0.0292368611698	0.0301957464110	-75.5221495038
5270.00000000	0.00754914937545	-0.0292368235196	0.0301957199915	-75.5220578974
5270.00000000	0.00754916994989	-0.0292368327882	0.0301957341096	-75.5220244945
5270.00000000	0.00754916323847	-0.0292369120207	0.0301958091480	-75.5220744114
5270.00000000	0.00754913759845	-0.0292370430701	0.0301959296257	-75.5221836848
5270.00000000	0.00754910256947	-0.0292371504830	0.0301960248704	-75.5222989942
5270.00000000	0.00754906896742	-0.0292371818051	0.0301960467972	-75.5223755864
5270.00000000	0.00754904302246	-0.0292371283097	0.0301959885143	-75.5223978762
5270.00000000	0.00754901847452	-0.0292370247954	0.0301958821500	-75.5223938719
5270.00000000	0.00754898925016	-0.0292369348660	0.0301957877701	-75.5224049036
5270.00000000	0.00754896736288	-0.0292369052993	0.0301957536704	-75.5224310898
5270.00000000	0.00754896305932	-0.0292369308458	0.0301957773298	-75.5224511149
5270.00000000	0.00754896858951	-0.0292369808645	0.0301958271428	-75.5224646821
5270.00000000	0.00754896446238	-0.0292370470040	0.0301958901503	-75.5225036390
5270.00000000	0.00754894576552	-0.0292371482304	0.0301959834882	-75.5225860074
5270.00000000	0.00754892328712	-0.0292372796433	0.0301961051087	-75.5226896420
5270.00000000	0.00754891079994	-0.0292374191890	0.0301962371017	-75.5227787776
5270.00000000	0.00754891876098	-0.0292375709032	0.0301963859887	-75.5228361174
5270.00000000	0.00754894408362	-0.0292377424050	0.0301965583754	-75.5228709463
5270.00000000	0.00754897339607	-0.0292379116329	0.0301967295578	-75.5228973662
5270.00000000	0.00754900151047	-0.0292380283172	0.0301968495655	-75.5229010635
5270.00000000	0.00754903535288	-0.0292380392629	0.0301968686241	-75.5228440815
5270.00000000	0.00754907879500	-0.0292379466983	0.0301967898590	-75.5227203639
5270.00000000	0.00754911983243	-0.0292377973088	0.0301966554724	-75.5225741085
5270.00000000	0.00754913242542	-0.0292376304192	0.0301964970304	-75.5224718079
5270.00000000	0.00754910815860	-0.0292374673354	0.0301963330585	-75.5224390301
5270.00000000	0.00754906799101	-0.0292373248991	0.0301961851032	-75.5224452592
5270.00000000	0.00754903258066	-0.0292371982089	0.0301960535833	-75.5224502178
5270.00000000	0.00754900549301	-0.0292370773525	0.0301959297927	-75.5224426532
5270.00000000	0.00754897964412	-0.0292369848173	0.0301958337338	-75.5224462475
5270.00000000	0.00754896484586	-0.0292369661144	0.0301958119252	-75.5224645630
5270.00000000	0.00754897471696	-0.0292370329397	0.0301958790963	-75.5224781275
5270.00000000	0.00754899928795	-0.0292371397173	0.0301959886259	-75.5224836370
5270.00000000	0.00754902567082	-0.0292372347855	0.0301960872710	-75.5224802633
5270.00000000	0.00754905992194	-0.0292373018958	0.0301961608131	-75.5224491718
5270.00000000	0.00754909973784	-0.0292373503629	0.0301962176951	-75.5223990132
5270.00000000	0.00754912369209	-0.0292373985225	0.0301962703140	-75.5223778498
5270.00000000	0.00754911823810	-0.0292374613911	0.0301963298228	-75.5224176924
5270.00000000	0.00754909783792	-0.0292375335510	0.0301963945913	-75.5224894012
5270.00000000	0.00754908758563	-0.0292376075262	0.0301964636544	-75.5225433273
5270.00000000	0.00754909772056	-0.0292376782586	0.0301965346745	-75.5225582599
5270.00000000	0.00754912972200	-0.0292377421243	0.0301966045125	-75.5225297626
5270.00000000	0.00754917432693	-0.0292377895806	0.0301966616131	-75.5224703269
5270.00000000	0.00754921739273	-0.0292378198718	0.0301967017089	-75.5224055766
5270.00000000	0.00754924826362	-0.0292378246113	0.0301967140157	-75.5223511098
5270.00000000	0.00754926221134	-0.0292377694229	0.0301966640668	-75.5222993064
5270.00000000	0.00754926232413	-0.0292376364016	0.0301965352978	-75.5222359987
5270.00000000	0.00754925634249	-0.0292374494126	0.0301963527512	-75.5221582865
5270.00000000	0.00754924445364	-0.0292372554335	0.0301961619599	-75.5220881101
5270.00000000	0.00754922448428	-0.0292371058362	0.0301960121207	-75.5220538322
5270.00000000	0.00754919513018	-0.0292370041366	0.0301959063119	-75.5220595176
5270.00000000	0.00754916099684	-0.0292369076296	0.0301958043360	-75.5220764467
5270.00000000	0.00754913208804	-0.0292368036957	0.0301956964752	-75.5220802542
5270.00000000	0.00754910921367	-0.0292367022701	0.0301955925517	-75.5220741649
5270.00000000	0.00754908216854	-0.0292366059350	0.0301954925144	-75.5220781531
5270.00000000	0.00754904872321	-0.0292365184145	0.0301953994116	-75.5220980817
5270.00000000	0.00754902567939	-0.0292364555487	0.0301953327811	-75.5221105960
5270.00000000	0.00754903296784	-0.0292364163333	0.0301952966332	-75.5220786020
5270.00000000	0.00754906697964	-0.0292363693287	0.0301952596245	-75.5219938152
5270.00000000	0.00754910775940	-0.0292363142053	0.0301952164469	-75.5218927422
5270.00000000	0.00754914494509	-0.0292362826807	0.0301951952203	-75.5218094675
5270.00000000	0.00754917484444	-0.0292362703452	0.0301951907517	-75.5217486828
5270.00000000	0.00754919370225	-0.0292362442168	0.0301951701677	-75.5217016408
5270.00000000	0.00754920330465	-0.0292361760480	0.0301951065645	-75.5216516591
5270.00000000	0.00754921936631	-0.0292360713102	0.0301950091687	-75.5215724612
5270.00000000	0.00754925431957	-0.0292359676670	0.0301949175559	-75.5214590731
5270.00000000	0.00754930615847	-0.0292358920060	0.0301948572585	-75.5213279361
5270.00000000	0.00754936721851	-0.0292358696658	0.0301948508940	-75.5212051536
5270.00000000	0.00754942492596	-0.0292359017101	0.0301948963488	-75.5211143323
5270.00000000	0.00754947377257	-0.0292359700581	0.0301949747389	-75.5210570144
5270.00000000	0.00754951485709	-0.0292360688809	0.0301950806951	-75.5210284157
5270.00000000	0.00754954601369	-0.0292361810699	0.0301951971109	-75.5210243987
5270.00000000	0.00754956175481	-0.0292362876921	0.0301953042823	-75.5210460625
5270.00000000	0.00754955840749	-0.0292363963544	0.0301954086567	-75.5211037640
5270.00000000	0.00754954386983	-0.0292365183978	0.0301955231891	-75.5211883725
5270.00000000	0.00754952958831	-0.0292366603718	0.0301956570834	-75.5212819651
5270.00000000	0.00754952419802	-0.0292368203610	0.0301958106438	-75.5213677682
5270.00000000	0.00754953257274	-0.0292369787141	0.0301959660617	-75.5214275052
5270.00000000	0.00754954255522	-0.0292370833057	0.0301960698274	-75.5214587835
5270.00000000	0.00754952726051	-0.0292370816580	0.0301960644080	-75.5214861013
5270.00000000	0.00754948798880	-0.0292369738735	0.0301959502280	-75.5215071186
5270.00000000	0.00754945760920	-0.0292368112966	0.0301957852189	-75.5214858060
5270.00000000	0.00754945603540	-0.0292366793105	0.0301956570310	-75.5214260827
5274.00000000	-0.00430084049478	-0.00929690073619	0.0102435146439	-114.825739385
5274.00000000	-0.00430077520672	-0.00929687383458	0.0102434628166	-114.825471127
5274.00000000	-0.00430070917551	-0.00929685341183	0.0102434165576	-114.825183878
5274.00000000	-0.00430066236543	-0.00929684484756	0.0102433891316	-114.824966356
5274.00000000	-0.00430065350340	-0.00929684936280	0.0102433895089	-114.824910764
5274.00000000	-0.00430067935305	-0.00929686723004	0.0102434165780	-114.825000032
5274.00000000	-0.00430072057911	-0.00929689719422	0.0102434610821	-114.825138950
5274.00000000	-0.00430076276242	-0.00929693107110	0.0102435095392	-114.825273539
5274.00000000	-0.00430079962870	-0.00929696160908	0.0102435527336	-114.825388975
5274.00000000	-0.00430083006461	-0.00929699729225	0.0102435978980	-114.825459684
5274.00000000	-0.00430085563844	-0.00929704360189	0.0102436506656	-114.825480755
5274.00000000	-0.00430087812069	-0.00929708592896	0.0102436985205	-114.825495484
5274.00000000	-0.00430089029106	-0.00929710646141	0.0102437222654	-114.825509048
5274.00000000	-0.00430088054911	-0.00929710234080	0.0102437144354	-114.825469271
5274.00000000	-0.00430085091514	-0.00929708632036	0.0102436874534	-114.825356459
5274.00000000	-0.00430081364768	-0.00929707382419	0.0102436604651	-114.825196619
5274.00000000	-0.00430077658257	-0.00929707189085	0.0102436431486	-114.825013000
5274.00000000	-0.00430074849274	-0.00929707667808	0.0102436357001	-114.824859161
5274.00000000	-0.00430073295531	-0.00929707421790	0.0102436269439	-114.824786064
5274.00000000	-0.00430073212048	-0.00929705760233	0.0102436115132	-114.824820844
5274.00000000	-0.00430075077272	-0.00929703556656	0.0102435993447	-114.824967279
5274.00000000	-0.00430078664466	-0.00929701208727	0.0102435930959	-114.825204520
5274.00000000	-0.00430082377161	-0.00929698479526	0.0102435839137	-114.825457085
5274.00000000	-0.00430084382675	-0.00929696059176	0.0102435703672	-114.825615734
5274.00000000	-0.00430083874784	-0.00929694169661	0.0102435510857	-114.825634325
5274.00000000	-0.00430082279320	-0.00929692889037	0.0102435327642	-114.825583406
5274.00000000	-0.00430081424034	-0.00929692810330	0.0102435284589	-114.825541836
5274.00000000	-0.00430081717322	-0.00929693734931	0.0102435380819	-114.825535011
5274.00000000	-0.00430083448864	-0.00929695582577	0.0102435621209	-114.825579522
5274.00000000	-0.00430087084171	-0.00929698203012	0.0102436011668	-114.825702528
5274.00000000	-0.00430091192956	-0.00929699594826	0.0102436310500	-114.825878422
5274.00000000	-0.00430093370218	-0.00929698405212	0.0102436293947	-114.826016886
5274.00000000	-0.00430093847827	-0.00929695907678	0.0102436087327	-114.826099784
5274.00000000	-0.00430095100215	-0.00929694855337	0.0102436044402	-114.826188075
5274.00000000	-0.00430098651364	-0.00929697152804	0.0102436402018	-114.826314390
5274.00000000	-0.00430103655975	-0.00929702073739	0.0102437058763	-114.826452878
5274.00000000	-0.00430107648869	-0.00929707090898	0.0102437681762	-114.826537745
5274.00000000	-0.00430109038737	-0.00929709452817	0.0102437954483	-114.826552831
5274.00000000	-0.00430108448048	-0.00929707780993	0.0102437777949	-114.826562107
5274.00000000	-0.00430107421744	-0.00929703891826	0.0102437381884	-114.826601344
5274.00000000	-0.00430106523883	-0.00929700036326	0.0102436994266	-114.826646311
5274.00000000	-0.00430105633776	-0.00929696868522	0.0102436669389	-114.826675521
5274.00000000	-0.00430104977803	-0.00929694485806	0.0102436425595	-114.826698179
5274.00000000	-0.00430104939724	-0.00929693528927	0.0102436337152	-114.826718718
5274.00000000	-0.00430104980477	-0.00929693780746	0.0102436361717	-114.826714873
5274.00000000	-0.00430104532568	-0.00929694738860	0.0102436429867	-114.826669634
5274.00000000	-0.00430103811111	-0.00929697208045	0.0102436623674	-114.826575022
5274.00000000	-0.00430102648831	-0.00929701976359	0.0102437007638	-114.826404038
5274.00000000	-0.00430100489042	-0.00929708245838	0.0102437485964	-114.826147165
5274.00000000	-0.00430098151524	-0.00929714219637	0.0102437929994	-114.825888216
5274.00000000	-0.00430096833743	-0.00929717996884	0.0102438217484	-114.825732617
5274.00000000	-0.00430096891787	-0.00929718234626	0.0102438241498	-114.825729981
5274.00000000	-0.00430098133567	-0.00929715067238	0.0102438006167	-114.825867400
5274.00000000	-0.00430099757041	-0.00929709781056	0.0102437594564	-114.826073953
5274.00000000	-0.00430101115672	-0.00929704601155	0.0102437181488	-114.826264568
5274.00000000	-0.00430102014914	-0.00929701306326	0.0102436920210	-114.826387594
5274.00000000	-0.00430102884658	-0.00929699876532	0.0102436826962	-114.826465323
5274.00000000	-0.00430104453611	-0.00929699529365	0.0102436861330	-114.826553122
5274.00000000	-0.00430106450412	-0.00929699290177	0.0102436923462	-114.826660104
5274.00000000	-0.00430107985660	-0.00929698672881	0.0102436931899	-114.826752536
5274.00000000	-0.00430108561018	-0.00929697786668	0.0102436875626	-114.826802555
5274.00000000	-0.00430107457485	-0.00929696192276	0.0102436684587	-114.826783980
5274.00000000	-0.00430103774661	-0.00929692624266	0.0102436206128	-114.826680821
5274.00000000	-0.00430098091819	-0.00929686986499	0.0102435455847	-114.826524739
5274.00000000	-0.00430092342802	-0.00929680794851	0.0102434652518	-114.826378303
5274.00000000	-0.00430088128696	-0.00929676363217	0.0102434073373	-114.826268451
5274.00000000	-0.00430086011781	-0.00929675537654	0.0102433909563	-114.826180374
5274.00000000	-0.00430085910811	-0.00929678333198	0.0102434159044	-114.826109595
5274.00000000	-0.00430087406605	-0.00929683392065	0.0102434680983	-114.826066722
5274.00000000	-0.00430089630899	-0.00929689173588	0.0102435299096	-114.826043861
5274.00000000	-0.00430091275638	-0.00929694087001	0.0102435814088	-114.826011967
5274.00000000	-0.00430091911523	-0.00929697158519	0.0102436119553	-114.825972114
5274.00000000	-0.00430092091158	-0.00929698925861	0.0102436287497	-114.825939729
5274.00000000	-0.00430092544421	-0.00929700248715	0.0102436426589	-114.825931672
5274.00000000	-0.00430093223793	-0.00929700175013	0.0102436448424	-114.825967890
5274.00000000	-0.00430093494977	-0.00929697433386	0.0102436210984	-114.826046042
5274.00000000	-0.00430092478393	-0.00929692656803	0.0102435734785	-114.826106611
5274.00000000	-0.00430090290806	-0.00929687168672	0.0102435144840	-114.826124446
5274.00000000	-0.00430087841998	-0.00929681694878	0.0102434545229	-114.826128683
5274.00000000	-0.00430086217865	-0.00929677263324	0.0102434074835	-114.826150308
5274.00000000	-0.00430085649804	-0.00929674717189	0.0102433819901	-114.826181267
5274.00000000	-0.00430085283378	-0.00929674334534	0.0102433769787	-114.826171651
5274.00000000	-0.00430083882795	-0.00929675351173	0.0102433803250	-114.826076675
5274.00000000	-0.00430081294706	-0.00929676507726	0.0102433799552	-114.825918128
5274.00000000	-0.00430079240369	-0.00929677225585	0.0102433778451	-114.825796980
5274.00000000	-0.00430079160922	-0.00929677390337	0.0102433790068	-114.825789077
5274.00000000	-0.00430081020345	-0.00929677059678	0.0102433838127	-114.825891237
5274.00000000	-0.00430084191221	-0.00929676681676	0.0102433936954	-114.826061085
5274.00000000	-0.00430087465161	-0.00929677003855	0.0102434103656	-114.826219721
5274.00000000	-0.00430089324585	-0.00929678183948	0.0102434288831	-114.826286400
5274.00000000	-0.00430089566239	-0.00929679244665	0.0102434395246	-114.826273757
5274.00000000	-0.00430089396553	-0.00929679176810	0.0102434381963	-114.826266737
5274.00000000	-0.00430090025165	-0.00929678652137	0.0102434360738	-114.826310970
5274.00000000	-0.00430092007803	-0.00929679295046	0.0102434502333	-114.826396520
5274.00000000	-0.00430094923546	-0.00929682238262	0.0102434891878	-114.826475415
5274.00000000	-0.00430097668305	-0.00929686799415	0.0102435421085	-114.826507633
5274.00000000	-0.00430099050252	-0.00929690565314	0.0102435820896	-114.826489345
5274.00000000	-0.00430098594544	-0.00929692150149	0.0102435945599	-114.826428992
5274.00000000	-0.00430097235776	-0.00929692790809	0.0102435946694	-114.826344969
5274.00000000	-0.00430096565599	-0.00929694082447	0.0102436035782	-114.826280615
