DevNumber	X [V]	Y [V]	R [V]	Theta [°]
4253.00000000	-0.0158360863356	0.00768783413897	0.0176035344229	154.105142010
4253.00000000	-0.0158360496726	0.00768778496782	0.0176034799669	154.105233869
4253.00000000	-0.0158359364484	0.00768770777054	0.0176033443971	154.105298963
4253.00000000	-0.0158357925060	0.00768761250441	0.0176031733023	154.105373300
4253.00000000	-0.0158356662701	0.00768752829829	0.0176030229664	154.105440423
4253.00000000	-0.0158355886689	0.00768749641603	0.0176029392329	154.105423470
4253.00000000	-0.0158355800727	0.00768753734048	0.0176029493722	154.105291420
4253.00000000	-0.0158356405834	0.00768763399159	0.0176030460169	154.105094432
4253.00000000	-0.0158357455557	0.00768775049721	0.0176031913303	154.104902511
4253.00000000	-0.0158358520099	0.00768784717824	0.0176033293191	154.104770748
4253.00000000	-0.0158359165396	0.00768788994575	0.0176034060474	154.104737250
4253.00000000	-0.0158359157627	0.00768786414765	0.0176033940817	154.104811683
4253.00000000	-0.0158358597059	0.00768777660999	0.0176033054234	154.104988313
4253.00000000	-0.0158357968029	0.00768766666581	0.0176032008210	154.105220820
4253.00000000	-0.0158357827841	0.00768758687520	0.0176031533638	154.105434525
4253.00000000	-0.0158358323448	0.00768755854740	0.0176031855774	154.105587918
4253.00000000	-0.0158359189709	0.00768757364635	0.0176032701002	154.105666841
4253.00000000	-0.0158360057623	0.00768761396789	0.0176033657867	154.105672145
4253.00000000	-0.0158360724144	0.00768766210995	0.0176034467713	154.105625924
4253.00000000	-0.0158361184056	0.00768771001674	0.0176035090666	154.105551025
4253.00000000	-0.0158361396132	0.00768775506302	0.0176035478174	154.105449274
4253.00000000	-0.0158361228674	0.00768778937338	0.0176035477368	154.105325010
4253.00000000	-0.0158360717236	0.00768779998724	0.0176035063632	154.105221236
4253.00000000	-0.0158360228060	0.00768779027940	0.0176034581175	154.105180127
4253.00000000	-0.0158360116442	0.00768778767162	0.0176034469374	154.105171897
4253.00000000	-0.0158360395407	0.00768780763115	0.0176034807497	154.105153108
4253.00000000	-0.0158360959081	0.00768784559421	0.0176035480370	154.105122075
4253.00000000	-0.0158361685350	0.00768789505600	0.0176036349730	154.105080486
4253.00000000	-0.0158362330078	0.00768793934055	0.0176037123125	154.105042465
4253.00000000	-0.0158362573331	0.00768794769658	0.0176037378447	154.105052576
4253.00000000	-0.0158362175522	0.00768789709793	0.0176036799605	154.105144182
4253.00000000	-0.0158361177754	0.00768779918743	0.0176035474420	154.105289037
4253.00000000	-0.0158359883797	0.00768769506473	0.0176033855656	154.105409983
4253.00000000	-0.0158358653271	0.00768761753213	0.0176032410078	154.105462090
4253.00000000	-0.0158357706808	0.00768757638698	0.0176031378953	154.105448031
4253.00000000	-0.0158357051227	0.00768756209300	0.0176030726769	154.105396697
4253.00000000	-0.0158356543827	0.00768755717682	0.0176030248843	154.105338967
4253.00000000	-0.0158356107533	0.00768754470575	0.0176029801889	154.105313466
4253.00000000	-0.0158355785361	0.00768751507358	0.0176029382655	154.105354436
4253.00000000	-0.0158355619548	0.00768747245499	0.0176029047367	154.105455658
4253.00000000	-0.0158355625042	0.00768743308829	0.0176028880389	154.105571709
4253.00000000	-0.0158355919869	0.00768743128920	0.0176029137759	154.105618885
4253.00000000	-0.0158356603783	0.00768749107764	0.0176030014113	154.105541034
4253.00000000	-0.0158357581380	0.00768759467005	0.0176031345964	154.105376668
4253.00000000	-0.0158358679587	0.00768770449477	0.0176032813534	154.105211200
4253.00000000	-0.0158359701308	0.00768779002067	0.0176034106180	154.105106010
4253.00000000	-0.0158360325254	0.00768782562953	0.0176034822991	154.105090437
4253.00000000	-0.0158360367570	0.00768780527562	0.0176034772168	154.105156049
4253.00000000	-0.0158360053922	0.00768775674396	0.0176034278064	154.105253567
4253.00000000	-0.0158359851414	0.00768771966053	0.0176033933938	154.105333363
4253.00000000	-0.0158359926416	0.00768769967264	0.0176033914119	154.105402549
4253.00000000	-0.0158359928388	0.00768766355070	0.0176033758143	154.105508595
4253.00000000	-0.0158359441813	0.00768757998487	0.0176032955476	154.105684116
4253.00000000	-0.0158358648270	0.00768746497271	0.0176031739333	154.105908083
4253.00000000	-0.0158358263049	0.00768737487033	0.0176030999303	154.106117155
4253.00000000	-0.0158358705263	0.00768735376374	0.0176031304948	154.106241814
4253.00000000	-0.0158359637363	0.00768739851753	0.0176032338911	154.106243260
4253.00000000	-0.0158360401457	0.00768747217485	0.0176033347959	154.106136195
4253.00000000	-0.0158360526030	0.00768753837905	0.0176033749143	154.105960053
4253.00000000	-0.0158359992073	0.00768759099510	0.0176033498574	154.105730093
4253.00000000	-0.0158359041609	0.00768762538637	0.0176032793727	154.105494292
4253.00000000	-0.0158357943258	0.00768762712986	0.0176031813266	154.105333063
4253.00000000	-0.0158357005973	0.00768759765681	0.0176030841372	154.105286131
4253.00000000	-0.0158356508798	0.00768756110433	0.0176030234482	154.105322488
4253.00000000	-0.0158356427629	0.00768753110818	0.0176030030465	154.105398781
4253.00000000	-0.0158356377952	0.00768749335137	0.0176029820885	154.105502275
4253.00000000	-0.0158356114375	0.00768743954489	0.0176029348791	154.105622360
4253.00000000	-0.0158355646834	0.00768737939709	0.0176028665517	154.105732021
4253.00000000	-0.0158355229067	0.00768734301763	0.0176028130820	154.105779160
4253.00000000	-0.0158355123629	0.00768736261042	0.0176028121532	154.105706803
4253.00000000	-0.0158355465210	0.00768744307459	0.0176028780216	154.105519748
4253.00000000	-0.0158356340228	0.00768755944179	0.0176030075577	154.105303394
4253.00000000	-0.0158357588523	0.00768768847199	0.0176031762040	154.105103025
4253.00000000	-0.0158358843579	0.00768781269576	0.0176033433597	154.104917695
4253.00000000	-0.0158359743935	0.00768790568120	0.0176034649644	154.104773414
4253.00000000	-0.0158360027937	0.00768794334824	0.0176035069633	154.104703495
4253.00000000	-0.0158359708318	0.00768792988298	0.0176034723300	154.104697489
4253.00000000	-0.0158359132002	0.00768790071717	0.0176034077474	154.104700965
4253.00000000	-0.0158358678178	0.00768788775053	0.0176033612588	154.104674422
4253.00000000	-0.0158358386545	0.00768789683243	0.0176033389900	154.104606375
4253.00000000	-0.0158357964620	0.00768791886285	0.0176033106553	154.104481893
4253.00000000	-0.0158357268353	0.00768793991138	0.0176032572123	154.104321289
4253.00000000	-0.0158356498491	0.00768794622794	0.0176031907150	154.104193358
4253.00000000	-0.0158355873898	0.00768792381932	0.0176031247405	154.104170184
4253.00000000	-0.0158355457127	0.00768787339034	0.0176030652241	154.104258598
4253.00000000	-0.0158355228717	0.00768781398051	0.0176030187303	154.104400084
4253.00000000	-0.0158355165959	0.00768777199518	0.0176029947484	154.104514099
4253.00000000	-0.0158355238214	0.00768776093085	0.0176029964162	154.104556768
4253.00000000	-0.0158355232355	0.00768776345659	0.0176029969922	154.104548539
4253.00000000	-0.0158354774211	0.00768773714056	0.0176029442849	154.104560469
4253.00000000	-0.0158353914707	0.00768767470404	0.0176028396966	154.104621109
4253.00000000	-0.0158353216472	0.00768761817745	0.0176027521971	154.104687369
4253.00000000	-0.0158353134596	0.00768760295586	0.0176027381839	154.104720301
4253.00000000	-0.0158353693464	0.00768763231466	0.0176028012811	154.104713780
4253.00000000	-0.0158354560615	0.00768768696424	0.0176029031565	154.104677027
4253.00000000	-0.0158355492801	0.00768775699453	0.0176030175996	154.104604483
4253.00000000	-0.0158356274935	0.00768783023306	0.0176031199452	154.104501217
4253.00000000	-0.0158356820615	0.00768788780271	0.0176031941766	154.104410219
4253.00000000	-0.0158357192920	0.00768793308096	0.0176032474434	154.104330566
4253.00000000	-0.0158357445076	0.00768798534928	0.0176032929545	154.104213367
5260.00000000	-0.0211811680049	0.107252794577	0.109324305727	101.171488966
5260.00000000	-0.0211811480298	0.107252641453	0.109324151634	101.171494244
5260.00000000	-0.0211810672583	0.107252172043	0.109323675469	101.171500379
5260.00000000	-0.0211809638666	0.107251397170	0.109322895248	101.171525900
5260.00000000	-0.0211808946326	0.107250621808	0.109322121163	101.171569035
5260.00000000	-0.0211808954619	0.107250215625	0.109321722837	101.171610706
5260.00000000	-0.0211809547208	0.107250274203	0.109321791787	101.171635227
5260.00000000	-0.0211810299012	0.107250656289	0.109322181199	101.171635084
5260.00000000	-0.0211811033613	0.107251181976	0.109322711157	101.171619475
5260.00000000	-0.0211811612815	0.107251568917	0.109323101989	101.171609964
5260.00000000	-0.0211811662811	0.107251560406	0.109323094607	101.171613399
5260.00000000	-0.0211810855805	0.107251128377	0.109322655129	101.171615775
5260.00000000	-0.0211809587682	0.107250497597	0.109322011732	101.171614624
5260.00000000	-0.0211808709138	0.107250050353	0.109321555941	101.171614867
5260.00000000	-0.0211808517324	0.107249948813	0.109321452609	101.171615315
5260.00000000	-0.0211808750988	0.107250025487	0.109321532358	101.171619543
5260.00000000	-0.0211809122106	0.107250115171	0.109321627533	101.171629518
5260.00000000	-0.0211809671158	0.107250281121	0.109321800975	101.171640898
5260.00000000	-0.0211810346040	0.107250561690	0.109322089304	101.171647108
5260.00000000	-0.0211810839973	0.107250813783	0.109322346190	101.171646906
5260.00000000	-0.0211810941368	0.107250886188	0.109322419187	101.171644767
5260.00000000	-0.0211810711214	0.107250780616	0.109322311157	101.171643654
5260.00000000	-0.0211810380386	0.107250619747	0.109322146926	101.171642979
5260.00000000	-0.0211809958654	0.107250496236	0.109322017585	101.171633836
5260.00000000	-0.0211809230036	0.107250462333	0.109321970207	101.171599816
5260.00000000	-0.0211808265771	0.107250545419	0.109322033036	101.171541799
5260.00000000	-0.0211807319943	0.107250721588	0.109322187542	101.171475279
5260.00000000	-0.0211806406968	0.107250932086	0.109322376363	101.171406962
5260.00000000	-0.0211805418817	0.107251072555	0.109322495026	101.171341891
5260.00000000	-0.0211804464326	0.107251043347	0.109322447878	101.171295780
5260.00000000	-0.0211803801317	0.107250786425	0.109322182979	101.171287778
5260.00000000	-0.0211803544633	0.107250208152	0.109321610690	101.171333299
5260.00000000	-0.0211803658013	0.107249298816	0.109320720780	101.171431465
5260.00000000	-0.0211804142336	0.107248346011	0.109319795413	101.171553119
5260.00000000	-0.0211805065592	0.107247738932	0.109319217726	101.171662238
5260.00000000	-0.0211806349275	0.107247569632	0.109319076505	101.171745435
5260.00000000	-0.0211807528957	0.107247597206	0.109319126413	101.171803292
5260.00000000	-0.0211808377053	0.107247632384	0.109319177357	101.171843327
5260.00000000	-0.0211808976034	0.107247666600	0.109319222530	101.171870651
5260.00000000	-0.0211809481205	0.107247721766	0.109319286438	101.171891024
5260.00000000	-0.0211810079421	0.107247783155	0.109319358254	101.171915550
5260.00000000	-0.0211810842291	0.107247927120	0.109319514272	101.171940155
5260.00000000	-0.0211811691067	0.107248193451	0.109319792002	101.171956752
5260.00000000	-0.0211812494256	0.107248553546	0.109320160835	101.171961483
5260.00000000	-0.0211813075587	0.107249005155	0.109320615149	101.171945514
5260.00000000	-0.0211813101309	0.107249451037	0.109321053080	101.171901558
5260.00000000	-0.0211812572402	0.107249731106	0.109321317594	101.171845923
5260.00000000	-0.0211812034375	0.107249793092	0.109321367981	101.171811965
5260.00000000	-0.0211811730215	0.107249715911	0.109321286370	101.171804163
5260.00000000	-0.0211811194023	0.107249645016	0.109321206430	101.171783793
5260.00000000	-0.0211810397833	0.107249671096	0.109321216589	101.171740206
5260.00000000	-0.0211809972517	0.107249713222	0.109321249676	101.171714060
5260.00000000	-0.0211810269017	0.107249600521	0.109321144855	101.171740750
5260.00000000	-0.0211810826494	0.107249322558	0.109320882960	101.171797640
5260.00000000	-0.0211811051035	0.107249148173	0.109320716231	101.171826893
5260.00000000	-0.0211810956744	0.107249262342	0.109320826409	101.171810452
5260.00000000	-0.0211810707412	0.107249511220	0.109321065741	101.171772359
5260.00000000	-0.0211810400252	0.107249657123	0.109321202928	101.171741750
5260.00000000	-0.0211810150661	0.107249626082	0.109321167639	101.171732068
5260.00000000	-0.0211809639495	0.107249416328	0.109320951956	101.171727085
5260.00000000	-0.0211808630183	0.107249026881	0.109320550333	101.171714736
5260.00000000	-0.0211807658362	0.107248567830	0.109320081152	101.171711382
5260.00000000	-0.0211807290396	0.107248213832	0.109319726732	101.171728409
5260.00000000	-0.0211807400573	0.107248081413	0.109319598957	101.171747521
5260.00000000	-0.0211807429477	0.107248113667	0.109319631160	101.171745731
5260.00000000	-0.0211806888066	0.107248062112	0.109319570092	101.171723128
5260.00000000	-0.0211805691757	0.107247767374	0.109319257760	101.171691546
5260.00000000	-0.0211804457034	0.107247394880	0.109318868402	101.171665884
5260.00000000	-0.0211804102678	0.107247281190	0.109318750001	101.171659209
5260.00000000	-0.0211804689921	0.107247590846	0.109319065167	101.171657959
5260.00000000	-0.0211805643842	0.107248264504	0.109319744542	101.171638601
5260.00000000	-0.0211806642253	0.107249132505	0.109320615439	101.171601795
5260.00000000	-0.0211807371688	0.107249964188	0.109321445496	101.171554848
5260.00000000	-0.0211807615451	0.107250574879	0.109322049339	101.171505370
5260.00000000	-0.0211807552318	0.107250952134	0.109322418221	101.171463817
5260.00000000	-0.0211807470415	0.107251119050	0.109322580388	101.171442657
5260.00000000	-0.0211807569505	0.107251071206	0.109322535370	101.171452610
5260.00000000	-0.0211807908043	0.107250845705	0.109322320701	101.171492914
5260.00000000	-0.0211808256591	0.107250524753	0.109322012584	101.171543426
5260.00000000	-0.0211808299762	0.107250178513	0.109321673741	101.171580804
5260.00000000	-0.0211808000934	0.107249768203	0.109321265417	101.171607103
5260.00000000	-0.0211807469980	0.107249188818	0.109320686723	101.171638637
5260.00000000	-0.0211807035116	0.107248585701	0.109320086609	101.171677521
5260.00000000	-0.0211806993609	0.107248126571	0.109319635374	101.171722010
5260.00000000	-0.0211807163816	0.107247796782	0.109319315132	101.171764251
5260.00000000	-0.0211807242180	0.107247611741	0.109319135116	101.171787070
5260.00000000	-0.0211807273287	0.107247633226	0.109319156797	101.171786488
5260.00000000	-0.0211807716406	0.107247839880	0.109319368120	101.171788287
5260.00000000	-0.0211808666719	0.107248099255	0.109319640993	101.171810812
5260.00000000	-0.0211809642937	0.107248222957	0.109319781265	101.171848445
5260.00000000	-0.0211810364851	0.107248182246	0.109319755313	101.171889699
5260.00000000	-0.0211810621243	0.107248078682	0.109319658679	101.171913399
5260.00000000	-0.0211810105252	0.107247952779	0.109319525165	101.171899653
5260.00000000	-0.0211809020371	0.107247905207	0.109319457474	101.171848701
5260.00000000	-0.0211808033433	0.107248055727	0.109319586020	101.171782669
5260.00000000	-0.0211807531028	0.107248416313	0.109319930039	101.171720220
5260.00000000	-0.0211807567024	0.107248892679	0.109320398075	101.171673698
5260.00000000	-0.0211808329602	0.107249393368	0.109320904052	101.171662065
5260.00000000	-0.0211809553103	0.107249805502	0.109321332082	101.171683124
5260.00000000	-0.0211810471868	0.107250036481	0.109321576484	101.171706910
5270.00000000	0.00400363649096	-0.0173322218334	0.0177886204871	-76.9931652927
5270.00000000	0.00400365631428	-0.0173322702431	0.0177886721164	-76.9931381750
5270.00000000	0.00400366934905	-0.0173322563283	0.0177886614922	-76.9930871811
5270.00000000	0.00400366717363	-0.0173321722275	0.0177885790596	-76.9930330410
5270.00000000	0.00400365297968	-0.0173320571745	0.0177884637640	-76.9929941797
5270.00000000	0.00400363845892	-0.0173319726158	0.0177883781066	-76.9929784503
5270.00000000	0.00400363288539	-0.0173319448931	0.0177883498408	-76.9929758444
5270.00000000	0.00400364615613	-0.0173319623447	0.0177883698315	-76.9929468480
5270.00000000	0.00400368346023	-0.0173320117979	0.0177884264119	-76.9928656267
5270.00000000	0.00400373477716	-0.0173320785506	0.0177885030019	-76.9927529708
5270.00000000	0.00400378328381	-0.0173321295407	0.0177885636013	-76.9926377081
5270.00000000	0.00400382063156	-0.0173321265229	0.0177885690671	-76.9925183123
5270.00000000	0.00400384655194	-0.0173320637386	0.0177885137280	-76.9923914502
5270.00000000	0.00400386321264	-0.0173319797480	0.0177884356425	-76.9922782727
5270.00000000	0.00400387205002	-0.0173319082611	0.0177883679792	-76.9921987115
5270.00000000	0.00400386678184	-0.0173318394838	0.0177882997810	-76.9921653818
5270.00000000	0.00400384324686	-0.0173317585688	0.0177882156450	-76.9921805797
5270.00000000	0.00400380855572	-0.0173316901240	0.0177881411481	-76.9922398305
5270.00000000	0.00400377495039	-0.0173316586650	0.0177881029324	-76.9923224886
5270.00000000	0.00400375380642	-0.0173316589854	0.0177880984855	-76.9923890784
5270.00000000	0.00400374710633	-0.0173316656958	0.0177881035156	-76.9924149707
5270.00000000	0.00400374525996	-0.0173316597545	0.0177880973112	-76.9924164579
5270.00000000	0.00400373757155	-0.0173316354534	0.0177880719032	-76.9924229691
5270.00000000	0.00400372783747	-0.0173316074333	0.0177880424110	-76.9924332040
5270.00000000	0.00400372471620	-0.0173315986863	0.0177880331860	-76.9924366582
5270.00000000	0.00400372103943	-0.0173316230923	0.0177880561382	-76.9924658914
5270.00000000	0.00400371114000	-0.0173316941147	0.0177881231101	-76.9925484494
5270.00000000	0.00400369757036	-0.0173317994832	0.0177882227207	-76.9926674251
5270.00000000	0.00400368170408	-0.0173318849022	0.0177883023768	-76.9927791445
5270.00000000	0.00400366026825	-0.0173319027932	0.0177883149842	-76.9928593876
5270.00000000	0.00400363063912	-0.0173318559857	0.0177882627090	-76.9929184406
5270.00000000	0.00400359668362	-0.0173317659303	0.0177881673218	-76.9929597190
5270.00000000	0.00400356672246	-0.0173316463783	0.0177880440938	-76.9929670783
5270.00000000	0.00400354339516	-0.0173315233328	0.0177879189551	-76.9929510853
5270.00000000	0.00400352284671	-0.0173314315047	0.0177878248582	-76.9929490025
5270.00000000	0.00400350700300	-0.0173313864268	0.0177877773709	-76.9929660467
5270.00000000	0.00400350161905	-0.0173313773217	0.0177877672877	-76.9929763430
5270.00000000	0.00400349515809	-0.0173313835582	0.0177877719100	-76.9930011415
5270.00000000	0.00400346821783	-0.0173313794637	0.0177877618571	-76.9930827234
5270.00000000	0.00400342283192	-0.0173313631358	0.0177877357332	-76.9932133272
5270.00000000	0.00400337616501	-0.0173313632959	0.0177877253862	-76.9933599047
5270.00000000	0.00400334092311	-0.0173314010075	0.0177877541986	-76.9934978483
5270.00000000	0.00400332165537	-0.0173314640392	0.0177878112768	-76.9936040129
5270.00000000	0.00400331906334	-0.0173315329849	0.0177878778704	-76.9936621287
5270.00000000	0.00400333149538	-0.0173315983035	0.0177879443111	-76.9936704628
5270.00000000	0.00400336000997	-0.0173316444873	0.0177879957275	-76.9936144523
5270.00000000	0.00400340779013	-0.0173316513346	0.0177880131526	-76.9934694629
5270.00000000	0.00400346603936	-0.0173316170945	0.0177879929008	-76.9932618318
5270.00000000	0.00400352032184	-0.0173315729656	0.0177879621213	-76.9930594805
5270.00000000	0.00400356437800	-0.0173315648661	0.0177879641454	-76.9929153429
5270.00000000	0.00400359880572	-0.0173315964633	0.0177880026806	-76.9928302021
5270.00000000	0.00400362792761	-0.0173316252192	0.0177880372532	-76.9927596535
5270.00000000	0.00400365548045	-0.0173316120048	0.0177880305793	-76.9926636021
5270.00000000	0.00400367763039	-0.0173315704453	0.0177879950716	-76.9925639572
5270.00000000	0.00400369105556	-0.0173315519556	0.0177879800781	-76.9925084191
5270.00000000	0.00400369566042	-0.0173315931503	0.0177880212522	-76.9925238328
5270.00000000	0.00400368547576	-0.0173316727295	0.0177880964971	-76.9926134894
5270.00000000	0.00400365928621	-0.0173317379560	0.0177881541554	-76.9927429692
5270.00000000	0.00400362070251	-0.0173317647950	0.0177881716216	-76.9928835160
5270.00000000	0.00400356753646	-0.0173317673881	0.0177881621820	-76.9930522502
5270.00000000	0.00400350717351	-0.0173317586261	0.0177881400591	-76.9932353393
5270.00000000	0.00400346512190	-0.0173317332236	0.0177881058440	-76.9933488978
5270.00000000	0.00400345032986	-0.0173316946792	0.0177880649593	-76.9933673787
5270.00000000	0.00400344450037	-0.0173316594560	0.0177880293278	-76.9933601392
5270.00000000	0.00400343276290	-0.0173316418458	0.0177880095278	-76.9933842098
5270.00000000	0.00400342295773	-0.0173316352703	0.0177880009142	-76.9934102155
5270.00000000	0.00400342723483	-0.0173316216478	0.0177879886038	-76.9933869168
5270.00000000	0.00400345163238	-0.0173316056386	0.0177879784963	-76.9932987417
5270.00000000	0.00400348727717	-0.0173316247231	0.0177880051136	-76.9932007095
5270.00000000	0.00400351492591	-0.0173317010037	0.0177880856599	-76.9931692365
5270.00000000	0.00400352834921	-0.0173318268350	0.0177882112839	-76.9932183296
5270.00000000	0.00400353720852	-0.0173319830267	0.0177883654622	-76.9933037545
5270.00000000	0.00400355420507	-0.0173321513934	0.0177885333346	-76.9933724666
5270.00000000	0.00400358075446	-0.0173323027856	0.0177886868180	-76.9933988931
5270.00000000	0.00400359931255	-0.0173324049035	0.0177887904927	-76.9934146788
5270.00000000	0.00400359191999	-0.0173324300832	0.0177888133626	-76.9934561314
5270.00000000	0.00400355418202	-0.0173323780486	0.0177887541696	-76.9935368430
5270.00000000	0.00400349020781	-0.0173322861141	0.0177886501957	-76.9936709687
5270.00000000	0.00400341713510	-0.0173322011627	0.0177885509782	-76.9938387119
5270.00000000	0.00400335743084	-0.0173321421612	0.0177884800536	-76.9939833130
5270.00000000	0.00400331258396	-0.0173320927683	0.0177884218348	-76.9940882530
5270.00000000	0.00400327011667	-0.0173320322222	0.0177883532847	-76.9941776410
5270.00000000	0.00400323165327	-0.0173319704437	0.0177882844347	-76.9942535707
5270.00000000	0.00400320977871	-0.0173319197518	0.0177882301203	-76.9942854755
5270.00000000	0.00400319792042	-0.0173318824710	0.0177881911272	-76.9942956672
5270.00000000	0.00400318014260	-0.0173318703454	0.0177881753118	-76.9943426711
5270.00000000	0.00400316212202	-0.0173318973759	0.0177881975935	-76.9944188202
5270.00000000	0.00400315598617	-0.0173319515357	0.0177882489831	-76.9944773355
5270.00000000	0.00400316516996	-0.0173319975522	0.0177882958860	-76.9944818693
5270.00000000	0.00400318568492	-0.0173320016579	0.0177883045032	-76.9944204621
5270.00000000	0.00400321376412	-0.0173319765649	0.0177882863730	-76.9943141503
5270.00000000	0.00400324117801	-0.0173319556264	0.0177882721411	-76.9942129379
5270.00000000	0.00400326196788	-0.0173319531760	0.0177882744323	-76.9941459156
5270.00000000	0.00400328431501	-0.0173319805378	0.0177883061214	-76.9940956165
5270.00000000	0.00400332090542	-0.0173320419614	0.0177883742040	-76.9940253083
5270.00000000	0.00400337069606	-0.0173321297515	0.0177884709475	-76.9939326868
5270.00000000	0.00400341828319	-0.0173322203335	0.0177885699155	-76.9938490055
5270.00000000	0.00400344296481	-0.0173322849871	0.0177886384652	-76.9938184139
5270.00000000	0.00400342897269	-0.0173323088418	0.0177886585590	-76.9938796172
5270.00000000	0.00400338164041	-0.0173322971874	0.0177886365512	-76.9940197115
5274.00000000	0.00200387125697	-0.0120822607859	0.0122473068759	-80.5830800932
5274.00000000	0.00200386567062	-0.0120822532038	0.0122472984819	-80.5831000716
5274.00000000	0.00200386458501	-0.0120822231883	0.0122472686934	-80.5830821069
5274.00000000	0.00200387855069	-0.0120821508396	0.0122471996047	-80.5829622730
5274.00000000	0.00200390886538	-0.0120820716821	0.0122471264741	-80.5827617709
5274.00000000	0.00200394421486	-0.0120820431753	0.0122471041355	-80.5825768024
5274.00000000	0.00200397593037	-0.0120820783837	0.0122471440589	-80.5824573793
5274.00000000	0.00200400505356	-0.0120821539054	0.0122472233281	-80.5823807811
5274.00000000	0.00200403439895	-0.0120822389726	0.0122473120505	-80.5823104654
5274.00000000	0.00200405978471	-0.0120822963252	0.0122473727840	-80.5822372095
5274.00000000	0.00200406948994	-0.0120823012746	0.0122473792548	-80.5821962072
5274.00000000	0.00200406057863	-0.0120822549528	0.0122473320991	-80.5822018746
5274.00000000	0.00200404315251	-0.0120821808401	0.0122472561340	-80.5822255653
5274.00000000	0.00200403608858	-0.0120821144241	0.0122471894572	-80.5822073243
5274.00000000	0.00200405138366	-0.0120820802947	0.0122471582906	-80.5821106072
5274.00000000	0.00200407998495	-0.0120820706987	0.0122471535041	-80.5819712595
5274.00000000	0.00200410560662	-0.0120820581063	0.0122471452742	-80.5818433695
5274.00000000	0.00200412515766	-0.0120820423834	0.0122471329625	-80.5817411001
5274.00000000	0.00200414078551	-0.0120820351816	0.0122471284152	-80.5816634604
5274.00000000	0.00200415017792	-0.0120820301414	0.0122471249799	-80.5816162536
5274.00000000	0.00200415575164	-0.0120820124040	0.0122471083937	-80.5815769502
5274.00000000	0.00200416616208	-0.0120819768162	0.0122470749893	-80.5815016582
5274.00000000	0.00200419311406	-0.0120819377390	0.0122470408495	-80.5813473507
5274.00000000	0.00200424028507	-0.0120819239839	0.0122470349992	-80.5811191129
5274.00000000	0.00200429391910	-0.0120819513581	0.0122470707817	-80.5808925362
5274.00000000	0.00200433269371	-0.0120819997302	0.0122471248474	-80.5807506176
5274.00000000	0.00200434515394	-0.0120820358835	0.0122471625525	-80.5807207912
5274.00000000	0.00200433591070	-0.0120820465754	0.0122471715875	-80.5807716369
5274.00000000	0.00200430928570	-0.0120820260566	0.0122471469880	-80.5808788072
5274.00000000	0.00200426225816	-0.0120819833506	0.0122470971615	-80.5810631535
5274.00000000	0.00200418927689	-0.0120819309973	0.0122470335707	-80.5813598988
5274.00000000	0.00200409118248	-0.0120818652496	0.0122469526567	-80.5817622976
5274.00000000	0.00200398868197	-0.0120817864066	0.0122468581037	-80.5821750124
5274.00000000	0.00200390902282	-0.0120817158771	0.0122467754902	-80.5824886759
5274.00000000	0.00200386180860	-0.0120816780825	0.0122467304795	-80.5826776557
5274.00000000	0.00200383670203	-0.0120816778596	0.0122467261516	-80.5827933620
5274.00000000	0.00200382312575	-0.0120817060583	0.0122467517488	-80.5828776080
5274.00000000	0.00200381565495	-0.0120817589034	0.0122468026595	-80.5829525409
5274.00000000	0.00200380806892	-0.0120818248418	0.0122468664680	-80.5830380275
5274.00000000	0.00200380070336	-0.0120818708345	0.0122469106358	-80.5831072280
5274.00000000	0.00200380122073	-0.0120818796501	0.0122469194172	-80.5831115881
5274.00000000	0.00200382369233	-0.0120818711234	0.0122469146822	-80.5830013473
5274.00000000	0.00200387198429	-0.0120818704242	0.0122469218939	-80.5827779285
5274.00000000	0.00200393592992	-0.0120818993229	0.0122469608663	-80.5825049207
5274.00000000	0.00200400179219	-0.0120819658926	0.0122470373157	-80.5822519068
5274.00000000	0.00200405649858	-0.0120820445985	0.0122471239125	-80.5820596741
5274.00000000	0.00200408814543	-0.0120820973920	0.0122471811730	-80.5819540318
5274.00000000	0.00200409370903	-0.0120821169220	0.0122472013502	-80.5819433056
5274.00000000	0.00200408142342	-0.0120821264058	0.0122472086957	-80.5820072665
5274.00000000	0.00200406560074	-0.0120821489630	0.0122472283598	-80.5820975596
5274.00000000	0.00200405335056	-0.0120821777939	0.0122472547976	-80.5821761673
5274.00000000	0.00200404120233	-0.0120821808186	0.0122472557936	-80.5822345493
5274.00000000	0.00200402329195	-0.0120821308192	0.0122472035374	-80.5822789343
5274.00000000	0.00200399743635	-0.0120820401888	0.0122471098978	-80.5823288853
5274.00000000	0.00200396860085	-0.0120819652497	0.0122470312504	-80.5824046021
5274.00000000	0.00200394863752	-0.0120819502791	0.0122470132150	-80.5824852786
5274.00000000	0.00200394060074	-0.0120819838001	0.0122470449692	-80.5825480310
5274.00000000	0.00200393336452	-0.0120820300831	0.0122470894444	-80.5826168576
5274.00000000	0.00200391531902	-0.0120820634743	0.0122471194329	-80.5827257028
5274.00000000	0.00200387704305	-0.0120820715541	0.0122471211410	-80.5829085411
5274.00000000	0.00200381851299	-0.0120820503998	0.0122470906952	-80.5831624802
5274.00000000	0.00200375908807	-0.0120820170991	0.0122470481205	-80.5834112534
5274.00000000	0.00200371803105	-0.0120819981886	0.0122470227474	-80.5835862692
5274.00000000	0.00200369940537	-0.0120819940521	0.0122470156195	-80.5836690664
5274.00000000	0.00200369702528	-0.0120819783044	0.0122469996945	-80.5836679977
5274.00000000	0.00200370654223	-0.0120819238690	0.0122469475496	-80.5835824081
5274.00000000	0.00200372639103	-0.0120818421712	0.0122468702002	-80.5834282650
5274.00000000	0.00200374679700	-0.0120817809547	0.0122468131473	-80.5832872260
5274.00000000	0.00200376838040	-0.0120817806179	0.0122468163464	-80.5831873526
5274.00000000	0.00200379756950	-0.0120818370584	0.0122468768021	-80.5830958375
5274.00000000	0.00200382396137	-0.0120819212507	0.0122469641780	-80.5830384764
5274.00000000	0.00200383421559	-0.0120820144823	0.0122470578309	-80.5830625152
5274.00000000	0.00200382808150	-0.0120821151917	0.0122471561796	-80.5831679137
5274.00000000	0.00200380844289	-0.0120822189986	0.0122472553744	-80.5833380076
5274.00000000	0.00200377552420	-0.0120823086770	0.0122473384585	-80.5835585747
5274.00000000	0.00200373376357	-0.0120823610080	0.0122473832521	-80.5837913611
5274.00000000	0.00200369009078	-0.0120823617903	0.0122473768789	-80.5839935173
5274.00000000	0.00200364999939	-0.0120823208565	0.0122473299376	-80.5841472176
5274.00000000	0.00200362279348	-0.0120822588694	0.0122472643348	-80.5842253366
5274.00000000	0.00200360860072	-0.0120821798982	0.0122471841057	-80.5842303987
5274.00000000	0.00200360434876	-0.0120820780074	0.0122470828920	-80.5841720394
5274.00000000	0.00200361694438	-0.0120819689041	0.0122469773193	-80.5840304018
5274.00000000	0.00200365033999	-0.0120818931381	0.0122469080378	-80.5838182788
5274.00000000	0.00200369403432	-0.0120818599824	0.0122468824775	-80.5835912361
5274.00000000	0.00200373052864	-0.0120818481494	0.0122468767747	-80.5834137444
5274.00000000	0.00200375520619	-0.0120818460041	0.0122468786960	-80.5832982067
5274.00000000	0.00200376956496	-0.0120818557252	0.0122468906354	-80.5832393769
5274.00000000	0.00200377727064	-0.0120818778605	0.0122469137331	-80.5832207560
5274.00000000	0.00200378208372	-0.0120818987180	0.0122469350970	-80.5832145075
5274.00000000	0.00200377759098	-0.0120819019373	0.0122469375378	-80.5832377072
5274.00000000	0.00200376442184	-0.0120818993619	0.0122469328425	-80.5832965158
5274.00000000	0.00200375612060	-0.0120819150768	0.0122469469875	-80.5833468577
5274.00000000	0.00200376744745	-0.0120819512821	0.0122469845581	-80.5833222936
5274.00000000	0.00200380349560	-0.0120820023771	0.0122470408626	-80.5831950309
5274.00000000	0.00200385300735	-0.0120820634112	0.0122471091752	-80.5830132391
5274.00000000	0.00200390215470	-0.0120821324605	0.0122471853353	-80.5828392665
5274.00000000	0.00200393898995	-0.0120822011773	0.0122472591531	-80.5827218644
5274.00000000	0.00200395748952	-0.0120822575652	0.0122473178080	-80.5826796486
5274.00000000	0.00200395794503	-0.0120823027336	0.0122473624423	-80.5827121214
5274.00000000	0.00200394299302	-0.0120823328355	0.0122473896920	-80.5828041692
