DevNumber	X [V]	Y [V]	R [V]	Theta [°]
4253.00000000	0.00940536567571	-0.0368051589217	0.0379879010574	-75.6651449505
4253.00000000	0.00940539999579	-0.0368052664371	0.0379880137226	-75.6651349477
4253.00000000	0.00940542129135	-0.0368052772552	0.0379880294765	-75.6651078683
4253.00000000	0.00940541743900	-0.0368052154016	0.0379879685948	-75.6650903998
4253.00000000	0.00940538000328	-0.0368050940901	0.0379878417917	-75.6650998035
4253.00000000	0.00940530478556	-0.0368048994504	0.0379876345889	-75.6651370354
4253.00000000	0.00940521364274	-0.0368046604604	0.0379873804739	-75.6651809776
4253.00000000	0.00940514195100	-0.0368044407722	0.0379871498756	-75.6652037039
4253.00000000	0.00940509660078	-0.0368042667891	0.0379869700813	-75.6652050044
4253.00000000	0.00940506065331	-0.0368041275286	0.0379868262564	-75.6652055310
4253.00000000	0.00940501993697	-0.0368040241388	0.0379867160048	-75.6652264221
4253.00000000	0.00940497957549	-0.0368039726477	0.0379866561238	-75.6652661757
4253.00000000	0.00940493909784	-0.0368039462451	0.0379866205216	-75.6653154681
4253.00000000	0.00940488134161	-0.0368038953398	0.0379865569015	-75.6653808606
4253.00000000	0.00940481392114	-0.0368038150958	0.0379864624636	-75.6654494202
4253.00000000	0.00940476190759	-0.0368037277316	0.0379863649417	-75.6654928061
4253.00000000	0.00940473450519	-0.0368036388320	0.0379862720254	-75.6654996528
4253.00000000	0.00940473053288	-0.0368035686695	0.0379862030639	-75.6654792566
4253.00000000	0.00940474384054	-0.0368035195873	0.0379861588044	-75.6654414800
4253.00000000	0.00940475626237	-0.0368034419774	0.0379860866863	-75.6653943445
4253.00000000	0.00940476343572	-0.0368033406203	0.0379859902608	-75.6653460106
4253.00000000	0.00940477413313	-0.0368032804516	0.0379859346139	-75.6653079080
4253.00000000	0.00940478906211	-0.0368032786748	0.0379859365886	-75.6652854276
4253.00000000	0.00940478792639	-0.0368032756156	0.0379859333435	-75.6652859448
4253.00000000	0.00940477188339	-0.0368032504578	0.0379859049970	-75.6652999948
4253.00000000	0.00940478267742	-0.0368032749515	0.0379859314006	-75.6652933676
4253.00000000	0.00940483887751	-0.0368033863521	0.0379860532472	-75.6652528399
4253.00000000	0.00940491034147	-0.0368035055033	0.0379861863822	-75.6651929007
4253.00000000	0.00940496348301	-0.0368035515404	0.0379862441432	-75.6651324336
4253.00000000	0.00940498243702	-0.0368035251174	0.0379862232357	-75.6650948672
4253.00000000	0.00940496844746	-0.0368034704810	0.0379861668367	-75.6650949073
4253.00000000	0.00940493368934	-0.0368034225463	0.0379861117886	-75.6651278008
4253.00000000	0.00940489701247	-0.0368034146330	0.0379860950410	-75.6651784443
4253.00000000	0.00940486507593	-0.0368034419225	0.0379861135738	-75.6652353066
4253.00000000	0.00940482910627	-0.0368034572477	0.0379861195162	-75.6652935948
4253.00000000	0.00940478984105	-0.0368034547954	0.0379861074188	-75.6653500602
4253.00000000	0.00940475869263	-0.0368034595398	0.0379861043036	-75.6653973515
4253.00000000	0.00940474821473	-0.0368034656989	0.0379861076768	-75.6654149637
4253.00000000	0.00940476168892	-0.0368034603854	0.0379861058647	-75.6653932886
4253.00000000	0.00940479136073	-0.0368034542589	0.0379861072753	-75.6653476391
4253.00000000	0.00940482454832	-0.0368034678561	0.0379861286658	-75.6653042173
4253.00000000	0.00940485457314	-0.0368035057765	0.0379861728394	-75.6652745009
4253.00000000	0.00940488042815	-0.0368035526440	0.0379862246491	-75.6652542195
4253.00000000	0.00940490529113	-0.0368036167342	0.0379862928996	-75.6652418195
4253.00000000	0.00940493735350	-0.0368037042114	0.0379863855915	-75.6652276323
4253.00000000	0.00940497880002	-0.0368037947669	0.0379864835892	-75.6652008812
4253.00000000	0.00940501451383	-0.0368038370917	0.0379865334386	-75.6651644963
4253.00000000	0.00940502787564	-0.0368037708420	0.0379864725597	-75.6651202295
4253.00000000	0.00940502484798	-0.0368036117456	0.0379863176672	-75.6650652402
4253.00000000	0.00940501912708	-0.0368034370732	0.0379861470168	-75.6650083695
4253.00000000	0.00940501850719	-0.0368033112134	0.0379860249222	-75.6649622730
4253.00000000	0.00940502369019	-0.0368032337699	0.0379859511732	-75.6649257772
4253.00000000	0.00940502778322	-0.0368031627787	0.0379858834058	-75.6648932838
4253.00000000	0.00940502021932	-0.0368030865636	0.0379858076910	-75.6648758746
4253.00000000	0.00940499447340	-0.0368030316595	0.0379857481218	-75.6648929950
4253.00000000	0.00940496535125	-0.0368030132452	0.0379857230704	-75.6649286767
4253.00000000	0.00940495874754	-0.0368030310939	0.0379857387284	-75.6649449930
4253.00000000	0.00940495892248	-0.0368030286041	0.0379857363594	-75.6649438075
4253.00000000	0.00940493116432	-0.0368029389259	0.0379856426007	-75.6649508822
4253.00000000	0.00940487669058	-0.0368027855748	0.0379854805371	-75.6649732198
4253.00000000	0.00940483820358	-0.0368026911612	0.0379853795340	-75.6649942052
4253.00000000	0.00940485719885	-0.0368027686577	0.0379854593207	-75.6649953871
4253.00000000	0.00940493027095	-0.0368030061655	0.0379857075256	-75.6649772987
4253.00000000	0.00940501159455	-0.0368032774163	0.0379859904659	-75.6649597534
4253.00000000	0.00940506779098	-0.0368034828211	0.0379862033891	-75.6649543381
4253.00000000	0.00940509985772	-0.0368036149807	0.0379863393732	-75.6649568318
4253.00000000	0.00940510898219	-0.0368036911589	0.0379864154387	-75.6649719463
4253.00000000	0.00940509345233	-0.0368037311340	0.0379864503242	-75.6650095696
4253.00000000	0.00940505618694	-0.0368037367964	0.0379864465837	-75.6650661423
4253.00000000	0.00940500762422	-0.0368037097326	0.0379864083390	-75.6651270032
4253.00000000	0.00940496673857	-0.0368036847355	0.0379863739974	-75.6651774170
4253.00000000	0.00940494988581	-0.0368037005380	0.0379863851353	-75.6652079463
4253.00000000	0.00940496985073	-0.0368037786231	0.0379864657323	-75.6652079305
4253.00000000	0.00940501892947	-0.0368039019857	0.0379865974053	-75.6651822776
4253.00000000	0.00940506165811	-0.0368040296311	0.0379867316556	-75.6651675039
4253.00000000	0.00940506715795	-0.0368041132466	0.0379868140295	-75.6651906920
4253.00000000	0.00940504822398	-0.0368041346965	0.0379868301238	-75.6652263713
4253.00000000	0.00940505479447	-0.0368041431192	0.0379868399110	-75.6652199149
4253.00000000	0.00940511385033	-0.0368042007163	0.0379869103363	-75.6651551229
4253.00000000	0.00940519496660	-0.0368043157301	0.0379870418527	-75.6650795350
4253.00000000	0.00940525629966	-0.0368044502333	0.0379871873536	-75.6650401356
4253.00000000	0.00940529286180	-0.0368045667926	0.0379873093363	-75.6650302340
4253.00000000	0.00940531646282	-0.0368046524310	0.0379873981517	-75.6650277258
4253.00000000	0.00940533221746	-0.0368046914200	0.0379874398274	-75.6650192631
4253.00000000	0.00940532595134	-0.0368046658580	0.0379874135098	-75.6650188741
4253.00000000	0.00940527625709	-0.0368045819042	0.0379873198662	-75.6650601421
4253.00000000	0.00940518352179	-0.0368044812139	0.0379871993506	-75.6651580575
4253.00000000	0.00940508250159	-0.0368044166771	0.0379871118118	-75.6652815815
4253.00000000	0.00940501293016	-0.0368044003114	0.0379870787308	-75.6653771373
4253.00000000	0.00940497748948	-0.0368043775662	0.0379870479192	-75.6654204344
4253.00000000	0.00940495615997	-0.0368043068895	0.0379869741620	-75.6654252112
4253.00000000	0.00940494009676	-0.0368042056344	0.0379868720824	-75.6654108733
4253.00000000	0.00940493807858	-0.0368041285948	0.0379867969416	-75.6653850534
4253.00000000	0.00940495559118	-0.0368040911910	0.0379867650382	-75.6653454935
4253.00000000	0.00940497914439	-0.0368040384526	0.0379867197732	-75.6652913796
4253.00000000	0.00940500215275	-0.0368039386818	0.0379866288052	-75.6652204981
4253.00000000	0.00940502416032	-0.0368038425785	0.0379865411429	-75.6651524484
4253.00000000	0.00940504496536	-0.0368038426596	0.0379865463725	-75.6651220750
4253.00000000	0.00940505789518	-0.0368039418009	0.0379866456284	-75.6651402035
4253.00000000	0.00940504621935	-0.0368040526639	0.0379867501489	-75.6651986667
5260.00000000	0.0266856014131	0.981419768225	0.981782502791	88.4424649462
5260.00000000	0.0266856911123	0.981419687254	0.981782424287	88.4424595849
5260.00000000	0.0266852674756	0.981415204931	0.981777932106	88.4424771888
5260.00000000	0.0266844318511	0.981408404997	0.981771111971	88.4425151511
5260.00000000	0.0266834379522	0.981401285652	0.981763968243	88.4425618408
5260.00000000	0.0266823304429	0.981394437224	0.981757092244	88.4426155888
5260.00000000	0.0266811969227	0.981388902340	0.981751528598	88.4426729384
5260.00000000	0.0266802762926	0.981385542279	0.981748144759	88.4427213181
5260.00000000	0.0266796949830	0.981384053982	0.981746641214	88.4427528709
5260.00000000	0.0266793402206	0.981383245369	0.981745823259	88.4427722852
5260.00000000	0.0266789384640	0.981382008732	0.981744576160	88.4427937622
5260.00000000	0.0266783828453	0.981379973291	0.981742526372	88.4428229487
5260.00000000	0.0266777775295	0.981377338545	0.981739876151	88.4428540842
5260.00000000	0.0266772134732	0.981373667100	0.981736190734	88.4428811687
5260.00000000	0.0266766687066	0.981368870992	0.981731381593	88.4429053445
5260.00000000	0.0266759930394	0.981364160196	0.981726654177	88.4429372926
5260.00000000	0.0266752749433	0.981360954674	0.981723430327	88.4429741035
5260.00000000	0.0266748330844	0.981360562570	0.981723026362	88.4429992601
5260.00000000	0.0266747926744	0.981363448341	0.981725909969	88.4430061939
5260.00000000	0.0266749038509	0.981367613364	0.981730076475	88.4430063126
5260.00000000	0.0266751493800	0.981371343024	0.981733811430	88.4429979027
5260.00000000	0.0266759038802	0.981374910399	0.981737397988	88.4429595422
5260.00000000	0.0266771214897	0.981378214203	0.981740733658	88.4428937462
5260.00000000	0.0266781901769	0.981380334780	0.981742882492	88.4428347622
5260.00000000	0.0266786070413	0.981380898768	0.981743457600	88.4428113369
5260.00000000	0.0266784948079	0.981380787014	0.981743342838	88.4428177074
5260.00000000	0.0266781529727	0.981380900449	0.981743446941	88.4428378298
5260.00000000	0.0266775996594	0.981380794001	0.981743325497	88.4428699411
5260.00000000	0.0266770438631	0.981380026467	0.981742543143	88.4429011489
5260.00000000	0.0266767854261	0.981378538010	0.981741048213	88.4429138656
5260.00000000	0.0266766599278	0.981376643849	0.981739151341	88.4429181833
5260.00000000	0.0266764839676	0.981375526702	0.981738029826	88.4429266772
5260.00000000	0.0266765565664	0.981376287335	0.981738792150	88.4429236480
5260.00000000	0.0266770211565	0.981378411951	0.981740928606	88.4428999132
5260.00000000	0.0266773954566	0.981379651852	0.981742178220	88.4428800430
5260.00000000	0.0266772429978	0.981378436956	0.981740959630	88.4428870107
5260.00000000	0.0266768173019	0.981375421654	0.981737933875	88.4429070639
5260.00000000	0.0266765657303	0.981372728063	0.981735234443	88.4429174690
5260.00000000	0.0266765186623	0.981371533927	0.981734039468	88.4429183212
5260.00000000	0.0266764107849	0.981371482248	0.981733984877	88.4429245328
5260.00000000	0.0266761578346	0.981371851077	0.981734346697	88.4429398749
5260.00000000	0.0266760548917	0.981373091137	0.981735583501	88.4429478471
5260.00000000	0.0266763625193	0.981376296921	0.981738796460	88.4429349840
5260.00000000	0.0266771218819	0.981381302515	0.981743820840	88.4428986210
5260.00000000	0.0266781060348	0.981386904476	0.981749447476	88.4428500900
5260.00000000	0.0266788851830	0.981391919546	0.981754481866	88.4428125886
5260.00000000	0.0266790651739	0.981394761904	0.981757328066	88.4428065959
5260.00000000	0.0266784230197	0.981394245438	0.981756794341	88.4428432394
5260.00000000	0.0266771470874	0.981391512752	0.981754027992	88.4429133424
5260.00000000	0.0266757004141	0.981389030694	0.981751507541	88.4429938040
5260.00000000	0.0266746616384	0.981388553004	0.981751001803	88.4430536479
5260.00000000	0.0266744590341	0.981389740843	0.981752183699	88.4430673512
5260.00000000	0.0266749081488	0.981391021072	0.981753475657	88.4430431803
5260.00000000	0.0266756308699	0.981391331988	0.981753806096	88.4430015104
5260.00000000	0.0266763959918	0.981390351000	0.981752846260	88.4429553183
5260.00000000	0.0266769355408	0.981388084734	0.981750595491	88.4429202476
5260.00000000	0.0266769519904	0.981385053700	0.981747566024	88.4429144812
5260.00000000	0.0266762777072	0.981381361990	0.981743857354	88.4429479642
5260.00000000	0.0266751287046	0.981377116206	0.981739581918	88.4430082639
5260.00000000	0.0266741762462	0.981373328515	0.981735769746	88.4430578241
5260.00000000	0.0266740894241	0.981371358837	0.981733798437	88.4430597659
5260.00000000	0.0266750139160	0.981371773722	0.981734238287	88.4430064887
5260.00000000	0.0266766833625	0.981373975020	0.981736484135	88.4429125838
5260.00000000	0.0266785708219	0.981376555780	0.981739115231	88.4428065622
5260.00000000	0.0266799323981	0.981378149793	0.981740745657	88.4427296560
5260.00000000	0.0266804431699	0.981378803564	0.981741413068	88.4427008946
5260.00000000	0.0266803837462	0.981379720986	0.981742328536	88.4427058165
5260.00000000	0.0266801160539	0.981381809258	0.981744408762	88.4427247457
5260.00000000	0.0266797427421	0.981383958030	0.981746546595	88.4427499325
5260.00000000	0.0266792950079	0.981384733967	0.981747310078	88.4427772837
5260.00000000	0.0266788975387	0.981384202683	0.981746768189	88.4427996293
5260.00000000	0.0266786403028	0.981383265619	0.981745824481	88.4428131502
5260.00000000	0.0266785510574	0.981383078058	0.981745634563	88.4428180592
5260.00000000	0.0266784478120	0.981383539118	0.981746092648	88.4428248137
5260.00000000	0.0266780166206	0.981383207812	0.981745749747	88.4428494438
5260.00000000	0.0266773418186	0.981381650032	0.981744174205	88.4428863411
5260.00000000	0.0266766706428	0.981380118515	0.981742625016	88.4429230685
5260.00000000	0.0266762744292	0.981379733571	0.981742229447	88.4429455730
5260.00000000	0.0266763491946	0.981380227502	0.981742725228	88.4429419945
5260.00000000	0.0266768746751	0.981381297860	0.981743809470	88.4429130356
5260.00000000	0.0266777721237	0.981383348940	0.981745884179	88.4428639315
5260.00000000	0.0266788808781	0.981386216729	0.981748781039	88.4428037954
5260.00000000	0.0266798507726	0.981389060048	0.981751649665	88.4427517219
5260.00000000	0.0266801887249	0.981390700385	0.981753298580	88.4427346076
5260.00000000	0.0266797539143	0.981389675330	0.981752262087	88.4427583484
5260.00000000	0.0266789088832	0.981385873842	0.981748439040	88.4428016178
5260.00000000	0.0266782199564	0.981381096503	0.981743644743	88.4428342329
5260.00000000	0.0266781729324	0.981378137307	0.981740685362	88.4428322832
5260.00000000	0.0266787908008	0.981378990946	0.981741555476	88.4427975907
5260.00000000	0.0266796893380	0.981382261512	0.981744849252	88.4427503574
5260.00000000	0.0266805499060	0.981385081814	0.981747691900	88.4427046253
5260.00000000	0.0266811735144	0.981386275005	0.981748901597	88.4426701369
5260.00000000	0.0266815040508	0.981386561077	0.981749196548	88.4426513073
5260.00000000	0.0266815848481	0.981386471554	0.981749109253	88.4426464517
5260.00000000	0.0266813510099	0.981385329983	0.981747961749	88.4426582830
5260.00000000	0.0266806995265	0.981383127654	0.981745742528	88.4426927971
5260.00000000	0.0266798024015	0.981381032176	0.981743623443	88.4427418116
5260.00000000	0.0266792170946	0.981380431640	0.981743007223	88.4427750057
5260.00000000	0.0266792877221	0.981381414488	0.981743991627	88.4427724441
5260.00000000	0.0266798271040	0.981382609892	0.981745201248	88.4427428727
5270.00000000	-0.0303385353864	0.0228173365041	0.0379612641324	143.053507290
5270.00000000	-0.0303385306641	0.0228173411561	0.0379612631546	143.053497395
5270.00000000	-0.0303384683490	0.0228172545321	0.0379611612855	143.053545352
5270.00000000	-0.0303383537695	0.0228170930326	0.0379609726416	143.053636214
5270.00000000	-0.0303382171491	0.0228169004478	0.0379607476985	143.053744578
5270.00000000	-0.0303381011726	0.0228167156886	0.0379605439578	143.053862232
5270.00000000	-0.0303380458411	0.0228165771091	0.0379604164418	143.053979199
5270.00000000	-0.0303380731470	0.0228165076290	0.0379603965029	143.054087784
5270.00000000	-0.0303381584269	0.0228164911564	0.0379604547579	143.054185022
5270.00000000	-0.0303382246402	0.0228164710410	0.0379604955853	143.054269356
5270.00000000	-0.0303382062808	0.0228163936558	0.0379604343994	143.054346049
5270.00000000	-0.0303381152819	0.0228162745270	0.0379602900694	143.054407198
5270.00000000	-0.0303379846105	0.0228161507540	0.0379601112414	143.054437957
5270.00000000	-0.0303378266378	0.0228160207562	0.0379599068525	143.054451458
5270.00000000	-0.0303376691802	0.0228158901081	0.0379597024845	143.054466211
5270.00000000	-0.0303375522557	0.0228157743422	0.0379595394559	143.054499784
5270.00000000	-0.0303375103436	0.0228156937744	0.0379594575338	143.054558951
5270.00000000	-0.0303375549061	0.0228156748072	0.0379594817481	143.054622260
5270.00000000	-0.0303376634010	0.0228157222084	0.0379595969489	143.054663508
5270.00000000	-0.0303377829919	0.0228157982569	0.0379597382363	143.054680265
5270.00000000	-0.0303378647632	0.0228158845004	0.0379598554255	143.054650413
5270.00000000	-0.0303378764875	0.0228159854804	0.0379599254901	143.054539236
5270.00000000	-0.0303378058962	0.0228160825049	0.0379599273901	143.054358154
5270.00000000	-0.0303376796549	0.0228161597089	0.0379598729016	143.054150493
5270.00000000	-0.0303375405755	0.0228162146341	0.0379597947623	143.053958060
5270.00000000	-0.0303374209699	0.0228162576334	0.0379597250188	143.053797680
5270.00000000	-0.0303373339620	0.0228162849542	0.0379596719036	143.053685785
5270.00000000	-0.0303372918330	0.0228162791629	0.0379596347532	143.053654550
5270.00000000	-0.0303373106943	0.0228162458490	0.0379596298033	143.053711849
5270.00000000	-0.0303373906484	0.0228162051138	0.0379596692181	143.053833525
5270.00000000	-0.0303375153668	0.0228161778439	0.0379597525023	143.053979570
5270.00000000	-0.0303376582711	0.0228161849874	0.0379598710055	143.054100600
5270.00000000	-0.0303377990648	0.0228162506321	0.0379600229847	143.054149144
5270.00000000	-0.0303379110539	0.0228163638300	0.0379601805256	143.054114193
5270.00000000	-0.0303379618765	0.0228164570816	0.0379602771930	143.054047812
5270.00000000	-0.0303379457503	0.0228164817535	0.0379602791344	143.054003421
5270.00000000	-0.0303378904509	0.0228164559980	0.0379602194583	143.053984321
5270.00000000	-0.0303378180643	0.0228163975319	0.0379601264650	143.053989177
5270.00000000	-0.0303377294309	0.0228163088213	0.0379600023084	143.054015777
5270.00000000	-0.0303376322274	0.0228162115936	0.0379598661832	143.054044877
5270.00000000	-0.0303375428286	0.0228161295085	0.0379597453973	143.054062791
5270.00000000	-0.0303374748526	0.0228160769582	0.0379596594847	143.054064513
5270.00000000	-0.0303374439664	0.0228160667540	0.0379596286670	143.054048801
5270.00000000	-0.0303374673531	0.0228161247959	0.0379596822445	143.054000002
5270.00000000	-0.0303375425975	0.0228162610382	0.0379598242701	143.053903917
5270.00000000	-0.0303376422603	0.0228164413111	0.0379600122763	143.053776872
5270.00000000	-0.0303377375504	0.0228165982466	0.0379601827607	143.053674013
5270.00000000	-0.0303378068858	0.0228166526305	0.0379602708618	143.053671314
5270.00000000	-0.0303378364002	0.0228165822565	0.0379602521503	143.053782981
5270.00000000	-0.0303378183811	0.0228164340605	0.0379601486741	143.053945400
5270.00000000	-0.0303377529995	0.0228162868104	0.0379600079145	143.054063711
5270.00000000	-0.0303376557105	0.0228161908344	0.0379598724734	143.054091223
5270.00000000	-0.0303375466883	0.0228161546953	0.0379597636208	143.054035910
5270.00000000	-0.0303374489198	0.0228161890322	0.0379597061226	143.053905790
5270.00000000	-0.0303373785806	0.0228162714023	0.0379596994172	143.053742613
5270.00000000	-0.0303373242376	0.0228163355387	0.0379596945366	143.053615943
5270.00000000	-0.0303372894222	0.0228163456241	0.0379596727742	143.053572191
5270.00000000	-0.0303372901961	0.0228163104247	0.0379596522355	143.053615354
5270.00000000	-0.0303373313485	0.0228162575479	0.0379596533419	143.053716475
5270.00000000	-0.0303374127158	0.0228162338095	0.0379597041023	143.053818930
5270.00000000	-0.0303375157084	0.0228162838850	0.0379598165127	143.053851962
5270.00000000	-0.0303376167285	0.0228164103752	0.0379599732768	143.053791027
5270.00000000	-0.0303376948472	0.0228165700274	0.0379601316707	143.053669312
5270.00000000	-0.0303377210417	0.0228166964974	0.0379602286223	143.053540518
5270.00000000	-0.0303377147438	0.0228167527256	0.0379602573861	143.053466977
5270.00000000	-0.0303377268598	0.0228167458781	0.0379602629533	143.053486229
5270.00000000	-0.0303377536476	0.0228167041248	0.0379602592655	143.053560898
5270.00000000	-0.0303377775462	0.0228166695009	0.0379602575539	143.053624346
5270.00000000	-0.0303377834617	0.0228166483637	0.0379602495767	143.053655210
5270.00000000	-0.0303377540819	0.0228166139282	0.0379602053983	143.053670095
5270.00000000	-0.0303376948418	0.0228165532553	0.0379601215853	143.053689539
5270.00000000	-0.0303376424707	0.0228164825436	0.0379600372279	143.053727325
5270.00000000	-0.0303376444721	0.0228164431446	0.0379600151460	143.053776667
5270.00000000	-0.0303376926979	0.0228164329384	0.0379600475535	143.053832731
5270.00000000	-0.0303377255804	0.0228164162667	0.0379600638124	143.053882674
5270.00000000	-0.0303376984135	0.0228163847961	0.0379600231848	143.053895990
5270.00000000	-0.0303376110247	0.0228163598245	0.0379599383341	143.053846831
5270.00000000	-0.0303375117291	0.0228163896518	0.0379598769052	143.053720766
5270.00000000	-0.0303374474080	0.0228164960665	0.0379598894622	143.053534045
5270.00000000	-0.0303374178697	0.0228166491843	0.0379599578899	143.053322542
5270.00000000	-0.0303374032131	0.0228168150865	0.0379600458957	143.053109120
5270.00000000	-0.0303373899064	0.0228169607884	0.0379601228391	143.052921291
5270.00000000	-0.0303373660499	0.0228170559689	0.0379601609840	143.052784834
5270.00000000	-0.0303373378891	0.0228170944063	0.0379601615822	143.052712919
5270.00000000	-0.0303373278397	0.0228170795803	0.0379601446391	143.052721686
5270.00000000	-0.0303373408145	0.0228170247808	0.0379601220696	143.052799560
5270.00000000	-0.0303373556117	0.0228169651880	0.0379600980755	143.052884870
5270.00000000	-0.0303373613586	0.0228169471130	0.0379600918039	143.052911888
5270.00000000	-0.0303373597849	0.0228169962714	0.0379601200942	143.052851161
5270.00000000	-0.0303373449245	0.0228170817083	0.0379601595723	143.052734619
5270.00000000	-0.0303373227683	0.0228171486005	0.0379601820729	143.052633828
5270.00000000	-0.0303373256066	0.0228171813976	0.0379602040549	143.052596841
5270.00000000	-0.0303373769005	0.0228172031608	0.0379602581298	143.052617125
5270.00000000	-0.0303374621434	0.0228172211783	0.0379603370849	143.052672728
5270.00000000	-0.0303375468267	0.0228172043102	0.0379603946238	143.052769904
5270.00000000	-0.0303376079911	0.0228171368807	0.0379604029754	143.052906732
5270.00000000	-0.0303376490539	0.0228170464509	0.0379603814372	143.053053069
5270.00000000	-0.0303376585488	0.0228169603803	0.0379603372906	143.053165507
5270.00000000	-0.0303376115311	0.0228168790905	0.0379602508533	143.053220908
5270.00000000	-0.0303375107143	0.0228167820767	0.0379601119687	143.053246469
5274.00000000	0.0723205835381	0.0341788936611	0.0799903967686	25.2955384622
5274.00000000	0.0723207555623	0.0341790992028	0.0799906401238	25.2956189219
5274.00000000	0.0723206929646	0.0341793252732	0.0799906801259	25.2957844838
5274.00000000	0.0723204336639	0.0341795333283	0.0799905345893	25.2959985822
5274.00000000	0.0723200939281	0.0341796725371	0.0799902869135	25.2961927151
5274.00000000	0.0723197839005	0.0341796966849	0.0799900169326	25.2963032427
5274.00000000	0.0723195648746	0.0341795973166	0.0799897764491	25.2963059286
5274.00000000	0.0723194325619	0.0341794202648	0.0799895811698	25.2962317659
5274.00000000	0.0723193483614	0.0341792383227	0.0799894272997	25.2961397102
5274.00000000	0.0723192808292	0.0341791295211	0.0799893197526	25.2960899189
5274.00000000	0.0723191592719	0.0341791185384	0.0799892051583	25.2961200114
5274.00000000	0.0723188971124	0.0341791191685	0.0799889684062	25.2962006589
5274.00000000	0.0723185070177	0.0341790373523	0.0799885807575	25.2962670711
5274.00000000	0.0723180728797	0.0341789031644	0.0799881309105	25.2963130478
5274.00000000	0.0723177231476	0.0341787977006	0.0799877696496	25.2963517925
5274.00000000	0.0723174886004	0.0341787289383	0.0799875282110	25.2963790505
5274.00000000	0.0723173527536	0.0341786575448	0.0799873748841	25.2963743944
5274.00000000	0.0723173197766	0.0341785911674	0.0799873167062	25.2963415004
5274.00000000	0.0723173332184	0.0341785563138	0.0799873139661	25.2963148141
5274.00000000	0.0723173371322	0.0341785470606	0.0799873135507	25.2963076237
5274.00000000	0.0723174325645	0.0341785298486	0.0799873924773	25.2962672669
5274.00000000	0.0723176984560	0.0341784592759	0.0799876027172	25.2961401790
5274.00000000	0.0723180516902	0.0341783425891	0.0799878722207	25.2959564940
5274.00000000	0.0723183389476	0.0341782125447	0.0799880763670	25.2957843531
5274.00000000	0.0723184905416	0.0341781102981	0.0799881697363	25.2956717379
5274.00000000	0.0723185619586	0.0341780666692	0.0799882156633	25.2956216244
5274.00000000	0.0723186188515	0.0341780558694	0.0799882624864	25.2955972171
5274.00000000	0.0723186646278	0.0341780462990	0.0799882997842	25.2955770085
5274.00000000	0.0723186608177	0.0341780222394	0.0799882860591	25.2955625932
5274.00000000	0.0723185740194	0.0341779772715	0.0799881883691	25.2955600372
5274.00000000	0.0723183891436	0.0341779117554	0.0799879932258	25.2955741921
5274.00000000	0.0723181199253	0.0341778257337	0.0799877130653	25.2956008818
5274.00000000	0.0723179031982	0.0341777472524	0.0799874835849	25.2956163891
5274.00000000	0.0723177932821	0.0341777012981	0.0799873645722	25.2956202700
5274.00000000	0.0723176954671	0.0341776937055	0.0799872728920	25.2956452913
5274.00000000	0.0723175631163	0.0341777391681	0.0799871726574	25.2957152431
5274.00000000	0.0723174128746	0.0341778370567	0.0799870786487	25.2958246236
5274.00000000	0.0723172939733	0.0341779557448	0.0799870218630	25.2959378821
5274.00000000	0.0723172414218	0.0341780539723	0.0799870163226	25.2960175818
5274.00000000	0.0723172276718	0.0341781099852	0.0799870278251	25.2960580658
5274.00000000	0.0723172814163	0.0341781607260	0.0799870980975	25.2960744770
5274.00000000	0.0723175089314	0.0341782838852	0.0799873564220	25.2960846009
5274.00000000	0.0723179197134	0.0341784964508	0.0799878186433	25.2960965328
5274.00000000	0.0723184445398	0.0341787299529	0.0799883929195	25.2960871175
5274.00000000	0.0723189971103	0.0341789227469	0.0799889748852	25.2960428475
5274.00000000	0.0723194864062	0.0341790535710	0.0799894731640	25.2959778124
5274.00000000	0.0723198011703	0.0341791380205	0.0799897938311	25.2959361637
5274.00000000	0.0723197759028	0.0341791827179	0.0799897900853	25.2959728436
5274.00000000	0.0723194080250	0.0341791695110	0.0799894518393	25.2960768860
5274.00000000	0.0723189142151	0.0341790983624	0.0799889749785	25.2961819499
5274.00000000	0.0723185636833	0.0341790302277	0.0799886289451	25.2962451133
5274.00000000	0.0723184619814	0.0341790170478	0.0799885313637	25.2962677061
5274.00000000	0.0723184800063	0.0341790468533	0.0799885603960	25.2962814916
5274.00000000	0.0723184869077	0.0341790863818	0.0799885835261	25.2963049784
5274.00000000	0.0723184249594	0.0341791279731	0.0799885452901	25.2963508743
5274.00000000	0.0723182763330	0.0341792061174	0.0799884443067	25.2964469726
5274.00000000	0.0723180702011	0.0341793370207	0.0799883138764	25.2965948398
5274.00000000	0.0723178101581	0.0341794720934	0.0799881364869	25.2967619088
5274.00000000	0.0723175206237	0.0341795402823	0.0799879038548	25.2968946904
5274.00000000	0.0723172523234	0.0341794648273	0.0799876290403	25.2969279470
5274.00000000	0.0723171340350	0.0341792421077	0.0799874269251	25.2968199158
5274.00000000	0.0723173219278	0.0341789617095	0.0799874769845	25.2965808133
5274.00000000	0.0723178003501	0.0341787160127	0.0799878045439	25.2962752598
5274.00000000	0.0723183262424	0.0341785272900	0.0799881993685	25.2959920770
5274.00000000	0.0723186739823	0.0341783943081	0.0799884569425	25.2957995226
5274.00000000	0.0723188678203	0.0341783792387	0.0799886257551	25.2957304356
5274.00000000	0.0723190379134	0.0341785011001	0.0799888316090	25.2957572950
5274.00000000	0.0723192215001	0.0341786620702	0.0799890663734	25.2958053515
5274.00000000	0.0723193591897	0.0341787683369	0.0799892362674	25.2958320288
5274.00000000	0.0723194517450	0.0341788022674	0.0799893344461	25.2958256745
5274.00000000	0.0723195038450	0.0341787645433	0.0799893654312	25.2957852980
5274.00000000	0.0723194243293	0.0341786293859	0.0799892357885	25.2957221057
5274.00000000	0.0723192061972	0.0341784103892	0.0799889449969	25.2956470433
5274.00000000	0.0723189387946	0.0341781854354	0.0799886071140	25.2955832025
5274.00000000	0.0723187380028	0.0341780453903	0.0799883657354	25.2955539623
5274.00000000	0.0723186501697	0.0341780233554	0.0799882769089	25.2955665749
5274.00000000	0.0723186428003	0.0341780762137	0.0799882928318	25.2956030625
5274.00000000	0.0723187474697	0.0341781854377	0.0799884341352	25.2956417622
5274.00000000	0.0723190429494	0.0341783848331	0.0799887864823	25.2956804574
5274.00000000	0.0723195235969	0.0341786580407	0.0799893377816	25.2957102805
5274.00000000	0.0723200443130	0.0341789204417	0.0799899206901	25.2957208412
5274.00000000	0.0723204465114	0.0341790719934	0.0799903490800	25.2956958891
5274.00000000	0.0723206607687	0.0341790405910	0.0799905293754	25.2956099773
5274.00000000	0.0723206319084	0.0341788263067	0.0799904117212	25.2954800392
5274.00000000	0.0723202982008	0.0341785008198	0.0799899709348	25.2953713862
5274.00000000	0.0723197490236	0.0341782096166	0.0799893499876	25.2953508811
5274.00000000	0.0723192102415	0.0341780829287	0.0799888087336	25.2954337370
5274.00000000	0.0723188918205	0.0341781410201	0.0799885456658	25.2955688156
5274.00000000	0.0723188366788	0.0341782840451	0.0799885569243	25.2956783180
5274.00000000	0.0723189385569	0.0341784030513	0.0799886998840	25.2957242069
5274.00000000	0.0723190799375	0.0341784385646	0.0799888428827	25.2957039339
5274.00000000	0.0723192042233	0.0341783645309	0.0799889236176	25.2956179489
5274.00000000	0.0723193567987	0.0341782336437	0.0799890056369	25.2954864865
5274.00000000	0.0723196069676	0.0341781464812	0.0799891945755	25.2953534715
5274.00000000	0.0723199032419	0.0341781577130	0.0799894672414	25.2952700676
5274.00000000	0.0723201348532	0.0341782471426	0.0799897148571	25.2952570965
5274.00000000	0.0723202848398	0.0341783791048	0.0799899068479	25.2952966518
5274.00000000	0.0723204410769	0.0341785367615	0.0799901154688	25.2953509339
5274.00000000	0.0723206286565	0.0341787129959	0.0799903603650	25.2954076540
5274.00000000	0.0723207369598	0.0341788700928	0.0799905254091	25.2954762434
