DevNumber	X [V]	Y [V]	R [V]	Theta [°]
4253.00000000	-0.0239318109825	-0.0196648500448	0.0309747946594	-140.589938849
4253.00000000	-0.0239319804408	-0.0196648750235	0.0309749414448	-140.590102152
4253.00000000	-0.0239321485145	-0.0196648805263	0.0309750747962	-140.590291662
4253.00000000	-0.0239322904900	-0.0196648735923	0.0309751800882	-140.590468297
4253.00000000	-0.0239323840732	-0.0196648528253	0.0309752392093	-140.590607873
4253.00000000	-0.0239323879193	-0.0196647938012	0.0309752047090	-140.590696744
4253.00000000	-0.0239322829087	-0.0196646836509	0.0309750536450	-140.590730851
4253.00000000	-0.0239321120251	-0.0196645537927	0.0309748391739	-140.590715768
4253.00000000	-0.0239319633753	-0.0196644628953	0.0309746666158	-140.590671113
4253.00000000	-0.0239319105768	-0.0196644480306	0.0309746163851	-140.590630354
4253.00000000	-0.0239319627819	-0.0196645101937	0.0309746961849	-140.590602818
4253.00000000	-0.0239320628686	-0.0196646207100	0.0309748436770	-140.590562406
4253.00000000	-0.0239321420537	-0.0196647340326	0.0309749768015	-140.590493438
4253.00000000	-0.0239321633581	-0.0196648035525	0.0309750373972	-140.590419101
4253.00000000	-0.0239321293869	-0.0196648075105	0.0309750136629	-140.590373551
4253.00000000	-0.0239320883040	-0.0196647724268	0.0309749596479	-140.590375447
4253.00000000	-0.0239320879185	-0.0196647439712	0.0309749412847	-140.590415662
4253.00000000	-0.0239321238323	-0.0196647448119	0.0309749695664	-140.590456635
4253.00000000	-0.0239321472490	-0.0196647693781	0.0309750032549	-140.590449024
4253.00000000	-0.0239321163386	-0.0196647914583	0.0309749933905	-140.590381169
4253.00000000	-0.0239320681961	-0.0196647952582	0.0309749586067	-140.590319204
4253.00000000	-0.0239320772169	-0.0196647921312	0.0309749635913	-140.590334266
4253.00000000	-0.0239321526149	-0.0196647903845	0.0309750207369	-140.590425304
4253.00000000	-0.0239322363231	-0.0196647754745	0.0309750759465	-140.590544914
4253.00000000	-0.0239322747662	-0.0196647314707	0.0309750777126	-140.590652947
4253.00000000	-0.0239322609650	-0.0196646727358	0.0309750297611	-140.590720681
4253.00000000	-0.0239322250787	-0.0196646206694	0.0309749689796	-140.590752951
4253.00000000	-0.0239322172420	-0.0196645858415	0.0309749408141	-140.590793523
4253.00000000	-0.0239322532011	-0.0196645680497	0.0309749573020	-140.590861178
4253.00000000	-0.0239322857732	-0.0196645582543	0.0309749762496	-140.590913428
4253.00000000	-0.0239322718159	-0.0196645583160	0.0309749655050	-140.590896949
4253.00000000	-0.0239322105664	-0.0196645694766	0.0309749252670	-140.590809072
4253.00000000	-0.0239321619015	-0.0196645875870	0.0309748991644	-140.590726041
4253.00000000	-0.0239321920529	-0.0196646152849	0.0309749400445	-140.590721864
4253.00000000	-0.0239322759906	-0.0196646368533	0.0309750185902	-140.590789608
4253.00000000	-0.0239323235636	-0.0196646216377	0.0309750456869	-140.590867220
4253.00000000	-0.0239322921745	-0.0196645645830	0.0309749852133	-140.590911900
4253.00000000	-0.0239322180536	-0.0196644990130	0.0309748863177	-140.590918570
4253.00000000	-0.0239321377757	-0.0196644486904	0.0309747923449	-140.590896218
4253.00000000	-0.0239320464718	-0.0196644068108	0.0309746952132	-140.590848851
4253.00000000	-0.0239319328359	-0.0196643595008	0.0309745773795	-140.590783019
4253.00000000	-0.0239318160207	-0.0196643140271	0.0309744582552	-140.590710830
4253.00000000	-0.0239317587942	-0.0196642944515	0.0309744016126	-140.590671603
4253.00000000	-0.0239317913697	-0.0196643079752	0.0309744353670	-140.590690530
4253.00000000	-0.0239318647903	-0.0196643376767	0.0309745109502	-140.590734302
4253.00000000	-0.0239319121435	-0.0196643685708	0.0309745671500	-140.590745757
4253.00000000	-0.0239319241106	-0.0196643974913	0.0309745947565	-140.590718477
4253.00000000	-0.0239319426097	-0.0196644248311	0.0309746264064	-140.590701128
4253.00000000	-0.0239319825362	-0.0196644484148	0.0309746722270	-140.590714309
4253.00000000	-0.0239320145397	-0.0196644601297	0.0309747043912	-140.590735150
4253.00000000	-0.0239320377943	-0.0196644600765	0.0309747223247	-140.590762534
4253.00000000	-0.0239320625571	-0.0196644609918	0.0309747420382	-140.590790306
4253.00000000	-0.0239321078388	-0.0196644797256	0.0309747889175	-140.590816707
4253.00000000	-0.0239322114502	-0.0196645314691	0.0309749018206	-140.590864430
4253.00000000	-0.0239323722767	-0.0196646055216	0.0309750730929	-140.590947457
4253.00000000	-0.0239325446182	-0.0196646726679	0.0309752488777	-140.591053875
4253.00000000	-0.0239326808005	-0.0196647190499	0.0309753835426	-140.591147507
4253.00000000	-0.0239327498755	-0.0196647373462	0.0309754485278	-140.591202473
4253.00000000	-0.0239327595453	-0.0196647174199	0.0309754433488	-140.591242306
4253.00000000	-0.0239327362803	-0.0196646601794	0.0309753890345	-140.591296792
4253.00000000	-0.0239326961237	-0.0196645917640	0.0309753145745	-140.591347413
4253.00000000	-0.0239326520897	-0.0196645552628	0.0309752573795	-140.591347870
4253.00000000	-0.0239326191522	-0.0196645618266	0.0309752360978	-140.591299811
4253.00000000	-0.0239326078026	-0.0196645936208	0.0309752475132	-140.591241044
4253.00000000	-0.0239326174339	-0.0196646411285	0.0309752851149	-140.591184458
4253.00000000	-0.0239326474441	-0.0196647045152	0.0309753485429	-140.591129109
4253.00000000	-0.0239327006284	-0.0196647677490	0.0309754297790	-140.591101192
4253.00000000	-0.0239327688428	-0.0196647996981	0.0309755027667	-140.591135635
4253.00000000	-0.0239328414215	-0.0196647874262	0.0309755510528	-140.591238402
4253.00000000	-0.0239328987141	-0.0196647353233	0.0309755622418	-140.591380143
4253.00000000	-0.0239329060896	-0.0196646541857	0.0309755164305	-140.591504762
4253.00000000	-0.0239328422829	-0.0196645597707	0.0309754071920	-140.591564770
4253.00000000	-0.0239327359745	-0.0196644663061	0.0309752657185	-140.591573510
4253.00000000	-0.0239326512974	-0.0196643751320	0.0309751424121	-140.591604378
4253.00000000	-0.0239326082147	-0.0196642795684	0.0309750484568	-140.591690364
4253.00000000	-0.0239325769370	-0.0196641952108	0.0309749707366	-140.591774198
4253.00000000	-0.0239325059755	-0.0196641343430	0.0309748772674	-140.591777860
4253.00000000	-0.0239323852527	-0.0196640914559	0.0309747567653	-140.591697389
4253.00000000	-0.0239322647959	-0.0196640585734	0.0309746428202	-140.591602932
4253.00000000	-0.0239322075324	-0.0196640371794	0.0309745849942	-140.591566263
4253.00000000	-0.0239322480245	-0.0196640309107	0.0309746123005	-140.591622773
4253.00000000	-0.0239323878648	-0.0196640418137	0.0309747272686	-140.591771405
4253.00000000	-0.0239325950147	-0.0196640798076	0.0309749114417	-140.591960360
4253.00000000	-0.0239328125405	-0.0196641455546	0.0309751212506	-140.592121832
4253.00000000	-0.0239330020356	-0.0196642262476	0.0309753188903	-140.592229026
4253.00000000	-0.0239331793908	-0.0196643224116	0.0309755169717	-140.592299853
4253.00000000	-0.0239333578783	-0.0196644335354	0.0309757254249	-140.592350628
4253.00000000	-0.0239334936843	-0.0196645351631	0.0309758948719	-140.592364855
4253.00000000	-0.0239335291588	-0.0196645965719	0.0309759612657	-140.592318748
4253.00000000	-0.0239334446986	-0.0196646029838	0.0309759000782	-140.592210407
4253.00000000	-0.0239332894834	-0.0196645613038	0.0309757536916	-140.592087713
4253.00000000	-0.0239331681616	-0.0196645003416	0.0309756212518	-140.592032374
4253.00000000	-0.0239331444587	-0.0196644481470	0.0309755698028	-140.592079136
4253.00000000	-0.0239332027692	-0.0196644250152	0.0309756001713	-140.592180667
4253.00000000	-0.0239332902280	-0.0196644381059	0.0309756760565	-140.592264657
4253.00000000	-0.0239333632588	-0.0196644743111	0.0309757554680	-140.592298670
4253.00000000	-0.0239334079723	-0.0196645152991	0.0309758160363	-140.592292597
4253.00000000	-0.0239334238214	-0.0196645498535	0.0309758502185	-140.592261824
4253.00000000	-0.0239334021901	-0.0196645706627	0.0309758467155	-140.592206684
4253.00000000	-0.0239333380854	-0.0196645723487	0.0309757982555	-140.592128999
5260.00000000	-0.0272822260155	-0.0287594400802	0.0396412064661	-133.490078133
5260.00000000	-0.0272824588643	-0.0287595534121	0.0396414489411	-133.490209562
5260.00000000	-0.0272826626021	-0.0287596485910	0.0396416582113	-133.490328521
5260.00000000	-0.0272827784504	-0.0287596871135	0.0396417658895	-133.490411677
5260.00000000	-0.0272827857951	-0.0287596498776	0.0396417439302	-133.490456419
5260.00000000	-0.0272827286376	-0.0287595715705	0.0396416477815	-133.490474379
5260.00000000	-0.0272826549854	-0.0287594944786	0.0396415411623	-133.490473835
5260.00000000	-0.0272825653583	-0.0287594226887	0.0396414273950	-133.490451265
5260.00000000	-0.0272824659757	-0.0287593547161	0.0396413096832	-133.490414669
5260.00000000	-0.0272823864323	-0.0287592999556	0.0396412152106	-133.490385733
5260.00000000	-0.0272823235653	-0.0287592362350	0.0396411257149	-133.490383197
5260.00000000	-0.0272822445837	-0.0287591425748	0.0396410034076	-133.490393545
5260.00000000	-0.0272821617020	-0.0287590642844	0.0396408895668	-133.490384515
5260.00000000	-0.0272821298195	-0.0287590734346	0.0396408742627	-133.490341981
5260.00000000	-0.0272821725403	-0.0287591839356	0.0396409838319	-133.490276857
5260.00000000	-0.0272822893685	-0.0287593558042	0.0396411889259	-133.490228398
5260.00000000	-0.0272824581172	-0.0287595348036	0.0396414349266	-133.490227289
5260.00000000	-0.0272826351407	-0.0287596887235	0.0396416684272	-133.490259804
5260.00000000	-0.0272827701889	-0.0287597882136	0.0396418335508	-133.490302448
5260.00000000	-0.0272828001347	-0.0287597813987	0.0396418492164	-133.490340627
5260.00000000	-0.0272827392567	-0.0287596887362	0.0396417400923	-133.490368966
5260.00000000	-0.0272826929955	-0.0287596154539	0.0396416550884	-133.490393353
5260.00000000	-0.0272827292376	-0.0287596318034	0.0396416918927	-133.490415093
5260.00000000	-0.0272828272477	-0.0287597145348	0.0396418193673	-133.490435568
5260.00000000	-0.0272829232389	-0.0287597855861	0.0396419369786	-133.490465546
5260.00000000	-0.0272829841280	-0.0287598137266	0.0396419993003	-133.490501400
5260.00000000	-0.0272830117904	-0.0287598208783	0.0396420235269	-133.490523292
5260.00000000	-0.0272830318297	-0.0287598312052	0.0396420448107	-133.490534032
5260.00000000	-0.0272830536247	-0.0287598480422	0.0396420720258	-133.490540138
5260.00000000	-0.0272830412057	-0.0287598541365	0.0396420679000	-133.490521053
5260.00000000	-0.0272829734447	-0.0287598338797	0.0396420065685	-133.490470151
5260.00000000	-0.0272828879077	-0.0287597963087	0.0396419204417	-133.490417832
5260.00000000	-0.0272828694481	-0.0287597701523	0.0396418887609	-133.490424494
5260.00000000	-0.0272829580826	-0.0287597744514	0.0396419528812	-133.490513158
5260.00000000	-0.0272830921243	-0.0287597916897	0.0396420576395	-133.490636562
5260.00000000	-0.0272831770677	-0.0287597965085	0.0396421195967	-133.490720838
5260.00000000	-0.0272831523716	-0.0287597634510	0.0396420786172	-133.490727825
5260.00000000	-0.0272830171284	-0.0287596671250	0.0396419156547	-133.490681832
5260.00000000	-0.0272828206621	-0.0287595149392	0.0396416700306	-133.490627207
5260.00000000	-0.0272826184646	-0.0287593534848	0.0396414137380	-133.490575792
5260.00000000	-0.0272824648116	-0.0287592446110	0.0396412290020	-133.490522975
5260.00000000	-0.0272824155328	-0.0287592317266	0.0396411857392	-133.490484118
5260.00000000	-0.0272824977777	-0.0287593205806	0.0396413068055	-133.490481972
5260.00000000	-0.0272826705545	-0.0287594695604	0.0396415337995	-133.490514947
5260.00000000	-0.0272828510673	-0.0287596271688	0.0396417723778	-133.490547451
5260.00000000	-0.0272829746600	-0.0287597677684	0.0396419594419	-133.490537188
5260.00000000	-0.0272830290637	-0.0287598722303	0.0396420726702	-133.490490323
5260.00000000	-0.0272830510017	-0.0287599272480	0.0396421276835	-133.490458599
5260.00000000	-0.0272830734646	-0.0287599454560	0.0396421563529	-133.490464041
5260.00000000	-0.0272830826035	-0.0287599406920	0.0396421591864	-133.490478363
5260.00000000	-0.0272830654851	-0.0287599170092	0.0396421302233	-133.490483971
5260.00000000	-0.0272830286542	-0.0287598853279	0.0396420818906	-133.490476865
5260.00000000	-0.0272830045306	-0.0287598681233	0.0396420528062	-133.490468684
5260.00000000	-0.0272830205637	-0.0287598699368	0.0396420651564	-133.490483692
5260.00000000	-0.0272830554617	-0.0287598632457	0.0396420843201	-133.490526941
5260.00000000	-0.0272831037038	-0.0287598478748	0.0396421063706	-133.490592816
5260.00000000	-0.0272831725677	-0.0287598521116	0.0396421568389	-133.490660809
5260.00000000	-0.0272832371229	-0.0287598746624	0.0396422176284	-133.490706068
5260.00000000	-0.0272832675534	-0.0287598794691	0.0396422420590	-133.490733195
5260.00000000	-0.0272832638459	-0.0287598493407	0.0396422176497	-133.490759276
5260.00000000	-0.0272832487438	-0.0287598034564	0.0396421739675	-133.490789083
5260.00000000	-0.0272832241117	-0.0287597584519	0.0396421243646	-133.490808022
5260.00000000	-0.0272831755750	-0.0287597126414	0.0396420577250	-133.490802697
5260.00000000	-0.0272831135167	-0.0287596624798	0.0396419786227	-133.490787523
5260.00000000	-0.0272830819628	-0.0287596267240	0.0396419309657	-133.490790004
5260.00000000	-0.0272831243203	-0.0287596456180	0.0396419738251	-133.490815624
5260.00000000	-0.0272832329287	-0.0287597241098	0.0396421055182	-133.490851428
5260.00000000	-0.0272833514448	-0.0287598055254	0.0396422461513	-133.490894713
5260.00000000	-0.0272834455203	-0.0287598502688	0.0396423433584	-133.490948849
5260.00000000	-0.0272835281971	-0.0287598829043	0.0396424239364	-133.491003077
5260.00000000	-0.0272835863345	-0.0287599070624	0.0396424814752	-133.491040006
5260.00000000	-0.0272835950810	-0.0287599021775	0.0396424839510	-133.491054036
5260.00000000	-0.0272835848926	-0.0287598836998	0.0396424635336	-133.491061733
5260.00000000	-0.0272836050235	-0.0287598688075	0.0396424665845	-133.491097655
5260.00000000	-0.0272836520394	-0.0287598503390	0.0396424855443	-133.491165325
5260.00000000	-0.0272836862777	-0.0287598248952	0.0396424906496	-133.491226535
5260.00000000	-0.0272836656873	-0.0287597848241	0.0396424474076	-133.491244805
5260.00000000	-0.0272835858628	-0.0287597260146	0.0396423498039	-133.491219604
5260.00000000	-0.0272834869755	-0.0287596605576	0.0396422342576	-133.491181028
5260.00000000	-0.0272834273336	-0.0287596162646	0.0396421610757	-133.491162550
5260.00000000	-0.0272834469420	-0.0287596164347	0.0396421746945	-133.491182942
5260.00000000	-0.0272835662363	-0.0287596697609	0.0396422954851	-133.491254982
5260.00000000	-0.0272837953359	-0.0287597865268	0.0396425378728	-133.491379053
5260.00000000	-0.0272840896759	-0.0287599543424	0.0396428621976	-133.491520749
5260.00000000	-0.0272843697609	-0.0287601380529	0.0396431882430	-133.491631684
5260.00000000	-0.0272845889073	-0.0287602978513	0.0396434550000	-133.491702509
5260.00000000	-0.0272847234160	-0.0287603819500	0.0396436085870	-133.491759889
5260.00000000	-0.0272847556541	-0.0287603703050	0.0396436223267	-133.491805274
5260.00000000	-0.0272847184610	-0.0287603175469	0.0396435584540	-133.491818756
5260.00000000	-0.0272846643222	-0.0287602862296	0.0396434984730	-133.491793142
5260.00000000	-0.0272846140585	-0.0287602907175	0.0396434671349	-133.491735976
5260.00000000	-0.0272845944972	-0.0287603235229	0.0396434774713	-133.491682834
5260.00000000	-0.0272846245421	-0.0287603783548	0.0396435379288	-133.491659795
5260.00000000	-0.0272846682639	-0.0287604298369	0.0396436053692	-133.491654428
5260.00000000	-0.0272846619198	-0.0287604273660	0.0396435992103	-133.491650234
5260.00000000	-0.0272845969800	-0.0287603604181	0.0396435059466	-133.491648737
5260.00000000	-0.0272845230195	-0.0287602641013	0.0396433851680	-133.491666996
5260.00000000	-0.0272844656303	-0.0287601654613	0.0396432741092	-133.491704941
5260.00000000	-0.0272843941239	-0.0287600644869	0.0396431516405	-133.491730407
5260.00000000	-0.0272842747011	-0.0287599435410	0.0396429817048	-133.491725497
5270.00000000	0.0189933735412	-0.0544679699783	0.0576845559230	-70.7759685410
5270.00000000	0.0189932929944	-0.0544684662527	0.0576849980037	-70.7762063854
5270.00000000	0.0189932056967	-0.0544689569232	0.0576854325714	-70.7764487248
5270.00000000	0.0189931022397	-0.0544693379621	0.0576857583006	-70.7766703635
5270.00000000	0.0189929684635	-0.0544695118393	0.0576858784371	-70.7768526886
5270.00000000	0.0189928193733	-0.0544694512160	0.0576857721065	-70.7769726891
5270.00000000	0.0189926996493	-0.0544692670354	0.0576855587763	-70.7770247429
5270.00000000	0.0189926656473	-0.0544691169001	0.0576854058169	-70.7770075347
5270.00000000	0.0189927343056	-0.0544691010513	0.0576854134573	-70.7769379595
5270.00000000	0.0189928553875	-0.0544692221076	0.0576855676299	-70.7768639893
5270.00000000	0.0189929498912	-0.0544693461838	0.0576857159032	-70.7768159337
5270.00000000	0.0189929821179	-0.0544693268996	0.0576857083048	-70.7767794032
5270.00000000	0.0189929726530	-0.0544691819125	0.0576855682854	-70.7767408656
5270.00000000	0.0189929498302	-0.0544690387364	0.0576854255781	-70.7767154480
5270.00000000	0.0189929371369	-0.0544689677772	0.0576853543961	-70.7767041471
5270.00000000	0.0189929561366	-0.0544690379319	0.0576854268948	-70.7767092704
5270.00000000	0.0189930007969	-0.0544692497751	0.0576856416306	-70.7767366633
5270.00000000	0.0189930592999	-0.0544694706025	0.0576858694074	-70.7767540116
5270.00000000	0.0189931468941	-0.0544695724868	0.0576859944513	-70.7767051794
5270.00000000	0.0189932602187	-0.0544694482085	0.0576859144148	-70.7765582551
5270.00000000	0.0189933461474	-0.0544691491915	0.0576856603630	-70.7763798793
5270.00000000	0.0189933597625	-0.0544689106976	0.0576854396503	-70.7762891151
5270.00000000	0.0189933211323	-0.0544688207816	0.0576853420287	-70.7762959393
5270.00000000	0.0189932931900	-0.0544688170702	0.0576853293241	-70.7763209317
5270.00000000	0.0189933134534	-0.0544688821950	0.0576853974894	-70.7763232254
5270.00000000	0.0189933601269	-0.0544690193023	0.0576855423192	-70.7763242906
5270.00000000	0.0189933935859	-0.0544691780322	0.0576857032150	-70.7763448204
5270.00000000	0.0189933931894	-0.0544693301239	0.0576858466956	-70.7763949309
5270.00000000	0.0189933553401	-0.0544694640257	0.0576859606692	-70.7764742177
5270.00000000	0.0189932890266	-0.0544694916974	0.0576859649640	-70.7765454595
5270.00000000	0.0189932209966	-0.0544693430761	0.0576858022304	-70.7765606588
5270.00000000	0.0189931705458	-0.0544690761343	0.0576855335618	-70.7765206772
5270.00000000	0.0189931291616	-0.0544688622003	0.0576853179305	-70.7764895271
5270.00000000	0.0189930952769	-0.0544688143850	0.0576852616247	-70.7765056692
5270.00000000	0.0189930620404	-0.0544688926594	0.0576853245914	-70.7765624388
5270.00000000	0.0189930312223	-0.0544690072992	0.0576854226922	-70.7766288324
5270.00000000	0.0189930305919	-0.0544691258861	0.0576855344593	-70.7766682048
5270.00000000	0.0189930939829	-0.0544692381741	0.0576856613580	-70.7766454739
5270.00000000	0.0189932252944	-0.0544692870862	0.0576857507775	-70.7765383178
5270.00000000	0.0189933945599	-0.0544692457877	0.0576857675133	-70.7763660651
5270.00000000	0.0189935492414	-0.0544691371444	0.0576857158579	-70.7761854661
5270.00000000	0.0189936477122	-0.0544690102198	0.0576856284332	-70.7760516059
5270.00000000	0.0189936859065	-0.0544689670558	0.0576856002520	-70.7760016689
5270.00000000	0.0189936778728	-0.0544690434876	0.0576856697767	-70.7760341993
5270.00000000	0.0189936281683	-0.0544691171396	0.0576857229561	-70.7761049018
5270.00000000	0.0189935244222	-0.0544690121661	0.0576855896765	-70.7761678709
5270.00000000	0.0189933614615	-0.0544687461666	0.0576852848530	-70.7762337144
5270.00000000	0.0189931455402	-0.0544684994868	0.0576849808343	-70.7763555468
5270.00000000	0.0189929186974	-0.0544683558616	0.0576847705284	-70.7765213260
5270.00000000	0.0189927546925	-0.0544682413109	0.0576846083657	-70.7766376804
5270.00000000	0.0189926933704	-0.0544681276267	0.0576844808300	-70.7766580147
5270.00000000	0.0189927303532	-0.0544680643848	0.0576844332909	-70.7766026470
5270.00000000	0.0189928258845	-0.0544680848129	0.0576844840339	-70.7765197309
5270.00000000	0.0189929263848	-0.0544682068745	0.0576846323797	-70.7764653923
5270.00000000	0.0189930104239	-0.0544684191927	0.0576848605296	-70.7764560096
5270.00000000	0.0189930935254	-0.0544687074497	0.0576851600752	-70.7764723408
5270.00000000	0.0189931830496	-0.0544690043023	0.0576854698520	-70.7764854591
5270.00000000	0.0189932863006	-0.0544692313381	0.0576857182244	-70.7764628715
5270.00000000	0.0189934021376	-0.0544694188217	0.0576859333940	-70.7764155455
5270.00000000	0.0189934952421	-0.0544696154004	0.0576861496668	-70.7763925139
5270.00000000	0.0189935157687	-0.0544697802426	0.0576863120761	-70.7764271709
5270.00000000	0.0189934535284	-0.0544698458174	0.0576863535016	-70.7765069874
5270.00000000	0.0189933569580	-0.0544698328128	0.0576863094260	-70.7765933031
5270.00000000	0.0189933015359	-0.0544698202691	0.0576862793339	-70.7766411787
5270.00000000	0.0189933383629	-0.0544698715857	0.0576863399145	-70.7766234221
5270.00000000	0.0189934392494	-0.0544699992606	0.0576864936876	-70.7765705586
5270.00000000	0.0189935461928	-0.0544701310045	0.0576866532971	-70.7765133454
5270.00000000	0.0189936228804	-0.0544702306824	0.0576867726669	-70.7764740216
5270.00000000	0.0189936497661	-0.0544703260487	0.0576868715678	-70.7764799939
5270.00000000	0.0189936073274	-0.0544704033074	0.0576869305456	-70.7765450599
5270.00000000	0.0189934856354	-0.0544703474644	0.0576868377490	-70.7766409258
5270.00000000	0.0189933159552	-0.0544700999689	0.0576865481858	-70.7767191234
5270.00000000	0.0189931639155	-0.0544697823712	0.0576861982374	-70.7767578526
5270.00000000	0.0189930719052	-0.0544695984313	0.0576859942591	-70.7767839926
5270.00000000	0.0189930362845	-0.0544696271586	0.0576860096566	-70.7768267941
5270.00000000	0.0189930319835	-0.0544697501120	0.0576861243384	-70.7768710361
5270.00000000	0.0189930331210	-0.0544697898360	0.0576861622221	-70.7768829598
5270.00000000	0.0189930203815	-0.0544696907600	0.0576860644758	-70.7768625077
5270.00000000	0.0189929823836	-0.0544695291577	0.0576858993731	-70.7768452970
5270.00000000	0.0189928970049	-0.0544693990537	0.0576857484125	-70.7768828233
5270.00000000	0.0189927485321	-0.0544693441539	0.0576856476895	-70.7770041168
5270.00000000	0.0189925750049	-0.0544694542311	0.0576856944966	-70.7772028588
5270.00000000	0.0189924558348	-0.0544698436157	0.0576860229358	-70.7774419581
5270.00000000	0.0189924492475	-0.0544704284344	0.0576865729807	-70.7776393764
5270.00000000	0.0189925376766	-0.0544710129592	0.0576871540310	-70.7777475844
5270.00000000	0.0189926636170	-0.0544714893404	0.0576876453171	-70.7777852483
5270.00000000	0.0189927768108	-0.0544717947880	0.0576879710028	-70.7777789716
5270.00000000	0.0189928465270	-0.0544718767041	0.0576880713047	-70.7777403759
5270.00000000	0.0189928593684	-0.0544717644771	0.0576879695624	-70.7776916351
5270.00000000	0.0189928081404	-0.0544715529012	0.0576877529162	-70.7776704936
5270.00000000	0.0189927114604	-0.0544713429503	0.0576875228401	-70.7776925099
5270.00000000	0.0189926046556	-0.0544712084689	0.0576873606925	-70.7777487002
5270.00000000	0.0189924998472	-0.0544711112842	0.0576872344196	-70.7778152145
5270.00000000	0.0189924061001	-0.0544709433907	0.0576870450218	-70.7778482337
5270.00000000	0.0189923421286	-0.0544706626655	0.0576867588858	-70.7778164321
5270.00000000	0.0189923059919	-0.0544703529831	0.0576864545711	-70.7777490561
5270.00000000	0.0189922786562	-0.0544701287442	0.0576862338341	-70.7777013658
5270.00000000	0.0189922648184	-0.0544700154747	0.0576861223237	-70.7776773040
5270.00000000	0.0189922883559	-0.0544699645992	0.0576860820340	-70.7776385924
5270.00000000	0.0189923411512	-0.0544699401853	0.0576860763633	-70.7775810943
5274.00000000	0.00666326459175	-0.0539901298409	0.0543997538161	-82.9643416880
5274.00000000	0.00666317036210	-0.0539904751412	0.0544000849746	-82.9644847323
5274.00000000	0.00666297737929	-0.0539907865916	0.0544003704430	-82.9647266343
5274.00000000	0.00666275697724	-0.0539910125070	0.0544005676631	-82.9649861613
5274.00000000	0.00666257765320	-0.0539911108068	0.0544006432604	-82.9651862869
5274.00000000	0.00666244933657	-0.0539910505760	0.0544005677678	-82.9653126460
5274.00000000	0.00666234640949	-0.0539908207310	0.0544003270477	-82.9653905879
5274.00000000	0.00666222026980	-0.0539904833094	0.0543999767179	-82.9654789188
5274.00000000	0.00666198922241	-0.0539901963959	0.0543996636687	-82.9656834267
5274.00000000	0.00666154583824	-0.0539901241613	0.0543995376810	-82.9661375846
5274.00000000	0.00666083472024	-0.0539903044463	0.0543996295334	-82.9669041768
5274.00000000	0.00665988520961	-0.0539906551031	0.0543998613001	-82.9679419298
5274.00000000	0.00665876119328	-0.0539910394626	0.0544001051734	-82.9691664313
5274.00000000	0.00665753856499	-0.0539913246477	0.0544002385744	-82.9704812186
5274.00000000	0.00665630529455	-0.0539914932129	0.0544002549584	-82.9717920950
5274.00000000	0.00665513599429	-0.0539916743970	0.0544002917207	-82.9730377275
5274.00000000	0.00665406247076	-0.0539919698892	0.0544004536735	-82.9741979673
5274.00000000	0.00665305928230	-0.0539923392804	0.0544006975947	-82.9752941966
5274.00000000	0.00665207766246	-0.0539926563850	0.0544008922788	-82.9763611364
5274.00000000	0.00665107455633	-0.0539927846651	0.0544008969471	-82.9774262143
5274.00000000	0.00665000596994	-0.0539927280068	0.0544007100782	-82.9785359293
5274.00000000	0.00664888273925	-0.0539926472389	0.0544004926222	-82.9796996696
5274.00000000	0.00664777219497	-0.0539926595140	0.0544003690847	-82.9808621327
5274.00000000	0.00664673754441	-0.0539928016142	0.0544003836947	-82.9819619733
5274.00000000	0.00664579848297	-0.0539930247560	0.0544004904369	-82.9829723180
5274.00000000	0.00664492601925	-0.0539932269143	0.0544005845044	-82.9839103424
5274.00000000	0.00664411392420	-0.0539933697613	0.0544006270922	-82.9847776288
5274.00000000	0.00664338826170	-0.0539935217385	0.0544006893093	-82.9855557372
5274.00000000	0.00664273997366	-0.0539937186735	0.0544008056057	-82.9862587433
5274.00000000	0.00664214703198	-0.0539938753099	0.0544008886708	-82.9868987089
5274.00000000	0.00664162878814	-0.0539939015677	0.0544008514590	-82.9874438239
5274.00000000	0.00664121363712	-0.0539938550558	0.0544007546120	-82.9878718163
5274.00000000	0.00664087087488	-0.0539939050202	0.0544007623596	-82.9882365432
5274.00000000	0.00664054044340	-0.0539941113414	0.0544009268021	-82.9886084818
5274.00000000	0.00664020057296	-0.0539943468744	0.0544011190881	-82.9889940403
5274.00000000	0.00663986611391	-0.0539944362455	0.0544011669680	-82.9893551506
5274.00000000	0.00663957122812	-0.0539943305932	0.0544010261144	-82.9896498242
5274.00000000	0.00663934110133	-0.0539940964177	0.0544007656033	-82.9898602838
5274.00000000	0.00663916876973	-0.0539938331667	0.0544004832882	-82.9900065920
5274.00000000	0.00663902753605	-0.0539936126387	0.0544002471723	-82.9901258848
5274.00000000	0.00663888956227	-0.0539934324405	0.0544000514828	-82.9902469547
5274.00000000	0.00663873570156	-0.0539932649397	0.0543998664572	-82.9903862650
5274.00000000	0.00663852645325	-0.0539931436276	0.0543997205164	-82.9905894132
5274.00000000	0.00663824990818	-0.0539931076902	0.0543996511008	-82.9908738851
5274.00000000	0.00663794138905	-0.0539930884977	0.0543995944048	-82.9911939344
5274.00000000	0.00663765598117	-0.0539929970597	0.0543994688248	-82.9914805400
5274.00000000	0.00663741645081	-0.0539928638819	0.0543993074157	-82.9917138239
5274.00000000	0.00663715785116	-0.0539927883145	0.0543992008610	-82.9919744470
5274.00000000	0.00663681755571	-0.0539928173222	0.0543991881342	-82.9923339121
5274.00000000	0.00663640485637	-0.0539928883889	0.0543992083214	-82.9927744711
5274.00000000	0.00663593998876	-0.0539929486550	0.0543992114280	-82.9932681778
5274.00000000	0.00663544128152	-0.0539930149801	0.0543992164249	-82.9937980382
5274.00000000	0.00663492991935	-0.0539931634943	0.0543993014583	-82.9943516859
5274.00000000	0.00663441576194	-0.0539934250727	0.0543994983762	-82.9949227771
5274.00000000	0.00663390015276	-0.0539937534620	0.0543997614347	-82.9955039630
5274.00000000	0.00663337760395	-0.0539941344935	0.0544000759020	-82.9960991584
5274.00000000	0.00663286378245	-0.0539945062550	0.0544003822383	-82.9966840334
5274.00000000	0.00663240527566	-0.0539947625939	0.0544005807627	-82.9971962569
5274.00000000	0.00663201265937	-0.0539949093715	0.0544006785799	-82.9976255299
5274.00000000	0.00663165552351	-0.0539950509349	0.0544007755500	-82.9980170421
5274.00000000	0.00663128785683	-0.0539951896619	0.0544008684238	-82.9984191972
5274.00000000	0.00663089523592	-0.0539952232917	0.0544008539450	-82.9988339452
5274.00000000	0.00663053591725	-0.0539951124011	0.0544007000851	-82.9991953284
5274.00000000	0.00663028449553	-0.0539949529622	0.0544005111913	-82.9994376897
5274.00000000	0.00663013255000	-0.0539948524692	0.0544003929287	-82.9995836294
5274.00000000	0.00663002589570	-0.0539948728944	0.0544004002031	-82.9996977447
5274.00000000	0.00662995634466	-0.0539950584176	0.0544005758669	-82.9997942651
5274.00000000	0.00662993074812	-0.0539953764308	0.0544008883901	-82.9998618424
5274.00000000	0.00662992974199	-0.0539957066252	0.0544012160006	-82.9999052767
5274.00000000	0.00662994561237	-0.0539958982498	0.0544014081309	-82.9999132825
5274.00000000	0.00662998919433	-0.0539958582885	0.0544013737789	-82.9998625947
5274.00000000	0.00663006988578	-0.0539956179003	0.0544011450167	-82.9997473878
5274.00000000	0.00663018818141	-0.0539953435648	0.0544008871435	-82.9995885125
5274.00000000	0.00663034780668	-0.0539952128245	0.0544007768327	-82.9994048637
5274.00000000	0.00663056596084	-0.0539952300092	0.0544008204783	-82.9991790193
5274.00000000	0.00663090276718	-0.0539952448505	0.0544008762611	-82.9988288399
5274.00000000	0.00663141924912	-0.0539951295598	0.0544008247864	-82.9982741287
5274.00000000	0.00663210851167	-0.0539949035570	0.0544006844942	-82.9975245830
5274.00000000	0.00663290745653	-0.0539946818358	0.0544005618342	-82.9966609255
5274.00000000	0.00663371587610	-0.0539945398312	0.0544005194636	-82.9957975977
5274.00000000	0.00663441660981	-0.0539944650959	0.0544005307395	-82.9950554796
5274.00000000	0.00663494203174	-0.0539944666181	0.0544005963307	-82.9945064211
5274.00000000	0.00663532589280	-0.0539945856662	0.0544007613088	-82.9941204429
5274.00000000	0.00663566244289	-0.0539947889690	0.0544010041439	-82.9937947474
5274.00000000	0.00663603720285	-0.0539950280098	0.0544012871129	-82.9934337039
5274.00000000	0.00663648642182	-0.0539953145895	0.0544016263512	-82.9930009374
5274.00000000	0.00663698366235	-0.0539956057065	0.0544019759544	-82.9925185611
5274.00000000	0.00663748845157	-0.0539957530439	0.0544021837771	-82.9920098249
5274.00000000	0.00663799713392	-0.0539957076724	0.0544022008102	-82.9914722588
5274.00000000	0.00663850432484	-0.0539955622917	0.0544021184042	-82.9909233991
5274.00000000	0.00663894550594	-0.0539953863874	0.0544019976523	-82.9904396161
5274.00000000	0.00663923948358	-0.0539951774273	0.0544018261305	-82.9901054572
5274.00000000	0.00663940203958	-0.0539949116702	0.0544015821987	-82.9899013742
5274.00000000	0.00663952954693	-0.0539946087519	0.0544012971065	-82.9897291501
5274.00000000	0.00663969721826	-0.0539943540713	0.0544010647941	-82.9895211400
5274.00000000	0.00663992959009	-0.0539942278166	0.0544009678450	-82.9892620033
5274.00000000	0.00664020552646	-0.0539942454490	0.0544010190258	-82.9889758235
5274.00000000	0.00664048314186	-0.0539943591370	0.0544011657502	-82.9887002380
5274.00000000	0.00664070814283	-0.0539944818027	0.0544013149637	-82.9884808076
5274.00000000	0.00664082963060	-0.0539945187979	0.0544013665122	-82.9883585691
