DevNumber	X [V]	Y [V]	R [V]	Theta [°]
4253.00000000	-1.70978321051E-5	-1.14727486987E-5	2.05902847332E-5	-146.138149913
4253.00000000	-1.70864136902E-5	-1.14734976867E-5	2.05812215857E-5	-146.118706693
4253.00000000	-1.70758614654E-5	-1.14692309028E-5	2.05700827000E-5	-146.112187947
4253.00000000	-1.70715945620E-5	-1.14630198071E-5	2.05630776876E-5	-146.119925430
4253.00000000	-1.70764637418E-5	-1.14592557308E-5	2.05650226314E-5	-146.136194223
4253.00000000	-1.70850425956E-5	-1.14626272868E-5	2.05740250027E-5	-146.141710180
4253.00000000	-1.70891711737E-5	-1.14739622802E-5	2.05837698640E-5	-146.121912005
4253.00000000	-1.70856013736E-5	-1.14872592869E-5	2.05882223667E-5	-146.085651914
4253.00000000	-1.70749099435E-5	-1.14936003270E-5	2.05828909062E-5	-146.054398169
4253.00000000	-1.70600145308E-5	-1.14902393568E-5	2.05686581057E-5	-146.038995192
4253.00000000	-1.70468707128E-5	-1.14838161208E-5	2.05541682827E-5	-146.033378377
4253.00000000	-1.70408731395E-5	-1.14783723532E-5	2.05461526626E-5	-146.036624232
4253.00000000	-1.70390810303E-5	-1.14707241510E-5	2.05403942246E-5	-146.051525855
4253.00000000	-1.70383790101E-5	-1.14616917081E-5	2.05347689567E-5	-146.071338204
4253.00000000	-1.70415480402E-5	-1.14542798123E-5	2.05332629074E-5	-146.093434516
4253.00000000	-1.70514408133E-5	-1.14522286382E-5	2.05403304402E-5	-146.113576854
4253.00000000	-1.70631949486E-5	-1.14578792178E-5	2.05532386262E-5	-146.118769466
4253.00000000	-1.70686987368E-5	-1.14689508066E-5	2.05639808688E-5	-146.101708428
4253.00000000	-1.70671145872E-5	-1.14791747691E-5	2.05683702250E-5	-146.075607959
4253.00000000	-1.70652357875E-5	-1.14850887235E-5	2.05701126752E-5	-146.059018720
4253.00000000	-1.70689174559E-5	-1.14901120743E-5	2.05759718749E-5	-146.053138153
4253.00000000	-1.70763309715E-5	-1.14958127787E-5	2.05853052174E-5	-146.051498299
4253.00000000	-1.70823360273E-5	-1.15008644630E-5	2.05931077680E-5	-146.049169350
4253.00000000	-1.70837600245E-5	-1.15073604414E-5	2.05979173923E-5	-146.036392630
4253.00000000	-1.70782114495E-5	-1.15135307854E-5	2.05967642473E-5	-146.013533477
4253.00000000	-1.70701239382E-5	-1.15117369210E-5	2.05890557871E-5	-146.005091835
4253.00000000	-1.70706510016E-5	-1.15003734917E-5	2.05831415500E-5	-146.032137457
4253.00000000	-1.70816174826E-5	-1.14842200410E-5	2.05832204908E-5	-146.086485226
4253.00000000	-1.70933146310E-5	-1.14705636541E-5	2.05853160193E-5	-146.136194129
4253.00000000	-1.70975889645E-5	-1.14656571079E-5	2.05861322573E-5	-146.154162524
4253.00000000	-1.70930783830E-5	-1.14680745324E-5	2.05837329483E-5	-146.141580949
4253.00000000	-1.70843169571E-5	-1.14700031198E-5	2.05775328322E-5	-146.123530071
4253.00000000	-1.70748233159E-5	-1.14677755445E-5	2.05684094477E-5	-146.113940934
4253.00000000	-1.70656725278E-5	-1.14642273462E-5	2.05588347790E-5	-146.107931142
4253.00000000	-1.70593916558E-5	-1.14608096353E-5	2.05517152851E-5	-146.106076090
4253.00000000	-1.70582758384E-5	-1.14578566915E-5	2.05491424284E-5	-146.111175518
4253.00000000	-1.70616589059E-5	-1.14561428120E-5	2.05509954199E-5	-146.120401139
4253.00000000	-1.70699072650E-5	-1.14555084955E-5	2.05574903363E-5	-146.134684080
4253.00000000	-1.70842565544E-5	-1.14574471396E-5	2.05704865517E-5	-146.152472041
4253.00000000	-1.70980674310E-5	-1.14624285686E-5	2.05847316855E-5	-146.162367786
4253.00000000	-1.71040084141E-5	-1.14699499448E-5	2.05938548010E-5	-146.154190371
4253.00000000	-1.71031585890E-5	-1.14760739394E-5	2.05965605572E-5	-146.138724778
4253.00000000	-1.70977822826E-5	-1.14735876454E-5	2.05907108289E-5	-146.136134173
4253.00000000	-1.70864677086E-5	-1.14643127513E-5	2.05761474921E-5	-146.140023699
4253.00000000	-1.70700044759E-5	-1.14573377225E-5	2.05585904307E-5	-146.130601954
4253.00000000	-1.70542055630E-5	-1.14576678795E-5	2.05456584373E-5	-146.105283597
4253.00000000	-1.70448877377E-5	-1.14663219432E-5	2.05427538781E-5	-146.070755431
4253.00000000	-1.70455060287E-5	-1.14799901542E-5	2.05508990002E-5	-146.040099264
4253.00000000	-1.70546631213E-5	-1.14935653691E-5	2.05660783591E-5	-146.022981340
4253.00000000	-1.70651032725E-5	-1.15029283364E-5	2.05799686592E-5	-146.017608768
4253.00000000	-1.70703413756E-5	-1.15068792355E-5	2.05865204544E-5	-146.016639258
4253.00000000	-1.70672983617E-5	-1.15062680547E-5	2.05836556013E-5	-146.013315390
4253.00000000	-1.70563924718E-5	-1.15016195478E-5	2.05720143975E-5	-146.007071113
4253.00000000	-1.70435129164E-5	-1.14958753906E-5	2.05581245139E-5	-146.000275482
4253.00000000	-1.70359589529E-5	-1.14913310402E-5	2.05493208287E-5	-145.999002266
4253.00000000	-1.70296652482E-5	-1.14921341399E-5	2.05445526978E-5	-145.987330132
4253.00000000	-1.70190842535E-5	-1.15013515011E-5	2.05409424121E-5	-145.949508964
4253.00000000	-1.70117835111E-5	-1.15155823782E-5	2.05428677584E-5	-145.905221739
4253.00000000	-1.70192041277E-5	-1.15287551404E-5	2.05563981337E-5	-145.886411193
4253.00000000	-1.70415279120E-5	-1.15367902958E-5	2.05793878409E-5	-145.902746943
4253.00000000	-1.70675387416E-5	-1.15380564435E-5	2.06016413227E-5	-145.940384414
4253.00000000	-1.70868397204E-5	-1.15323953202E-5	2.06144666061E-5	-145.983463958
4253.00000000	-1.70940279352E-5	-1.15193311262E-5	2.06131215648E-5	-146.024740465
4253.00000000	-1.70870600435E-5	-1.15016303681E-5	2.05974542615E-5	-146.054740921
4253.00000000	-1.70709252462E-5	-1.14881907635E-5	2.05765647225E-5	-146.060698205
4253.00000000	-1.70542698386E-5	-1.14859227565E-5	2.05614819820E-5	-146.040029331
4253.00000000	-1.70429168269E-5	-1.14939793454E-5	2.05565701215E-5	-146.003727658
4253.00000000	-1.70387895584E-5	-1.15048940306E-5	2.05592542732E-5	-145.972077842
4253.00000000	-1.70409565463E-5	-1.15136296563E-5	2.05659395087E-5	-145.955286499
4253.00000000	-1.70439473269E-5	-1.15180477677E-5	2.05708912024E-5	-145.949753550
4253.00000000	-1.70428316997E-5	-1.15163052011E-5	2.05689911719E-5	-145.952035289
4253.00000000	-1.70384256276E-5	-1.15112621482E-5	2.05625169693E-5	-145.956804570
4253.00000000	-1.70337617296E-5	-1.15101601703E-5	2.05580355532E-5	-145.952072710
4253.00000000	-1.70314685264E-5	-1.15118930616E-5	2.05571058767E-5	-145.944492343
4253.00000000	-1.70321193681E-5	-1.15112087380E-5	2.05572618989E-5	-145.947088354
4253.00000000	-1.70371397632E-5	-1.15079587139E-5	2.05596022595E-5	-145.962426765
4253.00000000	-1.70464091694E-5	-1.15038483553E-5	2.05649846232E-5	-145.986371929
4253.00000000	-1.70570901315E-5	-1.15002854447E-5	2.05718470017E-5	-146.011238174
4253.00000000	-1.70670108054E-5	-1.14983764712E-5	2.05790067619E-5	-146.031086015
4253.00000000	-1.70757126744E-5	-1.14973699241E-5	2.05856619644E-5	-146.046942058
4253.00000000	-1.70836258110E-5	-1.14937958336E-5	2.05902310214E-5	-146.067490074
4253.00000000	-1.70923844341E-5	-1.14852841680E-5	2.05927501335E-5	-146.100742497
4253.00000000	-1.71038676365E-5	-1.14764862734E-5	2.05973790884E-5	-146.138871296
4253.00000000	-1.71140419667E-5	-1.14747572233E-5	2.06048655849E-5	-146.158627386
4253.00000000	-1.71169515954E-5	-1.14775468151E-5	2.06088357947E-5	-146.156690654
4253.00000000	-1.71112227587E-5	-1.14779712260E-5	2.06043142997E-5	-146.146838331
4253.00000000	-1.71032062651E-5	-1.14767525466E-5	2.05969782629E-5	-146.137231131
4253.00000000	-1.71018209148E-5	-1.14764955781E-5	2.05956847265E-5	-146.135677298
4253.00000000	-1.71091025711E-5	-1.14749356605E-5	2.06008625839E-5	-146.150564778
4253.00000000	-1.71186900257E-5	-1.14707826334E-5	2.06065135921E-5	-146.175003540
4253.00000000	-1.71246972127E-5	-1.14679390007E-5	2.06099218716E-5	-146.190867035
4253.00000000	-1.71243150107E-5	-1.14682127291E-5	2.06097566163E-5	-146.189643521
4253.00000000	-1.71168657924E-5	-1.14704376698E-5	2.06048061114E-5	-146.172976692
4253.00000000	-1.71051305060E-5	-1.14732264979E-5	2.05966117578E-5	-146.148358742
4253.00000000	-1.70891999868E-5	-1.14729056328E-5	2.05832048002E-5	-146.124398658
4253.00000000	-1.70719125366E-5	-1.14699012132E-5	2.05671785011E-5	-146.104504067
4253.00000000	-1.70617407221E-5	-1.14686487813E-5	2.05580373902E-5	-146.091591701
4253.00000000	-1.70587489109E-5	-1.14736272253E-5	2.05583325226E-5	-146.075424969
4253.00000000	-1.70574460940E-5	-1.14854773739E-5	2.05638677723E-5	-146.046002218
4253.00000000	-1.70571948822E-5	-1.14989354832E-5	2.05711792198E-5	-146.014518847
5260.00000000	-0.00566007377747	0.00535148120132	0.00778940217311	136.605261537
5260.00000000	-0.00566006422410	0.00535145657510	0.00778937831255	136.605344883
5260.00000000	-0.00566003874810	0.00535144503514	0.00778935187253	136.605277821
5260.00000000	-0.00566000072127	0.00535145542164	0.00778933137661	136.605030137
5260.00000000	-0.00565997021043	0.00535148659891	0.00778933062601	136.604709311
5260.00000000	-0.00565996449039	0.00535153657795	0.00778936080674	136.604413274
5260.00000000	-0.00565997837443	0.00535159375485	0.00778941017767	136.604177840
5260.00000000	-0.00565999082322	0.00535164214336	0.00778945246790	136.603982126
5260.00000000	-0.00565998443460	0.00535166919440	0.00778946641087	136.603805262
5260.00000000	-0.00565995486166	0.00535166836625	0.00778944435363	136.603660239
5260.00000000	-0.00565991005199	0.00535164229670	0.00778939388326	136.603573123
5260.00000000	-0.00565985930053	0.00535159578319	0.00778932504961	136.603565246
5260.00000000	-0.00565980962671	0.00535153661109	0.00778924830201	136.603630473
5260.00000000	-0.00565976695310	0.00535148021667	0.00778917854930	136.603716232
5260.00000000	-0.00565974227491	0.00535143358925	0.00778912858275	136.603840734
5260.00000000	-0.00565974609709	0.00535139463447	0.00778910459664	136.604068261
5260.00000000	-0.00565977316619	0.00535136433693	0.00778910345028	136.604367001
5260.00000000	-0.00565980426747	0.00535134555497	0.00778911314559	136.604624567
5260.00000000	-0.00565981953546	0.00535133619239	0.00778911780743	136.604751770
5260.00000000	-0.00565980545095	0.00535133130073	0.00778910421248	136.604706737
5260.00000000	-0.00565976171185	0.00535132579797	0.00778906864978	136.604515105
5260.00000000	-0.00565970633758	0.00535130654146	0.00778901518347	136.604338183
5260.00000000	-0.00565966663549	0.00535127607199	0.00778896540136	136.604300397
5260.00000000	-0.00565965569598	0.00535125660220	0.00778894407604	136.604349178
5260.00000000	-0.00565966538391	0.00535126168052	0.00778895460452	136.604370996
5260.00000000	-0.00565967342240	0.00535128383361	0.00778897566539	136.604293211
5260.00000000	-0.00565966472709	0.00535130570993	0.00778898437694	136.604132336
5260.00000000	-0.00565964566174	0.00535131780585	0.00778897883394	136.603971329
5260.00000000	-0.00565963032620	0.00535132750405	0.00778897435384	136.603841988
5260.00000000	-0.00565962962897	0.00535134508429	0.00778898592554	136.603744498
5260.00000000	-0.00565964792198	0.00535137559502	0.00778902017970	136.603673868
5260.00000000	-0.00565968100303	0.00535142134732	0.00778907565072	136.603596510
5260.00000000	-0.00565972061821	0.00535148046503	0.00778914505217	136.603480739
5260.00000000	-0.00565975666313	0.00535153796526	0.00778921074817	136.603355571
5260.00000000	-0.00565977812127	0.00535156541422	0.00778924519865	136.603317306
5260.00000000	-0.00565978528273	0.00535154409078	0.00778923575213	136.603467468
5260.00000000	-0.00565979020754	0.00535148663510	0.00778919985615	136.603799448
5260.00000000	-0.00565979994178	0.00535141407755	0.00778915707958	136.604236455
5260.00000000	-0.00565981756898	0.00535134448532	0.00778912207600	136.604697507
5260.00000000	-0.00565984235994	0.00535129620892	0.00778910692281	136.605080831
5260.00000000	-0.00565986266713	0.00535127589052	0.00778910771959	136.605292059
5260.00000000	-0.00565987108547	0.00535127895175	0.00778911593979	136.605318240
5260.00000000	-0.00565987498765	0.00535129993590	0.00778913319182	136.605225799
5260.00000000	-0.00565988842104	0.00535132443881	0.00778915978704	136.605162717
5260.00000000	-0.00565991352568	0.00535133486225	0.00778918519013	136.605233873
5260.00000000	-0.00565993793813	0.00535132044559	0.00778919302462	136.605434301
5260.00000000	-0.00565995299862	0.00535127819650	0.00778917494238	136.605736233
5260.00000000	-0.00565995978237	0.00535121717802	0.00778913795131	136.606096664
5260.00000000	-0.00565995696144	0.00535115468627	0.00778909296913	136.606416436
5260.00000000	-0.00565994497089	0.00535109617990	0.00778904406202	136.606668569
5260.00000000	-0.00565992948305	0.00535103437295	0.00778899034623	136.606920675
5260.00000000	-0.00565992037516	0.00535097517512	0.00778894305911	136.607191079
5260.00000000	-0.00565994009508	0.00535094175527	0.00778893442958	136.607469376
5260.00000000	-0.00565999388653	0.00535094476172	0.00778897558338	136.607725142
5260.00000000	-0.00566005752703	0.00535097461154	0.00778904233540	136.607887189
5260.00000000	-0.00566010878497	0.00535101631806	0.00778910823482	136.607923283
5260.00000000	-0.00566014273823	0.00535105836957	0.00778916179648	136.607870084
5260.00000000	-0.00566016317447	0.00535109687631	0.00778920310053	136.607767528
5260.00000000	-0.00566016751103	0.00535112300306	0.00778922420057	136.607649790
5260.00000000	-0.00566015445058	0.00535112229288	0.00778921422210	136.607587587
5260.00000000	-0.00566013171354	0.00535109556353	0.00778917933704	136.607615562
5260.00000000	-0.00566010873360	0.00535105998933	0.00778913819916	136.607689588
5260.00000000	-0.00566009236678	0.00535103231234	0.00778910729213	136.607754821
5260.00000000	-0.00566007618684	0.00535102214531	0.00778908855004	136.607727402
5260.00000000	-0.00566004177586	0.00535102252384	0.00778906380480	136.607551485
5260.00000000	-0.00565998623643	0.00535101752975	0.00778902001540	136.607297512
5260.00000000	-0.00565992121541	0.00535100178258	0.00778896194893	136.607053099
5260.00000000	-0.00565985388712	0.00535098190744	0.00778889937008	136.606819088
5260.00000000	-0.00565978699686	0.00535096268932	0.00778883756105	136.606583775
5260.00000000	-0.00565972738636	0.00535094808524	0.00778878421185	136.606360584
5260.00000000	-0.00565968517172	0.00535094931248	0.00778875437973	136.606140681
5260.00000000	-0.00565966667953	0.00535097081170	0.00778875571263	136.605932303
5260.00000000	-0.00565967040859	0.00535100478180	0.00778878176024	136.605769567
5260.00000000	-0.00565969870699	0.00535105073897	0.00778883389635	136.605666926
5260.00000000	-0.00565975303403	0.00535111826100	0.00778891976140	136.605580560
5260.00000000	-0.00565982078328	0.00535120427785	0.00778902808585	136.605463169
5260.00000000	-0.00565987913033	0.00535129458746	0.00778913252755	136.605275322
5260.00000000	-0.00565990815658	0.00535137927777	0.00778921180322	136.604969339
5260.00000000	-0.00565989905336	0.00535145074204	0.00778925428643	136.604541363
5260.00000000	-0.00565985852542	0.00535150308318	0.00778926079785	136.604056793
5260.00000000	-0.00565980334018	0.00535152744752	0.00778923743835	136.603647680
5260.00000000	-0.00565975350435	0.00535152336973	0.00778919842518	136.603417618
5260.00000000	-0.00565972039094	0.00535150250452	0.00778916002914	136.603361792
5260.00000000	-0.00565970198214	0.00535148325431	0.00778913342727	136.603371648
5260.00000000	-0.00565969167168	0.00535148149733	0.00778912472841	136.603328931
5260.00000000	-0.00565968363418	0.00535149386504	0.00778912738544	136.603222207
5260.00000000	-0.00565966938639	0.00535149858240	0.00778912027386	136.603124988
5260.00000000	-0.00565964370083	0.00535148675971	0.00778909348767	136.603058368
5260.00000000	-0.00565960145938	0.00535147084098	0.00778905185763	136.602929968
5260.00000000	-0.00565954894138	0.00535145802153	0.00778900488998	136.602733065
5260.00000000	-0.00565951285026	0.00535144264960	0.00778896810459	136.602632824
5260.00000000	-0.00565951610569	0.00535142772207	0.00778896021399	136.602729063
5260.00000000	-0.00565955861445	0.00535142661607	0.00778899034135	136.602949812
5260.00000000	-0.00565962094770	0.00535144548885	0.00778904859991	136.603163965
5260.00000000	-0.00565967308390	0.00535147093324	0.00778910396425	136.603291456
5260.00000000	-0.00565969202841	0.00535148282337	0.00778912589866	136.603323647
5260.00000000	-0.00565968413033	0.00535147800393	0.00778911684864	136.603309491
5260.00000000	-0.00565966844468	0.00535146544695	0.00778909682400	136.603297334
5260.00000000	-0.00565965107829	0.00535145773186	0.00778907890472	136.603250803
5260.00000000	-0.00565963469685	0.00535146417768	0.00778907143033	136.603133561
5270.00000000	0.000971774921140	-0.000449637713365	0.00107075700821	-24.8298570394
5270.00000000	0.000971779744477	-0.000449612849119	0.00107075094484	-24.8285411663
5270.00000000	0.000971784518809	-0.000449571607697	0.00107073796115	-24.8264310219
5270.00000000	0.000971785063084	-0.000449527971586	0.00107072013434	-24.8242995564
5270.00000000	0.000971792490661	-0.000449496947709	0.00107071385108	-24.8226259426
5270.00000000	0.000971803991108	-0.000449501994691	0.00107072640780	-24.8226127089
5270.00000000	0.000971801498167	-0.000449551806015	0.00107074505749	-24.8250878718
5270.00000000	0.000971783771051	-0.000449623047264	0.00107075888150	-24.8289459518
5270.00000000	0.000971768651291	-0.000449677447113	0.00107076800385	-24.8319274960
5270.00000000	0.000971772890161	-0.000449692874654	0.00107077832980	-24.8325814248
5270.00000000	0.000971801401342	-0.000449676367293	0.00107079727257	-24.8311391353
5270.00000000	0.000971847877719	-0.000449649580462	0.00107082820407	-24.8287940771
5270.00000000	0.000971893253749	-0.000449629500404	0.00107086095471	-24.8267995528
5270.00000000	0.000971915942632	-0.000449619490497	0.00107087734395	-24.8258037796
5270.00000000	0.000971907030806	-0.000449610165702	0.00107086534057	-24.8255511677
5270.00000000	0.000971869974348	-0.000449595645674	0.00107082561216	-24.8256785215
5270.00000000	0.000971820182065	-0.000449576052929	0.00107077219502	-24.8258456598
5270.00000000	0.000971784937757	-0.000449553644064	0.00107073079910	-24.8255491938
5270.00000000	0.000971780024895	-0.000449532350372	0.00107071740007	-24.8246254100
5270.00000000	0.000971801142685	-0.000449513948992	0.00107072884115	-24.8232572845
5270.00000000	0.000971830373960	-0.000449500695907	0.00107074980802	-24.8219569665
5270.00000000	0.000971847153965	-0.000449493641418	0.00107076207644	-24.8212374254
5270.00000000	0.000971837090107	-0.000449502788764	0.00107075678229	-24.8219077416
5270.00000000	0.000971799871044	-0.000449532701734	0.00107073555993	-24.8241966099
5270.00000000	0.000971753210064	-0.000449575765948	0.00107071129190	-24.8273364210
5270.00000000	0.000971708234839	-0.000449624547679	0.00107069095799	-24.8307161684
5270.00000000	0.000971666171462	-0.000449673137920	0.00107067318997	-24.8340212995
5270.00000000	0.000971627670028	-0.000449712386846	0.00107065473429	-24.8367928139
5270.00000000	0.000971599165051	-0.000449730800590	0.00107063660059	-24.8383278402
5270.00000000	0.000971584872410	-0.000449731417060	0.00107062388904	-24.8386790781
5270.00000000	0.000971588357099	-0.000449736285532	0.00107062909645	-24.8388371811
5270.00000000	0.000971614247267	-0.000449757049185	0.00107066131376	-24.8392635439
5270.00000000	0.000971653416478	-0.000449787829273	0.00107070978940	-24.8398777888
5270.00000000	0.000971688926974	-0.000449817802959	0.00107075460618	-24.8405350645
5270.00000000	0.000971709235658	-0.000449841765932	0.00107078310271	-24.8412421429
5270.00000000	0.000971708702686	-0.000449857377484	0.00107078917764	-24.8420121766
5270.00000000	0.000971692051543	-0.000449859476621	0.00107077494915	-24.8424884224
5270.00000000	0.000971676762739	-0.000449839922235	0.00107075285985	-24.8418825986
5270.00000000	0.000971680684059	-0.000449792889365	0.00107073666001	-24.8395105609
5270.00000000	0.000971706707174	-0.000449731204606	0.00107073436536	-24.8359301623
5270.00000000	0.000971744942797	-0.000449677653329	0.00107074657401	-24.8324702876
5270.00000000	0.000971781933268	-0.000449642833789	0.00107076552233	-24.8299481396
5270.00000000	0.000971807833895	-0.000449630779842	0.00107078396710	-24.8287808026
5270.00000000	0.000971822081131	-0.000449637061459	0.00107079953512	-24.8287657380
5270.00000000	0.000971829209337	-0.000449650068949	0.00107081146643	-24.8292372394
5270.00000000	0.000971830177919	-0.000449653942905	0.00107081397221	-24.8294035993
5270.00000000	0.000971822550353	-0.000449638034733	0.00107080036966	-24.8288024592
5270.00000000	0.000971807925160	-0.000449603048645	0.00107077240567	-24.8274320466
5270.00000000	0.000971796333140	-0.000449556232733	0.00107074222831	-24.8254188972
5270.00000000	0.000971801601992	-0.000449507271086	0.00107072645451	-24.8229226397
5270.00000000	0.000971820255058	-0.000449465718518	0.00107072594078	-24.8204855090
5270.00000000	0.000971833400134	-0.000449443165781	0.00107072840482	-24.8190948923
5270.00000000	0.000971837237425	-0.000449443132428	0.00107073187369	-24.8190070813
5270.00000000	0.000971843952438	-0.000449456143991	0.00107074343017	-24.8194881999
5270.00000000	0.000971862987776	-0.000449471448690	0.00107076713164	-24.8198039457
5270.00000000	0.000971890618264	-0.000449488157267	0.00107079922366	-24.8199948023
5270.00000000	0.000971913596637	-0.000449515582761	0.00107083159202	-24.8208105862
5270.00000000	0.000971925770486	-0.000449555738455	0.00107085949840	-24.8224872001
5270.00000000	0.000971935657333	-0.000449596502445	0.00107088558539	-24.8242446370
5270.00000000	0.000971949515037	-0.000449622360759	0.00107090901905	-24.8251890029
5270.00000000	0.000971960955330	-0.000449635459668	0.00107092490179	-24.8255680728
5270.00000000	0.000971962362314	-0.000449652573837	0.00107093336437	-24.8263674773
5270.00000000	0.000971949117213	-0.000449682123115	0.00107093375066	-24.8280998151
5270.00000000	0.000971922298156	-0.000449716672460	0.00107092391847	-24.8303798920
5270.00000000	0.000971892024138	-0.000449741135459	0.00107090671653	-24.8322478963
5270.00000000	0.000971870434600	-0.000449748081212	0.00107089004020	-24.8330702561
5270.00000000	0.000971854651985	-0.000449752441896	0.00107087754836	-24.8336366339
5270.00000000	0.000971831432603	-0.000449771839586	0.00107086462313	-24.8351002846
5270.00000000	0.000971792163002	-0.000449804063516	0.00107084252046	-24.8375474804
5270.00000000	0.000971740637516	-0.000449835867425	0.00107080912128	-24.8402498643
5270.00000000	0.000971682194006	-0.000449858437762	0.00107076556733	-24.8426595805
5270.00000000	0.000971625451030	-0.000449867800885	0.00107071800926	-24.8443899305
5270.00000000	0.000971590572314	-0.000449860083246	0.00107068311592	-24.8447993654
5270.00000000	0.000971591427604	-0.000449837436924	0.00107067437713	-24.8436804068
5270.00000000	0.000971620630862	-0.000449809345595	0.00107068907611	-24.8416596887
5270.00000000	0.000971664030844	-0.000449784976606	0.00107071822344	-24.8395006567
5270.00000000	0.000971701882154	-0.000449768850018	0.00107074579907	-24.8378667142
5270.00000000	0.000971721695315	-0.000449762627074	0.00107076116565	-24.8371191945
5270.00000000	0.000971726002608	-0.000449768382235	0.00107076749194	-24.8373018534
5270.00000000	0.000971721554707	-0.000449780323581	0.00107076847141	-24.8379816926
5270.00000000	0.000971704220175	-0.000449790616344	0.00107075706398	-24.8388711350
5270.00000000	0.000971663781914	-0.000449799687746	0.00107072417745	-24.8402206374
5270.00000000	0.000971601131265	-0.000449814470958	0.00107067353407	-24.8423469736
5270.00000000	0.000971536504734	-0.000449837441156	0.00107062453899	-24.8449155267
5270.00000000	0.000971490715646	-0.000449863712303	0.00107059402681	-24.8472209972
5270.00000000	0.000971464094288	-0.000449887384694	0.00107057981739	-24.8489693044
5270.00000000	0.000971438898422	-0.000449905782214	0.00107056468569	-24.8504294293
5270.00000000	0.000971398325562	-0.000449923383973	0.00107053526721	-24.8521968298
5270.00000000	0.000971337675962	-0.000449953358998	0.00107049283324	-24.8550168894
5270.00000000	0.000971267634500	-0.000449997395613	0.00107044779129	-24.8587314090
5270.00000000	0.000971212571288	-0.000450035978491	0.00107041405099	-24.8618442924
5270.00000000	0.000971198520677	-0.000450045070132	0.00107040512504	-24.8626020440
5270.00000000	0.000971234918045	-0.000450022621934	0.00107042871144	-24.8606927331
5270.00000000	0.000971307224141	-0.000449987278877	0.00107047946025	-24.8573493163
5270.00000000	0.000971388857056	-0.000449955064585	0.00107053999073	-24.8539483529
5270.00000000	0.000971460037365	-0.000449930358452	0.00107059419560	-24.8511474775
5270.00000000	0.000971514521869	-0.000449906267833	0.00107063351154	-24.8487522360
5270.00000000	0.000971548047028	-0.000449882418199	0.00107065391135	-24.8468401684
5270.00000000	0.000971556670196	-0.000449877804908	0.00107065979786	-24.8464222385
5270.00000000	0.000971549560775	-0.000449908025765	0.00107066604536	-24.8480496478
5274.00000000	0.000889516638371	-0.00289165998706	0.00302538217928	-72.9013418502
5274.00000000	0.000889549308682	-0.00289162803771	0.00302536124802	-72.9005725694
5274.00000000	0.000889566773698	-0.00289161425177	0.00302535320680	-72.9001796612
5274.00000000	0.000889573125045	-0.00289162587787	0.00302536618649	-72.9001294351
5274.00000000	0.000889578420185	-0.00289165260207	0.00302539328629	-72.9001824031
5274.00000000	0.000889583649359	-0.00289167885321	0.00302541991454	-72.9002339299
5274.00000000	0.000889581860440	-0.00289169878028	0.00302543843472	-72.9003772740
5274.00000000	0.000889576399727	-0.00289171248344	0.00302544992651	-72.9005524219
5274.00000000	0.000889574581815	-0.00289171586047	0.00302545261974	-72.9006041320
5274.00000000	0.000889581485212	-0.00289170155909	0.00302544098037	-72.9003995396
5274.00000000	0.000889601657910	-0.00289166596861	0.00302541289476	-72.8998362093
5274.00000000	0.000889637256941	-0.00289162089000	0.00302538027699	-72.8989407968
5274.00000000	0.000889686432704	-0.00289158394345	0.00302535942502	-72.8978449011
5274.00000000	0.000889736164576	-0.00289156440660	0.00302535537748	-72.8968358914
5274.00000000	0.000889775713619	-0.00289155917681	0.00302536201033	-72.8960908872
5274.00000000	0.000889797776624	-0.00289156353154	0.00302537266138	-72.8957157839
5274.00000000	0.000889799319238	-0.00289157437794	0.00302538348175	-72.8957482758
5274.00000000	0.000889798474684	-0.00289158406840	0.00302539249523	-72.8958175384
5274.00000000	0.000889813951683	-0.00289158602666	0.00302539891885	-72.8955483021
5274.00000000	0.000889840540295	-0.00289158433254	0.00302540511987	-72.8950575964
5274.00000000	0.000889859134324	-0.00289158710173	0.00302541323554	-72.8947364602
5274.00000000	0.000889857831311	-0.00289159490032	0.00302542030593	-72.8948034853
5274.00000000	0.000889836619152	-0.00289160138114	0.00302542026108	-72.8952235338
5274.00000000	0.000889808056633	-0.00289160027278	0.00302541080107	-72.8957343565
5274.00000000	0.000889787350556	-0.00289159731289	0.00302540188225	-72.8960926630
5274.00000000	0.000889778431363	-0.00289160419832	0.00302540583999	-72.8962924566
5274.00000000	0.000889773053326	-0.00289162389794	0.00302542308670	-72.8964995238
5274.00000000	0.000889761167119	-0.00289164963410	0.00302544418903	-72.8968580104
5274.00000000	0.000889745691443	-0.00289167332631	0.00302546228229	-72.8972700793
5274.00000000	0.000889737899192	-0.00289169007862	0.00302547600222	-72.8975044207
5274.00000000	0.000889745672844	-0.00289170246803	0.00302549012988	-72.8974327151
5274.00000000	0.000889770015608	-0.00289171940368	0.00302551347548	-72.8970864264
5274.00000000	0.000889802175878	-0.00289174864449	0.00302555088126	-72.8966671794
5274.00000000	0.000889830872299	-0.00289178784226	0.00302559678509	-72.8963660913
5274.00000000	0.000889848477491	-0.00289182167977	0.00302563430382	-72.8962359020
5274.00000000	0.000889854806316	-0.00289183152548	0.00302564557542	-72.8961761894
5274.00000000	0.000889855254041	-0.00289181371487	0.00302562868420	-72.8960688915
5274.00000000	0.000889858212946	-0.00289177477093	0.00302559233290	-72.8957984386
5274.00000000	0.000889876811268	-0.00289171993011	0.00302554538776	-72.8951563681
5274.00000000	0.000889919392456	-0.00289165675524	0.00302549753185	-72.8940337675
5274.00000000	0.000889981299700	-0.00289159865224	0.00302546020953	-72.8925895838
5274.00000000	0.000890046014038	-0.00289155548444	0.00302543798924	-72.8911777653
5274.00000000	0.000890100348175	-0.00289153265676	0.00302543215673	-72.8900671369
5274.00000000	0.000890142555902	-0.00289152570282	0.00302543792862	-72.8892644381
5274.00000000	0.000890171295058	-0.00289152333246	0.00302544411892	-72.8887310594
5274.00000000	0.000890182934448	-0.00289151801798	0.00302544246435	-72.8884907772
5274.00000000	0.000890184489005	-0.00289150600478	0.00302543144033	-72.8883957003
5274.00000000	0.000890192749086	-0.00289148861126	0.00302541724718	-72.8881492735
5274.00000000	0.000890216404786	-0.00289147181427	0.00302540815430	-72.8876275105
5274.00000000	0.000890247735530	-0.00289145779970	0.00302540397932	-72.8869823333
5274.00000000	0.000890271200853	-0.00289144555535	0.00302539918203	-72.8864893816
5274.00000000	0.000890277480705	-0.00289143607977	0.00302539197395	-72.8863229113
5274.00000000	0.000890270685811	-0.00289142928499	0.00302538348050	-72.8864080306
5274.00000000	0.000890264918364	-0.00289142446436	0.00302537717615	-72.8864855555
5274.00000000	0.000890273596963	-0.00289142503584	0.00302538027615	-72.8863316590
5274.00000000	0.000890298093787	-0.00289143604832	0.00302539800974	-72.8859496449
5274.00000000	0.000890327572249	-0.00289145343565	0.00302542330203	-72.8855129979
5274.00000000	0.000890350297700	-0.00289146318674	0.00302543930908	-72.8851560248
5274.00000000	0.000890368638954	-0.00289145339347	0.00302543534716	-72.8847694790
5274.00000000	0.000890391486816	-0.00289142512182	0.00302541505167	-72.8841983757
5274.00000000	0.000890416940603	-0.00289139193688	0.00302539082777	-72.8835527130
5274.00000000	0.000890438775725	-0.00289136788540	0.00302537426809	-72.8830234467
5274.00000000	0.000890449855350	-0.00289135544997	0.00302536564451	-72.8827535943
5274.00000000	0.000890447642336	-0.00289135069819	0.00302536045186	-72.8827671620
5274.00000000	0.000890436763768	-0.00289134987376	0.00302535646210	-72.8829594645
5274.00000000	0.000890427734500	-0.00289134759861	0.00302535163020	-72.8831102095
5274.00000000	0.000890425895518	-0.00289134449446	0.00302534812230	-72.8831261920
5274.00000000	0.000890428337821	-0.00289134744790	0.00302535166374	-72.8830984496
5274.00000000	0.000890429638423	-0.00289136006598	0.00302536410571	-72.8831452425
5274.00000000	0.000890423890837	-0.00289137500615	0.00302537669251	-72.8833325474
5274.00000000	0.000890405516458	-0.00289137538163	0.00302537164349	-72.8836672091
5274.00000000	0.000890379376178	-0.00289135531204	0.00302534476944	-72.8840284774
5274.00000000	0.000890365444407	-0.00289132982287	0.00302531630895	-72.8841385706
5274.00000000	0.000890378399492	-0.00289131774537	0.00302530857914	-72.8838367655
5274.00000000	0.000890409175507	-0.00289132902721	0.00302532841910	-72.8833426058
5274.00000000	0.000890442721521	-0.00289135664324	0.00302536468524	-72.8828893651
5274.00000000	0.000890475409067	-0.00289138621931	0.00302540257212	-72.8824625985
5274.00000000	0.000890508325588	-0.00289141323330	0.00302543807797	-72.8820174168
5274.00000000	0.000890538157095	-0.00289144308621	0.00302547538910	-72.8816439055
5274.00000000	0.000890557598691	-0.00289147575664	0.00302551233477	-72.8814741516
5274.00000000	0.000890559282469	-0.00289150266800	0.00302553854952	-72.8815936873
5274.00000000	0.000890538476242	-0.00289151687671	0.00302554600460	-72.8820494479
5274.00000000	0.000890498326211	-0.00289151522285	0.00302553260649	-72.8827668849
5274.00000000	0.000890455711975	-0.00289150477661	0.00302551008065	-72.8834799219
5274.00000000	0.000890426113281	-0.00289149806196	0.00302549495216	-72.8839781998
5274.00000000	0.000890408444386	-0.00289149967804	0.00302549129662	-72.8843069953
5274.00000000	0.000890391062078	-0.00289150379382	0.00302549011452	-72.8846445363
5274.00000000	0.000890367768401	-0.00289150203673	0.00302548158008	-72.8850563372
5274.00000000	0.000890332941063	-0.00289149278441	0.00302546248832	-72.8856351197
5274.00000000	0.000890289197176	-0.00289147869436	0.00302543614947	-72.8863483343
5274.00000000	0.000890250759697	-0.00289147073448	0.00302541723131	-72.8869996784
5274.00000000	0.000890231498649	-0.00289148037726	0.00302542077954	-72.8874020329
5274.00000000	0.000890243404563	-0.00289150639090	0.00302544914484	-72.8873315024
5274.00000000	0.000890292539561	-0.00289153543684	0.00302549136315	-72.8866040517
5274.00000000	0.000890368195360	-0.00289154911528	0.00302552669950	-72.8853109831
5274.00000000	0.000890449460611	-0.00289153583923	0.00302553792762	-72.8837661928
5274.00000000	0.000890518669265	-0.00289150149558	0.00302552547490	-72.8823221904
5274.00000000	0.000890560456433	-0.00289146759670	0.00302550537751	-72.8813769447
5274.00000000	0.000890566205388	-0.00289145895671	0.00302549881251	-72.8812247344
5274.00000000	0.000890541658941	-0.00289148594795	0.00302551738278	-72.8818194467
