DevNumber	X [V]	Y [V]	R [V]	Theta [°]
4253.00000000	0.00508044356576	0.00262042971592	0.00571642884334	27.2841218052
4253.00000000	0.00508045716365	0.00262042565166	0.00571643906532	27.2840231248
4253.00000000	0.00508049270573	0.00262040674339	0.00571646198569	27.2836913936
4253.00000000	0.00508053930012	0.00262038728047	0.00571649447474	27.2833039455
4253.00000000	0.00508058572855	0.00262038196190	0.00571653330012	27.2830432597
4253.00000000	0.00508062013508	0.00262039357332	0.00571656920155	27.2829886175
4253.00000000	0.00508062728807	0.00262041473300	0.00571658525811	27.2831442395
4253.00000000	0.00508059449964	0.00262043831940	0.00571656692915	27.2835049815
4253.00000000	0.00508053188157	0.00262045782948	0.00571652022088	27.2839664663
4253.00000000	0.00508047340703	0.00262046451285	0.00571647131565	27.2842946630
4253.00000000	0.00508044479758	0.00262045281412	0.00571644052643	27.2843219012
4253.00000000	0.00508044417285	0.00262042574499	0.00571642756261	27.2840836433
4253.00000000	0.00508045929905	0.00262039405417	0.00571642647888	27.2837318464
4253.00000000	0.00508048153948	0.00262036643655	0.00571643358527	27.2833836472
4253.00000000	0.00508050604716	0.00262034368764	0.00571644493865	27.2830684025
4253.00000000	0.00508053221712	0.00262033199728	0.00571646283860	27.2828440308
4253.00000000	0.00508055460748	0.00262033782877	0.00571648541120	27.2827931083
4253.00000000	0.00508056591990	0.00262035496083	0.00571650331822	27.2828937458
4253.00000000	0.00508056581274	0.00262037070837	0.00571651044142	27.2830345150
4253.00000000	0.00508056107203	0.00262037402719	0.00571650774941	27.2830858590
4253.00000000	0.00508056585071	0.00262036401127	0.00571650740531	27.2829746838
4253.00000000	0.00508058502655	0.00262035107566	0.00571651851845	27.2827713553
4253.00000000	0.00508060872213	0.00262034794862	0.00571653814464	27.2826346361
4253.00000000	0.00508063474939	0.00262035401272	0.00571656405621	27.2825690785
4253.00000000	0.00508066742327	0.00262035984163	0.00571659576719	27.2824708905
4253.00000000	0.00508070447516	0.00262036221891	0.00571662978705	27.2823218444
4253.00000000	0.00508074106278	0.00262037047112	0.00571666608724	27.2822272649
4253.00000000	0.00508076887346	0.00262038476860	0.00571669735783	27.2822268573
4253.00000000	0.00508077124566	0.00262039260590	0.00571670305856	27.2822857708
4253.00000000	0.00508073749797	0.00262038939643	0.00571667159387	27.2824122222
4253.00000000	0.00508067552430	0.00262037753736	0.00571661107839	27.2825913019
4253.00000000	0.00508060792902	0.00262035983268	0.00571654288720	27.2827441411
4253.00000000	0.00508055771354	0.00262033707854	0.00571648782783	27.2827721551
4253.00000000	0.00508053503454	0.00262031699005	0.00571645846356	27.2826974029
4253.00000000	0.00508053858678	0.00262030901465	0.00571645796486	27.2826100383
4253.00000000	0.00508056412839	0.00262031087454	0.00571648151768	27.2825092602
4253.00000000	0.00508059863837	0.00262031456683	0.00571651388114	27.2823836030
4253.00000000	0.00508062611104	0.00262031979330	0.00571654069341	27.2823039442
4253.00000000	0.00508063918937	0.00262032764213	0.00571655591459	27.2823137759
4253.00000000	0.00508063388787	0.00262033619241	0.00571655512208	27.2824142965
4253.00000000	0.00508060196117	0.00262034411566	0.00571653037885	27.2826315544
4253.00000000	0.00508053969442	0.00262034993988	0.00571647770869	27.2829695086
4253.00000000	0.00508046684348	0.00262034909394	0.00571641257450	27.2832966801
4253.00000000	0.00508041508029	0.00262033725615	0.00571636114360	27.2834290546
4253.00000000	0.00508039933438	0.00262031645797	0.00571633761570	27.2833161279
4253.00000000	0.00508041323843	0.00262029572369	0.00571634046858	27.2830675426
4253.00000000	0.00508044387548	0.00262027937528	0.00571636020352	27.2827811487
4253.00000000	0.00508048307897	0.00262026082785	0.00571638654411	27.2824358105
4253.00000000	0.00508052364420	0.00262023630853	0.00571641135782	27.2820310212
4253.00000000	0.00508055834704	0.00262021314474	0.00571643158286	27.2816652435
4253.00000000	0.00508058842203	0.00262020014462	0.00571645235368	27.2814112681
4253.00000000	0.00508061533519	0.00262019822656	0.00571647539404	27.2812705396
4253.00000000	0.00508063937914	0.00262020557333	0.00571650013097	27.2812255249
4253.00000000	0.00508066475665	0.00262021750469	0.00571652815451	27.2812152236
4253.00000000	0.00508068817466	0.00262022591404	0.00571655282218	27.2811825505
4253.00000000	0.00508070260758	0.00262023044488	0.00571656772644	27.2811566059
4253.00000000	0.00508070700789	0.00262023785738	0.00571657503486	27.2812024207
4253.00000000	0.00508070358731	0.00262024712764	0.00571657624387	27.2813007133
4253.00000000	0.00508069848758	0.00262025506000	0.00571657534728	27.2813948020
4253.00000000	0.00508069634773	0.00262026764233	0.00571657921271	27.2815167143
4253.00000000	0.00508069373935	0.00262028883538	0.00571658660862	27.2817174819
4253.00000000	0.00508068793984	0.00262031879225	0.00571659518552	27.2820109757
4253.00000000	0.00508067533494	0.00262035682751	0.00571660141715	27.2824076939
4253.00000000	0.00508064508301	0.00262039670660	0.00571659281036	27.2829019104
4253.00000000	0.00508060463161	0.00262042911844	0.00571657171629	27.2833764721
4253.00000000	0.00508057800949	0.00262044843523	0.00571655691061	27.2836708527
4253.00000000	0.00508057029954	0.00262045173834	0.00571655157254	27.2837356986
4253.00000000	0.00508056430937	0.00262043593252	0.00571653900346	27.2836224257
4253.00000000	0.00508055249169	0.00262040712234	0.00571651529410	27.2834200862
4253.00000000	0.00508054166446	0.00262037660846	0.00571649168411	27.2831980181
4253.00000000	0.00508053503635	0.00262035630213	0.00571647648519	27.2830475838
4253.00000000	0.00508053771114	0.00262035467280	0.00571647811555	27.2830207809
4253.00000000	0.00508055356947	0.00262036565009	0.00571649724153	27.2830457065
4253.00000000	0.00508057347393	0.00262037760091	0.00571652040977	27.2830607145
4253.00000000	0.00508058494413	0.00262038895949	0.00571653581057	27.2831091967
4253.00000000	0.00508058303559	0.00262040136845	0.00571653980247	27.2832285016
4253.00000000	0.00508057497930	0.00262040797472	0.00571653567069	27.2833243623
4253.00000000	0.00508056760883	0.00262040069880	0.00571652578496	27.2832934126
4253.00000000	0.00508056612195	0.00262038071322	0.00571651530232	27.2831222159
4253.00000000	0.00508057727729	0.00262035321356	0.00571651261123	27.2828260019
4253.00000000	0.00508060899087	0.00262032452769	0.00571652764784	27.2824247713
4253.00000000	0.00508066066809	0.00262029862902	0.00571656170522	27.2819566550
4253.00000000	0.00508071617067	0.00262027288144	0.00571659923207	27.2814723162
4253.00000000	0.00508075917369	0.00262024503256	0.00571662468697	27.2810266879
4253.00000000	0.00508078141315	0.00262021819250	0.00571663215054	27.2806854350
4253.00000000	0.00508077813060	0.00262020181463	0.00571662172631	27.2805546228
4253.00000000	0.00508075842476	0.00262020873294	0.00571660738332	27.2807067767
4253.00000000	0.00508074782430	0.00262023903374	0.00571661185039	27.2810253899
4253.00000000	0.00508075876446	0.00262028029347	0.00571664048537	27.2813426652
4253.00000000	0.00508078247331	0.00262032481165	0.00571668196244	27.2816303034
4253.00000000	0.00508080708304	0.00262036867377	0.00571672393959	27.2819079548
4253.00000000	0.00508082868983	0.00262039895616	0.00571675702342	27.2820784358
4253.00000000	0.00508084790426	0.00262040703849	0.00571677780517	27.2820621585
4253.00000000	0.00508086139362	0.00262040216501	0.00571678756012	27.2819567783
4253.00000000	0.00508085781246	0.00262039810228	0.00571678251509	27.2819370412
4253.00000000	0.00508082064115	0.00262039847869	0.00571674965121	27.2821111584
4253.00000000	0.00508074422971	0.00262040390794	0.00571668422851	27.2825105589
4253.00000000	0.00508065036428	0.00262041354576	0.00571660522293	27.2830276453
4253.00000000	0.00508057310162	0.00262041772451	0.00571653847112	27.2834198380
4253.00000000	0.00508052296331	0.00262040488336	0.00571648802443	27.2835358075
5260.00000000	0.00685830151617	-0.0143649880734	0.0159182028520	-64.4787087121
5260.00000000	0.00685835794386	-0.0143650362486	0.0159182706382	-64.4786001347
5260.00000000	0.00685840365647	-0.0143650593195	0.0159183111531	-64.4784874310
5260.00000000	0.00685843110417	-0.0143650707708	0.0159183333129	-64.4784160353
5260.00000000	0.00685844666863	-0.0143650963562	0.0159183631077	-64.4784051572
5260.00000000	0.00685845521038	-0.0143651285114	0.0159183958056	-64.4784272783
5260.00000000	0.00685845210829	-0.0143651291717	0.0159183950648	-64.4784383782
5260.00000000	0.00685843898141	-0.0143650853748	0.0159183498858	-64.4784130966
5260.00000000	0.00685842499510	-0.0143650181222	0.0159182831695	-64.4783542315
5260.00000000	0.00685841159851	-0.0143649397220	0.0159182066475	-64.4782761626
5260.00000000	0.00685839043416	-0.0143648435072	0.0159181107024	-64.4781956967
5260.00000000	0.00685835227329	-0.0143647247381	0.0159179870809	-64.4781354601
5260.00000000	0.00685829774439	-0.0143645913220	0.0159178431893	-64.4781056744
5260.00000000	0.00685823777083	-0.0143644650850	0.0159177034304	-64.4781047076
5260.00000000	0.00685819127748	-0.0143643845644	0.0159176107350	-64.4781308537
5260.00000000	0.00685817308490	-0.0143643805547	0.0159175992782	-64.4781837299
5260.00000000	0.00685817608000	-0.0143644392125	0.0159176535028	-64.4782649715
5260.00000000	0.00685818534323	-0.0143645151451	0.0159177260171	-64.4783526425
5260.00000000	0.00685819700124	-0.0143645791662	0.0159177888141	-64.4784140611
5260.00000000	0.00685820616531	-0.0143646249440	0.0159178340733	-64.4784552877
5260.00000000	0.00685820725336	-0.0143646546962	0.0159178613913	-64.4784978941
5260.00000000	0.00685820649329	-0.0143646723185	0.0159178769666	-64.4785276922
5260.00000000	0.00685821009295	-0.0143646762122	0.0159178820312	-64.4785220380
5260.00000000	0.00685821313401	-0.0143646654011	0.0159178735853	-64.4784953938
5260.00000000	0.00685820575742	-0.0143646435326	0.0159178506724	-64.4784854404
5260.00000000	0.00685819417458	-0.0143646212680	0.0159178255898	-64.4784885357
5260.00000000	0.00685820283965	-0.0143646296124	0.0159178368534	-64.4784733302
5260.00000000	0.00685823759960	-0.0143646954813	0.0159179112714	-64.4784625731
5260.00000000	0.00685827263559	-0.0143647910122	0.0159180125760	-64.4784969196
5260.00000000	0.00685827964455	-0.0143648542704	0.0159180726814	-64.4785722544
5260.00000000	0.00685825347936	-0.0143648517770	0.0159180591582	-64.4786533775
5260.00000000	0.00685820982142	-0.0143647988036	0.0159179925438	-64.4787130366
5260.00000000	0.00685816314484	-0.0143647206846	0.0159179019368	-64.4787435054
5260.00000000	0.00685812490548	-0.0143646376516	0.0159178105303	-64.4787389474
5260.00000000	0.00685810857204	-0.0143645799701	0.0159177514399	-64.4787025490
5260.00000000	0.00685811793586	-0.0143645774172	0.0159177531705	-64.4786681737
5260.00000000	0.00685814158466	-0.0143646228962	0.0159178044009	-64.4786618862
5260.00000000	0.00685816529686	-0.0143646796615	0.0159178658437	-64.4786728959
5260.00000000	0.00685818290051	-0.0143647261594	0.0159179153890	-64.4786878246
5260.00000000	0.00685819009307	-0.0143647612375	0.0159179501433	-64.4787188610
5260.00000000	0.00685818539966	-0.0143647802972	0.0159179653211	-64.4787636642
5260.00000000	0.00685817204856	-0.0143647759110	0.0159179556106	-64.4788002295
5260.00000000	0.00685814993279	-0.0143647524124	0.0159179248763	-64.4788356249
5260.00000000	0.00685811417084	-0.0143647217020	0.0159178817547	-64.4789041626
5260.00000000	0.00685807026200	-0.0143646942172	0.0159178380339	-64.4790041663
5260.00000000	0.00685803328030	-0.0143646705428	0.0159178007362	-64.4790875784
5260.00000000	0.00685801483386	-0.0143646523784	0.0159177763966	-64.4791193280
5260.00000000	0.00685801307867	-0.0143646463750	0.0159177702228	-64.4791157193
5260.00000000	0.00685801690180	-0.0143646522545	0.0159177771758	-64.4791124187
5260.00000000	0.00685801821288	-0.0143646690268	0.0159177928764	-64.4791341704
5260.00000000	0.00685802109203	-0.0143647040766	0.0159178257469	-64.4791791733
5260.00000000	0.00685802771172	-0.0143647506924	0.0159178706663	-64.4792299621
5260.00000000	0.00685803140020	-0.0143647880784	0.0159179059937	-64.4792759585
5260.00000000	0.00685802865378	-0.0143647928894	0.0159179091520	-64.4792923404
5260.00000000	0.00685802457769	-0.0143647592687	0.0159178770556	-64.4792534422
5260.00000000	0.00685803375583	-0.0143647175063	0.0159178433223	-64.4791588646
5260.00000000	0.00685806583271	-0.0143646942020	0.0159178361118	-64.4790185302
5260.00000000	0.00685810540021	-0.0143646711000	0.0159178323113	-64.4788541779
5260.00000000	0.00685813416604	-0.0143646360305	0.0159178130573	-64.4787063527
5260.00000000	0.00685815793855	-0.0143646112891	0.0159178009724	-64.4785907639
5260.00000000	0.00685818556702	-0.0143646017622	0.0159178042788	-64.4784862450
5260.00000000	0.00685821502907	-0.0143645958966	0.0159178116793	-64.4783814483
5260.00000000	0.00685823434275	-0.0143645831385	0.0159178084874	-64.4782989268
5260.00000000	0.00685823926079	-0.0143645616664	0.0159177912295	-64.4782496519
5260.00000000	0.00685823853167	-0.0143645424603	0.0159177735834	-64.4782222345
5260.00000000	0.00685824178578	-0.0143645421563	0.0159177747111	-64.4782111929
5260.00000000	0.00685824535970	-0.0143645562868	0.0159177890026	-64.4782214982
5260.00000000	0.00685823626325	-0.0143645616286	0.0159177899039	-64.4782593300
5260.00000000	0.00685820995126	-0.0143645481068	0.0159177663649	-64.4783238277
5260.00000000	0.00685817111093	-0.0143645249593	0.0159177287417	-64.4784140931
5260.00000000	0.00685812078700	-0.0143645042342	0.0159176883568	-64.4785454175
5260.00000000	0.00685806840292	-0.0143644977750	0.0159176599583	-64.4787055587
5260.00000000	0.00685803372148	-0.0143645170567	0.0159176624162	-64.4788481167
5260.00000000	0.00685803139864	-0.0143645678942	0.0159177072926	-64.4789345021
5260.00000000	0.00685805985553	-0.0143646384048	0.0159177831837	-64.4789514150
5260.00000000	0.00685810113279	-0.0143647153548	0.0159178704094	-64.4789366702
5260.00000000	0.00685813848584	-0.0143647912750	0.0159179550151	-64.4789330754
5260.00000000	0.00685816843390	-0.0143648562622	0.0159180265643	-64.4789365790
5260.00000000	0.00685819263017	-0.0143649004331	0.0159180768501	-64.4789264838
5260.00000000	0.00685821113658	-0.0143649226516	0.0159181048740	-64.4789008272
5260.00000000	0.00685822962941	-0.0143649365701	0.0159181254020	-64.4788623434
5260.00000000	0.00685824974757	-0.0143649548831	0.0159181505959	-64.4788253951
5260.00000000	0.00685826517512	-0.0143649719138	0.0159181726117	-64.4788016945
5260.00000000	0.00685826928682	-0.0143649694650	0.0159181721734	-64.4787845413
5260.00000000	0.00685825709433	-0.0143649306786	0.0159181319185	-64.4787639955
5260.00000000	0.00685822839994	-0.0143648549316	0.0159180511996	-64.4787397329
5260.00000000	0.00685819563351	-0.0143647674857	0.0159179581689	-64.4787105541
5260.00000000	0.00685817485987	-0.0143646910633	0.0159178802531	-64.4786595150
5260.00000000	0.00685816901291	-0.0143646353312	0.0159178274400	-64.4785920768
5260.00000000	0.00685817491718	-0.0143646094951	0.0159178066687	-64.4785328308
5260.00000000	0.00685819184593	-0.0143646211055	0.0159178244399	-64.4784958478
5260.00000000	0.00685821289800	-0.0143646571572	0.0159178660441	-64.4784833756
5260.00000000	0.00685823164745	-0.0143646895080	0.0159179033165	-64.4784726435
5260.00000000	0.00685825007207	-0.0143647048510	0.0159179251006	-64.4784365904
5260.00000000	0.00685826478975	-0.0143646978034	0.0159179250818	-64.4783778544
5260.00000000	0.00685827552148	-0.0143646822534	0.0159179156729	-64.4783188799
5260.00000000	0.00685828823138	-0.0143646774388	0.0159179168042	-64.4782701286
5260.00000000	0.00685830422987	-0.0143646817399	0.0159179275786	-64.4782248322
5260.00000000	0.00685831593395	-0.0143646922821	0.0159179421349	-64.4782031640
5260.00000000	0.00685831136654	-0.0143647054383	0.0159179520394	-64.4782384031
5270.00000000	0.0914273891983	0.0300121764867	0.0962273258129	18.1730647640
5270.00000000	0.0914278160589	0.0300122794715	0.0962277635009	18.1730437546
5270.00000000	0.0914282519726	0.0300123716496	0.0962282064199	18.1730149508
5270.00000000	0.0914287073371	0.0300124473391	0.0962286626770	18.1729732073
5270.00000000	0.0914291554104	0.0300124953373	0.0962291033702	18.1729171530
5270.00000000	0.0914295069085	0.0300124796888	0.0962294324549	18.1728430275
5270.00000000	0.0914296909394	0.0300124032316	0.0962295834606	18.1727656008
5270.00000000	0.0914297393126	0.0300123657316	0.0962296177254	18.1727354039
5270.00000000	0.0914297473413	0.0300124583797	0.0962296542491	18.1727863248
5270.00000000	0.0914297071065	0.0300126216167	0.0962296669322	18.1728861408
5270.00000000	0.0914295068661	0.0300127205986	0.0962295075510	18.1729793201
5270.00000000	0.0914290784288	0.0300126589652	0.0962290812618	18.1730240145
5270.00000000	0.0914284750762	0.0300124259489	0.0962284353302	18.1730042378
5270.00000000	0.0914278283694	0.0300120670767	0.0962277089542	18.1729213128
5270.00000000	0.0914272705554	0.0300116469316	0.0962270479271	18.1727872154
5270.00000000	0.0914268709009	0.0300112517202	0.0962265449475	18.1726378513
5270.00000000	0.0914266334836	0.0300109733765	0.0962262325624	18.1725244734
5270.00000000	0.0914265524776	0.0300108718020	0.0962261239179	18.1724820526
5270.00000000	0.0914266118719	0.0300109331163	0.0962261994724	18.1725057103
5270.00000000	0.0914267314062	0.0300110596073	0.0962263524944	18.1725550722
5270.00000000	0.0914268304923	0.0300111496631	0.0962264747249	18.1725876187
5270.00000000	0.0914269441523	0.0300111969107	0.0962265974512	18.1725932412
5270.00000000	0.0914271516028	0.0300112775933	0.0962268197177	18.1726003615
5270.00000000	0.0914273990182	0.0300114068350	0.0962270951003	18.1726275314
5270.00000000	0.0914275316032	0.0300114954642	0.0962272487139	18.1726530498
5270.00000000	0.0914275162621	0.0300114975691	0.0962272347945	18.1726570894
5270.00000000	0.0914275409709	0.0300114953691	0.0962272575848	18.1726512564
5270.00000000	0.0914277098833	0.0300115327239	0.0962274297222	18.1726410217
5270.00000000	0.0914278590130	0.0300115281338	0.0962275699820	18.1726107316
5270.00000000	0.0914277490510	0.0300114215358	0.0962274322588	18.1725708467
5270.00000000	0.0914272859772	0.0300112436121	0.0962269367916	18.1725561841
5270.00000000	0.0914265827335	0.0300110782280	0.0962262170447	18.1725932152
5270.00000000	0.0914258775816	0.0300110015430	0.0962255231484	18.1726807814
5270.00000000	0.0914254687470	0.0300110387561	0.0962251463123	18.1727777568
5270.00000000	0.0914254958162	0.0300111420822	0.0962252042571	18.1728311850
5270.00000000	0.0914258792822	0.0300112513013	0.0962256026596	18.1728217618
5270.00000000	0.0914264339423	0.0300113511661	0.0962261607995	18.1727752552
5270.00000000	0.0914269508498	0.0300114672425	0.0962266881262	18.1727449311
5270.00000000	0.0914272690746	0.0300115945639	0.0962270301875	18.1727578648
5270.00000000	0.0914272998045	0.0300116994887	0.0962270921089	18.1728115166
5270.00000000	0.0914270707181	0.0300117576982	0.0962268926040	18.1728869892
5270.00000000	0.0914266901276	0.0300117711613	0.0962265351965	18.1729652830
5270.00000000	0.0914263466861	0.0300117827163	0.0962262124901	18.1730355991
5270.00000000	0.0914262645665	0.0300118561631	0.0962261573739	18.1730924002
5270.00000000	0.0914264561730	0.0300119771963	0.0962263771717	18.1731252892
5270.00000000	0.0914267018114	0.0300120478391	0.0962266325900	18.1731196368
5270.00000000	0.0914268539823	0.0300119728452	0.0962267537807	18.1730489519
5270.00000000	0.0914268964248	0.0300117513614	0.0962267250282	18.1729157713
5270.00000000	0.0914269050402	0.0300114718492	0.0962266460384	18.1727560442
5270.00000000	0.0914269797208	0.0300112188760	0.0962266380962	18.1725990623
5270.00000000	0.0914271738305	0.0300110276547	0.0962267628860	18.1724548372
5270.00000000	0.0914274497285	0.0300109091565	0.0962269880660	18.1723365657
5270.00000000	0.0914277317422	0.0300108801934	0.0962272469808	18.1722678112
5270.00000000	0.0914279564342	0.0300108992820	0.0962274664192	18.1722368855
5270.00000000	0.0914280689923	0.0300109177608	0.0962275791262	18.1722264378
5270.00000000	0.0914280340099	0.0300109305447	0.0962275498757	18.1722401660
5270.00000000	0.0914278933372	0.0300109543437	0.0962274236416	18.1722797521
5270.00000000	0.0914276529326	0.0300109620219	0.0962271976223	18.1723287383
5270.00000000	0.0914273574535	0.0300109049927	0.0962268990949	18.1723513454
5270.00000000	0.0914271431662	0.0300108429290	0.0962266761395	18.1723560273
5270.00000000	0.0914270691918	0.0300108703369	0.0962266144025	18.1723852697
5270.00000000	0.0914271090623	0.0300109846451	0.0962266879346	18.1724425329
5270.00000000	0.0914271737523	0.0300111386219	0.0962267974201	18.1725176287
5270.00000000	0.0914271506370	0.0300113127732	0.0962268297720	18.1726204430
5270.00000000	0.0914271117536	0.0300115070719	0.0962268534263	18.1727375834
5270.00000000	0.0914272227997	0.0300116860158	0.0962270147432	18.1728181946
5270.00000000	0.0914274282972	0.0300117390495	0.0962272265308	18.1728100356
5270.00000000	0.0914274794220	0.0300115866132	0.0962272275632	18.1727143050
5270.00000000	0.0914273117389	0.0300113011100	0.0962269792008	18.1725839281
5270.00000000	0.0914270613230	0.0300110220837	0.0962266542527	18.1724725781
5270.00000000	0.0914268772235	0.0300108484055	0.0962264251693	18.1724085110
5270.00000000	0.0914269025339	0.0300108531075	0.0962264506837	18.1724064708
5270.00000000	0.0914272223903	0.0300110766452	0.0962268243029	18.1724735348
5270.00000000	0.0914277484463	0.0300114648262	0.0962274451857	18.1725954494
5270.00000000	0.0914282334938	0.0300118908648	0.0962280389132	18.1727463943
5270.00000000	0.0914285449142	0.0300122398137	0.0962284436316	18.1728859694
5270.00000000	0.0914287799126	0.0300124700588	0.0962287387184	18.1729725827
5270.00000000	0.0914290850160	0.0300126063057	0.0962290710967	18.1729930012
5270.00000000	0.0914294252951	0.0300126668392	0.0962294132820	18.1729640557
5270.00000000	0.0914297073149	0.0300126188925	0.0962296662805	18.1728845610
5270.00000000	0.0914299365834	0.0300124157239	0.0962298207482	18.1727270524
5270.00000000	0.0914301072896	0.0300120732207	0.0962298761195	18.1725015964
5270.00000000	0.0914301401359	0.0300117001354	0.0962297909709	18.1722844396
5270.00000000	0.0914299269661	0.0300114004569	0.0962294949712	18.1721544925
5270.00000000	0.0914294796765	0.0300111970263	0.0962290065462	18.1721224674
5270.00000000	0.0914289197798	0.0300110593087	0.0962284316246	18.1721485273
5270.00000000	0.0914283697834	0.0300109575228	0.0962278773157	18.1721930764
5270.00000000	0.0914278898942	0.0300108696897	0.0962273939689	18.1722325007
5270.00000000	0.0914274985123	0.0300107787153	0.0962269937352	18.1722537127
5270.00000000	0.0914272176711	0.0300107032456	0.0962267033644	18.1722631691
5270.00000000	0.0914270773184	0.0300106832138	0.0962265637646	18.1722778999
5270.00000000	0.0914270629780	0.0300107061545	0.0962265572941	18.1722935411
5270.00000000	0.0914271455398	0.0300107447471	0.0962266477740	18.1723000423
5270.00000000	0.0914273600001	0.0300108252888	0.0962268766567	18.1723057820
5270.00000000	0.0914276602205	0.0300109564976	0.0962272028238	18.1723242598
5270.00000000	0.0914278749696	0.0300111054670	0.0962274533218	18.1723686567
5270.00000000	0.0914278523517	0.0300112491592	0.0962274766464	18.1724541467
5270.00000000	0.0914276062926	0.0300113873156	0.0962272859484	18.1725779979
5270.00000000	0.0914273096562	0.0300115254406	0.0962270471866	18.1727112241
5270.00000000	0.0914270485296	0.0300116406905	0.0962268350293	18.1728249155
5274.00000000	0.0823077428835	0.0638797612021	0.104188235563	37.8153524493
5274.00000000	0.0823083110917	0.0638800671027	0.104188871996	37.8152937614
5274.00000000	0.0823086505281	0.0638802634763	0.104189260548	37.8152646260
5274.00000000	0.0823088016481	0.0638803787683	0.104189450619	37.8152637601
5274.00000000	0.0823088876258	0.0638804893980	0.104189586370	37.8152828325
5274.00000000	0.0823088983152	0.0638805068013	0.104189605485	37.8152867889
5274.00000000	0.0823087970894	0.0638803286254	0.104189416274	37.8152435135
5274.00000000	0.0823086518530	0.0638800353552	0.104189121730	37.8151650760
5274.00000000	0.0823085724937	0.0638798118416	0.104188921997	37.8150947312
5274.00000000	0.0823085768068	0.0638797478209	0.104188886152	37.8150654642
5274.00000000	0.0823085710960	0.0638797637515	0.104188891408	37.8150743105
5274.00000000	0.0823084564899	0.0638796691509	0.104188742869	37.8150718539
5274.00000000	0.0823081462556	0.0638793147607	0.104188280504	37.8150224944
5274.00000000	0.0823076267380	0.0638787019872	0.104187494388	37.8149314459
5274.00000000	0.0823070181224	0.0638779929548	0.104186578868	37.8148286179
5274.00000000	0.0823065069537	0.0638774053468	0.104185814777	37.8147456846
5274.00000000	0.0823061718065	0.0638770365486	0.104185323898	37.8146984627
5274.00000000	0.0823060526781	0.0638768799867	0.104185133797	37.8146706110
5274.00000000	0.0823062558320	0.0638769539946	0.104185339663	37.8146342657
5274.00000000	0.0823067556599	0.0638772103560	0.104185891704	37.8145771140
5274.00000000	0.0823073661538	0.0638775225406	0.104186565396	37.8145069022
5274.00000000	0.0823079176314	0.0638778065035	0.104187175163	37.8144443287
5274.00000000	0.0823082643640	0.0638780624331	0.104187605994	37.8144386097
5274.00000000	0.0823083328235	0.0638783173991	0.104187816399	37.8145262959
5274.00000000	0.0823081050444	0.0638785060114	0.104187752093	37.8146850364
5274.00000000	0.0823077296852	0.0638785796502	0.104187500709	37.8148435870
5274.00000000	0.0823075252138	0.0638786472208	0.104187380606	37.8149418839
5274.00000000	0.0823076424122	0.0638787827667	0.104187556297	37.8149612550
5274.00000000	0.0823079410838	0.0638788797405	0.104187851702	37.8149026818
5274.00000000	0.0823081673837	0.0638787875504	0.104187973956	37.8147863298
5274.00000000	0.0823081520310	0.0638784688326	0.104187766418	37.8146530420
5274.00000000	0.0823079265567	0.0638780423982	0.104187326843	37.8145438027
5274.00000000	0.0823076507355	0.0638776735334	0.104186882791	37.8144765487
5274.00000000	0.0823074851590	0.0638774452643	0.104186612032	37.8144332048
5274.00000000	0.0823074925745	0.0638773427288	0.104186555025	37.8143861582
5274.00000000	0.0823076507384	0.0638773206777	0.104186666455	37.8143232504
5274.00000000	0.0823079227404	0.0638773669952	0.104186909735	37.8142516630
5274.00000000	0.0823082727273	0.0638775238923	0.104187282419	37.8142018233
5274.00000000	0.0823086889593	0.0638778423668	0.104187806502	37.8141998451
5274.00000000	0.0823091043241	0.0638782659661	0.104188394351	37.8142438300
5274.00000000	0.0823093755118	0.0638786226311	0.104188827263	37.8143073461
5274.00000000	0.0823093867744	0.0638787587841	0.104188919636	37.8143626990
5274.00000000	0.0823091166102	0.0638786652723	0.104188648874	37.8144131625
5274.00000000	0.0823086647907	0.0638784461119	0.104188157567	37.8144702868
5274.00000000	0.0823081778114	0.0638781978698	0.104187620655	37.8145266319
5274.00000000	0.0823077567208	0.0638779989647	0.104187166043	37.8145821963
5274.00000000	0.0823074457292	0.0638778794522	0.104186847086	37.8146351311
5274.00000000	0.0823072380239	0.0638778169993	0.104186644709	37.8146780304
5274.00000000	0.0823071434521	0.0638778031798	0.104186561525	37.8147039133
5274.00000000	0.0823071665173	0.0638778054682	0.104186581149	37.8146971307
5274.00000000	0.0823073346899	0.0638778395390	0.104186734894	37.8146552299
5274.00000000	0.0823076080201	0.0638779424751	0.104187013936	37.8146077917
5274.00000000	0.0823078920952	0.0638780886725	0.104187327990	37.8145755256
5274.00000000	0.0823080788281	0.0638781925091	0.104187539171	37.8145576767
5274.00000000	0.0823081169034	0.0638782095565	0.104187579703	37.8145522452
5274.00000000	0.0823081269281	0.0638782381628	0.104187605161	37.8145612930
5274.00000000	0.0823082406970	0.0638784066901	0.104187798364	37.8145961496
5274.00000000	0.0823083851092	0.0638786679401	0.104188072624	37.8146609567
5274.00000000	0.0823084856379	0.0638789076038	0.104188298982	37.8147311815
5274.00000000	0.0823085911835	0.0638791182264	0.104188511497	37.8147870979
5274.00000000	0.0823087296577	0.0638793245888	0.104188747414	37.8148300609
5274.00000000	0.0823088937760	0.0638794981575	0.104188983484	37.8148501308
5274.00000000	0.0823090143976	0.0638795591121	0.104189116147	37.8148359425
5274.00000000	0.0823089964794	0.0638794685499	0.104189046467	37.8148026404
5274.00000000	0.0823088730212	0.0638793000288	0.104188845613	37.8147710542
5274.00000000	0.0823087708091	0.0638791636455	0.104188681248	37.8147462664
5274.00000000	0.0823086994153	0.0638790049397	0.104188527543	37.8147013899
5274.00000000	0.0823085742986	0.0638786911193	0.104188236295	37.8146072387
5274.00000000	0.0823083754652	0.0638782350636	0.104187799605	37.8144761486
5274.00000000	0.0823081442896	0.0638777560758	0.104187323306	37.8143459992
5274.00000000	0.0823079799274	0.0638773904271	0.104186969279	37.8142425615
5274.00000000	0.0823079999283	0.0638772789489	0.104186916732	37.8141873864
5274.00000000	0.0823081986794	0.0638774534994	0.104187180763	37.8141962076
5274.00000000	0.0823084889065	0.0638778349673	0.104187643923	37.8142640808
5274.00000000	0.0823087688064	0.0638783112646	0.104188157064	37.8143766332
5274.00000000	0.0823089649396	0.0638787507622	0.104188581468	37.8145014403
5274.00000000	0.0823090845225	0.0638790760277	0.104188875361	37.8146024294
5274.00000000	0.0823092160932	0.0638792912732	0.104189111271	37.8146515795
5274.00000000	0.0823094238534	0.0638794298948	0.104189360391	37.8146417530
5274.00000000	0.0823097139701	0.0638795356568	0.104189654427	37.8145898840
5274.00000000	0.0823100869801	0.0638796306121	0.104190007322	37.8145053724
5274.00000000	0.0823104825725	0.0638796905015	0.104190356559	37.8143980138
5274.00000000	0.0823107078485	0.0638796362918	0.104190501291	37.8142985104
5274.00000000	0.0823106298773	0.0638794213341	0.104190307902	37.8142314139
5274.00000000	0.0823103097997	0.0638790999331	0.104189857988	37.8141997018
5274.00000000	0.0823098890667	0.0638787291657	0.104189298289	37.8141804794
5274.00000000	0.0823094584467	0.0638783309630	0.104188713959	37.8141526714
5274.00000000	0.0823090226288	0.0638779265089	0.104188121690	37.8141238996
5274.00000000	0.0823086294675	0.0638775448090	0.104187577070	37.8140906308
5274.00000000	0.0823083810841	0.0638772471731	0.104187198365	37.8140450694
5274.00000000	0.0823082984227	0.0638770643279	0.104187020959	37.8139935029
5274.00000000	0.0823082841705	0.0638769294618	0.104186927014	37.8139397157
5274.00000000	0.0823082506343	0.0638767542731	0.104186793112	37.8138749121
5274.00000000	0.0823082201239	0.0638765646770	0.104186652768	37.8138028287
5274.00000000	0.0823082682534	0.0638764648480	0.104186629585	37.8137432303
5274.00000000	0.0823083981326	0.0638764931091	0.104186749518	37.8137117181
5274.00000000	0.0823084891628	0.0638765792048	0.104186874217	37.8137184306
5274.00000000	0.0823084656537	0.0638766531890	0.104186901004	37.8137584995
5274.00000000	0.0823083699072	0.0638767128770	0.104186861958	37.8138167131
5274.00000000	0.0823082222958	0.0638767570104	0.104186772403	37.8138856560
