DevNumber	X [V]	Y [V]	R [V]	Theta [°]
4253.00000000	-0.000171699694216	7.74863337312E-5	0.000188374406194	155.710825349
4253.00000000	-0.000171603285469	7.74441054092E-5	0.000188269161167	155.710470298
4253.00000000	-0.000171543121881	7.74195757386E-5	0.000188204233141	155.709742733
4253.00000000	-0.000171520154128	7.74112531728E-5	0.000188179875092	155.709175741
4253.00000000	-0.000171491662414	7.73988674055E-5	0.000188148810661	155.709044387
4253.00000000	-0.000171420929763	7.73636641839E-5	0.000188069858555	155.709955079
4253.00000000	-0.000171292811440	7.73033321608E-5	0.000187928264011	155.710652914
4253.00000000	-0.000171133207487	7.72368755799E-5	0.000187755451729	155.709103168
4253.00000000	-0.000170998517167	7.71843621953E-5	0.000187611083470	155.706799503
4253.00000000	-0.000170922769134	7.71515501037E-5	0.000187528543672	155.706415585
4253.00000000	-0.000170895014144	7.71367904553E-5	0.000187497174115	155.707037117
4253.00000000	-0.000170901894720	7.71396260194E-5	0.000187504612000	155.707112348
4253.00000000	-0.000170944687892	7.71608704066E-5	0.000187552355998	155.706575254
4253.00000000	-0.000171018325247	7.72023774439E-5	0.000187636549354	155.704273951
4253.00000000	-0.000171108643427	7.72610533592E-5	0.000187743011112	155.699293950
4253.00000000	-0.000171208772606	7.73283065551E-5	0.000187861946152	155.693167116
4253.00000000	-0.000171302879887	7.73900423603E-5	0.000187973123915	155.687824905
4253.00000000	-0.000171354435571	7.74240037906E-5	0.000188034089869	155.684862001
4253.00000000	-0.000171372766277	7.74266731829E-5	0.000188051893746	155.686420491
4253.00000000	-0.000171412562835	7.74219129863E-5	0.000188086201802	155.692733373
4253.00000000	-0.000171501323585	7.74361762187E-5	0.000188172966653	155.699900263
4253.00000000	-0.000171640909052	7.74833304024E-5	0.000188319590458	155.704301265
4253.00000000	-0.000171796333206	7.75467689759E-5	0.000188487350986	155.706164203
4253.00000000	-0.000171925473646	7.76007235723E-5	0.000188627253565	155.707365144
4253.00000000	-0.000171984266412	7.76261981293E-5	0.000188691320758	155.707659148
4253.00000000	-0.000171950646031	7.76142301898E-5	0.000188655753685	155.706771448
4253.00000000	-0.000171874506324	7.75822292109E-5	0.000188573190601	155.706116060
4253.00000000	-0.000171810293272	7.75559102200E-5	0.000188503835728	155.705377469
4253.00000000	-0.000171749230009	7.75390016134E-5	0.000188441223674	155.702424532
4253.00000000	-0.000171651698096	7.75150693905E-5	0.000188342484431	155.696851486
4253.00000000	-0.000171509858006	7.74735166880E-5	0.000188196113619	155.690608489
4253.00000000	-0.000171368422224	7.74265183052E-5	0.000188047871226	155.685918538
4253.00000000	-0.000171282680839	7.73912747035E-5	0.000187955223805	155.684947495
4253.00000000	-0.000171278422380	7.73771574620E-5	0.000187945530593	155.688334881
4253.00000000	-0.000171300059726	7.73670374672E-5	0.000187961083601	155.693861606
4253.00000000	-0.000171281526613	7.73400552187E-5	0.000187933087827	155.699032888
4253.00000000	-0.000171225379620	7.73001365607E-5	0.000187865488417	155.703081708
4253.00000000	-0.000171168707269	7.72664230940E-5	0.000187799964020	155.705341994
4253.00000000	-0.000171119112507	7.72487067774E-5	0.000187747472324	155.704042758
4253.00000000	-0.000171079921053	7.72503409485E-5	0.000187712425172	155.698666174
4253.00000000	-0.000171075360295	7.72722614982E-5	0.000187717290885	155.691995458
4253.00000000	-0.000171113434519	7.73058854265E-5	0.000187765831276	155.687427413
4253.00000000	-0.000171172150055	7.73376705503E-5	0.000187832425956	155.685965626
4253.00000000	-0.000171226691203	7.73599815251E-5	0.000187891315717	155.686613503
4253.00000000	-0.000171280736496	7.73764388379E-5	0.000187947343641	155.688824964
4253.00000000	-0.000171366866044	7.74044752939E-5	0.000188037378128	155.691844152
4253.00000000	-0.000171501384056	7.74552388695E-5	0.000188180867150	155.694618022
4253.00000000	-0.000171627652407	7.75046369253E-5	0.000188316276024	155.696733313
4253.00000000	-0.000171667634974	7.75190596871E-5	0.000188358651281	155.697740426
4253.00000000	-0.000171605707930	7.74924189769E-5	0.000188291247786	155.697373419
4253.00000000	-0.000171501135423	7.74526379658E-5	0.000188179570037	155.695308579
4253.00000000	-0.000171420753890	7.74289771636E-5	0.000188096574580	155.691799364
4253.00000000	-0.000171381930236	7.74260636991E-5	0.000188059994021	155.687739247
4253.00000000	-0.000171374100864	7.74360086713E-5	0.000188056953836	155.683995909
4253.00000000	-0.000171353920947	7.74352431875E-5	0.000188038249065	155.681676546
4253.00000000	-0.000171296498388	7.74073074373E-5	0.000187974417421	155.682228280
4253.00000000	-0.000171242112136	7.73696249229E-5	0.000187909339389	155.685869860
4253.00000000	-0.000171223946643	7.73436313436E-5	0.000187882083269	155.690812756
4253.00000000	-0.000171235026981	7.73334289054E-5	0.000187887981765	155.695039070
4253.00000000	-0.000171252126991	7.73348649590E-5	0.000187904157317	155.696786103
4253.00000000	-0.000171223716598	7.73264009453E-5	0.000187874781194	155.695572696
4253.00000000	-0.000171114725071	7.72859871201E-5	0.000187758815881	155.693123131
4253.00000000	-0.000170928069005	7.72095599198E-5	0.000187557247039	155.690929802
4253.00000000	-0.000170720345710	7.71204139932E-5	0.000187331243240	155.689624115
4253.00000000	-0.000170529748342	7.70391397005E-5	0.000187124087481	155.688277666
4253.00000000	-0.000170381208329	7.69829449060E-5	0.000186965584956	155.685230729
4253.00000000	-0.000170324339417	7.69735271553E-5	0.000186909883314	155.680683676
4253.00000000	-0.000170392809825	7.70168414677E-5	0.000186990116075	155.677229446
4253.00000000	-0.000170561471276	7.70912298635E-5	0.000187174445921	155.677744333
4253.00000000	-0.000170773963492	7.71690619318E-5	0.000187400135342	155.682818051
4253.00000000	-0.000170981393520	7.72379294436E-5	0.000187617522302	155.689737963
4253.00000000	-0.000171148032800	7.72935771795E-5	0.000187792295381	155.695195695
4253.00000000	-0.000171258085123	7.73335507877E-5	0.000187909046609	155.697898994
4253.00000000	-0.000171323110302	7.73598011271E-5	0.000187979113079	155.698763622
4253.00000000	-0.000171352694721	7.73660806351E-5	0.000188008660495	155.700729839
4253.00000000	-0.000171354709453	7.73502773311E-5	0.000188003994253	155.705372019
4253.00000000	-0.000171338960050	7.73273463565E-5	0.000187980205675	155.709767340
4253.00000000	-0.000171310293042	7.73120710160E-5	0.000187947792823	155.710416863
4253.00000000	-0.000171270714420	7.73015539717E-5	0.000187907391724	155.708375592
4253.00000000	-0.000171226332488	7.72897341588E-5	0.000187862076917	155.706092886
4253.00000000	-0.000171188229250	7.72793661823E-5	0.000187823082371	155.704193489
4253.00000000	-0.000171156682986	7.72690873460E-5	0.000187790100884	155.703091704
4253.00000000	-0.000171120409376	7.72506724596E-5	0.000187749463116	155.703658855
4253.00000000	-0.000171062698021	7.72178567481E-5	0.000187683361156	155.705540447
4253.00000000	-0.000170996127576	7.71831419064E-5	0.000187608403438	155.706838943
4253.00000000	-0.000170960782074	7.71710750348E-5	0.000187571223351	155.705756706
4253.00000000	-0.000170976181125	7.71891071341E-5	0.000187592677821	155.702671978
4253.00000000	-0.000171024167000	7.72230697590E-5	0.000187650388225	155.699249364
4253.00000000	-0.000171079646827	7.72593642922E-5	0.000187715888856	155.696121605
4253.00000000	-0.000171121253810	7.72891953175E-5	0.000187766086443	155.693050989
4253.00000000	-0.000171164427199	7.73175440087E-5	0.000187817101857	155.690590841
4253.00000000	-0.000171243696624	7.73591282224E-5	0.000187906461711	155.688985514
4253.00000000	-0.000171342839758	7.74074128671E-5	0.000188016691555	155.688014385
4253.00000000	-0.000171412633170	7.74371052499E-5	0.000188092519999	155.688524651
4253.00000000	-0.000171421370125	7.74319700489E-5	0.000188098368204	155.691045807
4253.00000000	-0.000171376187306	7.74022462453E-5	0.000188044955528	155.693632229
4253.00000000	-0.000171316247374	7.73725696272E-5	0.000187978113473	155.694355762
4253.00000000	-0.000171276906996	7.73567910472E-5	0.000187935765599	155.693803141
4253.00000000	-0.000171254460256	7.73506913580E-5	0.000187912797891	155.692680975
4253.00000000	-0.000171219646030	7.73387545316E-5	0.000187876156388	155.691628242
5260.00000000	0.00716208177112	-0.00130504546320	0.00728001091738	-10.3269055199
5260.00000000	0.00716207913691	-0.00130504126571	0.00728000757339	-10.3268767361
5260.00000000	0.00716205962198	-0.00130501390926	0.00727998347060	-10.3266924528
5260.00000000	0.00716203204748	-0.00130497103256	0.00727994865675	-10.3263993675
5260.00000000	0.00716201621665	-0.00130492616548	0.00727992503979	-10.3260743004
5260.00000000	0.00716201755329	-0.00130488705179	0.00727991934375	-10.3257695608
5260.00000000	0.00716202322215	-0.00130486232316	0.00727992048837	-10.3255700917
5260.00000000	0.00716202451116	-0.00130485900055	0.00727992116096	-10.3255425466
5260.00000000	0.00716201651490	-0.00130486919571	0.00727991512159	-10.3256327673
5260.00000000	0.00716199405671	-0.00130487872957	0.00727989473600	-10.3257382696
5260.00000000	0.00716196161406	-0.00130488401279	0.00727986376577	-10.3258249453
5260.00000000	0.00716193320985	-0.00130488442438	0.00727983589536	-10.3258682035
5260.00000000	0.00716192210628	-0.00130487661754	0.00727982357228	-10.3258234194
5260.00000000	0.00716192250004	-0.00130486704172	0.00727982224324	-10.3257487181
5260.00000000	0.00716191570811	-0.00130487226434	0.00727981649743	-10.3257987386
5260.00000000	0.00716189461538	-0.00130490305300	0.00727980126511	-10.3260668933
5260.00000000	0.00716186297496	-0.00130494428580	0.00727977752828	-10.3264307996
5260.00000000	0.00716182722428	-0.00130497003695	0.00727974697279	-10.3266806319
5260.00000000	0.00716178825380	-0.00130496999325	0.00727970862573	-10.3267352765
5260.00000000	0.00716174914951	-0.00130495023693	0.00727966661334	-10.3266374725
5260.00000000	0.00716172159486	-0.00130492630135	0.00727963521437	-10.3264910112
5260.00000000	0.00716171915438	-0.00130491385069	0.00727963058155	-10.3263980463
5260.00000000	0.00716174127486	-0.00130490637243	0.00727965100323	-10.3263089318
5260.00000000	0.00716176589441	-0.00130488300507	0.00727967103537	-10.3260932599
5260.00000000	0.00716177247240	-0.00130484249873	0.00727967024617	-10.3257703317
5260.00000000	0.00716175891378	-0.00130480014387	0.00727964931535	-10.3254614974
5260.00000000	0.00716174108182	-0.00130476124513	0.00727962480007	-10.3251854513
5260.00000000	0.00716173640014	-0.00130471680996	0.00727961223001	-10.3248479826
5260.00000000	0.00716174545148	-0.00130466459295	0.00727961177617	-10.3244308836
5260.00000000	0.00716176340016	-0.00130462096785	0.00727962161582	-10.3240677642
5260.00000000	0.00716179750852	-0.00130460862871	0.00727965296062	-10.3239241078
5260.00000000	0.00716185406585	-0.00130463613978	0.00727971353267	-10.3240573561
5260.00000000	0.00716192588374	-0.00130469353838	0.00727979447466	-10.3244004986
5260.00000000	0.00716199754046	-0.00130476520710	0.00727987781596	-10.3248543542
5260.00000000	0.00716205407654	-0.00130484022601	0.00727994688241	-10.3253554697
5260.00000000	0.00716208858268	-0.00130491001297	0.00727999333847	-10.3258471436
5260.00000000	0.00716210532765	-0.00130496451344	0.00728001958141	-10.3262455082
5260.00000000	0.00716210222592	-0.00130499346070	0.00728002171886	-10.3264740170
5260.00000000	0.00716206780505	-0.00130499016850	0.00727998726537	-10.3264970872
5260.00000000	0.00716201062161	-0.00130496319291	0.00727992617263	-10.3263688936
5260.00000000	0.00716195687931	-0.00130493509361	0.00727986826389	-10.3262271424
5260.00000000	0.00716193005345	-0.00130492131044	0.00727983940187	-10.3261582653
5260.00000000	0.00716193416696	-0.00130492174207	0.00727984352613	-10.3261558041
5260.00000000	0.00716195421127	-0.00130492520440	0.00727986386641	-10.3261543346
5260.00000000	0.00716197199123	-0.00130491749180	0.00727987997590	-10.3260695325
5260.00000000	0.00716198548230	-0.00130489574636	0.00727988935064	-10.3258821260
5260.00000000	0.00716200250166	-0.00130486925906	0.00727990134666	-10.3256530264
5260.00000000	0.00716201763508	-0.00130484785852	0.00727991239913	-10.3254659746
5260.00000000	0.00716201940795	-0.00130483263110	0.00727991141395	-10.3253455688
5260.00000000	0.00716199872355	-0.00130482008259	0.00727988881536	-10.3252775850
5260.00000000	0.00716194359312	-0.00130480624014	0.00727983209665	-10.3252481737
5260.00000000	0.00716185580305	-0.00130479443056	0.00727974361153	-10.3252805752
5260.00000000	0.00716176583631	-0.00130478989232	0.00727965428831	-10.3253723516
5260.00000000	0.00716170688040	-0.00130479518517	0.00727959723583	-10.3254965067
5260.00000000	0.00716168509046	-0.00130480851321	0.00727957818772	-10.3256304499
5260.00000000	0.00716168682293	-0.00130482240108	0.00727958238144	-10.3257355434
5260.00000000	0.00716169962958	-0.00130482894086	0.00727959615290	-10.3257681153
5260.00000000	0.00716171472723	-0.00130482522269	0.00727961033957	-10.3257180250
5260.00000000	0.00716173030701	-0.00130481946259	0.00727962463457	-10.3256514437
5260.00000000	0.00716175000546	-0.00130481788740	0.00727964373167	-10.3256114568
5260.00000000	0.00716177396549	-0.00130481534352	0.00727966684769	-10.3255579574
5260.00000000	0.00716179588253	-0.00130481360624	0.00727968809840	-10.3255135860
5260.00000000	0.00716181261486	-0.00130482264113	0.00727970617918	-10.3255599397
5260.00000000	0.00716182622714	-0.00130484261813	0.00727972315174	-10.3256954210
5260.00000000	0.00716182899829	-0.00130486154638	0.00727972927079	-10.3258380754
5260.00000000	0.00716180835328	-0.00130487294074	0.00727971100254	-10.3259554291
5260.00000000	0.00716175753135	-0.00130487927498	0.00727966213914	-10.3260761759
5260.00000000	0.00716168888766	-0.00130488598175	0.00727959580945	-10.3262249527
5260.00000000	0.00716162898656	-0.00130490625729	0.00727954051307	-10.3264664646
5260.00000000	0.00716159776418	-0.00130495321498	0.00727951821409	-10.3268741251
5260.00000000	0.00716160137047	-0.00130501906653	0.00727953356703	-10.3273789454
5260.00000000	0.00716163145230	-0.00130508979526	0.00727957584151	-10.3278841698
5260.00000000	0.00716166365857	-0.00130515285101	0.00727961883089	-10.3283269771
5260.00000000	0.00716167526843	-0.00130519216115	0.00727963730058	-10.3286149788
5260.00000000	0.00716166578642	-0.00130519867608	0.00727962914031	-10.3286788056
5260.00000000	0.00716164520873	-0.00130517556122	0.00727960475173	-10.3285288619
5260.00000000	0.00716161283501	-0.00130513605726	0.00727956581992	-10.3282686583
5260.00000000	0.00716156693411	-0.00130509272436	0.00727951289380	-10.3279978916
5260.00000000	0.00716151914082	-0.00130505436495	0.00727945899774	-10.3277683029
5260.00000000	0.00716148749167	-0.00130502793377	0.00727942312283	-10.3276082955
5260.00000000	0.00716148643441	-0.00130501168435	0.00727941916959	-10.3274839615
5260.00000000	0.00716151725701	-0.00130499479187	0.00727944646449	-10.3273096644
5260.00000000	0.00716156678588	-0.00130497243535	0.00727949118316	-10.3270666642
5260.00000000	0.00716161694078	-0.00130495607704	0.00727953759311	-10.3268692297
5260.00000000	0.00716165882332	-0.00130496238743	0.00727957992842	-10.3268589989
5260.00000000	0.00716169531825	-0.00130498706017	0.00727962025511	-10.3269985534
5260.00000000	0.00716173386677	-0.00130500568765	0.00727966151845	-10.3270883994
5260.00000000	0.00716176934018	-0.00130499879151	0.00727969518097	-10.3269849506
5260.00000000	0.00716179143665	-0.00130496337892	0.00727971057133	-10.3266795703
5260.00000000	0.00716179540928	-0.00130491131423	0.00727970514667	-10.3262708218
5260.00000000	0.00716178450013	-0.00130486134858	0.00727968545785	-10.3258993209
5260.00000000	0.00716177401408	-0.00130483208897	0.00727966989700	-10.3256875521
5260.00000000	0.00716176713344	-0.00130483221381	0.00727966315016	-10.3256982256
5260.00000000	0.00716174480429	-0.00130485317283	0.00727964493945	-10.3258920171
5260.00000000	0.00716169547498	-0.00130488214299	0.00727960160197	-10.3261859344
5260.00000000	0.00716163265111	-0.00130491821802	0.00727954626232	-10.3265539099
5260.00000000	0.00716157731980	-0.00130496016329	0.00727949934647	-10.3269567744
5260.00000000	0.00716155200491	-0.00130499532307	0.00727948074469	-10.3272647477
5260.00000000	0.00716157365402	-0.00130502002082	0.00727950647068	-10.3274254434
5260.00000000	0.00716163726249	-0.00130503944432	0.00727957253076	-10.3274860918
5270.00000000	0.00100241749451	-0.950481234446	0.950481763041	-89.9395734830
5270.00000000	0.00100326748883	-0.950478289644	0.950478819138	-89.9395220574
5270.00000000	0.00100453646643	-0.950474301017	0.950474831854	-89.9394453081
5270.00000000	0.00100571265545	-0.950469808082	0.950470340165	-89.9393741194
5270.00000000	0.00100636826991	-0.950466157244	0.950466690023	-89.9393343650
5270.00000000	0.00100654984247	-0.950464192790	0.950464725762	-89.9393232941
5270.00000000	0.00100651255046	-0.950464170628	0.950464703561	-89.9393255407
5270.00000000	0.00100638468589	-0.950465782486	0.950466315283	-89.9393333515
5270.00000000	0.00100619431937	-0.950468692384	0.950469224977	-89.9393450128
5270.00000000	0.00100594557985	-0.950472779413	0.950473311741	-89.9393602680
5270.00000000	0.00100573240158	-0.950476729906	0.950477262006	-89.9393733706
5270.00000000	0.00100571111213	-0.950478852767	0.950479384844	-89.9393747894
5270.00000000	0.00100581002494	-0.950479031574	0.950479563755	-89.9393688382
5270.00000000	0.00100595461556	-0.950477299272	0.950477831607	-89.9393600117
5270.00000000	0.00100641778763	-0.950473179237	0.950473712065	-89.9393318282
5270.00000000	0.00100740475931	-0.950467510544	0.950468044420	-89.9392719701
5270.00000000	0.00100872231742	-0.950462263105	0.950462798382	-89.9391922099
5270.00000000	0.00100985790707	-0.950458702784	0.950459239268	-89.9391235263
5270.00000000	0.00101078501148	-0.950455770812	0.950456308283	-89.9390674505
5270.00000000	0.00101174173332	-0.950452039286	0.950452577778	-89.9390095376
5270.00000000	0.00101246865070	-0.950449079559	0.950449618826	-89.9389655271
5270.00000000	0.00101227893934	-0.950450202767	0.950450741832	-89.9389770355
5270.00000000	0.00101113690838	-0.950455621580	0.950456159427	-89.9390462277
5270.00000000	0.00101010983658	-0.950461707287	0.950462244037	-89.9391085319
5270.00000000	0.00100997525041	-0.950465630117	0.950466166723	-89.9391168963
5270.00000000	0.00101078324392	-0.950466965200	0.950467502664	-89.9390682747
5270.00000000	0.00101214997641	-0.950466806622	0.950467345540	-89.9389858756
5270.00000000	0.00101346173961	-0.950466186273	0.950466726589	-89.9389067605
5270.00000000	0.00101444022214	-0.950465033484	0.950465574845	-89.9388477017
5270.00000000	0.00101512761398	-0.950463579427	0.950464121522	-89.9388061709
5270.00000000	0.00101550846264	-0.950464013892	0.950464556394	-89.9387832406
5270.00000000	0.00101527860912	-0.950468256724	0.950468798977	-89.9387973698
5270.00000000	0.00101411169054	-0.950475886863	0.950476427867	-89.9388682043
5270.00000000	0.00101218340923	-0.950484302447	0.950484841391	-89.9389849834
5270.00000000	0.00101003930445	-0.950491064970	0.950491601629	-89.9391146644
5270.00000000	0.00100820221758	-0.950495002022	0.950495536728	-89.9392256559
5270.00000000	0.00100692200403	-0.950496133803	0.950496667152	-89.9393028993
5270.00000000	0.00100638723474	-0.950494957542	0.950495490325	-89.9393350600
5270.00000000	0.00100680868979	-0.950491793560	0.950492326791	-89.9393094527
5270.00000000	0.00100801905440	-0.950487611759	0.950488146276	-89.9392362245
5270.00000000	0.00100933640054	-0.950483895324	0.950484431240	-89.9391565766
5270.00000000	0.00101005968647	-0.950482133793	0.950482670479	-89.9391128636
5270.00000000	0.00101000111903	-0.950483048553	0.950483585176	-89.9391164527
5270.00000000	0.00100961053569	-0.950485654185	0.950486190391	-89.9391401641
5270.00000000	0.00100935820852	-0.950488173534	0.950488709471	-89.9391555358
5270.00000000	0.00100911032913	-0.950489859106	0.950490394778	-89.9391705859
5270.00000000	0.00100869232860	-0.950490602411	0.950491137640	-89.9391958306
5270.00000000	0.00100814093487	-0.950490956417	0.950491491061	-89.9392290914
5270.00000000	0.00100758582385	-0.950492040175	0.950492574229	-89.9392626228
5270.00000000	0.00100744928268	-0.950493861136	0.950494395045	-89.9392709698
5270.00000000	0.00100829239774	-0.950495068796	0.950495603598	-89.9392202241
5270.00000000	0.00100986838449	-0.950494705040	0.950495241515	-89.9391252006
5270.00000000	0.00101105929553	-0.950493783308	0.950494321050	-89.9390533535
5270.00000000	0.00101103436061	-0.950494035768	0.950494573484	-89.9390548728
5270.00000000	0.00101002955927	-0.950496043987	0.950496580633	-89.9391155707
5270.00000000	0.00100881271130	-0.950498596699	0.950499132052	-89.9391890854
5270.00000000	0.00100776303797	-0.950500371850	0.950500906088	-89.9392524728
5270.00000000	0.00100682408448	-0.950501029872	0.950501563114	-89.9393091145
5270.00000000	0.00100579729997	-0.950501085696	0.950501617851	-89.9393710121
5270.00000000	0.00100469278700	-0.950501639178	0.950502170164	-89.9394376268
5270.00000000	0.00100401498443	-0.950503226483	0.950503756752	-89.9394785855
5270.00000000	0.00100390744933	-0.950505632437	0.950506162592	-89.9394852208
5270.00000000	0.00100370106098	-0.950508443648	0.950508973583	-89.9394978407
5270.00000000	0.00100292173719	-0.950510522250	0.950511051362	-89.9395449497
5270.00000000	0.00100184860570	-0.950510122510	0.950510650490	-89.9396096115
5270.00000000	0.00100108205417	-0.950506616378	0.950507143553	-89.9396555958
5270.00000000	0.00100097782995	-0.950501257753	0.950501784820	-89.9396615382
5270.00000000	0.00100132690998	-0.950496060703	0.950496588141	-89.9396401658
5270.00000000	0.00100188969908	-0.950491764288	0.950492292321	-89.9396059680
5270.00000000	0.00100245903109	-0.950488019225	0.950488547860	-89.9395714105
5270.00000000	0.00100281313525	-0.950484814591	0.950485343602	-89.9395498612
5270.00000000	0.00100297168935	-0.950482242460	0.950482771640	-89.9395401399
5270.00000000	0.00100334990333	-0.950480320413	0.950480849993	-89.9395172186
5270.00000000	0.00100447436739	-0.950479018786	0.950479549554	-89.9394493520
5270.00000000	0.00100629300970	-0.950477886390	0.950478419082	-89.9393396504
5270.00000000	0.00100835077774	-0.950475741018	0.950476275893	-89.9392154690
5270.00000000	0.00101021586515	-0.950472009274	0.950472546131	-89.9391028004
5270.00000000	0.00101168641194	-0.950467625743	0.950468164167	-89.9390138726
5270.00000000	0.00101273960110	-0.950464001335	0.950464540883	-89.9389501519
5270.00000000	0.00101337912716	-0.950462016810	0.950462557040	-89.9389114725
5270.00000000	0.00101353523402	-0.950462002692	0.950462543089	-89.9389020612
5270.00000000	0.00101312318606	-0.950463804983	0.950464344940	-89.9389270161
5270.00000000	0.00101233214983	-0.950466155573	0.950466694685	-89.9389748521
5270.00000000	0.00101170344805	-0.950467506082	0.950468044524	-89.9390128380
5270.00000000	0.00101143133972	-0.950467469475	0.950468007627	-89.9390292387
5270.00000000	0.00101119539699	-0.950466993630	0.950467531532	-89.9390434312
5270.00000000	0.00101071671987	-0.950467833648	0.950468371040	-89.9390723405
5270.00000000	0.00100991889898	-0.950470735568	0.950471272111	-89.9391206203
5270.00000000	0.00100902924599	-0.950474931396	0.950475466991	-89.9391745184
5270.00000000	0.00100850718766	-0.950479213553	0.950479748592	-89.9392062625
5270.00000000	0.00100841703903	-0.950483004367	0.950483539308	-89.9392119392
5270.00000000	0.00100831096842	-0.950486772174	0.950487307000	-89.9392185742
5270.00000000	0.00100801872331	-0.950489895671	0.950490430185	-89.9392363905
5270.00000000	0.00100810570822	-0.950489881514	0.950490416121	-89.9392311461
5270.00000000	0.00100933851145	-0.950485342230	0.950485878148	-89.9391565419
5270.00000000	0.00101146293317	-0.950478314060	0.950478852240	-89.9390280299
5270.00000000	0.00101351077384	-0.950472211938	0.950472752303	-89.9389041919
5270.00000000	0.00101469924638	-0.950468918578	0.950469460213	-89.9388323373
5270.00000000	0.00101449369188	-0.950468884425	0.950469425841	-89.9388447263
5270.00000000	0.00101276027392	-0.950471936435	0.950472476000	-89.9389494154
5274.00000000	-0.000951053898764	-0.00252342001811	0.00269669280901	-110.650966810
5274.00000000	-0.000951033737884	-0.00252343037822	0.00269669539331	-110.650488352
5274.00000000	-0.000951000421737	-0.00252344569481	0.00269669797656	-110.649711209
5274.00000000	-0.000950962855168	-0.00252346431288	0.00269670215083	-110.648824826
5274.00000000	-0.000950936866532	-0.00252349112192	0.00269671807324	-110.648107268
5274.00000000	-0.000950930292985	-0.00252352110143	0.00269674380902	-110.647751969
5274.00000000	-0.000950939636673	-0.00252354712449	0.00269677145530	-110.647742774
5274.00000000	-0.000950962198134	-0.00252357101945	0.00269680177107	-110.648012306
5274.00000000	-0.000950993081277	-0.00252359353489	0.00269683373050	-110.648457610
5274.00000000	-0.000951023422147	-0.00252360819353	0.00269685814680	-110.648950985
5274.00000000	-0.000951048927427	-0.00252360912376	0.00269686801158	-110.649451073
5274.00000000	-0.000951071333345	-0.00252360088761	0.00269686820610	-110.649958218
5274.00000000	-0.000951088163443	-0.00252359300513	0.00269686676538	-110.650351864
5274.00000000	-0.000951084775394	-0.00252358751054	0.00269686042897	-110.650325677
5274.00000000	-0.000951053857684	-0.00252357928536	0.00269684182883	-110.649772645
5274.00000000	-0.000951003846120	-0.00252356601618	0.00269681177566	-110.648877794
5274.00000000	-0.000950946438556	-0.00252354869885	0.00269677532703	-110.647866210
5274.00000000	-0.000950893726197	-0.00252353054501	0.00269673975202	-110.646954213
5274.00000000	-0.000950851444056	-0.00252351428515	0.00269670962768	-110.646235378
5274.00000000	-0.000950816787568	-0.00252350126566	0.00269668522474	-110.645643867
5274.00000000	-0.000950793227398	-0.00252349440216	0.00269667049507	-110.645226853
5274.00000000	-0.000950790974567	-0.00252349636648	0.00269667153894	-110.645167346
5274.00000000	-0.000950812867729	-0.00252350418111	0.00269668657087	-110.645544092
5274.00000000	-0.000950846238696	-0.00252351037251	0.00269670413093	-110.646161196
5274.00000000	-0.000950872727968	-0.00252351209736	0.00269671508512	-110.646674933
5274.00000000	-0.000950889206300	-0.00252351410263	0.00269672277196	-110.646987530
5274.00000000	-0.000950907684634	-0.00252352486364	0.00269673935747	-110.647274293
5274.00000000	-0.000950935705547	-0.00252354768746	0.00269677059591	-110.647660400
5274.00000000	-0.000950971223110	-0.00252357913233	0.00269681254526	-110.648130952
5274.00000000	-0.000951007322199	-0.00252361349675	0.00269685743188	-110.648591177
5274.00000000	-0.000951036409655	-0.00252364232290	0.00269689466358	-110.648953486
5274.00000000	-0.000951054911136	-0.00252365332486	0.00269691148317	-110.649238874
5274.00000000	-0.000951067400694	-0.00252364209390	0.00269690537816	-110.649571310
5274.00000000	-0.000951079205093	-0.00252361530115	0.00269688446964	-110.650006720
5274.00000000	-0.000951092088181	-0.00252357916558	0.00269685519914	-110.650533582
5274.00000000	-0.000951101694260	-0.00252353883941	0.00269682085183	-110.651026707
5274.00000000	-0.000951103580852	-0.00252350422257	0.00269678912465	-110.651323595
5274.00000000	-0.000951095162710	-0.00252348569872	0.00269676882216	-110.651295035
5274.00000000	-0.000951069004046	-0.00252348819135	0.00269676192911	-110.650756298
5274.00000000	-0.000951027192349	-0.00252350461943	0.00269676255627	-110.649801946
5274.00000000	-0.000950991763011	-0.00252352400833	0.00269676820545	-110.648952299
5274.00000000	-0.000950983953102	-0.00252354455035	0.00269678467377	-110.648643125
5274.00000000	-0.000951005208901	-0.00252356293976	0.00269680937745	-110.648927936
5274.00000000	-0.000951041941722	-0.00252357372629	0.00269683242470	-110.649577399
5274.00000000	-0.000951084595877	-0.00252358264900	0.00269685581648	-110.650358533
5274.00000000	-0.000951130693740	-0.00252360158417	0.00269688979237	-110.651133095
5274.00000000	-0.000951171350085	-0.00252363248631	0.00269693304759	-110.651709795
5274.00000000	-0.000951191738284	-0.00252366218427	0.00269696802786	-110.651892584
5274.00000000	-0.000951187602194	-0.00252367988022	0.00269698312794	-110.651677771
5274.00000000	-0.000951166040526	-0.00252368280325	0.00269697825873	-110.651227239
5274.00000000	-0.000951134486268	-0.00252366902737	0.00269695423963	-110.650703171
5274.00000000	-0.000951103465556	-0.00252364420582	0.00269692007293	-110.650272457
5274.00000000	-0.000951081628393	-0.00252362271427	0.00269689226108	-110.649999354
5274.00000000	-0.000951067978969	-0.00252361350092	0.00269687882610	-110.649797029
5274.00000000	-0.000951055678853	-0.00252360752141	0.00269686889307	-110.649597299
5274.00000000	-0.000951038790017	-0.00252358799026	0.00269684466084	-110.649407872
5274.00000000	-0.000951018796187	-0.00252355550686	0.00269680721352	-110.649253752
5274.00000000	-0.000951004723573	-0.00252352472420	0.00269677344579	-110.649204607
5274.00000000	-0.000951007356378	-0.00252350383019	0.00269675482253	-110.649413496
5274.00000000	-0.000951028211472	-0.00252349388784	0.00269675287355	-110.649902614
5274.00000000	-0.000951054032189	-0.00252349708419	0.00269676497049	-110.650392010
5274.00000000	-0.000951070776050	-0.00252351420766	0.00269678689876	-110.650596592
5274.00000000	-0.000951077184421	-0.00252354044176	0.00269681370730	-110.650527430
5274.00000000	-0.000951078023551	-0.00252356783955	0.00269683964070	-110.650338832
5274.00000000	-0.000951075106178	-0.00252358637277	0.00269685595433	-110.650141974
5274.00000000	-0.000951066130991	-0.00252359090929	0.00269685703421	-110.649929554
5274.00000000	-0.000951048603756	-0.00252358209190	0.00269684260224	-110.649647166
5274.00000000	-0.000951024475974	-0.00252356583139	0.00269681887772	-110.649289317
5274.00000000	-0.000950999067815	-0.00252354923765	0.00269679438998	-110.648908504
5274.00000000	-0.000950977841808	-0.00252353704168	0.00269677549239	-110.648577881
5274.00000000	-0.000950963977693	-0.00252352898915	0.00269676306819	-110.648362575
5274.00000000	-0.000950954036733	-0.00252351838788	0.00269674964243	-110.648244360
5274.00000000	-0.000950944355735	-0.00252350598431	0.00269673462183	-110.648144815
5274.00000000	-0.000950941267536	-0.00252350033146	0.00269672824311	-110.648125769
5274.00000000	-0.000950951562150	-0.00252350458116	0.00269673585000	-110.648298603
5274.00000000	-0.000950966815336	-0.00252351296679	0.00269674907573	-110.648539032
5274.00000000	-0.000950977516512	-0.00252352472488	0.00269676385210	-110.648663692
5274.00000000	-0.000950985423398	-0.00252354699102	0.00269678747613	-110.648654070
5274.00000000	-0.000950993654908	-0.00252358179630	0.00269682294827	-110.648556959
5274.00000000	-0.000951001402960	-0.00252361819883	0.00269685974458	-110.648438272
5274.00000000	-0.000951006373875	-0.00252364906743	0.00269689038314	-110.648305836
5274.00000000	-0.000951004645236	-0.00252367656268	0.00269691550262	-110.648065487
5274.00000000	-0.000950996479817	-0.00252370085700	0.00269693535708	-110.647721157
5274.00000000	-0.000950988406695	-0.00252371793993	0.00269694849598	-110.647432690
5274.00000000	-0.000950983143318	-0.00252372342000	0.00269695176811	-110.647287001
5274.00000000	-0.000950982352436	-0.00252372017891	0.00269694845632	-110.647295558
5274.00000000	-0.000950983507723	-0.00252371475112	0.00269694378454	-110.647359185
5274.00000000	-0.000950978013866	-0.00252370807073	0.00269693559603	-110.647300011
5274.00000000	-0.000950955038389	-0.00252369658723	0.00269691674870	-110.646929277
5274.00000000	-0.000950913798340	-0.00252367836245	0.00269688515309	-110.646245925
5274.00000000	-0.000950874040500	-0.00252365951100	0.00269685349405	-110.645596720
5274.00000000	-0.000950856161606	-0.00252364905386	0.00269683740465	-110.645319600
5274.00000000	-0.000950858273647	-0.00252364901774	0.00269683811551	-110.645361861
5274.00000000	-0.000950864754103	-0.00252365114013	0.00269684238651	-110.645474801
5274.00000000	-0.000950866227983	-0.00252364989502	0.00269684174103	-110.645513430
5274.00000000	-0.000950868219245	-0.00252364715573	0.00269683987975	-110.645573538
5274.00000000	-0.000950878613366	-0.00252364137644	0.00269683813645	-110.645823477
5274.00000000	-0.000950894056638	-0.00252362981941	0.00269683276685	-110.646217081
5274.00000000	-0.000950904200078	-0.00252361649924	0.00269682387875	-110.646518527
5274.00000000	-0.000950907723202	-0.00252360636593	0.00269681563853	-110.646664483
