DevNumber	X [V]	Y [V]	R [V]	Theta [°]
4253.00000000	-0.0124472910651	-0.00559003604491	0.0136449095945	-155.815313925
4253.00000000	-0.0124474315751	-0.00559006850903	0.0136450510718	-155.815431285
4253.00000000	-0.0124475803162	-0.00559011517726	0.0136452058770	-155.815508393
4253.00000000	-0.0124476889552	-0.00559015909114	0.0136453229713	-155.815527067
4253.00000000	-0.0124477196088	-0.00559017398062	0.0136453570343	-155.815522765
4253.00000000	-0.0124476767938	-0.00559015756627	0.0136453112526	-155.815511988
4253.00000000	-0.0124475895837	-0.00559012673069	0.0136452190642	-155.815480081
4253.00000000	-0.0124474658577	-0.00559008838971	0.0136450904901	-155.815414107
4253.00000000	-0.0124473026674	-0.00559003659399	0.0136449204034	-155.815331781
4253.00000000	-0.0124471468112	-0.00558998808167	0.0136447583523	-155.815249493
4253.00000000	-0.0124470626568	-0.00558997016717	0.0136446742450	-155.815173345
4253.00000000	-0.0124470704545	-0.00558998998448	0.0136446894771	-155.815110848
4253.00000000	-0.0124471477888	-0.00559003753638	0.0136447795048	-155.815061736
4253.00000000	-0.0124472606462	-0.00559010413901	0.0136449097424	-155.815000762
4253.00000000	-0.0124473637971	-0.00559016970299	0.0136450307001	-155.814927069
4253.00000000	-0.0124474287973	-0.00559021368458	0.0136451080136	-155.814870418
4253.00000000	-0.0124474712905	-0.00559023739041	0.0136451564890	-155.814852714
4253.00000000	-0.0124475287058	-0.00559025536791	0.0136452162299	-155.814882623
4253.00000000	-0.0124476058131	-0.00559026845932	0.0136452919326	-155.814965121
4253.00000000	-0.0124476692799	-0.00559026874978	0.0136453499477	-155.815073186
4253.00000000	-0.0124477180294	-0.00559026763632	0.0136453939622	-155.815161311
4253.00000000	-0.0124477711708	-0.00559027597423	0.0136454458552	-155.815220788
4253.00000000	-0.0124478287804	-0.00559028894152	0.0136455037209	-155.815270219
4253.00000000	-0.0124478883221	-0.00559030919325	0.0136455663333	-155.815295072
4253.00000000	-0.0124479641680	-0.00559035345307	0.0136456536544	-155.815256011
4253.00000000	-0.0124480556409	-0.00559041711618	0.0136457631802	-155.815169513
4253.00000000	-0.0124481315491	-0.00559046580230	0.0136458523717	-155.815113608
4253.00000000	-0.0124481551155	-0.00559047762929	0.0136458787149	-155.815108846
4253.00000000	-0.0124481092958	-0.00559045361971	0.0136458270807	-155.815121991
4253.00000000	-0.0124479912288	-0.00559039549652	0.0136456955645	-155.815141522
4253.00000000	-0.0124478234236	-0.00559030955141	0.0136455072777	-155.815182062
4253.00000000	-0.0124476741755	-0.00559022837896	0.0136453378745	-155.815236243
4253.00000000	-0.0124476090476	-0.00559018829366	0.0136452620408	-155.815277751
4253.00000000	-0.0124476309724	-0.00559019105795	0.0136452831737	-155.815304879
4253.00000000	-0.0124476932690	-0.00559021602811	0.0136453502322	-155.815316397
4253.00000000	-0.0124477661801	-0.00559025409987	0.0136454323411	-155.815295990
4253.00000000	-0.0124478468951	-0.00559030132267	0.0136455253179	-155.815253956
4253.00000000	-0.0124479122987	-0.00559033912623	0.0136456004684	-155.815221663
4253.00000000	-0.0124479437451	-0.00559034944053	0.0136456333803	-155.815236250
4253.00000000	-0.0124479427903	-0.00559032560432	0.0136456227440	-155.815325907
4253.00000000	-0.0124479201630	-0.00559027353387	0.0136455807706	-155.815486430
4253.00000000	-0.0124478794298	-0.00559020146884	0.0136455140893	-155.815692396
4253.00000000	-0.0124478373825	-0.00559013258574	0.0136454475129	-155.815883915
4253.00000000	-0.0124478311816	-0.00559010362029	0.0136454299900	-155.815984197
4253.00000000	-0.0124478817283	-0.00559012671688	0.0136454855624	-155.815982676
4253.00000000	-0.0124479914528	-0.00559019804732	0.0136456148787	-155.815898198
4253.00000000	-0.0124481393362	-0.00559031657482	0.0136457983402	-155.815698582
4253.00000000	-0.0124482620200	-0.00559045843783	0.0136459683740	-155.815366245
4253.00000000	-0.0124483027492	-0.00559057530124	0.0136460534051	-155.814988695
4253.00000000	-0.0124482721079	-0.00559063959173	0.0136460517922	-155.814689744
4253.00000000	-0.0124482224553	-0.00559066370154	0.0136460163755	-155.814511988
4253.00000000	-0.0124481856159	-0.00559066446058	0.0136459830807	-155.814445710
4253.00000000	-0.0124481469490	-0.00559063474764	0.0136459356347	-155.814493002
4253.00000000	-0.0124480893786	-0.00559056977446	0.0136458564986	-155.814642830
4253.00000000	-0.0124480329122	-0.00559049046002	0.0136457724943	-155.814849490
4253.00000000	-0.0124480079480	-0.00559042453167	0.0136457227115	-155.815059070
4253.00000000	-0.0124480378319	-0.00559039091855	0.0136457362017	-155.815239223
4253.00000000	-0.0124481441342	-0.00559040653022	0.0136458395696	-155.815362283
4253.00000000	-0.0124483190017	-0.00559047502877	0.0136460271514	-155.815400714
4253.00000000	-0.0124484971362	-0.00559055925251	0.0136462241557	-155.815384533
4253.00000000	-0.0124486042131	-0.00559061068924	0.0136463429070	-155.815371706
4253.00000000	-0.0124486046718	-0.00559061146475	0.0136463436430	-155.815369525
4253.00000000	-0.0124484977472	-0.00559056323336	0.0136462263439	-155.815370337
4253.00000000	-0.0124483064362	-0.00559047000627	0.0136460136311	-155.815398337
4253.00000000	-0.0124480860190	-0.00559036139801	0.0136457680654	-155.815435184
4253.00000000	-0.0124479089875	-0.00559028702373	0.0136455761025	-155.815415536
4253.00000000	-0.0124478143234	-0.00559026520698	0.0136454808092	-155.815336262
4253.00000000	-0.0124477969769	-0.00559028155452	0.0136454716825	-155.815243806
4253.00000000	-0.0124478423408	-0.00559032521384	0.0136455309511	-155.815154611
4253.00000000	-0.0124479322544	-0.00559039621627	0.0136456420613	-155.815037319
4253.00000000	-0.0124480164312	-0.00559047369436	0.0136457505912	-155.814885356
4253.00000000	-0.0124480481687	-0.00559051880525	0.0136457980244	-155.814767165
4253.00000000	-0.0124480362044	-0.00559051671070	0.0136457862521	-155.814754607
4253.00000000	-0.0124480125791	-0.00559048193966	0.0136457504552	-155.814847148
4253.00000000	-0.0124479736667	-0.00559042076483	0.0136456898958	-155.815014528
4253.00000000	-0.0124479045210	-0.00559033769203	0.0136455927858	-155.815213777
4253.00000000	-0.0124478301619	-0.00559026541559	0.0136454953431	-155.815362708
4253.00000000	-0.0124477881459	-0.00559023156117	0.0136454431454	-155.815420107
4253.00000000	-0.0124478072292	-0.00559023732164	0.0136454629136	-155.815430869
4253.00000000	-0.0124479126595	-0.00559028511533	0.0136455786704	-155.815429162
4253.00000000	-0.0124481025256	-0.00559038399627	0.0136457923813	-155.815377020
4253.00000000	-0.0124483144550	-0.00559051014761	0.0136460373912	-155.815258381
4253.00000000	-0.0124484681967	-0.00559061843919	0.0136462220038	-155.815108061
4253.00000000	-0.0124485335074	-0.00559069283405	0.0136463120604	-155.814935462
4253.00000000	-0.0124485304442	-0.00559074222646	0.0136463295015	-155.814741016
4253.00000000	-0.0124484786031	-0.00559075729677	0.0136462883849	-155.814594121
4253.00000000	-0.0124483866062	-0.00559072375729	0.0136461907222	-155.814564333
4253.00000000	-0.0124482911999	-0.00559066287924	0.0136460787491	-155.814633390
4253.00000000	-0.0124482281975	-0.00559060602515	0.0136459979842	-155.814742776
4253.00000000	-0.0124481947815	-0.00559056297611	0.0136459498646	-155.814850181
4253.00000000	-0.0124481903690	-0.00559054333319	0.0136459377920	-155.814917827
4253.00000000	-0.0124482416283	-0.00559056595493	0.0136459938199	-155.814919356
4253.00000000	-0.0124483496336	-0.00559063221756	0.0136461194921	-155.814851344
4253.00000000	-0.0124484581633	-0.00559070570771	0.0136462486036	-155.814756553
4253.00000000	-0.0124485117307	-0.00559074821207	0.0136463148828	-155.814685901
4253.00000000	-0.0124484897816	-0.00559074834807	0.0136462949159	-155.814647624
4253.00000000	-0.0124483789747	-0.00559069797104	0.0136461731962	-155.814649970
4253.00000000	-0.0124481913683	-0.00559059713797	0.0136459607468	-155.814713463
4253.00000000	-0.0124479972692	-0.00559048092766	0.0136457360745	-155.814824689
4253.00000000	-0.0124478726064	-0.00559039183560	0.0136455858540	-155.814951491
5260.00000000	-0.0187028860349	0.00218498301724	0.0188300848861	173.336569628
5260.00000000	-0.0187029305337	0.00218500593677	0.0188301317439	173.336516072
5260.00000000	-0.0187029398568	0.00218501810376	0.0188301424158	173.336482592
5260.00000000	-0.0187029091549	0.00218501836394	0.0188301119516	173.336470966
5260.00000000	-0.0187028607198	0.00218500895822	0.0188300627522	173.336482291
5260.00000000	-0.0187028168393	0.00218499317966	0.0188300173372	173.336514484
5260.00000000	-0.0187028004346	0.00218497803460	0.0188299992860	173.336554464
5260.00000000	-0.0187028185145	0.00218496868251	0.0188300161585	173.336589112
5260.00000000	-0.0187028472241	0.00218496104679	0.0188300437882	173.336622325
5260.00000000	-0.0187028571156	0.00218495528961	0.0188300529448	173.336643217
5260.00000000	-0.0187028567066	0.00218495972310	0.0188300530530	173.336629674
5260.00000000	-0.0187028961741	0.00218498073748	0.0188300946923	173.336580098
5260.00000000	-0.0187030024980	0.00218501933061	0.0188302047762	173.336501002
5260.00000000	-0.0187031481686	0.00218506508072	0.0188303547716	173.336414169
5260.00000000	-0.0187032639728	0.00218509121412	0.0188304728260	173.336376077
5260.00000000	-0.0187033070705	0.00218507964449	0.0188305142900	173.336426259
5260.00000000	-0.0187033035153	0.00218504253934	0.0188305064532	173.336537142
5260.00000000	-0.0187033059461	0.00218500505992	0.0188305045186	173.336651269
5260.00000000	-0.0187033506463	0.00218498567038	0.0188305466670	173.336725649
5260.00000000	-0.0187034337109	0.00218498527940	0.0188306291251	173.336756157
5260.00000000	-0.0187035190228	0.00218499996720	0.0188307155651	173.336741888
5260.00000000	-0.0187035614492	0.00218502848350	0.0188307610138	173.336670687
5260.00000000	-0.0187035518715	0.00218506550860	0.0188307557970	173.336555411
5260.00000000	-0.0187035057495	0.00218510278005	0.0188307143115	173.336426488
5260.00000000	-0.0187034485950	0.00218513991917	0.0188306618527	173.336294070
5260.00000000	-0.0187033889701	0.00218517786950	0.0188306070345	173.336158326
5260.00000000	-0.0187033109479	0.00218520712667	0.0188305329346	173.336042358
5260.00000000	-0.0187032160080	0.00218521296149	0.0188304393132	173.335991201
5260.00000000	-0.0187031354356	0.00218519235634	0.0188303568940	173.336025024
5260.00000000	-0.0187030892330	0.00218515364206	0.0188303065109	173.336125711
5260.00000000	-0.0187030783558	0.00218510749491	0.0188302903521	173.336261336
5260.00000000	-0.0187031044905	0.00218506125629	0.0188303109448	173.336410305
5260.00000000	-0.0187031632469	0.00218501512457	0.0188303639512	173.336570469
5260.00000000	-0.0187032492345	0.00218497578551	0.0188304447932	173.336719718
5260.00000000	-0.0187033488247	0.00218495792821	0.0188305416387	173.336808846
5260.00000000	-0.0187034461580	0.00218496497063	0.0188306391317	173.336821927
5260.00000000	-0.0187035294297	0.00218498339356	0.0188307239786	173.336795650
5260.00000000	-0.0187035855245	0.00218499645988	0.0188307812107	173.336775966
5260.00000000	-0.0187036160873	0.00218500324860	0.0188308123547	173.336766240
5260.00000000	-0.0187036302157	0.00218501246260	0.0188308274568	173.336743382
5260.00000000	-0.0187036553350	0.00218502762014	0.0188308541652	173.336706443
5260.00000000	-0.0187037145885	0.00218503645045	0.0188309140431	173.336700676
5260.00000000	-0.0187037936298	0.00218503298663	0.0188309921485	173.336739050
5260.00000000	-0.0187038462233	0.00218502575931	0.0188310435482	173.336779459
5260.00000000	-0.0187038352590	0.00218501853847	0.0188310318201	173.336797410
5260.00000000	-0.0187037805116	0.00218501505823	0.0188309770387	173.336788600
5260.00000000	-0.0187037164454	0.00218502744631	0.0188309148427	173.336728543
5260.00000000	-0.0187036367313	0.00218505539839	0.0188308389105	173.336615926
5260.00000000	-0.0187035290536	0.00218508017521	0.0188307348351	173.336503031
5260.00000000	-0.0187034150292	0.00218509717839	0.0188306235540	173.336411387
5260.00000000	-0.0187033373180	0.00218510925467	0.0188305477692	173.336347453
5260.00000000	-0.0187033252278	0.00218511455188	0.0188305363753	173.336327175
5260.00000000	-0.0187033708785	0.00218511499831	0.0188305817694	173.336341944
5260.00000000	-0.0187034317102	0.00218511062733	0.0188306416829	173.336376632
5260.00000000	-0.0187034761010	0.00218510451614	0.0188306850648	173.336410774
5260.00000000	-0.0187035082909	0.00218510231996	0.0188307167823	173.336428776
5260.00000000	-0.0187035590537	0.00218510796783	0.0188307678576	173.336429630
5260.00000000	-0.0187036497831	0.00218513127404	0.0188308606785	173.336391230
5260.00000000	-0.0187037534707	0.00218518123731	0.0188309694634	173.336276846
5260.00000000	-0.0187038248380	0.00218524436067	0.0188310476736	173.336111281
5260.00000000	-0.0187038360318	0.00218529302328	0.0188310644389	173.335968171
5260.00000000	-0.0187037728957	0.00218530581311	0.0188310032136	173.335907227
5260.00000000	-0.0187036502726	0.00218528362315	0.0188308788439	173.335930990
5260.00000000	-0.0187035256947	0.00218524398659	0.0188307505079	173.336006788
5260.00000000	-0.0187034426989	0.00218520265126	0.0188306632761	173.336102403
5260.00000000	-0.0187034047351	0.00218517058820	0.0188306218481	173.336185898
5260.00000000	-0.0187034118233	0.00218515516353	0.0188306270984	173.336235016
5260.00000000	-0.0187034678793	0.00218515488640	0.0188306827436	173.336255646
5260.00000000	-0.0187035644095	0.00218516597458	0.0188307799084	173.336256219
5260.00000000	-0.0187036687127	0.00218518576487	0.0188308858035	173.336233237
5260.00000000	-0.0187037361078	0.00218519942048	0.0188309543278	173.336215765
5260.00000000	-0.0187037506837	0.00218518938745	0.0188309676410	173.336251232
5260.00000000	-0.0187037314152	0.00218515559925	0.0188309445818	173.336346539
5260.00000000	-0.0187037200454	0.00218510998188	0.0188309279955	173.336480385
5260.00000000	-0.0187037522217	0.00218505986250	0.0188309541387	173.336643210
5260.00000000	-0.0187038310669	0.00218501015935	0.0188310266840	173.336821253
5260.00000000	-0.0187039131707	0.00218497338378	0.0188311039662	173.336961377
5260.00000000	-0.0187039446434	0.00218496174462	0.0188311338759	173.337007662
5260.00000000	-0.0187039286615	0.00218498222628	0.0188311203783	173.336940123
5260.00000000	-0.0187039133387	0.00218503364391	0.0188311111251	173.336779326
5260.00000000	-0.0187039220275	0.00218510872659	0.0188311284674	173.336555490
5260.00000000	-0.0187039433627	0.00218519001059	0.0188311590906	173.336317378
5260.00000000	-0.0187039697678	0.00218525973024	0.0188311934078	173.336116005
5260.00000000	-0.0187040027369	0.00218531164158	0.0188312321783	173.335970767
5260.00000000	-0.0187040259602	0.00218534181267	0.0188312587459	173.335887789
5260.00000000	-0.0187040187148	0.00218534519938	0.0188312519426	173.335874996
5260.00000000	-0.0187039884946	0.00218533564103	0.0188312208173	173.335893211
5260.00000000	-0.0187039700646	0.00218533974229	0.0188312029878	173.335874310
5260.00000000	-0.0187039786661	0.00218536180846	0.0188312140919	173.335810662
5260.00000000	-0.0187039974832	0.00218538759268	0.0188312357741	173.335739385
5260.00000000	-0.0187040123525	0.00218541045976	0.0188312531967	173.335675531
5260.00000000	-0.0187040106031	0.00218543689526	0.0188312545271	173.335595024
5260.00000000	-0.0187039892117	0.00218546867724	0.0188312369687	173.335491424
5260.00000000	-0.0187039733136	0.00218549288955	0.0188312239880	173.335412640
5260.00000000	-0.0187039749851	0.00218550286484	0.0188312268059	173.335383085
5260.00000000	-0.0187039682114	0.00218549919994	0.0188312196527	173.335391768
5260.00000000	-0.0187039218538	0.00218547351867	0.0188311706278	173.335453009
5260.00000000	-0.0187038482440	0.00218542304540	0.0188310916577	173.335579549
5260.00000000	-0.0187038035218	0.00218536619610	0.0188310406402	173.335735559
5260.00000000	-0.0187038345800	0.00218532442046	0.0188310666405	173.335872775
5270.00000000	0.00312846737394	-0.146772434039	0.146805772031	-88.7789203105
5270.00000000	0.00312831130546	-0.146773258612	0.146806593092	-88.7789880652
5270.00000000	0.00312827723243	-0.146773514169	0.146806847865	-88.7790034855
5270.00000000	0.00312842797665	-0.146773323483	0.146806660434	-88.7789430805
5270.00000000	0.00312876049745	-0.146772967477	0.146806311595	-88.7788103724
5270.00000000	0.00312917374646	-0.146772603946	0.146805956955	-88.7786461015
5270.00000000	0.00312949965322	-0.146772409034	0.146805769035	-88.7785173131
5270.00000000	0.00312968945870	-0.146772542077	0.146805906093	-88.7784443591
5270.00000000	0.00312985332430	-0.146772890445	0.146806257875	-88.7783833184
5270.00000000	0.00313007464829	-0.146773246275	0.146806618343	-88.7782999203
5270.00000000	0.00313030362880	-0.146773500940	0.146806877833	-88.7782126932
5270.00000000	0.00313042248656	-0.146773752119	0.146807131489	-88.7781684063
5270.00000000	0.00313038843223	-0.146774005550	0.146807384137	-88.7781838030
5270.00000000	0.00313028309890	-0.146774091014	0.146807467335	-88.7782256142
5270.00000000	0.00313020896252	-0.146773959887	0.146807334657	-88.7782534503
5270.00000000	0.00313016099409	-0.146773783008	0.146807156795	-88.7782706952
5270.00000000	0.00313004204161	-0.146773725559	0.146807096824	-88.7783166313
5270.00000000	0.00312977978501	-0.146773913585	0.146807279215	-88.7784205258
5270.00000000	0.00312938198665	-0.146774545528	0.146807902534	-88.7785810001
5270.00000000	0.00312891131364	-0.146775654339	0.146809001061	-88.7787738743
5270.00000000	0.00312839890596	-0.146776934986	0.146810270498	-88.7789844589
5270.00000000	0.00312787289269	-0.146777986654	0.146811310719	-88.7791984444
5270.00000000	0.00312743232193	-0.146778660205	0.146811974731	-88.7793759458
5270.00000000	0.00312718200116	-0.146778990407	0.146812299526	-88.7794763604
5270.00000000	0.00312710053828	-0.146779042506	0.146812349878	-88.7795085784
5270.00000000	0.00312706506821	-0.146778788626	0.146812095301	-88.7795203076
5270.00000000	0.00312696296359	-0.146778233172	0.146811537798	-88.7795555294
5270.00000000	0.00312676581255	-0.146777453639	0.146810754242	-88.7796259742
5270.00000000	0.00312655394449	-0.146776545327	0.146809841624	-88.7797010917
5270.00000000	0.00312643012408	-0.146775594329	0.146808888205	-88.7797415005
5270.00000000	0.00312639027098	-0.146774859433	0.146808152627	-88.7797509428
5270.00000000	0.00312635158985	-0.146774684941	0.146807977351	-88.7797645854
5270.00000000	0.00312627468726	-0.146775109968	0.146808400644	-88.7797981243
5270.00000000	0.00312614251445	-0.146775903228	0.146809190909	-88.7798562889
5270.00000000	0.00312598189184	-0.146776703476	0.146809987556	-88.7799256115
5270.00000000	0.00312581461921	-0.146777228540	0.146810508939	-88.7799952415
5270.00000000	0.00312562283283	-0.146777528816	0.146810805063	-88.7800725680
5270.00000000	0.00312545173069	-0.146777772746	0.146811045295	-88.7801413555
5270.00000000	0.00312537600306	-0.146778012592	0.146811283476	-88.7801728956
5270.00000000	0.00312539833588	-0.146778083337	0.146811354679	-88.7801647696
5270.00000000	0.00312541048621	-0.146777965844	0.146811237472	-88.7801590526
5270.00000000	0.00312529716649	-0.146777873046	0.146811142282	-88.7802024967
5270.00000000	0.00312501244866	-0.146777938491	0.146811201652	-88.7803141316
5270.00000000	0.00312459302023	-0.146778087356	0.146811341556	-88.7804790207
5270.00000000	0.00312412077680	-0.146778161425	0.146811405558	-88.7806638956
5270.00000000	0.00312365837347	-0.146778216288	0.146811450569	-88.7808447715
5270.00000000	0.00312326209668	-0.146778265986	0.146811491825	-88.7809998032
5270.00000000	0.00312300934468	-0.146778117524	0.146811338020	-88.7810971893
5270.00000000	0.00312291616362	-0.146777721037	0.146810939641	-88.7811302552
5270.00000000	0.00312288917949	-0.146777292421	0.146810510548	-88.7811372257
5270.00000000	0.00312281595241	-0.146777058737	0.146810275359	-88.7811638576
5270.00000000	0.00312258630477	-0.146777123125	0.146810334848	-88.7812539966
5270.00000000	0.00312212394554	-0.146777464488	0.146810666300	-88.7814372343
5270.00000000	0.00312150260399	-0.146777802332	0.146810990855	-88.7816824738
5270.00000000	0.00312084140741	-0.146777859155	0.146811033609	-88.7819409314
5270.00000000	0.00312017608974	-0.146777709529	0.146810869875	-88.7821992845
5270.00000000	0.00311949120987	-0.146777716641	0.146810862431	-88.7824665707
5270.00000000	0.00311877929313	-0.146778114639	0.146811245214	-88.7827476470
5270.00000000	0.00311808357565	-0.146778742713	0.146811858369	-88.7830243082
5270.00000000	0.00311744327904	-0.146779314750	0.146812416679	-88.7832788788
5270.00000000	0.00311687731320	-0.146779660821	0.146812750655	-88.7835025731
5270.00000000	0.00311644984635	-0.146779596266	0.146812677040	-88.7836688258
5270.00000000	0.00311620888678	-0.146779085270	0.146812161044	-88.7837586096
5270.00000000	0.00311610556540	-0.146778414915	0.146811488648	-88.7837933705
5270.00000000	0.00311604444049	-0.146777871855	0.146810944412	-88.7838127218
5270.00000000	0.00311595658705	-0.146777542457	0.146810613224	-88.7838442721
5270.00000000	0.00311576446111	-0.146777445739	0.146810512451	-88.7839184351
5270.00000000	0.00311544048075	-0.146777593224	0.146810653026	-88.7840460680
5270.00000000	0.00311503026112	-0.146778008995	0.146811060000	-88.7842095712
5270.00000000	0.00311461110734	-0.146778575780	0.146811617763	-88.7843778098
5270.00000000	0.00311426354758	-0.146779047166	0.146812081670	-88.7845173229
5270.00000000	0.00311403165287	-0.146779291985	0.146812321516	-88.7846098298
5270.00000000	0.00311389664823	-0.146779391507	0.146812418152	-88.7846633294
5270.00000000	0.00311378468428	-0.146779572587	0.146812596816	-88.7847085140
5270.00000000	0.00311361121830	-0.146780060015	0.146813080455	-88.7847802308
5270.00000000	0.00311332545744	-0.146780858389	0.146813872590	-88.7848983350
5270.00000000	0.00311291113137	-0.146781655982	0.146814661218	-88.7850665939
5270.00000000	0.00311239366226	-0.146782039711	0.146815033889	-88.7852716703
5270.00000000	0.00311178802131	-0.146781974158	0.146814955513	-88.7855074314
5270.00000000	0.00311109827615	-0.146781818904	0.146814785677	-88.7857752659
5270.00000000	0.00311037904437	-0.146781841410	0.146814792939	-88.7860560756
5270.00000000	0.00310973210549	-0.146781982137	0.146814919929	-88.7863096559
5270.00000000	0.00310923236568	-0.146782092201	0.146815019385	-88.7865055496
5270.00000000	0.00310882494082	-0.146782110157	0.146815028709	-88.7866646632
5270.00000000	0.00310835872263	-0.146782058397	0.146814967089	-88.7868461403
5270.00000000	0.00310772702344	-0.146781982944	0.146814878279	-88.7870919877
5270.00000000	0.00310694638893	-0.146781862021	0.146814740861	-88.7873955702
5270.00000000	0.00310608397333	-0.146781707926	0.146814568553	-88.7877307880
5270.00000000	0.00310519136888	-0.146781551685	0.146814393465	-88.7880777678
5270.00000000	0.00310432258442	-0.146781307520	0.146814130982	-88.7884147290
5270.00000000	0.00310349877533	-0.146781015403	0.146813821513	-88.7887337475
5270.00000000	0.00310270840109	-0.146780799504	0.146813588957	-88.7890403506
5270.00000000	0.00310197142572	-0.146780773786	0.146813547671	-88.7893276879
5270.00000000	0.00310131788585	-0.146780950540	0.146813710579	-88.7895841401
5270.00000000	0.00310074894284	-0.146781180948	0.146813928919	-88.7898080264
5270.00000000	0.00310022440017	-0.146781427991	0.146814164829	-88.7900147253
5270.00000000	0.00309970747893	-0.146781680432	0.146814406299	-88.7902184943
5270.00000000	0.00309924114679	-0.146781821724	0.146814537715	-88.7904016085
5270.00000000	0.00309887504192	-0.146781854803	0.146814563058	-88.7905447251
5270.00000000	0.00309854026416	-0.146781995156	0.146814696313	-88.7906765022
5274.00000000	0.0122838531634	-0.145418805753	0.145936705853	-85.1715595771
5274.00000000	0.0122836555102	-0.145419869580	0.145937749268	-85.1716720570
5274.00000000	0.0122834956358	-0.145420323078	0.145938187700	-85.1717495875
5274.00000000	0.0122833984052	-0.145420072111	0.145937929439	-85.1717793319
5274.00000000	0.0122833523656	-0.145419445943	0.145937301619	-85.1717766514
5274.00000000	0.0122833232690	-0.145418910132	0.145936765259	-85.1717703284
5274.00000000	0.0122832296959	-0.145418711131	0.145936559089	-85.1718003595
5274.00000000	0.0122829923639	-0.145418831170	0.145936658727	-85.1718971738
5274.00000000	0.0122826374857	-0.145419143519	0.145936940099	-85.1720463282
5274.00000000	0.0122822854901	-0.145419476406	0.145937242180	-85.1721950331
5274.00000000	0.0122820200982	-0.145419778794	0.145937521159	-85.1723088491
5274.00000000	0.0122818569739	-0.145420135198	0.145937862571	-85.1723844412
5274.00000000	0.0122818017714	-0.145420465885	0.145938187438	-85.1724169631
5274.00000000	0.0122818674133	-0.145420602480	0.145938329074	-85.1723957965
5274.00000000	0.0122820449515	-0.145420479669	0.145938221640	-85.1723222840
5274.00000000	0.0122822484759	-0.145420188795	0.145937948927	-85.1722330522
5274.00000000	0.0122823618844	-0.145419927458	0.145937698061	-85.1721800505
5274.00000000	0.0122823133541	-0.145419897830	0.145937664454	-85.1721980571
5274.00000000	0.0122820819230	-0.145420291939	0.145938037687	-85.1723016175
5274.00000000	0.0122817445408	-0.145421257285	0.145938971215	-85.1724655003
5274.00000000	0.0122814347547	-0.145422652716	0.145940335626	-85.1726327947
5274.00000000	0.0122812557954	-0.145424082472	0.145941745250	-85.1727500403
5274.00000000	0.0122812706438	-0.145425166986	0.145942827167	-85.1727800610
5274.00000000	0.0122815000064	-0.145425695313	0.145943372922	-85.1727077893
5274.00000000	0.0122818883215	-0.145425612180	0.145943322762	-85.1725531353
5274.00000000	0.0122823123928	-0.145424976228	0.145942724754	-85.1723662284
5274.00000000	0.0122826083990	-0.145424038986	0.145941815749	-85.1722194641
5274.00000000	0.0122826879679	-0.145423054712	0.145940841664	-85.1721558149
5274.00000000	0.0122825875172	-0.145422160689	0.145939942358	-85.1721655715
5274.00000000	0.0122823960681	-0.145421433248	0.145939201385	-85.1722164317
5274.00000000	0.0122821831795	-0.145420904221	0.145938656319	-85.1722822356
5274.00000000	0.0122820024409	-0.145420595353	0.145938333336	-85.1723427369
5274.00000000	0.0122818938078	-0.145420514336	0.145938243463	-85.1723825584
5274.00000000	0.0122818093064	-0.145420707133	0.145938428465	-85.1724219863
5274.00000000	0.0122816933835	-0.145421116100	0.145938826226	-85.1724808487
5274.00000000	0.0122815534266	-0.145421590341	0.145939287006	-85.1725512697
5274.00000000	0.0122814101712	-0.145422021287	0.145939704368	-85.1726215503
5274.00000000	0.0122813314583	-0.145422365293	0.145940040529	-85.1726637087
5274.00000000	0.0122813890639	-0.145422681857	0.145940360818	-85.1726516319
5274.00000000	0.0122815802364	-0.145422895131	0.145940589424	-85.1725838907
5274.00000000	0.0122817509331	-0.145422974898	0.145940683273	-85.1725197489
5274.00000000	0.0122817263077	-0.145423139349	0.145940845068	-85.1725348158
5274.00000000	0.0122814712711	-0.145423506185	0.145941189140	-85.1726467066
5274.00000000	0.0122810898934	-0.145423853944	0.145941503572	-85.1728073915
5274.00000000	0.0122806958296	-0.145423867633	0.145941484053	-85.1729620021
5274.00000000	0.0122803970404	-0.145423473905	0.145941066579	-85.1730658821
5274.00000000	0.0122803213583	-0.145422749346	0.145940338221	-85.1730715530
5274.00000000	0.0122804990282	-0.145421719169	0.145939326648	-85.1729680145
5274.00000000	0.0122808173844	-0.145420543320	0.145938181759	-85.1728046239
5274.00000000	0.0122811288363	-0.145419668443	0.145937336195	-85.1726538758
5274.00000000	0.0122813476736	-0.145419388515	0.145937075676	-85.1725590151
5274.00000000	0.0122814260044	-0.145419669438	0.145937362194	-85.1725376527
5274.00000000	0.0122813087645	-0.145420310786	0.145937991400	-85.1726047081
5274.00000000	0.0122810332135	-0.145420960235	0.145938615358	-85.1727339635
5274.00000000	0.0122807239091	-0.145421322244	0.145938950054	-85.1728669261
5274.00000000	0.0122804750408	-0.145421395784	0.145939002391	-85.1729667150
5274.00000000	0.0122803077162	-0.145421522161	0.145939114241	-85.1730363488
5274.00000000	0.0122801966657	-0.145422003421	0.145939584449	-85.1730956914
5274.00000000	0.0122801307172	-0.145422601774	0.145940175130	-85.1731412577
5274.00000000	0.0122800423116	-0.145422923937	0.145940488712	-85.1731864851
5274.00000000	0.0122798499872	-0.145422874908	0.145940423675	-85.1732601036
5274.00000000	0.0122795862554	-0.145422488741	0.145940016686	-85.1733505203
5274.00000000	0.0122793200613	-0.145421880701	0.145939388405	-85.1734345715
5274.00000000	0.0122790432246	-0.145421389445	0.145938875597	-85.1735266447
5274.00000000	0.0122787715605	-0.145421255970	0.145938719739	-85.1736285132
5274.00000000	0.0122785863473	-0.145421371698	0.145938819474	-85.1737047931
5274.00000000	0.0122784578030	-0.145421623197	0.145939059266	-85.1737633881
5274.00000000	0.0122782814954	-0.145421929801	0.145939349949	-85.1738424885
5274.00000000	0.0122780354984	-0.145422263152	0.145939661422	-85.1739497350
5274.00000000	0.0122777679236	-0.145422606170	0.145939980713	-85.1740657417
5274.00000000	0.0122775097977	-0.145422841948	0.145940193939	-85.1741745096
5274.00000000	0.0122772735720	-0.145422797316	0.145940129592	-85.1742654484
5274.00000000	0.0122770948679	-0.145422482379	0.145939800738	-85.1743249571
5274.00000000	0.0122769475312	-0.145422206761	0.145939513703	-85.1743734935
5274.00000000	0.0122767233226	-0.145422348493	0.145939636072	-85.1744658865
5274.00000000	0.0122763356819	-0.145423035302	0.145940287838	-85.1746402164
5274.00000000	0.0122758245340	-0.145424039108	0.145941245090	-85.1748733295
5274.00000000	0.0122753094019	-0.145424966225	0.145942125592	-85.1751054658
5274.00000000	0.0122748434393	-0.145425658826	0.145942776547	-85.1753106207
5274.00000000	0.0122744476541	-0.145426211454	0.145943293930	-85.1754836987
5274.00000000	0.0122741787029	-0.145426589595	0.145943648111	-85.1756013973
5274.00000000	0.0122740538055	-0.145426615017	0.145943662939	-85.1756510962
5274.00000000	0.0122740092144	-0.145426295604	0.145943340908	-85.1756579941
5274.00000000	0.0122739614185	-0.145425858898	0.145942901730	-85.1756622729
5274.00000000	0.0122738653941	-0.145425454517	0.145942490705	-85.1756864862
5274.00000000	0.0122736343245	-0.145425100733	0.145942118742	-85.1757652000
5274.00000000	0.0122731825626	-0.145424829485	0.145941810463	-85.1759329746
5274.00000000	0.0122725319027	-0.145424722842	0.145941649480	-85.1761839938
5274.00000000	0.0122717774382	-0.145424769834	0.145941632863	-85.1764806942
5274.00000000	0.0122710365809	-0.145424868194	0.145941668580	-85.1767737670
5274.00000000	0.0122703991238	-0.145424991374	0.145941737727	-85.1770272085
5274.00000000	0.0122699058305	-0.145425122795	0.145941827209	-85.1772245244
5274.00000000	0.0122695170846	-0.145425277329	0.145941948513	-85.1773817037
5274.00000000	0.0122691227380	-0.145425489642	0.145942126921	-85.1775429806
5274.00000000	0.0122686511020	-0.145425638834	0.145942235936	-85.1777324097
5274.00000000	0.0122680883368	-0.145425597076	0.145942147019	-85.1779511869
5274.00000000	0.0122674593720	-0.145425384106	0.145941881932	-85.1781902118
5274.00000000	0.0122668472634	-0.145425112372	0.145941559708	-85.1784207041
5274.00000000	0.0122662993183	-0.145424996354	0.145941398045	-85.1786312346
5274.00000000	0.0122657687938	-0.145425259470	0.145941615641	-85.1788474604
