DevNumber	X [V]	Y [V]	R [V]	Theta [°]
4253.00000000	0.00811925725925	-0.00727801323109	0.0109037523373	-41.8727016894
4253.00000000	0.00811921505903	-0.00727792897687	0.0109036646760	-41.8725200310
4253.00000000	0.00811918136850	-0.00727783476610	0.0109035767057	-41.8722695638
4253.00000000	0.00811917233297	-0.00727777096643	0.0109035273931	-41.8720516135
4253.00000000	0.00811917211418	-0.00727776188801	0.0109035211706	-41.8720168578
4253.00000000	0.00811915639618	-0.00727779213935	0.0109035296583	-41.8721903582
4253.00000000	0.00811913059934	-0.00727783371110	0.0109035381971	-41.8724435047
4253.00000000	0.00811912263308	-0.00727787792056	0.0109035617739	-41.8726444321
4253.00000000	0.00811914658770	-0.00727792207358	0.0109036090824	-41.8727331771
4253.00000000	0.00811919103484	-0.00727795096507	0.0109036614635	-41.8726903298
4253.00000000	0.00811923186712	-0.00727794717581	0.0109036893392	-41.8725322877
4253.00000000	0.00811925621301	-0.00727791248461	0.0109036843125	-41.8723111563
4253.00000000	0.00811926707283	-0.00727786943246	0.0109036636630	-41.8721046102
4253.00000000	0.00811927491218	-0.00727783904913	0.0109036492205	-41.8719582286
4253.00000000	0.00811928297363	-0.00727782674880	0.0109036470133	-41.8718818245
4253.00000000	0.00811929053189	-0.00727782536226	0.0109036517160	-41.8718498896
4253.00000000	0.00811930019289	-0.00727782772427	0.0109036604866	-41.8718252472
4253.00000000	0.00811931683904	-0.00727784177050	0.0109036822573	-41.8718218245
4253.00000000	0.00811934503813	-0.00727788891640	0.0109037347238	-41.8719073960
4253.00000000	0.00811938431846	-0.00727797458294	0.0109038211532	-41.8721048253
4253.00000000	0.00811942148688	-0.00727806704254	0.0109039105443	-41.8723362382
4253.00000000	0.00811943873559	-0.00727811796865	0.0109039573801	-41.8724750027
4253.00000000	0.00811942934705	-0.00727810703872	0.0109039430936	-41.8724651652
4253.00000000	0.00811940542121	-0.00727805372607	0.0109038896928	-41.8723404813
4253.00000000	0.00811938283909	-0.00727798489046	0.0109038269316	-41.8721503452
4253.00000000	0.00811936574613	-0.00727792059481	0.0109037712881	-41.8719587187
4253.00000000	0.00811935048795	-0.00727787213860	0.0109037275834	-41.8718226326
4253.00000000	0.00811932819484	-0.00727783152026	0.0109036838716	-41.8717418878
4253.00000000	0.00811929125829	-0.00727778652268	0.0109036263329	-41.8716953667
4253.00000000	0.00811925378467	-0.00727773992158	0.0109035673239	-41.8716444544
4253.00000000	0.00811923600369	-0.00727768870592	0.0109035198988	-41.8715064153
4253.00000000	0.00811923694744	-0.00727761408889	0.0109034707977	-41.8712111311
4253.00000000	0.00811923723603	-0.00727750777577	0.0109034000533	-41.8707941144
4253.00000000	0.00811922013006	-0.00727739211164	0.0109033101151	-41.8704015101
4253.00000000	0.00811918449482	-0.00727731026927	0.0109032289537	-41.8702062378
4253.00000000	0.00811913565880	-0.00727727976262	0.0109031722260	-41.8702581481
4253.00000000	0.00811907574309	-0.00727728227727	0.0109031292877	-41.8704781378
4253.00000000	0.00811900794245	-0.00727729715245	0.0109030887282	-41.8707741541
4253.00000000	0.00811893965668	-0.00727731599449	0.0109030504554	-41.8710873970
4253.00000000	0.00811888543915	-0.00727734306535	0.0109030281512	-41.8713834979
4253.00000000	0.00811886201080	-0.00727739282515	0.0109030439182	-41.8716603899
4253.00000000	0.00811888021543	-0.00727748544511	0.0109031192948	-41.8719589666
4253.00000000	0.00811894312778	-0.00727762425710	0.0109032587945	-41.8722814755
4253.00000000	0.00811903964845	-0.00727776575764	0.0109034251149	-41.8724966156
4253.00000000	0.00811914174008	-0.00727785621190	0.0109035615116	-41.8724924723
4253.00000000	0.00811922474007	-0.00727787683371	0.0109036370806	-41.8722820475
4253.00000000	0.00811927725938	-0.00727783776941	0.0109036501142	-41.8719449887
4253.00000000	0.00811929740632	-0.00727777507752	0.0109036232717	-41.8716290196
4253.00000000	0.00811929630850	-0.00727773454439	0.0109035953999	-41.8714742673
4253.00000000	0.00811929146274	-0.00727774004099	0.0109035954603	-41.8715127709
4253.00000000	0.00811928958016	-0.00727778434089	0.0109036236270	-41.8716927154
4253.00000000	0.00811928058829	-0.00727785002878	0.0109036607758	-41.8719812824
4253.00000000	0.00811925971920	-0.00727793035711	0.0109036988527	-41.8723687910
4253.00000000	0.00811923310054	-0.00727802150568	0.0109037398712	-41.8728188002
4253.00000000	0.00811919909922	-0.00727811422034	0.0109037764383	-41.8733008279
4253.00000000	0.00811915990141	-0.00727820616980	0.0109038086261	-41.8737980846
4253.00000000	0.00811912639290	-0.00727829354104	0.0109038419951	-41.8742574704
4253.00000000	0.00811910042220	-0.00727835055161	0.0109038607116	-41.8745716245
4253.00000000	0.00811908035586	-0.00727835038776	0.0109038456607	-41.8746413658
4253.00000000	0.00811906808360	-0.00727829534835	0.0109037997837	-41.8744690604
4253.00000000	0.00811907733612	-0.00727823024827	0.0109037632190	-41.8741818913
4253.00000000	0.00811911568901	-0.00727820559147	0.0109037753188	-41.8739508947
4253.00000000	0.00811916062476	-0.00727821943787	0.0109038180211	-41.8738474616
4253.00000000	0.00811918585316	-0.00727823480682	0.0109038470652	-41.8738191086
4253.00000000	0.00811918213335	-0.00727822568636	0.0109038382075	-41.8737964700
4253.00000000	0.00811915638431	-0.00727819056324	0.0109037955900	-41.8737493567
4253.00000000	0.00811912397098	-0.00727814213492	0.0109037391289	-41.8736735581
4253.00000000	0.00811908996067	-0.00727809759164	0.0109036840720	-41.8736185613
4253.00000000	0.00811905216097	-0.00727807575182	0.0109036413478	-41.8736656887
4253.00000000	0.00811901662762	-0.00727809039370	0.0109036246624	-41.8738476122
4253.00000000	0.00811899259653	-0.00727812258225	0.0109036282542	-41.8740578476
4253.00000000	0.00811898443091	-0.00727813561348	0.0109036308722	-41.8741374767
4253.00000000	0.00811899445488	-0.00727811821478	0.0109036267226	-41.8740342406
4253.00000000	0.00811901229229	-0.00727807876220	0.0109036136703	-41.8738173069
4253.00000000	0.00811902461205	-0.00727801581068	0.0109035808243	-41.8735277792
4253.00000000	0.00811902549775	-0.00727793162214	0.0109035252891	-41.8731952576
4253.00000000	0.00811900195658	-0.00727783991035	0.0109034465437	-41.8729189721
4253.00000000	0.00811894648362	-0.00727774743330	0.0109033435104	-41.8727516893
4253.00000000	0.00811887741219	-0.00727765560715	0.0109032307859	-41.8726346475
4253.00000000	0.00811882592149	-0.00727757439828	0.0109031382393	-41.8724974834
4253.00000000	0.00811880617151	-0.00727751363947	0.0109030829779	-41.8723290061
4253.00000000	0.00811881573992	-0.00727747856984	0.0109030666949	-41.8721582145
4253.00000000	0.00811885084091	-0.00727747994989	0.0109030937535	-41.8720404959
4253.00000000	0.00811890920144	-0.00727752413848	0.0109031667055	-41.8720087066
4253.00000000	0.00811898502154	-0.00727761072832	0.0109032809600	-41.8720815948
4253.00000000	0.00811906700011	-0.00727772064732	0.0109034153719	-41.8722241668
4253.00000000	0.00811914633354	-0.00727782738944	0.0109035456938	-41.8723635822
4253.00000000	0.00811921540130	-0.00727791303277	0.0109036542886	-41.8724564438
4253.00000000	0.00811926059434	-0.00727796917438	0.0109037254139	-41.8725176067
4253.00000000	0.00811926981819	-0.00727800184806	0.0109037540912	-41.8726131009
4253.00000000	0.00811924878645	-0.00727802837778	0.0109037561383	-41.8727906726
4253.00000000	0.00811921562723	-0.00727805884706	0.0109037517847	-41.8730261949
4253.00000000	0.00811918492237	-0.00727808917840	0.0109037491668	-41.8732525691
4253.00000000	0.00811916747083	-0.00727812114270	0.0109037575077	-41.8734388476
4253.00000000	0.00811917770812	-0.00727817587013	0.0109038016605	-41.8736170748
4253.00000000	0.00811921978473	-0.00727826340228	0.0109038914185	-41.8738119811
4253.00000000	0.00811927444589	-0.00727835660891	0.0109039943348	-41.8739849474
4253.00000000	0.00811931589331	-0.00727842225601	0.0109040690163	-41.8740964269
4253.00000000	0.00811933125819	-0.00727844174942	0.0109040934690	-41.8741188062
4253.00000000	0.00811931970963	-0.00727841303929	0.0109040657059	-41.8740469803
5260.00000000	0.00764590277232	0.000409866065504	0.00765688052639	3.06845914271
5260.00000000	0.00764587136773	0.000409905114031	0.00765685125716	3.06876350095
5260.00000000	0.00764585013272	0.000409936297942	0.00765683172209	3.06900502101
5260.00000000	0.00764585131779	0.000409946234952	0.00765683343748	3.06907879784
5260.00000000	0.00764587783502	0.000409934509772	0.00765685928892	3.06898056118
5260.00000000	0.00764591967090	0.000409913540919	0.00765689994220	3.06880711817
5260.00000000	0.00764596236080	0.000409891407761	0.00765694138601	3.06862463506
5260.00000000	0.00764599522746	0.000409871114051	0.00765697311922	3.06845983313
5260.00000000	0.00764600878943	0.000409855302497	0.00765698581538	3.06833625566
5260.00000000	0.00764600020297	0.000409841943037	0.00765697652615	3.06823987169
5260.00000000	0.00764597894391	0.000409825906631	0.00765695443923	3.06812856052
5260.00000000	0.00764595457403	0.000409807936064	0.00765692914246	3.06800404225
5260.00000000	0.00764592880225	0.000409790079858	0.00765690245195	3.06788093912
5260.00000000	0.00764590816823	0.000409773841212	0.00765688097843	3.06776786436
5260.00000000	0.00764589783941	0.000409761326351	0.00765686999467	3.06767848713
5260.00000000	0.00764589179813	0.000409751248037	0.00765686342270	3.06760559911
5260.00000000	0.00764588330766	0.000409740409540	0.00765685436439	3.06752801147
5260.00000000	0.00764587278246	0.000409727643984	0.00765684317117	3.06743683896
5260.00000000	0.00764587083408	0.000409711426495	0.00765684035778	3.06731643830
5260.00000000	0.00764588676525	0.000409690853566	0.00765685516531	3.06715633393
5260.00000000	0.00764590906148	0.000409672219145	0.00765687643256	3.06700816678
5260.00000000	0.00764591899149	0.000409669809560	0.00765688621943	3.06698618628
5260.00000000	0.00764591273547	0.000409682277775	0.00765688063948	3.06708185590
5260.00000000	0.00764589993571	0.000409696494507	0.00765686861873	3.06719321096
5260.00000000	0.00764588794257	0.000409710483759	0.00765685739131	3.06730254363
5260.00000000	0.00764587975123	0.000409727924818	0.00765685014498	3.06743614697
5260.00000000	0.00764587252798	0.000409744596129	0.00765684382420	3.06756361117
5260.00000000	0.00764585554678	0.000409751880580	0.00765682725715	3.06762484231
5260.00000000	0.00764582362576	0.000409749119074	0.00765679523410	3.06761699033
5260.00000000	0.00764579074176	0.000409742222062	0.00765676202812	3.06757862215
5260.00000000	0.00764576749348	0.000409736139155	0.00765673848764	3.06754247834
5260.00000000	0.00764574868087	0.000409731758385	0.00765671946755	3.06751727707
5260.00000000	0.00764572999254	0.000409728966154	0.00765670065659	3.06750389605
5260.00000000	0.00764571173274	0.000409727408073	0.00765668233957	3.06749956542
5260.00000000	0.00764569975348	0.000409724462201	0.00765667021983	3.06748234967
5260.00000000	0.00764569865057	0.000409716453281	0.00765666868993	3.06742294546
5260.00000000	0.00764570535271	0.000409702166829	0.00765667461800	3.06731350773
5260.00000000	0.00764571058051	0.000409686662326	0.00765667900870	3.06719555874
5260.00000000	0.00764571281072	0.000409674704893	0.00765668059591	3.06710531516
5260.00000000	0.00764573049111	0.000409670850009	0.00765669804472	3.06706943103
5260.00000000	0.00764577690497	0.000409675156887	0.00765674462254	3.06708303028
5260.00000000	0.00764584441190	0.000409681176091	0.00765681235483	3.06710097906
5260.00000000	0.00764591578310	0.000409684345129	0.00765688379336	3.06709608337
5260.00000000	0.00764597604903	0.000409680586483	0.00765694377185	3.06704386943
5260.00000000	0.00764601671847	0.000409669919519	0.00765698381232	3.06694788229
5260.00000000	0.00764602761734	0.000409657130622	0.00765699401134	3.06684795919
5260.00000000	0.00764599736906	0.000409648954429	0.00765696336896	3.06679897530
5260.00000000	0.00764593969960	0.000409644297333	0.00765690553294	3.06678726383
5260.00000000	0.00764588814711	0.000409634146724	0.00765685351122	3.06673205458
5260.00000000	0.00764586220680	0.000409617705785	0.00765682672850	3.06661958850
5260.00000000	0.00764585854328	0.000409601355671	0.00765682219556	3.06649888284
5260.00000000	0.00764586966875	0.000409592442532	0.00765683282830	3.06642782813
5260.00000000	0.00764589509170	0.000409591160440	0.00765685814626	3.06640807150
5260.00000000	0.00764593332965	0.000409590784840	0.00765689630937	3.06638995885
5260.00000000	0.00764596884453	0.000409586631016	0.00765693155120	3.06634470492
5260.00000000	0.00764598204129	0.000409576441429	0.00765694418402	3.06626328458
5260.00000000	0.00764598049753	0.000409560695158	0.00765694180020	3.06614624413
5260.00000000	0.00764598701119	0.000409546256414	0.00765694753224	3.06603574878
5260.00000000	0.00764600259088	0.000409540434302	0.00765696277822	3.06598600974
5260.00000000	0.00764600929760	0.000409547378635	0.00765696984677	3.06603521439
5260.00000000	0.00764600554341	0.000409558898700	0.00765696671413	3.06612279623
5260.00000000	0.00764600872650	0.000409559374070	0.00765696991810	3.06612507424
5260.00000000	0.00764602272298	0.000409543823312	0.00765698306277	3.06600327537
5260.00000000	0.00764602938190	0.000409520332164	0.00765698845574	3.06582508214
5260.00000000	0.00764601174071	0.000409495702803	0.00765696952258	3.06564810877
5260.00000000	0.00764597694273	0.000409472331608	0.00765693352453	3.06548740122
5260.00000000	0.00764594580756	0.000409452718223	0.00765690138506	3.06535330557
5260.00000000	0.00764593267325	0.000409442650629	0.00765688773119	3.06528333416
5260.00000000	0.00764594040389	0.000409444534079	0.00765689555148	3.06529431432
5260.00000000	0.00764596376367	0.000409453124672	0.00765691933722	3.06534915754
5260.00000000	0.00764598551862	0.000409462216356	0.00765694154722	3.06540838681
5260.00000000	0.00764599260240	0.000409471431932	0.00765694911368	3.06547441230
5260.00000000	0.00764599334456	0.000409485353345	0.00765695059927	3.06557813803
5260.00000000	0.00764599397336	0.000409504097423	0.00765695222961	3.06571794471
5260.00000000	0.00764599070503	0.000409518534126	0.00765694973806	3.06582712569
5260.00000000	0.00764597875070	0.000409522143941	0.00765693799391	3.06585888298
5260.00000000	0.00764595831198	0.000409520925960	0.00765691751930	3.06585796186
5260.00000000	0.00764593494497	0.000409525048118	0.00765689440621	3.06589811521
5260.00000000	0.00764591380933	0.000409537495939	0.00765687396659	3.06599958685
5260.00000000	0.00764590283455	0.000409557411688	0.00765686407277	3.06615279417
5260.00000000	0.00764590556487	0.000409586059957	0.00765686833160	3.06636576734
5260.00000000	0.00764591182683	0.000409618257834	0.00765687630701	3.06660384992
5260.00000000	0.00764590947000	0.000409642249096	0.00765687523705	3.06678406099
5260.00000000	0.00764590075007	0.000409652431068	0.00765686707434	3.06686363374
5260.00000000	0.00764590269986	0.000409653691399	0.00765686908878	3.06687227059
5260.00000000	0.00764592668261	0.000409653746174	0.00765689304010	3.06686307849
5260.00000000	0.00764596563280	0.000409654006349	0.00765693194843	3.06684942911
5260.00000000	0.00764600431916	0.000409652746870	0.00765697051200	3.06682453048
5260.00000000	0.00764603243798	0.000409648775850	0.00765699837810	3.06678360176
5260.00000000	0.00764604736425	0.000409644284908	0.00765701304273	3.06674406973
5260.00000000	0.00764604520890	0.000409643347354	0.00765701084030	3.06673792710
5260.00000000	0.00764602240871	0.000409643753111	0.00765698809447	3.06675008641
5260.00000000	0.00764598627476	0.000409638602717	0.00765695173673	3.06672606740
5260.00000000	0.00764595724729	0.000409623342875	0.00765692193446	3.06662366390
5260.00000000	0.00764595113770	0.000409596051654	0.00765691437366	3.06642218512
5260.00000000	0.00764597338673	0.000409558621486	0.00765693458866	3.06613359544
5260.00000000	0.00764601809261	0.000409524325158	0.00765697739617	3.06585943626
5260.00000000	0.00764606158136	0.000409506902079	0.00765701989084	3.06571184531
5260.00000000	0.00764607959323	0.000409512733846	0.00765703818882	3.06574821245
5260.00000000	0.00764606937648	0.000409542212639	0.00765702956334	3.06597256840
5270.00000000	0.00147026656983	0.0131741219158	0.0132559108340	83.6319915980
5270.00000000	0.00147021516072	0.0131740243943	0.0132558082122	83.6321656810
5270.00000000	0.00147015402980	0.0131739307000	0.0132557083160	83.6323833632
5270.00000000	0.00147010946679	0.0131738945389	0.0132556674357	83.6325574574
5270.00000000	0.00147010053180	0.0131739304901	0.0132557021743	83.6326130732
5270.00000000	0.00147012375939	0.0131740055011	0.0132557792985	83.6325492525
5270.00000000	0.00147016306367	0.0131740782932	0.0132558560006	83.6324153094
5270.00000000	0.00147020358717	0.0131741299110	0.0132559117943	83.6322659800
5270.00000000	0.00147023047422	0.0131741612668	0.0132559459387	83.6321655153
5270.00000000	0.00147023551747	0.0131741809840	0.0132559660937	83.6321533037
5270.00000000	0.00147022231553	0.0131741915850	0.0132559751650	83.6322150958
5270.00000000	0.00147019801358	0.0131741952930	0.0132559761548	83.6323212647
5270.00000000	0.00147016462837	0.0131741984972	0.0132559756366	83.6324662100
5270.00000000	0.00147011994493	0.0131742062288	0.0132559783650	83.6326618583
5270.00000000	0.00147006790687	0.0131742152229	0.0132559815325	83.6328897040
5270.00000000	0.00147001569229	0.0131742126007	0.0132559731360	83.6331127401
5270.00000000	0.00146997028310	0.0131741834345	0.0132559391141	83.6332938205
5270.00000000	0.00146994549200	0.0131741447570	0.0132558979261	83.6333817756
5270.00000000	0.00146995129301	0.0131741330043	0.0132558868891	83.6333512236
5270.00000000	0.00146997976487	0.0131741471962	0.0132559041508	83.6332357212
5270.00000000	0.00147001124066	0.0131741590097	0.0132559193819	83.6331061755
5270.00000000	0.00147002993745	0.0131741393877	0.0132559019544	83.6330164559
5270.00000000	0.00147003177448	0.0131740787294	0.0132558418739	83.6329794895
5270.00000000	0.00147002655399	0.0131740019769	0.0132557650159	83.6329651250
5270.00000000	0.00147002945743	0.0131739463242	0.0132557100284	83.6329259764
5270.00000000	0.00147004810475	0.0131739356852	0.0132557015230	83.6328407736
5270.00000000	0.00147007634196	0.0131739550744	0.0132557239242	83.6327287697
5270.00000000	0.00147009861386	0.0131739622791	0.0132557335544	83.6326365504
5270.00000000	0.00147010058529	0.0131739402837	0.0132557119133	83.6326175380
5270.00000000	0.00147007912091	0.0131739055057	0.0132556749694	83.6326930712
5270.00000000	0.00147003385600	0.0131738647407	0.0132556294359	83.6328679750
5270.00000000	0.00146997555804	0.0131738103483	0.0132555689140	83.6330923345
5270.00000000	0.00146993017546	0.0131737499329	0.0132555038386	83.6332583277
5270.00000000	0.00146991417898	0.0131736964866	0.0132554489480	83.6333014269
5270.00000000	0.00146992549224	0.0131736583103	0.0132554122617	83.6332345289
5270.00000000	0.00146994852046	0.0131736424753	0.0132553990781	83.6331280143
5270.00000000	0.00146996349526	0.0131736434404	0.0132554016979	83.6330641484
5270.00000000	0.00146996313794	0.0131736486631	0.0132554068487	83.6330681868
5270.00000000	0.00146995584532	0.0131736556269	0.0132554129609	83.6331028524
5270.00000000	0.00146995868119	0.0131736752948	0.0132554328220	83.6331000976
5270.00000000	0.00146998184760	0.0131737214827	0.0132554812940	83.6330227197
5270.00000000	0.00147001804852	0.0131737972770	0.0132555606354	83.6329035411
5270.00000000	0.00147005944290	0.0131738853115	0.0132556527175	83.6327679218
5270.00000000	0.00147009694482	0.0131739604680	0.0132557315694	83.6326428519
5270.00000000	0.00147011905838	0.0131740150860	0.0132557883029	83.6325740411
5270.00000000	0.00147012090556	0.0131740535330	0.0132558267176	83.6325845363
5270.00000000	0.00147011199390	0.0131740817711	0.0132558537932	83.6326363537
5270.00000000	0.00147010905736	0.0131741113570	0.0132558828709	83.6326631502
5270.00000000	0.00147011181996	0.0131741524616	0.0132559240284	83.6326709866
5270.00000000	0.00147010510699	0.0131742005505	0.0132559710761	83.6327228742
5270.00000000	0.00147008223740	0.0131742414213	0.0132560091585	83.6328407036
5270.00000000	0.00147005804394	0.0131742622559	0.0132560271816	83.6329546154
5270.00000000	0.00147005309974	0.0131742588712	0.0132560232695	83.6329742313
5270.00000000	0.00147007213712	0.0131742393354	0.0132560059654	83.6328830905
5270.00000000	0.00147010086319	0.0131742167999	0.0132559867546	83.6327488929
5270.00000000	0.00147012571828	0.0131741980038	0.0132559708310	83.6326331156
5270.00000000	0.00147014653264	0.0131741827758	0.0132559580053	83.6325364058
5270.00000000	0.00147016066085	0.0131741708917	0.0132559477614	83.6324700198
5270.00000000	0.00147016194886	0.0131741578631	0.0132559349560	83.6324582416
5270.00000000	0.00147015079376	0.0131741271787	0.0132559032237	83.6324914505
5270.00000000	0.00147013827456	0.0131740925551	0.0132558674253	83.6325286311
5270.00000000	0.00147014125606	0.0131740930698	0.0132558682674	83.6325160703
5270.00000000	0.00147015578954	0.0131741338032	0.0132559103614	83.6324731662
5270.00000000	0.00147015830170	0.0131741787921	0.0132559553514	83.6324839410
5270.00000000	0.00147014095108	0.0131741941949	0.0132559687350	83.6325658558
5270.00000000	0.00147011387804	0.0131741808474	0.0132559524673	83.6326757526
5270.00000000	0.00147009026942	0.0131741578678	0.0132559270112	83.6327661509
5270.00000000	0.00147008574291	0.0131741416418	0.0132559103833	83.6327778172
5270.00000000	0.00147010512322	0.0131741425971	0.0132559134820	83.6326950247
5270.00000000	0.00147014141688	0.0131741674748	0.0132559422313	83.6325510464
5270.00000000	0.00147018604506	0.0131742094650	0.0132559889120	83.6323794702
5270.00000000	0.00147023190763	0.0131742528734	0.0132560371391	83.6322032727
5270.00000000	0.00147026434347	0.0131742913742	0.0132560789999	83.6320823991
5270.00000000	0.00147027088854	0.0131743160343	0.0132561042338	83.6320661062
5270.00000000	0.00147025407344	0.0131743028825	0.0132560892982	83.6321320315
5270.00000000	0.00147022374795	0.0131742435644	0.0132560269826	83.6322338607
5270.00000000	0.00147018727011	0.0131741587168	0.0132559386128	83.6323498806
5270.00000000	0.00147014405717	0.0131740767325	0.0132558523416	83.6324962063
5270.00000000	0.00147009114066	0.0131740127990	0.0132557829339	83.6326928699
5270.00000000	0.00147002920784	0.0131739731774	0.0132557366884	83.6329399203
5270.00000000	0.00146996846141	0.0131739518300	0.0132557087362	83.6331906353
5270.00000000	0.00146992007247	0.0131739419856	0.0132556935865	83.6333937807
5270.00000000	0.00146988867688	0.0131739474348	0.0132556955207	83.6335312584
5270.00000000	0.00146987759155	0.0131739768897	0.0132557235647	83.6335929951
5270.00000000	0.00146989825950	0.0131740322291	0.0132557808547	83.6335307358
5270.00000000	0.00146995422419	0.0131741089839	0.0132558633419	83.6333271192
5270.00000000	0.00147002557927	0.0131741937641	0.0132559555121	83.6330612408
5270.00000000	0.00147008319932	0.0131742690846	0.0132560367579	83.6328498316
5270.00000000	0.00147011592452	0.0131743225290	0.0132560935019	83.6327348761
5270.00000000	0.00147013322019	0.0131743549107	0.0132561276019	83.6326761034
5270.00000000	0.00147014846083	0.0131743741317	0.0132561483946	83.6326198501
5270.00000000	0.00147016475767	0.0131743819964	0.0132561580181	83.6325536162
5270.00000000	0.00147018269877	0.0131743835746	0.0132561615764	83.6324773061
5270.00000000	0.00147020126737	0.0131743991247	0.0132561790899	83.6324049982
5270.00000000	0.00147021391922	0.0131744433215	0.0132562244172	83.6323718381
5270.00000000	0.00147022379566	0.0131745147753	0.0132562965256	83.6323636660
5270.00000000	0.00147024178040	0.0131745991588	0.0132563823831	83.6323268630
5270.00000000	0.00147026376059	0.0131746687385	0.0132564539714	83.6322658019
5270.00000000	0.00147027635985	0.0131746971994	0.0132564836540	83.6322253257
5270.00000000	0.00147027247820	0.0131746794558	0.0132564655895	83.6322334935
5274.00000000	0.000487390136371	0.00692049934272	0.00693764083083	85.9714807184
5274.00000000	0.000487369747126	0.00692043844061	0.00693757864682	85.9716133566
5274.00000000	0.000487348500833	0.00692038801866	0.00693752685689	85.9717591382
5274.00000000	0.000487346765346	0.00692036733020	0.00693750609763	85.9717614331
5274.00000000	0.000487377284180	0.00692038414631	0.00693752501615	85.9715197623
5274.00000000	0.000487432585921	0.00692042896799	0.00693757361235	85.9710901722
5274.00000000	0.000487495318753	0.00692048944463	0.00693763834738	85.9706084535
5274.00000000	0.000487551442678	0.00692055220676	0.00693770489829	85.9701825158
5274.00000000	0.000487589859405	0.00692060654147	0.00693776179851	85.9698975686
5274.00000000	0.000487608415550	0.00692065081829	0.00693780727000	85.9697704006
5274.00000000	0.000487610089891	0.00692068507700	0.00693784156166	85.9697764920
5274.00000000	0.000487597842549	0.00692070429366	0.00693785987004	85.9698885394
5274.00000000	0.000487573636620	0.00692070826157	0.00693786212697	85.9700902508
5274.00000000	0.000487534865780	0.00692070315654	0.00693785430997	85.9704066826
5274.00000000	0.000487484352297	0.00692069227038	0.00693783990122	85.9708164966
5274.00000000	0.000487430904746	0.00692067391344	0.00693781783438	85.9712461486
5274.00000000	0.000487380916857	0.00692064470595	0.00693778518723	85.9716410073
5274.00000000	0.000487339829697	0.00692060783501	0.00693774552111	85.9719580985
5274.00000000	0.000487318702429	0.00692057849160	0.00693771476613	85.9721151263
5274.00000000	0.000487326424596	0.00692057164470	0.00693770847856	85.9720475376
5274.00000000	0.000487354466869	0.00692058585584	0.00693772462443	85.9718247642
5274.00000000	0.000487379421864	0.00692059902683	0.00693773951594	85.9716268218
5274.00000000	0.000487388116677	0.00692059095796	0.00693773207782	85.9715505112
5274.00000000	0.000487386920968	0.00692056065599	0.00693770176672	85.9715427810
5274.00000000	0.000487390615201	0.00692052689853	0.00693766835219	85.9714927614
5274.00000000	0.000487411689335	0.00692050792132	0.00693765090243	85.9713081366
5274.00000000	0.000487446218242	0.00692051037405	0.00693765577504	85.9710251017
5274.00000000	0.000487476276713	0.00692052494592	0.00693767242290	85.9707859284
5274.00000000	0.000487490680011	0.00692053575322	0.00693768421555	85.9706735423
5274.00000000	0.000487488165412	0.00692053208342	0.00693768037812	85.9706921285
5274.00000000	0.000487470092468	0.00692050444996	0.00693765154306	85.9708249821
5274.00000000	0.000487444799596	0.00692044444207	0.00693758990633	85.9709985308
5274.00000000	0.000487423387978	0.00692035788988	0.00693750206365	85.9711247047
5274.00000000	0.000487409223587	0.00692025874345	0.00693740216706	85.9711838673
5274.00000000	0.000487399665340	0.00692016701271	0.00693730999145	85.9712093862
5274.00000000	0.000487393690115	0.00692010452404	0.00693724723740	85.9712223542
5274.00000000	0.000487396373483	0.00692008100713	0.00693722396713	85.9711866004
5274.00000000	0.000487412081505	0.00692008952084	0.00693723356343	85.9710621261
5274.00000000	0.000487437085869	0.00692011453273	0.00693726027037	85.9708706362
5274.00000000	0.000487467311913	0.00692014801008	0.00693729578882	85.9706410408
5274.00000000	0.000487509984026	0.00692019245848	0.00693734312594	85.9703152767
5274.00000000	0.000487567429715	0.00692024895463	0.00693740351952	85.9698747971
5274.00000000	0.000487622160044	0.00692031510803	0.00693747335602	85.9694623017
5274.00000000	0.000487655285900	0.00692038171186	0.00693754212353	85.9692280617
5274.00000000	0.000487665843913	0.00692043856092	0.00693759957412	85.9691740839
5274.00000000	0.000487663684747	0.00692047750357	0.00693763826866	85.9692144790
5274.00000000	0.000487656342957	0.00692048739891	0.00693764762346	85.9692807069
5274.00000000	0.000487646557508	0.00692048010529	0.00693763966005	85.9693570879
5274.00000000	0.000487640057350	0.00692048260925	0.00693764170093	85.9694120914
5274.00000000	0.000487650322841	0.00692050172270	0.00693766148866	85.9693386172
5274.00000000	0.000487686322209	0.00692052970149	0.00693769192874	85.9690582890
5274.00000000	0.000487736325460	0.00692055996356	0.00693772563110	85.9686639229
5274.00000000	0.000487781312751	0.00692058674025	0.00693775550437	85.9683088589
5274.00000000	0.000487813299671	0.00692061200920	0.00693778295979	85.9680600204
5274.00000000	0.000487834614835	0.00692063838123	0.00693781076531	85.9678997387
5274.00000000	0.000487852876869	0.00692066727101	0.00693784086770	85.9677660722
5274.00000000	0.000487873414008	0.00692070597146	0.00693788091650	85.9676193620
5274.00000000	0.000487886481180	0.00692074874055	0.00693792449860	85.9675365531
5274.00000000	0.000487881869201	0.00692077370741	0.00693794907933	85.9675890452
5274.00000000	0.000487865001066	0.00692076789893	0.00693794209908	85.9677246298
5274.00000000	0.000487848722970	0.00692074343831	0.00693791655437	85.9678445226
5274.00000000	0.000487844513903	0.00692072598829	0.00693789885158	85.9678690635
5274.00000000	0.000487851311418	0.00692072230995	0.00693789566032	85.9678109300
5274.00000000	0.000487857740850	0.00692071411069	0.00693788793346	85.9677532033
5274.00000000	0.000487860980037	0.00692068821113	0.00693786232578	85.9677114787
5274.00000000	0.000487866341635	0.00692065289212	0.00693782747123	85.9676467992
5274.00000000	0.000487878144530	0.00692061773415	0.00693779323028	85.9675291487
5274.00000000	0.000487895325956	0.00692058285329	0.00693775964403	85.9673673492
5274.00000000	0.000487913417830	0.00692055035136	0.00693772849490	85.9671994295
5274.00000000	0.000487927980279	0.00692052461031	0.00693770384175	85.9670645111
5274.00000000	0.000487938847015	0.00692051037523	0.00693769040618	85.9669667209
5274.00000000	0.000487950613869	0.00692051009302	0.00693769095226	85.9668696196
5274.00000000	0.000487963128131	0.00692052016556	0.00693770188004	85.9667723758
5274.00000000	0.000487972847207	0.00692052626636	0.00693770864933	85.9666958524
5274.00000000	0.000487973192542	0.00692051006782	0.00693769251520	85.9666835980
5274.00000000	0.000487961022634	0.00692047699780	0.00693765867110	85.9667646463
5274.00000000	0.000487943854964	0.00692044809978	0.00693762863717	85.9668892916
5274.00000000	0.000487928655069	0.00692042856910	0.00693760808582	85.9670031679
5274.00000000	0.000487914967366	0.00692041025733	0.00693758885674	85.9671052949
5274.00000000	0.000487900017992	0.00692039358964	0.00693757117895	85.9672187714
5274.00000000	0.000487884172800	0.00692038584442	0.00693756233858	85.9673448108
5274.00000000	0.000487872487359	0.00692038891728	0.00693756458207	85.9674428639
5274.00000000	0.000487864430510	0.00692040028069	0.00693757535076	85.9675158385
5274.00000000	0.000487859076941	0.00692041852312	0.00693759317156	85.9675705374
5274.00000000	0.000487865632267	0.00692044937201	0.00693762440506	85.9675344488
5274.00000000	0.000487887033001	0.00692049766372	0.00693767408218	85.9673861913
5274.00000000	0.000487915885629	0.00692056195717	0.00693774024553	85.9671858401
5274.00000000	0.000487946012703	0.00692063095858	0.00693781119491	85.9669777284
5274.00000000	0.000487968544486	0.00692068513531	0.00693786682219	85.9668235796
5274.00000000	0.000487975087323	0.00692071204157	0.00693789412201	85.9667853086
5274.00000000	0.000487965425752	0.00692071571113	0.00693789710294	85.9668670314
5274.00000000	0.000487946477205	0.00692071408483	0.00693789414799	85.9670221836
5274.00000000	0.000487929491865	0.00692072140532	0.00693790025578	85.9671663594
5274.00000000	0.000487920969015	0.00692074008800	0.00693791829281	85.9672474206
5274.00000000	0.000487920203605	0.00692077315633	0.00693795122544	85.9672729314
5274.00000000	0.000487922826774	0.00692082285493	0.00693800098546	85.9672801858
5274.00000000	0.000487925759254	0.00692087369617	0.00693805190705	85.9672855557
5274.00000000	0.000487930667145	0.00692090246139	0.00693808094620	85.9672618317
5274.00000000	0.000487938339585	0.00692089739530	0.00693807643223	85.9671956860
5274.00000000	0.000487945081897	0.00692086282508	0.00693804242179	85.9671200668
