DevNumber	X [V]	Y [V]	R [V]	Theta [°]
4253.00000000	-0.00845161465465	0.0153080202041	0.0174861451681	118.903251536
4253.00000000	-0.00845165658643	0.0153080645718	0.0174862042762	118.903301551
4253.00000000	-0.00845169302424	0.0153080845658	0.0174862393913	118.903374408
4253.00000000	-0.00845171138750	0.0153081030505	0.0174862644491	118.903397808
4253.00000000	-0.00845171070194	0.0153081267229	0.0174862848413	118.903358352
4253.00000000	-0.00845169633947	0.0153081343560	0.0174862845818	118.903305065
4253.00000000	-0.00845167402303	0.0153081096745	0.0174862521885	118.903280139
4253.00000000	-0.00845165684755	0.0153080598262	0.0174862002480	118.903309816
4253.00000000	-0.00845166757087	0.0153080033957	0.0174861560296	118.903429945
4253.00000000	-0.00845170495039	0.0153079630204	0.0174861387505	118.903601111
4253.00000000	-0.00845173222175	0.0153079420490	0.0174861335727	118.903712551
4253.00000000	-0.00845171301963	0.0153079116416	0.0174860976719	118.903705627
4253.00000000	-0.00845165939884	0.0153078634099	0.0174860295313	118.903628202
4253.00000000	-0.00845161217186	0.0153078228420	0.0174859711902	118.903556980
4253.00000000	-0.00845159309298	0.0153078183065	0.0174859579982	118.903509435
4253.00000000	-0.00845160538012	0.0153078655478	0.0174860052937	118.903469864
4253.00000000	-0.00845163593594	0.0153079452092	0.0174860898008	118.903431351
4253.00000000	-0.00845165911306	0.0153080171722	0.0174861640021	118.903383866
4253.00000000	-0.00845166940541	0.0153080585582	0.0174862052076	118.903347846
4253.00000000	-0.00845168250927	0.0153080708147	0.0174862222709	118.903366023
4253.00000000	-0.00845169947802	0.0153080601107	0.0174862211018	118.903431650
4253.00000000	-0.00845170576160	0.0153080346560	0.0174862018549	118.903489987
4253.00000000	-0.00845169044806	0.0153080057577	0.0174861691547	118.903491827
4253.00000000	-0.00845165743230	0.0153079703748	0.0174861222216	118.903453158
4253.00000000	-0.00845162008438	0.0153079099705	0.0174860512899	118.903441690
4253.00000000	-0.00845159320136	0.0153078182009	0.0174859579581	118.903509913
4253.00000000	-0.00845158472574	0.0153077297704	0.0174858764465	118.903625652
4253.00000000	-0.00845159598420	0.0153076803738	0.0174858386447	118.903736179
4253.00000000	-0.00845162529401	0.0153076686021	0.0174858425059	118.903838899
4253.00000000	-0.00845166168840	0.0153076576808	0.0174858505360	118.903960594
4253.00000000	-0.00845168487332	0.0153076042899	0.0174858150023	118.904111659
4253.00000000	-0.00845168486084	0.0153074935983	0.0174857180936	118.904286935
4253.00000000	-0.00845166381855	0.0153073506994	0.0174855828252	118.904452898
4253.00000000	-0.00845162590772	0.0153072092318	0.0174854406565	118.904568209
4253.00000000	-0.00845157855851	0.0153070921972	0.0174853153150	118.904617748
4253.00000000	-0.00845153442240	0.0153070152143	0.0174852265889	118.904613069
4253.00000000	-0.00845150391785	0.0153070038199	0.0174852018695	118.904543610
4253.00000000	-0.00845149353483	0.0153070713564	0.0174852559741	118.904406858
4253.00000000	-0.00845150245329	0.0153071906015	0.0174853646753	118.904243577
4253.00000000	-0.00845152415326	0.0153073115414	0.0174854810383	118.904114279
4253.00000000	-0.00845155097169	0.0153073963774	0.0174855682687	118.904056846
4253.00000000	-0.00845156932488	0.0153074269515	0.0174856039052	118.904061070
4253.00000000	-0.00845156519580	0.0153074114505	0.0174855883393	118.904073776
4253.00000000	-0.00845155389775	0.0153074023296	0.0174855748938	118.904055812
4253.00000000	-0.00845156106235	0.0153074524256	0.0174856222124	118.903997022
4253.00000000	-0.00845158079032	0.0153075508354	0.0174857178987	118.903897753
4253.00000000	-0.00845158165214	0.0153076423432	0.0174857984242	118.903755298
4253.00000000	-0.00845154895369	0.0153076906474	0.0174858249068	118.903585000
4253.00000000	-0.00845150014616	0.0153077153607	0.0174858229513	118.903405854
4253.00000000	-0.00845146413746	0.0153077619818	0.0174858463609	118.903228726
4253.00000000	-0.00845144075457	0.0153078370066	0.0174859007389	118.903042833
4253.00000000	-0.00845141593722	0.0153079139641	0.0174859561156	118.902849765
4253.00000000	-0.00845140534537	0.0153079920836	0.0174860193853	118.902695665
4253.00000000	-0.00845143481152	0.0153080943723	0.0174861231748	118.902618196
4253.00000000	-0.00845149783459	0.0153081990266	0.0174862452541	118.902633240
4253.00000000	-0.00845156292813	0.0153082479036	0.0174863195043	118.902742555
4253.00000000	-0.00845159954725	0.0153082093871	0.0174863034843	118.902908594
4253.00000000	-0.00845159587943	0.0153080925002	0.0174861993842	118.903083184
4253.00000000	-0.00845155520602	0.0153079294819	0.0174860370131	118.903224685
4253.00000000	-0.00845148269846	0.0153077515176	0.0174858461713	118.903298542
4253.00000000	-0.00845140040562	0.0153075946991	0.0174856691119	118.903310840
4253.00000000	-0.00845133524329	0.0153074820708	0.0174855390178	118.903302293
4253.00000000	-0.00845130038860	0.0153074185967	0.0174854666038	118.903302837
4253.00000000	-0.00845130017726	0.0153074115213	0.0174854603076	118.903313436
4253.00000000	-0.00845133307062	0.0153074304337	0.0174854927626	118.903377841
4253.00000000	-0.00845139157808	0.0153074223741	0.0174855139857	118.903558440
4253.00000000	-0.00845146535403	0.0153073762600	0.0174855092747	118.903843107
4253.00000000	-0.00845153920249	0.0153073284421	0.0174855031076	118.904130681
4253.00000000	-0.00845159595745	0.0153073144877	0.0174855183238	118.904315588
4253.00000000	-0.00845161655654	0.0153073400048	0.0174855506187	118.904334263
4253.00000000	-0.00845158631132	0.0153073810110	0.0174855718978	118.904182557
4253.00000000	-0.00845151942037	0.0153074118616	0.0174855665740	118.903941815
4253.00000000	-0.00845145069661	0.0153074479250	0.0174855649280	118.903687559
4253.00000000	-0.00845140797336	0.0153075203645	0.0174856076944	118.903450277
4253.00000000	-0.00845140064384	0.0153076223816	0.0174856934612	118.903267682
4253.00000000	-0.00845142076445	0.0153077126165	0.0174857821812	118.903182490
4253.00000000	-0.00845145490113	0.0153077715397	0.0174858502641	118.903187094
4253.00000000	-0.00845149797571	0.0153078284313	0.0174859208884	118.903220554
4253.00000000	-0.00845155491227	0.0153079057189	0.0174860160681	118.903261476
4253.00000000	-0.00845161649873	0.0153079790033	0.0174861099907	118.903322076
4253.00000000	-0.00845165019160	0.0153080099308	0.0174861533507	118.903369743
4253.00000000	-0.00845163132815	0.0153079802520	0.0174861182515	118.903362636
4253.00000000	-0.00845156556110	0.0153078822671	0.0174860006844	118.903329164
4253.00000000	-0.00845148238797	0.0153077395539	0.0174858355478	118.903316598
4253.00000000	-0.00845141560845	0.0153076103627	0.0174856901723	118.903329643
4253.00000000	-0.00845137693847	0.0153075372651	0.0174856074895	118.903334484
4253.00000000	-0.00845135075929	0.0153075239279	0.0174855831604	118.903280510
4253.00000000	-0.00845132376628	0.0153075478842	0.0174855910861	118.903165138
4253.00000000	-0.00845129289338	0.0153075873648	0.0174856107271	118.903014049
4253.00000000	-0.00845126343831	0.0153076257479	0.0174856300928	118.902868766
4253.00000000	-0.00845124757950	0.0153076382301	0.0174856333552	118.902803505
4253.00000000	-0.00845124808538	0.0153076142444	0.0174856126017	118.902842943
4253.00000000	-0.00845125901806	0.0153075735911	0.0174855822962	118.902938689
4253.00000000	-0.00845128366407	0.0153075472470	0.0174855711456	118.903051110
4253.00000000	-0.00845132882657	0.0153075545172	0.0174855993387	118.903169148
4253.00000000	-0.00845137636080	0.0153075798677	0.0174856445062	118.903265355
4253.00000000	-0.00845139389948	0.0153075957441	0.0174856668820	118.903290522
4253.00000000	-0.00845137648818	0.0153075986703	0.0174856610283	118.903235942
4253.00000000	-0.00845133630405	0.0153075987537	0.0174856416790	118.903120539
4253.00000000	-0.00845128402535	0.0153076111796	0.0174856272894	118.902950894
5260.00000000	0.00598522295523	-0.0205897267705	0.0214420088217	-73.7913926326
5260.00000000	0.00598519604676	-0.0205897532539	0.0214420267413	-73.7914814310
5260.00000000	0.00598515453654	-0.0205898251717	0.0214420842137	-73.7916415843
5260.00000000	0.00598511505638	-0.0205899368469	0.0214421804301	-73.7918261813
5260.00000000	0.00598507726969	-0.0205900449738	0.0214422737122	-73.7920037849
5260.00000000	0.00598504688515	-0.0205901055426	0.0214423233926	-73.7921269232
5260.00000000	0.00598503446575	-0.0205901091040	0.0214423233459	-73.7921614462
5260.00000000	0.00598503172991	-0.0205900668635	0.0214422820206	-73.7921369614
5260.00000000	0.00598502183897	-0.0205899876078	0.0214422031541	-73.7921032281
5260.00000000	0.00598499591306	-0.0205898769575	0.0214420896650	-73.7920872231
5260.00000000	0.00598496352207	-0.0205897505952	0.0214419592839	-73.7920760881
5260.00000000	0.00598494244594	-0.0205896196304	0.0214418276414	-73.7920324868
5260.00000000	0.00598494000177	-0.0205894956940	0.0214417079487	-73.7919463183
5260.00000000	0.00598495802395	-0.0205894071746	0.0214416279781	-73.7918340497
5260.00000000	0.00598498796842	-0.0205893886258	0.0214416185249	-73.7917433780
5260.00000000	0.00598501688676	-0.0205894571810	0.0214416924272	-73.7917203088
5260.00000000	0.00598503838195	-0.0205895932013	0.0214418290411	-73.7917666078
5260.00000000	0.00598505577045	-0.0205897630599	0.0214419970021	-73.7918486825
5260.00000000	0.00598507223048	-0.0205899231941	0.0214421553661	-73.7919258853
5260.00000000	0.00598508128625	-0.0205900163638	0.0214422473604	-73.7919721401
5260.00000000	0.00598508058706	-0.0205900112778	0.0214422422814	-73.7919701407
5260.00000000	0.00598508020821	-0.0205899254630	0.0214421597716	-73.7919071075
5260.00000000	0.00598507925278	-0.0205897995099	0.0214420385579	-73.7918156155
5260.00000000	0.00598506943189	-0.0205896705252	0.0214419119586	-73.7917446095
5260.00000000	0.00598505799276	-0.0205895605934	0.0214418032032	-73.7916919661
5260.00000000	0.00598506129659	-0.0205894921249	0.0214417383783	-73.7916324193
5260.00000000	0.00598508913124	-0.0205895027310	0.0214417563324	-73.7915689079
5260.00000000	0.00598513011550	-0.0205895995964	0.0214418607877	-73.7915359951
5260.00000000	0.00598515905739	-0.0205897326657	0.0214419966464	-73.7915609862
5260.00000000	0.00598515505296	-0.0205898339383	0.0214420927760	-73.7916467980
5260.00000000	0.00598510716136	-0.0205898574744	0.0214421020086	-73.7917872382
5260.00000000	0.00598502110434	-0.0205897895210	0.0214420127352	-73.7919573694
5260.00000000	0.00598492265512	-0.0205896591541	0.0214418600702	-73.7921127481
5260.00000000	0.00598484664845	-0.0205895163272	0.0214417017047	-73.7922012488
5260.00000000	0.00598482038336	-0.0205894043753	0.0214415868711	-73.7921851436
5260.00000000	0.00598484481794	-0.0205893429090	0.0214415346680	-73.7920765993
5260.00000000	0.00598489082634	-0.0205893402690	0.0214415449751	-73.7919565736
5260.00000000	0.00598492980086	-0.0205893916159	0.0214416051599	-73.7918948644
5260.00000000	0.00598495107029	-0.0205894657756	0.0214416823090	-73.7918956017
5260.00000000	0.00598495109896	-0.0205895352959	0.0214417490741	-73.7919473813
5260.00000000	0.00598493086389	-0.0205895860438	0.0214417921569	-73.7920371547
5260.00000000	0.00598490418398	-0.0205896065354	0.0214418043871	-73.7921208979
5260.00000000	0.00598488940947	-0.0205895940936	0.0214417883159	-73.7921495287
5260.00000000	0.00598489886705	-0.0205895734813	0.0214417711627	-73.7921098871
5260.00000000	0.00598492541322	-0.0205895659808	0.0214417713699	-73.7920361766
5260.00000000	0.00598494746520	-0.0205895521568	0.0214417642506	-73.7919692814
5260.00000000	0.00598495381991	-0.0205895014026	0.0214417172874	-73.7919151194
5260.00000000	0.00598494671479	-0.0205894158117	0.0214416331152	-73.7918695109
5260.00000000	0.00598493957701	-0.0205893367584	0.0214415552115	-73.7918288620
5260.00000000	0.00598494466419	-0.0205893100278	0.0214415309634	-73.7917958705
5260.00000000	0.00598495788633	-0.0205893620905	0.0214415846475	-73.7918007755
5260.00000000	0.00598497367695	-0.0205895039190	0.0214417252465	-73.7918660441
5260.00000000	0.00598499545410	-0.0205897307742	0.0214419491638	-73.7919793691
5260.00000000	0.00598502463262	-0.0205900019597	0.0214422177154	-73.7921067642
5260.00000000	0.00598505537806	-0.0205902343787	0.0214424494787	-73.7922012222
5260.00000000	0.00598507712377	-0.0205903492196	0.0214425658250	-73.7922310775
5260.00000000	0.00598508257744	-0.0205903150113	0.0214425344986	-73.7921915706
5260.00000000	0.00598507733003	-0.0205901699993	0.0214423937854	-73.7920968797
5260.00000000	0.00598506964598	-0.0205899854765	0.0214422144516	-73.7919789704
5260.00000000	0.00598506779893	-0.0205897952165	0.0214420312381	-73.7918418029
5260.00000000	0.00598507110906	-0.0205896027628	0.0214418473577	-73.7916897637
5260.00000000	0.00598507790425	-0.0205894180854	0.0214416719175	-73.7915345797
5260.00000000	0.00598509136891	-0.0205892753968	0.0214415386589	-73.7913935990
5260.00000000	0.00598511052917	-0.0205892229657	0.0214414936601	-73.7913053256
5260.00000000	0.00598512653224	-0.0205892564608	0.0214415302909	-73.7912892464
5260.00000000	0.00598513348355	-0.0205893115500	0.0214415851308	-73.7913125009
5260.00000000	0.00598513561997	-0.0205893425989	0.0214416155418	-73.7913301784
5260.00000000	0.00598513519403	-0.0205893505594	0.0214416230670	-73.7913372090
5260.00000000	0.00598512484901	-0.0205893470920	0.0214416168498	-73.7913611676
5260.00000000	0.00598509997990	-0.0205893307427	0.0214415942084	-73.7914127859
5260.00000000	0.00598506921409	-0.0205893018257	0.0214415578531	-73.7914701609
5260.00000000	0.00598504334928	-0.0205892837067	0.0214415332345	-73.7915230143
5260.00000000	0.00598502508817	-0.0205893077935	0.0214415512666	-73.7915878380
5260.00000000	0.00598501589596	-0.0205893744459	0.0214416127040	-73.7916611403
5260.00000000	0.00598502103176	-0.0205894652372	0.0214417013202	-73.7917156818
5260.00000000	0.00598503528032	-0.0205895511736	0.0214417878182	-73.7917432190
5260.00000000	0.00598504494469	-0.0205896137685	0.0214418506227	-73.7917651088
5260.00000000	0.00598504851994	-0.0205896752182	0.0214419106279	-73.7918017685
5260.00000000	0.00598504697333	-0.0205897667443	0.0214419980846	-73.7918740033
5260.00000000	0.00598503307014	-0.0205898703714	0.0214420937121	-73.7919869690
5260.00000000	0.00598501056613	-0.0205899326490	0.0214421472331	-73.7920911622
5260.00000000	0.00598499033872	-0.0205899165869	0.0214421261634	-73.7921310840
5260.00000000	0.00598497395238	-0.0205898296500	0.0214420381081	-73.7921082881
5260.00000000	0.00598495825134	-0.0205897042344	0.0214419132946	-73.7920550339
5260.00000000	0.00598494105215	-0.0205895784651	0.0214417877232	-73.7920053594
5260.00000000	0.00598492789341	-0.0205894976109	0.0214417064097	-73.7919788177
5260.00000000	0.00598493670089	-0.0205894782221	0.0214416902499	-73.7919417565
5260.00000000	0.00598497563384	-0.0205895015019	0.0214417234716	-73.7918592199
5260.00000000	0.00598502776127	-0.0205895471099	0.0214417818171	-73.7917594814
5260.00000000	0.00598506606314	-0.0205896017087	0.0214418449370	-73.7917019250
5260.00000000	0.00598507682374	-0.0205896385974	0.0214418833631	-73.7917018284
5260.00000000	0.00598506253327	-0.0205896405408	0.0214418812404	-73.7917399463
5260.00000000	0.00598503863836	-0.0205896285159	0.0214418630237	-73.7917922901
5260.00000000	0.00598502277715	-0.0205896241001	0.0214418543561	-73.7918296954
5260.00000000	0.00598502094570	-0.0205896291075	0.0214418586533	-73.7918381296
5260.00000000	0.00598502376996	-0.0205896279452	0.0214418583255	-73.7918300158
5260.00000000	0.00598502016310	-0.0205896033442	0.0214418336954	-73.7918209216
5260.00000000	0.00598500872638	-0.0205895534712	0.0214417826124	-73.7918130686
5260.00000000	0.00598499731392	-0.0205894872726	0.0214417158594	-73.7917929766
5260.00000000	0.00598499598087	-0.0205894241023	0.0214416548278	-73.7917492796
5270.00000000	0.0162906103695	-0.0251416334290	0.0299580659871	-57.0586373409
5270.00000000	0.0162906965236	-0.0251416977279	0.0299581667975	-57.0585659303
5270.00000000	0.0162907886279	-0.0251418080312	0.0299583094516	-57.0585328140
5270.00000000	0.0162908803884	-0.0251419849954	0.0299585078623	-57.0585695765
5270.00000000	0.0162909561342	-0.0251421849234	0.0299587168365	-57.0586559239
5270.00000000	0.0162909960472	-0.0251423406543	0.0299588692341	-57.0587538187
5270.00000000	0.0162909856864	-0.0251424106438	0.0299589223373	-57.0588432344
5270.00000000	0.0162909259196	-0.0251423973635	0.0299588786924	-57.0589253497
5270.00000000	0.0162908299595	-0.0251423347052	0.0299587739268	-57.0590142048
5270.00000000	0.0162907219045	-0.0251422474349	0.0299586419292	-57.0590968777
5270.00000000	0.0162906310932	-0.0251421168499	0.0299584829573	-57.0591068286
5270.00000000	0.0162905637382	-0.0251419228605	0.0299582835295	-57.0590131920
5270.00000000	0.0162904936234	-0.0251417001764	0.0299580585194	-57.0588941415
5270.00000000	0.0162904240736	-0.0251415262764	0.0299578747578	-57.0588249179
5270.00000000	0.0162904032541	-0.0251414761969	0.0299578214084	-57.0588062519
5270.00000000	0.0162904604694	-0.0251415759819	0.0299579362633	-57.0588181940
5270.00000000	0.0162905731587	-0.0251417748474	0.0299581644351	-57.0588441403
5270.00000000	0.0162907033673	-0.0251419911502	0.0299584167672	-57.0588601016
5270.00000000	0.0162908148851	-0.0251421689359	0.0299586266110	-57.0588660050
5270.00000000	0.0162908750166	-0.0251422748502	0.0299587481956	-57.0588796404
5270.00000000	0.0162908733795	-0.0251422923621	0.0299587620019	-57.0589004797
5270.00000000	0.0162908295079	-0.0251422274995	0.0299586837109	-57.0589034394
5270.00000000	0.0162907589738	-0.0251420960012	0.0299585349988	-57.0588798938
5270.00000000	0.0162906678548	-0.0251419226848	0.0299583399982	-57.0588458978
5270.00000000	0.0162905610888	-0.0251417203202	0.0299581121108	-57.0588068054
5270.00000000	0.0162904347280	-0.0251414986813	0.0299578573928	-57.0587791180
5270.00000000	0.0162902979241	-0.0251413129766	0.0299576271531	-57.0588055642
5270.00000000	0.0162901861765	-0.0251412317191	0.0299574981936	-57.0589004195
5270.00000000	0.0162901319918	-0.0251412844892	0.0299575130156	-57.0590422720
5270.00000000	0.0162901212908	-0.0251414287217	0.0299576282412	-57.0592094500
5270.00000000	0.0162901034014	-0.0251415538888	0.0299577235579	-57.0593683368
5270.00000000	0.0162900390697	-0.0251415544098	0.0299576890136	-57.0594721364
5270.00000000	0.0162899254394	-0.0251413990977	0.0299574968816	-57.0594930003
5270.00000000	0.0162897909796	-0.0251411272881	0.0299571956544	-57.0594261403
5270.00000000	0.0162896612259	-0.0251408229165	0.0299568696591	-57.0593178598
5270.00000000	0.0162895496503	-0.0251405672642	0.0299565944355	-57.0592310684
5270.00000000	0.0162894742533	-0.0251403974931	0.0299564109593	-57.0591755235
5270.00000000	0.0162894537855	-0.0251403156149	0.0299563311146	-57.0591232205
5270.00000000	0.0162894801039	-0.0251403105693	0.0299563411914	-57.0590757279
5270.00000000	0.0162895345949	-0.0251403697980	0.0299564205288	-57.0590498621
5270.00000000	0.0162896108649	-0.0251404682277	0.0299565446077	-57.0590298090
5270.00000000	0.0162896959299	-0.0251405652594	0.0299566722960	-57.0589941848
5270.00000000	0.0162897751431	-0.0251406234479	0.0299567642038	-57.0589275555
5270.00000000	0.0162898438868	-0.0251406510985	0.0299568247903	-57.0588459711
5270.00000000	0.0162898908637	-0.0251406851403	0.0299568789041	-57.0588059723
5270.00000000	0.0162899116029	-0.0251407427848	0.0299569385586	-57.0588326355
5270.00000000	0.0162899064527	-0.0251407942122	0.0299569789174	-57.0588943883
5270.00000000	0.0162898781811	-0.0251407991622	0.0299569676981	-57.0589449156
5270.00000000	0.0162898564097	-0.0251407883587	0.0299569467928	-57.0589686251
5270.00000000	0.0162898781263	-0.0251408279762	0.0299569918500	-57.0589749708
5270.00000000	0.0162899598627	-0.0251409509255	0.0299571394790	-57.0589716451
5270.00000000	0.0162900998853	-0.0251411673059	0.0299573972130	-57.0589719341
5270.00000000	0.0162902798456	-0.0251414739712	0.0299577524339	-57.0590020165
5270.00000000	0.0162904555621	-0.0251418224158	0.0299581404098	-57.0590823593
5270.00000000	0.0162905805297	-0.0251421237954	0.0299584612912	-57.0591952080
5270.00000000	0.0162906329092	-0.0251422737197	0.0299586155951	-57.0592670530
5270.00000000	0.0162906049635	-0.0251422055439	0.0299585431837	-57.0592410065
5270.00000000	0.0162904997958	-0.0251419524979	0.0299582736319	-57.0591466448
5270.00000000	0.0162903448013	-0.0251416269044	0.0299579161015	-57.0590568078
5270.00000000	0.0162901811265	-0.0251413134717	0.0299575640568	-57.0589935486
5270.00000000	0.0162900568388	-0.0251410521130	0.0299572771319	-57.0589212256
5270.00000000	0.0162899980917	-0.0251408543695	0.0299570792344	-57.0588098630
5270.00000000	0.0162899860673	-0.0251407322906	0.0299569702437	-57.0587021977
5270.00000000	0.0162899833108	-0.0251407066561	0.0299569472316	-57.0586799614
5270.00000000	0.0162899543031	-0.0251407436394	0.0299569624952	-57.0587649857
5270.00000000	0.0162898756929	-0.0251407436122	0.0299569197260	-57.0588911359
5270.00000000	0.0162897725305	-0.0251406564810	0.0299567905055	-57.0589661047
5270.00000000	0.0162897063830	-0.0251405303871	0.0299566487142	-57.0589411377
5270.00000000	0.0162897183577	-0.0251404652766	0.0299566005832	-57.0588541991
5270.00000000	0.0162897981523	-0.0251405120578	0.0299566832338	-57.0587747729
5270.00000000	0.0162898998367	-0.0251406209565	0.0299568299186	-57.0587248160
5270.00000000	0.0162899964222	-0.0251407162038	0.0299569623740	-57.0586688460
5270.00000000	0.0162900905608	-0.0251407844694	0.0299570708551	-57.0585887423
5270.00000000	0.0162901655895	-0.0251408447374	0.0299571622328	-57.0585309943
5270.00000000	0.0162902013836	-0.0251409061754	0.0299572332574	-57.0585374389
5270.00000000	0.0162901956408	-0.0251409524170	0.0299572689418	-57.0585947492
5270.00000000	0.0162901614935	-0.0251409712316	0.0299572661629	-57.0586691263
5270.00000000	0.0162901254706	-0.0251410082347	0.0299572776284	-57.0587654307
5270.00000000	0.0162901163346	-0.0251411102560	0.0299573582797	-57.0588861989
5270.00000000	0.0162901343710	-0.0251412362421	0.0299574738189	-57.0589882758
5270.00000000	0.0162901552065	-0.0251413054215	0.0299575432062	-57.0590267800
5270.00000000	0.0162901546404	-0.0251412738948	0.0299575164401	-57.0589949008
5270.00000000	0.0162901064597	-0.0251411392669	0.0299573772568	-57.0589322208
5270.00000000	0.0162900018308	-0.0251409458060	0.0299571580039	-57.0588989576
5270.00000000	0.0162898692786	-0.0251407751273	0.0299569426864	-57.0589342082
5270.00000000	0.0162897474753	-0.0251406763715	0.0299567935738	-57.0590270082
5270.00000000	0.0162896488219	-0.0251406078474	0.0299566824211	-57.0591140923
5270.00000000	0.0162895675050	-0.0251404984352	0.0299565463809	-57.0591308245
5270.00000000	0.0162894949709	-0.0251403300189	0.0299563655984	-57.0590720926
5270.00000000	0.0162894366489	-0.0251401438920	0.0299561776809	-57.0589721270
5270.00000000	0.0162894134979	-0.0251399995525	0.0299560439579	-57.0588591667
5270.00000000	0.0162894320252	-0.0251399180175	0.0299559856061	-57.0587446257
5270.00000000	0.0162894844548	-0.0251398906930	0.0299559911847	-57.0586320484
5270.00000000	0.0162895554444	-0.0251399000035	0.0299560376012	-57.0585277823
5270.00000000	0.0162896109765	-0.0251399153601	0.0299560806862	-57.0584546167
5270.00000000	0.0162896295335	-0.0251399203683	0.0299560949802	-57.0584300388
5270.00000000	0.0162896237333	-0.0251399136885	0.0299560862203	-57.0584324015
5270.00000000	0.0162896253665	-0.0251399069066	0.0299560814169	-57.0584227264
5270.00000000	0.0162896501355	-0.0251399183470	0.0299561044869	-57.0583948671
5270.00000000	0.0162896882969	-0.0251399562281	0.0299561570292	-57.0583730114
5274.00000000	0.00884994278278	0.00382373630822	0.00964066629509	23.3674053261
5274.00000000	0.00884999096144	0.00382372490294	0.00964070599857	23.3672295365
5274.00000000	0.00885001799997	0.00382371843325	0.00964072825343	23.3671305058
5274.00000000	0.00885002899194	0.00382372276873	0.00964074006341	23.3671282489
5274.00000000	0.00885004683852	0.00382374839711	0.00964076661103	23.3672260009
5274.00000000	0.00885007988995	0.00382378728401	0.00964081237510	23.3673602454
5274.00000000	0.00885010524047	0.00382381545587	0.00964084682007	23.3674541843
5274.00000000	0.00885010091873	0.00382381453989	0.00964084248950	23.3674593741
5274.00000000	0.00885006661485	0.00382377954317	0.00964079711860	23.3673493060
5274.00000000	0.00885000182257	0.00382371771614	0.00964071311845	23.3671647262
5274.00000000	0.00884990631051	0.00382364606274	0.00964059702082	23.3669989451
5274.00000000	0.00884979562373	0.00382358169937	0.00964046988448	23.3669087027
5274.00000000	0.00884969475801	0.00382353103150	0.00964035719560	23.3668700286
5274.00000000	0.00884962327627	0.00382349510852	0.00964027732883	23.3668425355
5274.00000000	0.00884959289450	0.00382347595493	0.00964024184221	23.3668096520
5274.00000000	0.00884961130835	0.00382346951322	0.00964025619096	23.3667311005
5274.00000000	0.00884967247760	0.00382346850038	0.00964031194175	23.3665813850
5274.00000000	0.00884975756669	0.00382347283867	0.00964039177301	23.3664044831
5274.00000000	0.00884983743206	0.00382348694563	0.00964047068339	23.3662931935
5274.00000000	0.00884987937801	0.00382351411994	0.00964051996682	23.3663425792
5274.00000000	0.00884987388237	0.00382355793654	0.00964053230003	23.3665945878
5274.00000000	0.00884984698342	0.00382361143592	0.00964052882589	23.3669498744
5274.00000000	0.00884982504797	0.00382365822967	0.00964052724891	23.3672568768
5274.00000000	0.00884980077410	0.00382369129490	0.00964051808047	23.3674944920
5274.00000000	0.00884974589060	0.00382371585862	0.00964047744127	23.3677578808
5274.00000000	0.00884966060295	0.00382373637907	0.00964040728828	23.3680708849
5274.00000000	0.00884958735808	0.00382374948880	0.00964034525115	23.3683150726
5274.00000000	0.00884956281990	0.00382374740439	0.00964032189898	23.3683615460
5274.00000000	0.00884958695972	0.00382372082432	0.00964033351601	23.3681596231
5274.00000000	0.00884962271549	0.00382366716070	0.00964034505411	23.3677825545
5274.00000000	0.00884961588029	0.00382360003447	0.00964031215534	23.3674324356
5274.00000000	0.00884953063502	0.00382353826090	0.00964020940087	23.3672963527
5274.00000000	0.00884939156685	0.00382348879090	0.00964006211793	23.3673542736
5274.00000000	0.00884926201801	0.00382345476573	0.00963992969938	23.3674740241
5274.00000000	0.00884918070302	0.00382343929212	0.00963984891662	23.3675812904
5274.00000000	0.00884915353259	0.00382343839721	0.00963982361979	23.3676404598
5274.00000000	0.00884917630909	0.00382343564456	0.00963984343636	23.3675717471
5274.00000000	0.00884924539066	0.00382341800868	0.00963989985701	23.3673126707
5274.00000000	0.00884934079780	0.00382338269902	0.00963997343454	23.3668951094
5274.00000000	0.00884943581212	0.00382333268208	0.00964004081893	23.3663982365
5274.00000000	0.00884950766521	0.00382328041505	0.00964008604986	23.3659436895
5274.00000000	0.00884954633080	0.00382324520690	0.00964010758099	23.3656604493
5274.00000000	0.00884955176118	0.00382323535513	0.00964010865885	23.3655938971
5274.00000000	0.00884953211761	0.00382323495488	0.00964009046746	23.3656380165
5274.00000000	0.00884950198026	0.00382322125351	0.00964005736766	23.3656342996
5274.00000000	0.00884947318837	0.00382318772185	0.00964001763837	23.3655192148
5274.00000000	0.00884944590833	0.00382314953098	0.00963997744918	23.3653751440
5274.00000000	0.00884941413166	0.00382312081023	0.00963993688792	23.3652933419
5274.00000000	0.00884939797478	0.00382309667451	0.00963991248397	23.3651997375
5274.00000000	0.00884943122612	0.00382306548413	0.00963993063885	23.3649511778
5274.00000000	0.00884953002064	0.00382302565568	0.00964000553684	23.3645009962
5274.00000000	0.00884969216467	0.00382298166748	0.00964013694090	23.3638788101
5274.00000000	0.00884989155268	0.00382293973874	0.00964030335313	23.3631800974
5274.00000000	0.00885007850954	0.00382290465319	0.00964046106846	23.3625480427
5274.00000000	0.00885020807240	0.00382287783195	0.00964056937337	23.3620963590
5274.00000000	0.00885025744692	0.00382286089089	0.00964060798227	23.3618875684
5274.00000000	0.00885021662922	0.00382285289781	0.00964056734132	23.3619401534
5274.00000000	0.00885009918524	0.00382285342317	0.00964045973404	23.3622198036
5274.00000000	0.00884993941714	0.00382285914108	0.00964031533196	23.3626275412
5274.00000000	0.00884976979836	0.00382286539025	0.00964016209802	23.3630614069
5274.00000000	0.00884961954828	0.00382287724533	0.00964002886833	23.3634802217
5274.00000000	0.00884951348892	0.00382290952008	0.00963994430426	23.3639063030
5274.00000000	0.00884946777465	0.00382296718182	0.00963992520551	23.3643286703
5274.00000000	0.00884949201614	0.00382303644202	0.00963997492635	23.3646494287
5274.00000000	0.00884955413718	0.00382310066510	0.00964005742319	23.3648534141
5274.00000000	0.00884958450562	0.00382314405179	0.00964010250790	23.3650185551
5274.00000000	0.00884955147542	0.00382315803326	0.00964007773119	23.3651726957
5274.00000000	0.00884949878566	0.00382314987470	0.00964002612661	23.3652523788
5274.00000000	0.00884949107843	0.00382313641546	0.00964001371360	23.3651971105
5274.00000000	0.00884955461562	0.00382313545302	0.00964007165881	23.3650420935
5274.00000000	0.00884966454572	0.00382315697751	0.00964018111067	23.3649004167
5274.00000000	0.00884977846354	0.00382319792452	0.00964030192597	23.3648553132
5274.00000000	0.00884986606710	0.00382324367260	0.00964040048886	23.3648984282
5274.00000000	0.00884991960782	0.00382328375601	0.00964046553564	23.3649909232
5274.00000000	0.00884994722686	0.00382332093043	0.00964050563276	23.3651286437
5274.00000000	0.00884994788501	0.00382335816099	0.00964052100224	23.3653302171
5274.00000000	0.00884991948423	0.00382338278671	0.00964050469691	23.3655315133
5274.00000000	0.00884989021733	0.00382338042389	0.00964047689300	23.3655876062
5274.00000000	0.00884988831972	0.00382335762940	0.00964046611082	23.3654677152
5274.00000000	0.00884989718761	0.00382333743325	0.00964046624182	23.3653366254
5274.00000000	0.00884988476218	0.00382333822322	0.00964045514865	23.3653702228
5274.00000000	0.00884983783634	0.00382336192204	0.00964042146986	23.3656101286
5274.00000000	0.00884975183055	0.00382339894435	0.00964035720033	23.3660148444
5274.00000000	0.00884963385890	0.00382343082729	0.00964026154872	23.3664668755
5274.00000000	0.00884950907938	0.00382344002199	0.00964015064964	23.3668111768
5274.00000000	0.00884940204448	0.00382342168844	0.00964004512191	23.3669634608
5274.00000000	0.00884931129773	0.00382338235309	0.00963994621676	23.3669627633
5274.00000000	0.00884922467900	0.00382333567665	0.00963984818946	23.3669122804
5274.00000000	0.00884914891106	0.00382329327231	0.00963976181740	23.3668595267
5274.00000000	0.00884910761197	0.00382326293724	0.00963971187409	23.3667913689
5274.00000000	0.00884911446637	0.00382324324642	0.00963971035666	23.3666677725
5274.00000000	0.00884914851272	0.00382323131299	0.00963973687778	23.3665224015
5274.00000000	0.00884918820780	0.00382323148915	0.00963977338721	23.3664297880
5274.00000000	0.00884923823605	0.00382324010046	0.00963982272784	23.3663588408
5274.00000000	0.00884929532880	0.00382324153110	0.00963987570571	23.3662320622
5274.00000000	0.00884933346637	0.00382322443838	0.00963990393652	23.3660489009
5274.00000000	0.00884932949204	0.00382319812676	0.00963988985285	23.3659147086
5274.00000000	0.00884929214082	0.00382318163914	0.00963984902576	23.3659127952
5274.00000000	0.00884925753817	0.00382318332849	0.00963981793086	23.3660035803
5274.00000000	0.00884925440056	0.00382319553433	0.00963981989145	23.3660775742
