DevNumber	X [V]	Y [V]	R [V]	Theta [°]
4253.00000000	-0.0616784365767	-0.0594356722741	0.0856552898379	-136.060869334
4253.00000000	-0.0616783522795	-0.0594354472367	0.0856550729854	-136.060938601
4253.00000000	-0.0616782636857	-0.0594353102918	0.0856549141659	-136.060963442
4253.00000000	-0.0616781298267	-0.0594352195191	0.0856547547904	-136.060945033
4253.00000000	-0.0616778783245	-0.0594350653161	0.0856544666888	-136.060902572
4253.00000000	-0.0616775279009	-0.0594348446363	0.0856540612283	-136.060846215
4253.00000000	-0.0616771387687	-0.0594346328566	0.0856536340706	-136.060767604
4253.00000000	-0.0616767287385	-0.0594344474469	0.0856532101628	-136.060666590
4253.00000000	-0.0616763415823	-0.0594342822974	0.0856528167849	-136.060566434
4253.00000000	-0.0616761495500	-0.0594342159429	0.0856526324643	-136.060509260
4253.00000000	-0.0616762893950	-0.0594343407523	0.0856528197679	-136.060514054
4253.00000000	-0.0616767205039	-0.0594346563032	0.0856533491580	-136.060562167
4253.00000000	-0.0616773026333	-0.0594350712368	0.0856540562556	-136.060632507
4253.00000000	-0.0616778562600	-0.0594354445479	0.0856547139475	-136.060709665
4253.00000000	-0.0616782388808	-0.0594356905516	0.0856551601643	-136.060768769
4253.00000000	-0.0616784976555	-0.0594358457123	0.0856554541671	-136.060814144
4253.00000000	-0.0616787801108	-0.0594359955469	0.0856557615260	-136.060873076
4253.00000000	-0.0616791568212	-0.0594361832074	0.0856561630032	-136.060957537
4253.00000000	-0.0616795117185	-0.0594363722055	0.0856565497016	-136.061031228
4253.00000000	-0.0616796539173	-0.0594364934283	0.0856567362115	-136.061038840
4253.00000000	-0.0616795635344	-0.0594365083271	0.0856566814669	-136.060989713
4253.00000000	-0.0616793708617	-0.0594364355396	0.0856564922206	-136.060935344
4253.00000000	-0.0616791540546	-0.0594363145191	0.0856562521274	-136.060893005
4253.00000000	-0.0616788537182	-0.0594361418735	0.0856559160642	-136.060836761
4253.00000000	-0.0616784268022	-0.0594359153247	0.0856554514510	-136.060747728
4253.00000000	-0.0616779350852	-0.0594356760586	0.0856549313520	-136.060634741
4253.00000000	-0.0616775634065	-0.0594354866261	0.0856545322691	-136.060553467
4253.00000000	-0.0616774905256	-0.0594354196815	0.0856544333368	-136.060551884
4253.00000000	-0.0616777268715	-0.0594355027700	0.0856546611782	-136.060621565
4253.00000000	-0.0616781527880	-0.0594356856442	0.0856550947658	-136.060731172
4253.00000000	-0.0616785528604	-0.0594358674608	0.0856555090101	-136.060829292
4253.00000000	-0.0616787381669	-0.0594359749076	0.0856557170017	-136.060863549
4253.00000000	-0.0616786576664	-0.0594359853660	0.0856556662922	-136.060821147
4253.00000000	-0.0616783775054	-0.0594359296085	0.0856554258651	-136.060717966
4253.00000000	-0.0616780456491	-0.0594358604788	0.0856551389349	-136.060597231
4253.00000000	-0.0616779185908	-0.0594358585083	0.0856550460762	-136.060539205
4253.00000000	-0.0616781833399	-0.0594359665754	0.0856553117025	-136.060610038
4253.00000000	-0.0616788044552	-0.0594361808373	0.0856559076278	-136.060795128
4253.00000000	-0.0616795321761	-0.0594364315886	0.0856566056382	-136.061012121
4253.00000000	-0.0616800013651	-0.0594365944989	0.0856570565337	-136.061151424
4253.00000000	-0.0616799666008	-0.0594365862514	0.0856570257778	-136.061139261
4253.00000000	-0.0616794699907	-0.0594364278382	0.0856565582574	-136.060985064
4253.00000000	-0.0616787980118	-0.0594362130556	0.0856559253442	-136.060776619
4253.00000000	-0.0616783238474	-0.0594360608973	0.0856554783281	-136.060629824
4253.00000000	-0.0616782493232	-0.0594360537956	0.0856554197373	-136.060598653
4253.00000000	-0.0616784937918	-0.0594361554295	0.0856556662963	-136.060663171
4253.00000000	-0.0616788036182	-0.0594362523739	0.0856559566640	-136.060760283
4253.00000000	-0.0616789261437	-0.0594362314165	0.0856560303495	-136.060827248
4253.00000000	-0.0616787536030	-0.0594360519202	0.0856557815555	-136.060833620
4253.00000000	-0.0616783783080	-0.0594357831944	0.0856553248470	-136.060788862
4253.00000000	-0.0616779734495	-0.0594354974762	0.0856548350596	-136.060738566
4253.00000000	-0.0616776271782	-0.0594352305460	0.0856544004964	-136.060706414
4253.00000000	-0.0616773969238	-0.0594350472515	0.0856541075085	-136.060687826
4253.00000000	-0.0616772889951	-0.0594349960776	0.0856539942824	-136.060662379
4253.00000000	-0.0616773111243	-0.0594350803572	0.0856540686984	-136.060632056
4253.00000000	-0.0616775095692	-0.0594352599373	0.0856543362036	-136.060637667
4253.00000000	-0.0616777987156	-0.0594354744606	0.0856546932675	-136.060668548
4253.00000000	-0.0616780218088	-0.0594356929472	0.0856550055184	-136.060666860
4253.00000000	-0.0616781054630	-0.0594358829004	0.0856551975636	-136.060614194
4253.00000000	-0.0616781201249	-0.0594360022283	0.0856552909225	-136.060563524
4253.00000000	-0.0616781324244	-0.0594360057782	0.0856553022423	-136.060567523
4253.00000000	-0.0616781593090	-0.0594358998955	0.0856552481295	-136.060631001
4253.00000000	-0.0616781925756	-0.0594357340070	0.0856551569746	-136.060726345
4253.00000000	-0.0616781607545	-0.0594355260115	0.0856549897340	-136.060811760
4253.00000000	-0.0616780830379	-0.0594353035897	0.0856547794348	-136.060882821
4253.00000000	-0.0616780142372	-0.0594350907085	0.0856545821761	-136.060953426
4253.00000000	-0.0616779625130	-0.0594348959616	0.0856544097973	-136.061023222
4253.00000000	-0.0616779866599	-0.0594347843170	0.0856543497158	-136.061088206
4253.00000000	-0.0616781362616	-0.0594348057309	0.0856544722999	-136.061147330
4253.00000000	-0.0616783464938	-0.0594349364692	0.0856547144021	-136.061181937
4253.00000000	-0.0616785264323	-0.0594351322806	0.0856549798440	-136.061171139
4253.00000000	-0.0616785695119	-0.0594353135633	0.0856551366551	-136.061103816
4253.00000000	-0.0616783124813	-0.0594353429177	0.0856549719414	-136.060970375
4253.00000000	-0.0616777403591	-0.0594351936406	0.0856544563867	-136.060776724
4253.00000000	-0.0616770550264	-0.0594350151711	0.0856538390565	-136.060544583
4253.00000000	-0.0616765580038	-0.0594349869821	0.0856534616041	-136.060327460
4253.00000000	-0.0616764271121	-0.0594351583977	0.0856534862984	-136.060184138
4253.00000000	-0.0616766327137	-0.0594354387287	0.0856538288681	-136.060144544
4253.00000000	-0.0616770491466	-0.0594357083586	0.0856543158255	-136.060207966
4253.00000000	-0.0616775107623	-0.0594358931970	0.0856547764807	-136.060333200
4253.00000000	-0.0616778965544	-0.0594359772892	0.0856551126303	-136.060471764
4253.00000000	-0.0616782536812	-0.0594360194703	0.0856553990571	-136.060617210
4253.00000000	-0.0616787069811	-0.0594361243600	0.0856557982497	-136.060777088
4253.00000000	-0.0616793050764	-0.0594363406015	0.0856563789732	-136.060950538
4253.00000000	-0.0616799411220	-0.0594366049841	0.0856570204295	-136.061118412
4253.00000000	-0.0616804893003	-0.0594368160421	0.0856575616134	-136.061271186
4253.00000000	-0.0616809198040	-0.0594369298977	0.0856579506148	-136.061416158
4253.00000000	-0.0616812471380	-0.0594369799887	0.0856582210805	-136.061543958
4253.00000000	-0.0616813900830	-0.0594369756305	0.0856583209891	-136.061612403
4253.00000000	-0.0616812615774	-0.0594369274703	0.0856581950363	-136.061575956
4253.00000000	-0.0616809542244	-0.0594368825738	0.0856579425630	-136.061454928
4253.00000000	-0.0616806198353	-0.0594368333505	0.0856576676194	-136.061323435
4253.00000000	-0.0616802345837	-0.0594366731936	0.0856572790755	-136.061221766
4253.00000000	-0.0616796932122	-0.0594363554047	0.0856566687336	-136.061123559
4253.00000000	-0.0616790900694	-0.0594360031369	0.0856559899872	-136.061013288
4253.00000000	-0.0616786283998	-0.0594357650842	0.0856554923658	-136.060913666
4253.00000000	-0.0616783621764	-0.0594356753768	0.0856552384169	-136.060833306
4253.00000000	-0.0616782059408	-0.0594356627854	0.0856551171782	-136.060766854
4253.00000000	-0.0616780643870	-0.0594356510698	0.0856550071193	-136.060706794
4253.00000000	-0.0616778859647	-0.0594356051674	0.0856548467904	-136.060646088
5260.00000000	-0.0974477147979	-0.0656855572358	0.117518719993	-146.017686048
5260.00000000	-0.0974475433663	-0.0656854327531	0.117518508262	-146.017689658
5260.00000000	-0.0974473007422	-0.0656852726170	0.117518217569	-146.017688280
5260.00000000	-0.0974470192407	-0.0656851224576	0.117517900216	-146.017672275
5260.00000000	-0.0974466708793	-0.0656850310485	0.117517560259	-146.017614298
5260.00000000	-0.0974462702596	-0.0656850264513	0.117517225492	-146.017506983
5260.00000000	-0.0974458914537	-0.0656851270502	0.117516967612	-146.017363083
5260.00000000	-0.0974455840677	-0.0656852913173	0.117516804542	-146.017212906
5260.00000000	-0.0974453290425	-0.0656854081505	0.117516658377	-146.017096174
5260.00000000	-0.0974451565704	-0.0656854219837	0.117516523094	-146.017043580
5260.00000000	-0.0974452369044	-0.0656854029258	0.117516579055	-146.017073177
5260.00000000	-0.0974456839478	-0.0656854519250	0.117516977134	-146.017175194
5260.00000000	-0.0974463573068	-0.0656855577973	0.117517594664	-146.017315891
5260.00000000	-0.0974469359265	-0.0656856139520	0.117518105846	-146.017450870
5260.00000000	-0.0974472161175	-0.0656855620235	0.117518309158	-146.017548218
5260.00000000	-0.0974473492597	-0.0656854906599	0.117518379673	-146.017613352
5260.00000000	-0.0974475628772	-0.0656854679406	0.117518544108	-146.017680749
5260.00000000	-0.0974479718347	-0.0656854915610	0.117518896422	-146.017782644
5260.00000000	-0.0974484869176	-0.0656855486224	0.117519355429	-146.017899938
5260.00000000	-0.0974488813864	-0.0656856191324	0.117519721937	-146.017978927
5260.00000000	-0.0974491086591	-0.0656856988713	0.117519954964	-146.018008623
5260.00000000	-0.0974492454467	-0.0656857701912	0.117520108253	-146.018017065
5260.00000000	-0.0974493062449	-0.0656857995844	0.117520175096	-146.018021749
5260.00000000	-0.0974491951241	-0.0656857675648	0.117520065057	-146.018004413
5260.00000000	-0.0974487859617	-0.0656856777705	0.117519675585	-146.017929217
5260.00000000	-0.0974480983587	-0.0656855627276	0.117519041115	-146.017788351
5260.00000000	-0.0974473675841	-0.0656854609272	0.117518378249	-146.017630365
5260.00000000	-0.0974468886101	-0.0656854308049	0.117517964243	-146.017512018
5260.00000000	-0.0974468727599	-0.0656855250566	0.117518003781	-146.017469595
5260.00000000	-0.0974473449716	-0.0656857232485	0.117518506120	-146.017518152
5260.00000000	-0.0974479815388	-0.0656859361979	0.117519152993	-146.017605532
5260.00000000	-0.0974484052733	-0.0656861005171	0.117519596202	-146.017654572
5260.00000000	-0.0974484890380	-0.0656862115671	0.117519727730	-146.017632503
5260.00000000	-0.0974482981204	-0.0656862672535	0.117519600545	-146.017557965
5260.00000000	-0.0974480133486	-0.0656862722851	0.117519367222	-146.017478328
5260.00000000	-0.0974479786062	-0.0656863003829	0.117519354119	-146.017457501
5260.00000000	-0.0974484524258	-0.0656864380255	0.117519823948	-146.017530975
5260.00000000	-0.0974493055077	-0.0656866553926	0.117520652826	-146.017675568
5260.00000000	-0.0974501833081	-0.0656868561624	0.117521492925	-146.017833605
5260.00000000	-0.0974507013705	-0.0656869578796	0.117521979362	-146.017933655
5260.00000000	-0.0974506793722	-0.0656869223861	0.117521941282	-146.017942010
5260.00000000	-0.0974502556885	-0.0656868136172	0.117521529164	-146.017870528
5260.00000000	-0.0974497083723	-0.0656867357537	0.117521031802	-146.017752862
5260.00000000	-0.0974493145760	-0.0656867179135	0.117520695291	-146.017652764
5260.00000000	-0.0974491949056	-0.0656867447908	0.117520611081	-146.017609288
5260.00000000	-0.0974492222530	-0.0656867869886	0.117520657344	-146.017599681
5260.00000000	-0.0974492366442	-0.0656868329002	0.117520694939	-146.017585041
5260.00000000	-0.0974491536586	-0.0656868696242	0.117520646653	-146.017547581
5260.00000000	-0.0974488579850	-0.0656867992274	0.117520362131	-146.017495468
5260.00000000	-0.0974483189250	-0.0656865739731	0.117519789234	-146.017439635
5260.00000000	-0.0974477226160	-0.0656862878326	0.117519134835	-146.017392816
5260.00000000	-0.0974472585219	-0.0656860520435	0.117518618212	-146.017361670
5260.00000000	-0.0974469723321	-0.0656858767545	0.117518282925	-146.017354545
5260.00000000	-0.0974468222825	-0.0656857023632	0.117518061029	-146.017384158
5260.00000000	-0.0974467850072	-0.0656855070369	0.117517920944	-146.017452966
5260.00000000	-0.0974469632951	-0.0656853662388	0.117517990084	-146.017558473
5260.00000000	-0.0974473152780	-0.0656853262879	0.117518259621	-146.017670543
5260.00000000	-0.0974476611402	-0.0656853646062	0.117518567831	-146.017749302
5260.00000000	-0.0974478775664	-0.0656854328870	0.117518785459	-146.017780676
5260.00000000	-0.0974479316114	-0.0656854710784	0.117518851620	-146.017779963
5260.00000000	-0.0974478995807	-0.0656854556745	0.117518816450	-146.017777462
5260.00000000	-0.0974478718371	-0.0656854020367	0.117518763465	-146.017791586
5260.00000000	-0.0974478375294	-0.0656853427172	0.117518701861	-146.017806219
5260.00000000	-0.0974477490804	-0.0656853064187	0.117518608229	-146.017796791
5260.00000000	-0.0974476877783	-0.0656853030015	0.117518555487	-146.017781467
5260.00000000	-0.0974477733989	-0.0656853379351	0.117518646010	-146.017790676
5260.00000000	-0.0974480018835	-0.0656854081836	0.117518874736	-146.017824540
5260.00000000	-0.0974483324321	-0.0656855480581	0.117519227012	-146.017858068
5260.00000000	-0.0974487072809	-0.0656857695539	0.117519661643	-146.017870670
5260.00000000	-0.0974489660138	-0.0656859684932	0.117519987381	-146.017860750
5260.00000000	-0.0974489720228	-0.0656860180208	0.117520020047	-146.017842365
5260.00000000	-0.0974487020559	-0.0656858993428	0.117519729854	-146.017816776
5260.00000000	-0.0974481174776	-0.0656856572849	0.117519109820	-146.017755334
5260.00000000	-0.0974472568976	-0.0656853594910	0.117518229770	-146.017641211
5260.00000000	-0.0974463554117	-0.0656851181339	0.117517347346	-146.017493123
5260.00000000	-0.0974457098526	-0.0656850077292	0.117516750334	-146.017361834
5260.00000000	-0.0974454736061	-0.0656850277806	0.117516565644	-146.017289347
5260.00000000	-0.0974455645008	-0.0656851210256	0.117516693133	-146.017276420
5260.00000000	-0.0974458108109	-0.0656852205543	0.117516953006	-146.017303305
5260.00000000	-0.0974461151624	-0.0656852972039	0.117517248219	-146.017355257
5260.00000000	-0.0974464836073	-0.0656853933203	0.117517607460	-146.017416805
5260.00000000	-0.0974470674311	-0.0656856078029	0.117518211454	-146.017489192
5260.00000000	-0.0974479573130	-0.0656859403316	0.117519135215	-146.017597259
5260.00000000	-0.0974489701154	-0.0656862525740	0.117520149565	-146.017747021
5260.00000000	-0.0974498109340	-0.0656864628718	0.117520964324	-146.017891129
5260.00000000	-0.0974503824413	-0.0656865843558	0.117521506127	-146.017997752
5260.00000000	-0.0974507968201	-0.0656866496327	0.117521886221	-146.018084280
5260.00000000	-0.0974511670278	-0.0656866777951	0.117522208943	-146.018173775
5260.00000000	-0.0974513726739	-0.0656866278999	0.117522351580	-146.018249984
5260.00000000	-0.0974512896754	-0.0656864968900	0.117522209531	-146.018280330
5260.00000000	-0.0974511064270	-0.0656863992203	0.117522002988	-146.018269881
5260.00000000	-0.0974510724237	-0.0656864382259	0.117521996594	-146.018244846
5260.00000000	-0.0974511675234	-0.0656866078030	0.117522170233	-146.018202206
5260.00000000	-0.0974511290575	-0.0656867862142	0.117522238056	-146.018119598
5260.00000000	-0.0974508516033	-0.0656868637018	0.117522051298	-146.018012667
5260.00000000	-0.0974504963128	-0.0656868550728	0.117521751863	-146.017919339
5260.00000000	-0.0974501804481	-0.0656868187311	0.117521469632	-146.017847958
5260.00000000	-0.0974498257996	-0.0656867408886	0.117521132044	-146.017782785
5260.00000000	-0.0974493850964	-0.0656865679327	0.117520669937	-146.017732614
5260.00000000	-0.0974489243263	-0.0656862973577	0.117520136627	-146.017716439
5270.00000000	0.0115398161572	0.000321667178486	0.0115442984505	1.59668060149
5270.00000000	0.0115398792211	0.000321724288868	0.0115443630814	1.59695521461
5270.00000000	0.0115399234263	0.000321758160600	0.0115444082134	1.59711714313
5270.00000000	0.0115399168137	0.000321773317221	0.0115444020259	1.59719325211
5270.00000000	0.0115398666749	0.000321797017988	0.0115443525672	1.59731777164
5270.00000000	0.0115398095009	0.000321838785165	0.0115442965798	1.59753289659
5270.00000000	0.0115397718535	0.000321890433096	0.0115442603870	1.59779434197
5270.00000000	0.0115397540060	0.000321937745769	0.0115442438657	1.59803154031
5270.00000000	0.0115397489077	0.000321965763562	0.0115442395508	1.59817124835
5270.00000000	0.0115397503214	0.000321956997871	0.0115442407195	1.59812756416
5270.00000000	0.0115397596969	0.000321905990666	0.0115442486689	1.59787320875
5270.00000000	0.0115397801406	0.000321836567385	0.0115442671690	1.59752595617
5270.00000000	0.0115397996397	0.000321778256987	0.0115442850351	1.59723396863
5270.00000000	0.0115398060698	0.000321744216196	0.0115442905139	1.59706419597
5270.00000000	0.0115398096684	0.000321736007338	0.0115442938823	1.59702297243
5270.00000000	0.0115398266539	0.000321741777738	0.0115443110220	1.59704925104
5270.00000000	0.0115398479064	0.000321737922458	0.0115443321589	1.59702718459
5270.00000000	0.0115398506830	0.000321696970369	0.0115443337931	1.59682362982
5270.00000000	0.0115398222864	0.000321616898904	0.0115443031766	1.59643030709
5270.00000000	0.0115397742254	0.000321527505429	0.0115442526441	1.59599345207
5270.00000000	0.0115397307336	0.000321448004555	0.0115442069552	1.59560504134
5270.00000000	0.0115397064706	0.000321383231377	0.0115441808981	1.59528703858
5270.00000000	0.0115396986240	0.000321346401384	0.0115441720293	1.59510539980
5270.00000000	0.0115396929991	0.000321350163205	0.0115441665113	1.59512484028
5270.00000000	0.0115396773879	0.000321394051149	0.0115441521279	1.59534473673
5270.00000000	0.0115396507745	0.000321459937249	0.0115441273594	1.59567529304
5270.00000000	0.0115396232728	0.000321518031619	0.0115441014862	1.59596731660
5270.00000000	0.0115396020836	0.000321550184311	0.0115440812007	1.59612976451
5270.00000000	0.0115395841909	0.000321555470259	0.0115440634622	1.59615846328
5270.00000000	0.0115395707806	0.000321538707192	0.0115440495901	1.59607715055
5270.00000000	0.0115395708749	0.000321519430650	0.0115440491475	1.59598150071
5270.00000000	0.0115395838618	0.000321518133550	0.0115440620932	1.59597327019
5270.00000000	0.0115395990543	0.000321540861062	0.0115440779129	1.59608392793
5270.00000000	0.0115396087697	0.000321588805389	0.0115440889601	1.59632045046
5270.00000000	0.0115396194270	0.000321654881626	0.0115441014541	1.59664679982
5270.00000000	0.0115396577673	0.000321700789804	0.0115441410588	1.59686926033
5270.00000000	0.0115397400254	0.000321683650652	0.0115442228074	1.59677285209
5270.00000000	0.0115398447701	0.000321601188457	0.0115443252138	1.59634925585
5270.00000000	0.0115399400126	0.000321493850025	0.0115444174296	1.59580356587
5270.00000000	0.0115400073351	0.000321419952703	0.0115444826684	1.59542764758
5270.00000000	0.0115400407295	0.000321406036753	0.0115445156624	1.59535399464
5270.00000000	0.0115400371978	0.000321431960571	0.0115445128538	1.59548309347
5270.00000000	0.0115399982980	0.000321465571535	0.0115444749050	1.59565521700
5270.00000000	0.0115399432670	0.000321482849223	0.0115444203764	1.59574853948
5270.00000000	0.0115398874526	0.000321479873419	0.0115443645008	1.59574149010
5270.00000000	0.0115398344822	0.000321475175021	0.0115443114202	1.59572550145
5270.00000000	0.0115397805267	0.000321483121627	0.0115442577069	1.59577238341
5270.00000000	0.0115397241811	0.000321503468171	0.0115442019497	1.59588111525
5270.00000000	0.0115396711627	0.000321536740063	0.0115441498786	1.59605351422
5270.00000000	0.0115396330696	0.000321587141823	0.0115441132042	1.59630883730
5270.00000000	0.0115396166226	0.000321638759497	0.0115440982016	1.59656720120
5270.00000000	0.0115396244665	0.000321668828293	0.0115441068802	1.59671529621
5270.00000000	0.0115396652017	0.000321670992032	0.0115441476599	1.59672039757
5270.00000000	0.0115397373306	0.000321649474261	0.0115442191613	1.59660366784
5270.00000000	0.0115398165570	0.000321611044417	0.0115442972862	1.59640205403
5270.00000000	0.0115398735855	0.000321571673275	0.0115443531958	1.59619884183
5270.00000000	0.0115398968171	0.000321551111074	0.0115443758457	1.59609361764
5270.00000000	0.0115399020068	0.000321546418388	0.0115443809027	1.59606961903
5270.00000000	0.0115399091468	0.000321543906346	0.0115443879699	1.59605616939
5270.00000000	0.0115399267612	0.000321533654407	0.0115444052919	1.59600287302
5270.00000000	0.0115399594996	0.000321511811516	0.0115444374093	1.59588998196
5270.00000000	0.0115400035646	0.000321488855085	0.0115444808179	1.59577000166
5270.00000000	0.0115400410975	0.000321482767806	0.0115445181667	1.59573461462
5270.00000000	0.0115400522691	0.000321496155359	0.0115445297068	1.59579948763
5270.00000000	0.0115400327745	0.000321504132186	0.0115445104420	1.59584175591
5270.00000000	0.0115399938124	0.000321490956805	0.0115444711280	1.59578177641
5270.00000000	0.0115399552040	0.000321468006492	0.0115444318955	1.59567325279
5270.00000000	0.0115399345085	0.000321451608511	0.0115444107514	1.59559476011
5270.00000000	0.0115399313442	0.000321444008705	0.0115444073767	1.59555749361
5270.00000000	0.0115399372643	0.000321439457721	0.0115444131678	1.59553409738
5270.00000000	0.0115399379636	0.000321433722530	0.0115444137071	1.59550554760
5270.00000000	0.0115399114374	0.000321434219590	0.0115443872050	1.59551167921
5270.00000000	0.0115398523320	0.000321466962661	0.0115443290343	1.59568229143
5270.00000000	0.0115397899684	0.000321543480357	0.0115442688259	1.59607053088
5270.00000000	0.0115397586581	0.000321642737043	0.0115442402927	1.59656729374
5270.00000000	0.0115397551592	0.000321722675401	0.0115442390227	1.59696436954
5270.00000000	0.0115397560154	0.000321757594801	0.0115442408518	1.59713749396
5270.00000000	0.0115397497902	0.000321750132984	0.0115442344211	1.59710133536
5270.00000000	0.0115397374382	0.000321713048872	0.0115442210403	1.59691906124
5270.00000000	0.0115397178208	0.000321666855948	0.0115442001434	1.59669260046
5270.00000000	0.0115396877652	0.000321631305089	0.0115441691089	1.59652038020
5270.00000000	0.0115396579524	0.000321599869764	0.0115441384319	1.59636854369
5270.00000000	0.0115396423072	0.000321552141731	0.0115441214633	1.59613391507
5270.00000000	0.0115396436834	0.000321485769499	0.0115441209903	1.59580443399
5270.00000000	0.0115396588499	0.000321422252961	0.0115441343823	1.59548721507
5270.00000000	0.0115396836613	0.000321375059249	0.0115441578702	1.59524964612
5270.00000000	0.0115397157925	0.000321340202662	0.0115441890186	1.59507227447
5270.00000000	0.0115397446778	0.000321307679385	0.0115442169875	1.59490692824
5270.00000000	0.0115397556326	0.000321284057912	0.0115442272806	1.59478822338
5270.00000000	0.0115397509195	0.000321281426681	0.0115442224961	1.59477582024
5270.00000000	0.0115397496194	0.000321285056101	0.0115442212975	1.59479400622
5270.00000000	0.0115397606342	0.000321269661772	0.0115442318796	1.59471610996
5270.00000000	0.0115397728437	0.000321240459189	0.0115442432717	1.59456954299
5270.00000000	0.0115397762228	0.000321229997394	0.0115442463584	1.59451717299
5270.00000000	0.0115397764008	0.000321254796689	0.0115442472264	1.59464018326
5270.00000000	0.0115397782081	0.000321298868776	0.0115442502596	1.59485858506
5270.00000000	0.0115397849118	0.000321344195700	0.0115442582223	1.59508253581
5270.00000000	0.0115398028138	0.000321393884035	0.0115442775006	1.59532657682
5270.00000000	0.0115398303014	0.000321453082451	0.0115443066258	1.59561647372
5270.00000000	0.0115398510030	0.000321512783798	0.0115443289818	1.59590980228
5274.00000000	-0.00529964660265	-0.0104635922003	0.0117291523925	-116.861504282
5274.00000000	-0.00529965793116	-0.0104634566407	0.0117290365785	-116.861852856
5274.00000000	-0.00529968846728	-0.0104633457062	0.0117289514117	-116.862230788
5274.00000000	-0.00529973891841	-0.0104632741795	0.0117289103994	-116.862608528
5274.00000000	-0.00529979997053	-0.0104632323637	0.0117289006827	-116.862966886
5274.00000000	-0.00529985734387	-0.0104632111163	0.0117289076529	-116.863263811
5274.00000000	-0.00529989918493	-0.0104632021183	0.0117289185324	-116.863466010
5274.00000000	-0.00529992456234	-0.0104631926915	0.0117289215901	-116.863597409
5274.00000000	-0.00529993361194	-0.0104631769856	0.0117289116683	-116.863671514
5274.00000000	-0.00529993232451	-0.0104631839527	0.0117289173018	-116.863650525
5274.00000000	-0.00529993519126	-0.0104632445094	0.0117289726189	-116.863529346
5274.00000000	-0.00529994765395	-0.0104633447027	0.0117290676314	-116.863362495
5274.00000000	-0.00529995845473	-0.0104634502647	0.0117291666824	-116.863176554
5274.00000000	-0.00529995692178	-0.0104635378946	0.0117292441634	-116.862976450
5274.00000000	-0.00529994599230	-0.0104635884619	0.0117292843354	-116.862817207
5274.00000000	-0.00529993546684	-0.0104635971114	0.0117292872956	-116.862752249
5274.00000000	-0.00529993187706	-0.0104635813148	0.0117292715815	-116.862771472
5274.00000000	-0.00529994026319	-0.0104635705531	0.0117292657704	-116.862831770
5274.00000000	-0.00529995623647	-0.0104635730438	0.0117292752100	-116.862895880
5274.00000000	-0.00529997000655	-0.0104635727844	0.0117292812007	-116.862956459
5274.00000000	-0.00529997505421	-0.0104635646372	0.0117292762135	-116.862996438
5274.00000000	-0.00529997437919	-0.0104635558487	0.0117292680684	-116.863012895
5274.00000000	-0.00529997766839	-0.0104635460280	0.0117292607937	-116.863048906
5274.00000000	-0.00529998184502	-0.0104635093959	0.0117292300018	-116.863147963
5274.00000000	-0.00529997578139	-0.0104634246315	0.0117291516446	-116.863308640
5274.00000000	-0.00529995149171	-0.0104633131206	0.0117290411916	-116.863448932
5274.00000000	-0.00529991793980	-0.0104632195677	0.0117289425734	-116.863509223
5274.00000000	-0.00529989713906	-0.0104631707948	0.0117288896647	-116.863526237
5274.00000000	-0.00529990185565	-0.0104631673952	0.0117288887632	-116.863554295
5274.00000000	-0.00529992839661	-0.0104632026422	0.0117289321995	-116.863592153
5274.00000000	-0.00529996208105	-0.0104632612731	0.0117289997242	-116.863609524
5274.00000000	-0.00529999040266	-0.0104633199334	0.0117290648518	-116.863603459
5274.00000000	-0.00530000410797	-0.0104633539460	0.0117291013869	-116.863588106
5274.00000000	-0.00529999816993	-0.0104633423218	0.0117290883339	-116.863587888
5274.00000000	-0.00529997676711	-0.0104632963694	0.0117290376692	-116.863596052
5274.00000000	-0.00529995944514	-0.0104632659901	0.0117290027410	-116.863587625
5274.00000000	-0.00529996568333	-0.0104632920843	0.0117290288381	-116.863557210
5274.00000000	-0.00529999685891	-0.0104633636612	0.0117291067780	-116.863535072
5274.00000000	-0.00530003754923	-0.0104634316382	0.0117291858060	-116.863562343
5274.00000000	-0.00530006658097	-0.0104634478105	0.0117292133516	-116.863653158
5274.00000000	-0.00530008023938	-0.0104634049363	0.0117291812760	-116.863807315
5274.00000000	-0.00530009213675	-0.0104633443690	0.0117291326210	-116.863992854
5274.00000000	-0.00530010975980	-0.0104633120079	0.0117291117158	-116.864141084
5274.00000000	-0.00530013101055	-0.0104633295264	0.0117291369463	-116.864195019
5274.00000000	-0.00530014992418	-0.0104633843467	0.0117291943971	-116.864156430
5274.00000000	-0.00530015893477	-0.0104634351899	0.0117292438250	-116.864083467
5274.00000000	-0.00530016283053	-0.0104634563979	0.0117292645047	-116.864053630
5274.00000000	-0.00530016155251	-0.0104634470162	0.0117292555579	-116.864068769
5274.00000000	-0.00530014345996	-0.0104634108123	0.0117292150855	-116.864069842
5274.00000000	-0.00530011353869	-0.0104633573515	0.0117291538735	-116.864057461
5274.00000000	-0.00530009143626	-0.0104633063425	0.0117290983818	-116.864073740
5274.00000000	-0.00530007978758	-0.0104632733766	0.0117290637098	-116.864095746
5274.00000000	-0.00530007120637	-0.0104632644340	0.0117290518546	-116.864078091
5274.00000000	-0.00530006947504	-0.0104632828324	0.0117290674852	-116.864029934
5274.00000000	-0.00530008620036	-0.0104633315765	0.0117291185266	-116.863995222
5274.00000000	-0.00530011655617	-0.0104633949228	0.0117291887537	-116.863987677
5274.00000000	-0.00530013565304	-0.0104634383958	0.0117292361645	-116.863974935
5274.00000000	-0.00530013908840	-0.0104634531580	0.0117292508860	-116.863957320
5274.00000000	-0.00530014600550	-0.0104634522152	0.0117292531705	-116.863989544
5274.00000000	-0.00530017464322	-0.0104634426617	0.0117292575888	-116.864135426
5274.00000000	-0.00530022761808	-0.0104634258348	0.0117292665160	-116.864403417
5274.00000000	-0.00530029399945	-0.0104634057925	0.0117292786333	-116.864736926
5274.00000000	-0.00530034712791	-0.0104633852854	0.0117292843476	-116.865013709
5274.00000000	-0.00530035743995	-0.0104633627175	0.0117292688753	-116.865108462
5274.00000000	-0.00530033225527	-0.0104633433946	0.0117292402571	-116.865041369
5274.00000000	-0.00530030330367	-0.0104633327770	0.0117292177025	-116.864938645
5274.00000000	-0.00530028020663	-0.0104633340765	0.0117292084245	-116.864835128
5274.00000000	-0.00530024325755	-0.0104633501798	0.0117292060931	-116.864638568
5274.00000000	-0.00530017655673	-0.0104633786774	0.0117292013744	-116.864285001
5274.00000000	-0.00530008541540	-0.0104634019657	0.0117291809648	-116.863836428
5274.00000000	-0.00529998919812	-0.0104634028121	0.0117291382424	-116.863415269
5274.00000000	-0.00529990451721	-0.0104633668774	0.0117290679213	-116.863125568
5274.00000000	-0.00529983360886	-0.0104632779125	0.0117289565161	-116.863012936
5274.00000000	-0.00529977526957	-0.0104631456727	0.0117288121852	-116.863050599
5274.00000000	-0.00529972792078	-0.0104630057299	0.0117286659488	-116.863153162
5274.00000000	-0.00529969362959	-0.0104629006220	0.0117285566885	-116.863235738
5274.00000000	-0.00529966610636	-0.0104628529454	0.0117285017200	-116.863221034
5274.00000000	-0.00529964587564	-0.0104628645362	0.0117285029185	-116.863107283
5274.00000000	-0.00529965565426	-0.0104629257495	0.0117285619448	-116.863014775
5274.00000000	-0.00529971613018	-0.0104630066651	0.0117286614554	-116.863099715
5274.00000000	-0.00529982143628	-0.0104630784943	0.0117287731172	-116.863400076
5274.00000000	-0.00529995871283	-0.0104631453648	0.0117288948022	-116.863850699
5274.00000000	-0.00530011466723	-0.0104632233027	0.0117290348012	-116.864358277
5274.00000000	-0.00530026347476	-0.0104633127693	0.0117291818559	-116.864809249
5274.00000000	-0.00530037183636	-0.0104633960720	0.0117293051355	-116.865097569
5274.00000000	-0.00530043417490	-0.0104634633413	0.0117293933150	-116.865220725
5274.00000000	-0.00530047574124	-0.0104635128918	0.0117294563011	-116.865292475
5274.00000000	-0.00530051841696	-0.0104635455556	0.0117295047246	-116.865406335
5274.00000000	-0.00530055773923	-0.0104635502282	0.0117295266625	-116.865567369
5274.00000000	-0.00530058414777	-0.0104635135530	0.0117295058797	-116.865763403
5274.00000000	-0.00530060999373	-0.0104634499909	0.0117294608579	-116.866016337
5274.00000000	-0.00530065742286	-0.0104633886222	0.0117294275467	-116.866358482
5274.00000000	-0.00530073670597	-0.0104633279753	0.0117294092752	-116.866837839
5274.00000000	-0.00530084334404	-0.0104632462936	0.0117293846028	-116.867482833
5274.00000000	-0.00530098104193	-0.0104631345145	0.0117293471206	-116.868329618
5274.00000000	-0.00530115840258	-0.0104629988541	0.0117293062638	-116.869401961
5274.00000000	-0.00530136920306	-0.0104628563960	0.0117292744614	-116.870635032
5274.00000000	-0.00530159656073	-0.0104627115852	0.0117292480496	-116.871945450
5274.00000000	-0.00530182806209	-0.0104625589247	0.0117292165149	-116.873291262
5274.00000000	-0.00530205823420	-0.0104624019698	0.0117291805552	-116.874640772
