DevNumber	X [V]	Y [V]	R [V]	Theta [°]
4253.00000000	-0.000225490059447	0.0125057711448	0.0125078038717	91.0329813924
4253.00000000	-0.000225469700037	0.0125056609136	0.0125076932914	91.0328972475
4253.00000000	-0.000225459487644	0.0125055991244	0.0125076313282	91.0328555759
4253.00000000	-0.000225452871123	0.0125055972716	0.0125076293564	91.0328254244
4253.00000000	-0.000225435183240	0.0125056522142	0.0125076839712	91.0327398754
4253.00000000	-0.000225399820272	0.0125057405482	0.0125077716536	91.0325706174
4253.00000000	-0.000225353401527	0.0125058299031	0.0125078601576	91.0323506416
4253.00000000	-0.000225300997735	0.0125059118417	0.0125079411388	91.0321038693
4253.00000000	-0.000225243103684	0.0125060030382	0.0125080312778	91.0318311912
4253.00000000	-0.000225186732944	0.0125061031356	0.0125081303440	91.0315647597
4253.00000000	-0.000225147660729	0.0125061673511	0.0125081938458	91.0313805166
4253.00000000	-0.000225132707904	0.0125061544658	0.0125081806934	91.0313130962
4253.00000000	-0.000225131065099	0.0125060874393	0.0125081136481	91.0313110984
4253.00000000	-0.000225135120319	0.0125060353360	0.0125080616263	91.0313339670
4253.00000000	-0.000225153751169	0.0125060390199	0.0125080656450	91.0314189919
4253.00000000	-0.000225191819946	0.0125060774899	0.0125081047941	91.0315901729
4253.00000000	-0.000225245734958	0.0125061119782	0.0125081402476	91.0318342560
4253.00000000	-0.000225315424678	0.0125061109878	0.0125081405125	91.0321535122
4253.00000000	-0.000225392940059	0.0125060570256	0.0125080879556	91.0325129818
4253.00000000	-0.000225456560894	0.0125059571689	0.0125079892617	91.0328126072
4253.00000000	-0.000225499901397	0.0125058276282	0.0125078605233	91.0330218044
4253.00000000	-0.000225532965325	0.0125056754102	0.0125077089263	91.0331858113
4253.00000000	-0.000225557910634	0.0125055052311	0.0125075392247	91.0333141216
4253.00000000	-0.000225569885831	0.0125053405341	0.0125073747704	91.0333825765
4253.00000000	-0.000225565658032	0.0125052127458	0.0125072469266	91.0333737697
4253.00000000	-0.000225545514423	0.0125051368690	0.0125071706989	91.0332877750
4253.00000000	-0.000225513126928	0.0125051272677	0.0125071605151	91.0331402239
4253.00000000	-0.000225475230640	0.0125052032702	0.0125072358221	91.0329603711
4253.00000000	-0.000225438071528	0.0125053569335	0.0125073887906	91.0327774845
4253.00000000	-0.000225397665251	0.0125055381969	0.0125075692963	91.0325774514
4253.00000000	-0.000225348401059	0.0125056887094	0.0125077188967	91.0323393921
4253.00000000	-0.000225299315419	0.0125057864742	0.0125078157613	91.0321065086
4253.00000000	-0.000225270394149	0.0125058195428	0.0125078483036	91.0319713193
4253.00000000	-0.000225279033348	0.0125057853729	0.0125078142949	91.0320137064
4253.00000000	-0.000225321199390	0.0125057172824	0.0125077469750	91.0322124481
4253.00000000	-0.000225374495960	0.0125056701026	0.0125077007630	91.0324604449
4253.00000000	-0.000225414735921	0.0125056811576	0.0125077125414	91.0326438352
4253.00000000	-0.000225432286699	0.0125057470457	0.0125077787351	91.0327187795
4253.00000000	-0.000225430060329	0.0125058239933	0.0125078556301	91.0327022297
4253.00000000	-0.000225407750693	0.0125058649949	0.0125078962230	91.0325966660
4253.00000000	-0.000225367337556	0.0125058618920	0.0125078923924	91.0324118289
4253.00000000	-0.000225319875662	0.0125058386056	0.0125078682547	91.0321963737
4253.00000000	-0.000225274556464	0.0125058196004	0.0125078484363	91.0319903782
4253.00000000	-0.000225234677932	0.0125058117472	0.0125078398661	91.0318083805
4253.00000000	-0.000225204231070	0.0125058058462	0.0125078334178	91.0316694192
4253.00000000	-0.000225180598015	0.0125058108784	0.0125078380237	91.0315607636
4253.00000000	-0.000225155646100	0.0125058498702	0.0125078765601	91.0314432674
4253.00000000	-0.000225128314657	0.0125059236331	0.0125079498190	91.0313120069
4253.00000000	-0.000225101019214	0.0125060170017	0.0125080426812	91.0311792965
4253.00000000	-0.000225077191806	0.0125061187433	0.0125081439775	91.0310617813
4253.00000000	-0.000225067740806	0.0125062163536	0.0125082414021	91.0310104510
4253.00000000	-0.000225082919513	0.0125062767916	0.0125083021034	91.0310749862
4253.00000000	-0.000225126048505	0.0125062714449	0.0125082975337	91.0312729525
4253.00000000	-0.000225191798190	0.0125062064223	0.0125082337052	91.0315794404
4253.00000000	-0.000225265002713	0.0125061047599	0.0125081333774	91.0319230966
4253.00000000	-0.000225327195441	0.0125059902867	0.0125080200430	91.0322173817
4253.00000000	-0.000225360013632	0.0125058725258	0.0125079028925	91.0323774075
4253.00000000	-0.000225360659731	0.0125057479553	0.0125077783538	91.0323906480
4253.00000000	-0.000225342743994	0.0125056218806	0.0125076519768	91.0323189976
4253.00000000	-0.000225314287774	0.0125055131469	0.0125075427481	91.0321976377
4253.00000000	-0.000225279968932	0.0125054443500	0.0125074733442	91.0320461284
4253.00000000	-0.000225250974702	0.0125054255477	0.0125074540227	91.0319148808
4253.00000000	-0.000225229785030	0.0125054401131	0.0125074682042	91.0318166266
4253.00000000	-0.000225210028027	0.0125054666397	0.0125074943707	91.0317239479
4253.00000000	-0.000225185243352	0.0125055035039	0.0125075307827	91.0316073894
4253.00000000	-0.000225159817410	0.0125055535903	0.0125075804032	91.0314868042
4253.00000000	-0.000225147394267	0.0125056015022	0.0125076280837	91.0314259536
4253.00000000	-0.000225159070442	0.0125056326010	0.0125076593877	91.0314768674
4253.00000000	-0.000225197440015	0.0125056600841	0.0125076875571	91.0316503377
4253.00000000	-0.000225254213705	0.0125057031735	0.0125077316619	91.0319068122
4253.00000000	-0.000225312321892	0.0125057685506	0.0125077980749	91.0321675579
4253.00000000	-0.000225353212170	0.0125058478203	0.0125078780684	91.0323482956
4253.00000000	-0.000225365905014	0.0125059280683	0.0125079585321	91.0323998059
4253.00000000	-0.000225354149961	0.0125059886194	0.0125080188615	91.0323409705
4253.00000000	-0.000225334216143	0.0125060173726	0.0125080472510	91.0322473012
4253.00000000	-0.000225323113724	0.0125060271984	0.0125080568752	91.0321956416
4253.00000000	-0.000225327261142	0.0125060249145	0.0125080546664	91.0322148251
4253.00000000	-0.000225333468976	0.0125060039995	0.0125080338666	91.0322449828
4253.00000000	-0.000225325270555	0.0125059718095	0.0125080015341	91.0322100905
4253.00000000	-0.000225294264816	0.0125059450868	0.0125079742572	91.0320702895
4253.00000000	-0.000225245990053	0.0125059425565	0.0125079708579	91.0318493999
4253.00000000	-0.000225196781735	0.0125059806945	0.0125080081037	91.0316208805
4253.00000000	-0.000225163420051	0.0125060632463	0.0125080900414	91.0314612773
4253.00000000	-0.000225161351599	0.0125061736969	0.0125082004370	91.0314426964
4253.00000000	-0.000225195727491	0.0125062699763	0.0125082973196	91.0315921950
4253.00000000	-0.000225256008510	0.0125063027949	0.0125083312184	91.0318655676
4253.00000000	-0.000225327229740	0.0125062531991	0.0125082829134	91.0321958437
4253.00000000	-0.000225398052653	0.0125061501941	0.0125081812011	91.0325287068
4253.00000000	-0.000225458467789	0.0125060448393	0.0125080769522	91.0328141020
4253.00000000	-0.000225501940346	0.0125059676900	0.0125080005992	91.0330195758
4253.00000000	-0.000225526727374	0.0125059135283	0.0125079468931	91.0331375735
4253.00000000	-0.000225536135441	0.0125058642657	0.0125078978082	91.0331847314
4253.00000000	-0.000225535817831	0.0125058092080	0.0125078427537	91.0331878244
4253.00000000	-0.000225528044206	0.0125057507118	0.0125077841268	91.0331570525
4253.00000000	-0.000225514212466	0.0125057098442	0.0125077430165	91.0330970775
4253.00000000	-0.000225502764110	0.0125056865421	0.0125077195118	91.0330465676
4253.00000000	-0.000225500068836	0.0125056669966	0.0125076999209	91.0330358372
4253.00000000	-0.000225499916438	0.0125056509897	0.0125076839138	91.0330364612
4253.00000000	-0.000225490345728	0.0125056428989	0.0125076756518	91.0329932946
4253.00000000	-0.000225471257321	0.0125056377136	0.0125076701233	91.0329062958
5260.00000000	0.00842294071039	-0.0127995740059	0.0153223700824	-56.6525189367
5260.00000000	0.00842297955082	-0.0127996580587	0.0153224616473	-56.6525703887
5260.00000000	0.00842303946781	-0.0127997163648	0.0153225432907	-56.6525030808
5260.00000000	0.00842312304560	-0.0127997539985	0.0153226206721	-56.6523193727
5260.00000000	0.00842320965261	-0.0127997909885	0.0153226991813	-56.6521248816
5260.00000000	0.00842327011358	-0.0127998370494	0.0153227708949	-56.6520307071
5260.00000000	0.00842328039945	-0.0127998793127	0.0153228118538	-56.6520854526
5260.00000000	0.00842324443220	-0.0127999106990	0.0153228183004	-56.6522623148
5260.00000000	0.00842319788722	-0.0127999385269	0.0153228159598	-56.6524649028
5260.00000000	0.00842317413170	-0.0127999620246	0.0153228225299	-56.6525874054
5260.00000000	0.00842316476972	-0.0127999474631	0.0153228052196	-56.6525867170
5260.00000000	0.00842313676326	-0.0127998617064	0.0153227181869	-56.6524979227
5260.00000000	0.00842308017429	-0.0127997319302	0.0153225786703	-56.6524079240
5260.00000000	0.00842300925196	-0.0127996337338	0.0153224576547	-56.6524276110
5260.00000000	0.00842293987969	-0.0127996002464	0.0153223915459	-56.6525754709
5260.00000000	0.00842289299315	-0.0127995929584	0.0153223596836	-56.6527069485
5260.00000000	0.00842288534178	-0.0127995635363	0.0153223308997	-56.6526703697
5260.00000000	0.00842290632176	-0.0127994917940	0.0153222825026	-56.6524573623
5260.00000000	0.00842292805854	-0.0127994000703	0.0153222178303	-56.6522009152
5260.00000000	0.00842294062819	-0.0127993311878	0.0153221671992	-56.6520200547
5260.00000000	0.00842295467385	-0.0127992849742	0.0153221363161	-56.6518811817
5260.00000000	0.00842297586527	-0.0127992381678	0.0153221088660	-56.6517187682
5260.00000000	0.00842299163504	-0.0127991842519	0.0153220724968	-56.6515586752
5260.00000000	0.00842299287867	-0.0127991339564	0.0153220311665	-56.6514513990
5260.00000000	0.00842298456156	-0.0127991025752	0.0153220003803	-56.6514128693
5260.00000000	0.00842297797845	-0.0127990968754	0.0153219920001	-56.6514217161
5260.00000000	0.00842298706863	-0.0127991183318	0.0153220149207	-56.6514374288
5260.00000000	0.00842302183294	-0.0127991795202	0.0153220851449	-56.6514546191
5260.00000000	0.00842307995777	-0.0127992878691	0.0153222076063	-56.6514957846
5260.00000000	0.00842313927043	-0.0127994207588	0.0153223512207	-56.6515836862
5260.00000000	0.00842317226317	-0.0127995527740	0.0153224796358	-56.6517520020
5260.00000000	0.00842316730746	-0.0127996621291	0.0153225682608	-56.6519922715
5260.00000000	0.00842313706822	-0.0127997298631	0.0153226082192	-56.6522259596
5260.00000000	0.00842310193585	-0.0127997559594	0.0153226107058	-56.6523893423
5260.00000000	0.00842308183768	-0.0127997687089	0.0153226103078	-56.6524783288
5260.00000000	0.00842308843723	-0.0127997898637	0.0153226316074	-56.6525011990
5260.00000000	0.00842311968136	-0.0127998273216	0.0153226800733	-56.6524806007
5260.00000000	0.00842316151419	-0.0127998797376	0.0153227468553	-56.6524576744
5260.00000000	0.00842319522872	-0.0127999342972	0.0153228109652	-56.6524645128
5260.00000000	0.00842321281774	-0.0127999699132	0.0153228503860	-56.6524827815
5260.00000000	0.00842322106426	-0.0127999665808	0.0153228521355	-56.6524501730
5260.00000000	0.00842322542674	-0.0127999187275	0.0153228145594	-56.6523381828
5260.00000000	0.00842322420786	-0.0127998449019	0.0153227522191	-56.6521902386
5260.00000000	0.00842321605172	-0.0127997794659	0.0153226930736	-56.6520812078
5260.00000000	0.00842320791346	-0.0127997360942	0.0153226523694	-56.6520174751
5260.00000000	0.00842321632674	-0.0127997090516	0.0153226344045	-56.6519356074
5260.00000000	0.00842325138502	-0.0127996939452	0.0153226410578	-56.6517950469
5260.00000000	0.00842330447853	-0.0127996905949	0.0153226674461	-56.6516223177
5260.00000000	0.00842335740525	-0.0127997003182	0.0153227046637	-56.6514769840
5260.00000000	0.00842339091721	-0.0127997204295	0.0153227398861	-56.6514136478
5260.00000000	0.00842339661606	-0.0127997426537	0.0153227615837	-56.6514415308
5260.00000000	0.00842338646153	-0.0127997516966	0.0153227635554	-56.6514918377
5260.00000000	0.00842337572818	-0.0127997266790	0.0153227367567	-56.6514739380
5260.00000000	0.00842336040441	-0.0127996628626	0.0153226750243	-56.6513906224
5260.00000000	0.00842332838804	-0.0127995833052	0.0153225909663	-56.6513270892
5260.00000000	0.00842328759052	-0.0127995219216	0.0153225172623	-56.6513283428
5260.00000000	0.00842324276001	-0.0127994975079	0.0153224722238	-56.6514181905
5260.00000000	0.00842319135342	-0.0127995072254	0.0153224520815	-56.6515987409
5260.00000000	0.00842315247226	-0.0127995341674	0.0153224532133	-56.6517755737
5260.00000000	0.00842314967816	-0.0127995742619	0.0153224851701	-56.6518667199
5260.00000000	0.00842318024380	-0.0127996322714	0.0153225504307	-56.6518904883
5260.00000000	0.00842322335618	-0.0127996978521	0.0153226289133	-56.6518906288
5260.00000000	0.00842325194136	-0.0127997424449	0.0153226818776	-56.6518930040
5260.00000000	0.00842324284299	-0.0127997477637	0.0153226813191	-56.6519323569
5260.00000000	0.00842320433920	-0.0127997351602	0.0153226496244	-56.6520267198
5260.00000000	0.00842316713502	-0.0127997392355	0.0153226325767	-56.6521513081
5260.00000000	0.00842314924729	-0.0127997664126	0.0153226454458	-56.6522630466
5260.00000000	0.00842315111819	-0.0127997978205	0.0153226727109	-56.6523217633
5260.00000000	0.00842316228090	-0.0127998216419	0.0153226987464	-56.6523358614
5260.00000000	0.00842317637931	-0.0127998445130	0.0153227256020	-56.6523388362
5260.00000000	0.00842319469841	-0.0127998810358	0.0153227661817	-56.6523566888
5260.00000000	0.00842320609686	-0.0127999359149	0.0153228182909	-56.6524338904
5260.00000000	0.00842319812919	-0.0127999976133	0.0153228654508	-56.6525856003
5260.00000000	0.00842316763662	-0.0128000396690	0.0153228838200	-56.6527672918
5260.00000000	0.00842310887109	-0.0128000417397	0.0153228532458	-56.6529551076
5260.00000000	0.00842302889662	-0.0128000084846	0.0153227815034	-56.6531365607
5260.00000000	0.00842295450482	-0.0127999594667	0.0153226996622	-56.6532681768
5260.00000000	0.00842290608674	-0.0127999125685	0.0153226338698	-56.6533230187
5260.00000000	0.00842288630127	-0.0127998802756	0.0153225960174	-56.6533184435
5260.00000000	0.00842288699488	-0.0127998777535	0.0153225942919	-56.6533110927
5260.00000000	0.00842290000355	-0.0127999018441	0.0153226215671	-56.6533199763
5260.00000000	0.00842292062158	-0.0127999326289	0.0153226586173	-56.6533188510
5260.00000000	0.00842293492889	-0.0127999395522	0.0153226722655	-56.6532883909
5260.00000000	0.00842292012502	-0.0127998880888	0.0153226211373	-56.6532288499
5260.00000000	0.00842286628497	-0.0127997759081	0.0153224978301	-56.6531664386
5260.00000000	0.00842279028296	-0.0127996390434	0.0153223417202	-56.6531225145
5260.00000000	0.00842271951509	-0.0127995177161	0.0153222014670	-56.6530941778
5260.00000000	0.00842267663021	-0.0127994367974	0.0153221102968	-56.6530618043
5260.00000000	0.00842267193761	-0.0127994098706	0.0153220852238	-56.6530211124
5260.00000000	0.00842268618699	-0.0127994274133	0.0153221077112	-56.6530126615
5260.00000000	0.00842269481299	-0.0127994672801	0.0153221457560	-56.6530676656
5260.00000000	0.00842269253078	-0.0127995107815	0.0153221808406	-56.6531642150
5260.00000000	0.00842268607021	-0.0127995432527	0.0153222044143	-56.6532511428
5260.00000000	0.00842267907456	-0.0127995528612	0.0153222085954	-56.6532927464
5260.00000000	0.00842266287012	-0.0127995322343	0.0153221824569	-56.6533009650
5260.00000000	0.00842263142394	-0.0127994824327	0.0153221235685	-56.6532968244
5260.00000000	0.00842260304463	-0.0127994273768	0.0153220619768	-56.6532723030
5260.00000000	0.00842260181696	-0.0127994112503	0.0153220478305	-56.6532429886
5260.00000000	0.00842263419067	-0.0127994555230	0.0153221026101	-56.6532328670
5260.00000000	0.00842267879389	-0.0127995323232	0.0153221912844	-56.6532514058
5270.00000000	-0.00352055004658	-0.0275973353529	0.0278209847275	-97.2698691097
5270.00000000	-0.00352054161632	-0.0275974409873	0.0278210884460	-97.2698243585
5270.00000000	-0.00352053512967	-0.0275974859297	0.0278211322063	-97.2697993949
5270.00000000	-0.00352054857132	-0.0275975126937	0.0278211604560	-97.2698198797
5270.00000000	-0.00352059660135	-0.0275975612778	0.0278212147275	-97.2699053377
5270.00000000	-0.00352067020265	-0.0275976259712	0.0278212882146	-97.2700388358
5270.00000000	-0.00352073819148	-0.0275976594162	0.0278213299946	-97.2701690115
5270.00000000	-0.00352078839839	-0.0275976538705	0.0278213308471	-97.2702730226
5270.00000000	-0.00352083163463	-0.0275976667259	0.0278213490707	-97.2703579979
5270.00000000	-0.00352087744150	-0.0275977268759	0.0278214145340	-97.2704358983
5270.00000000	-0.00352090986742	-0.0275977674028	0.0278214588387	-97.2704915774
5270.00000000	-0.00352090990337	-0.0275977050220	0.0278213969640	-97.2705079089
5270.00000000	-0.00352087373176	-0.0275975418022	0.0278212304789	-97.2704765548
5270.00000000	-0.00352081900668	-0.0275973584380	0.0278210416633	-97.2704125480
5270.00000000	-0.00352076295896	-0.0275972142475	0.0278208915392	-97.2703356287
5270.00000000	-0.00352070819183	-0.0275971044732	0.0278207757167	-97.2702523549
5270.00000000	-0.00352064672661	-0.0275970020424	0.0278206663310	-97.2701534830
5270.00000000	-0.00352057053139	-0.0275968819764	0.0278205375880	-97.2700291141
5270.00000000	-0.00352049905706	-0.0275967547216	0.0278204023115	-97.2699162620
5270.00000000	-0.00352046732753	-0.0275966633512	0.0278203076605	-97.2698752532
5270.00000000	-0.00352047804354	-0.0275966271213	0.0278202730778	-97.2699065874
5270.00000000	-0.00352049900210	-0.0275966092735	0.0278202580258	-97.2699540559
5270.00000000	-0.00352049269170	-0.0275965647568	0.0278202130683	-97.2699527660
5270.00000000	-0.00352044401584	-0.0275965030670	0.0278201457149	-97.2698694012
5270.00000000	-0.00352036508067	-0.0275964603828	0.0278200933852	-97.2697192644
5270.00000000	-0.00352027831491	-0.0275964477169	0.0278200698418	-97.2695453066
5270.00000000	-0.00352020668889	-0.0275964635467	0.0278200764811	-97.2693948524
5270.00000000	-0.00352017879985	-0.0275965285216	0.0278201374048	-97.2693209440
5270.00000000	-0.00352020404026	-0.0275966474672	0.0278202585882	-97.2693415121
5270.00000000	-0.00352026223242	-0.0275967812204	0.0278203986296	-97.2694255394
5270.00000000	-0.00352032507086	-0.0275968805587	0.0278205051208	-97.2695280264
5270.00000000	-0.00352037512520	-0.0275969311031	0.0278205615927	-97.2696171117
5270.00000000	-0.00352040736038	-0.0275969502843	0.0278205846986	-97.2696779669
5270.00000000	-0.00352043282391	-0.0275969779346	0.0278206153489	-97.2697227810
5270.00000000	-0.00352047206982	-0.0275970605222	0.0278207022388	-97.2697814340
5270.00000000	-0.00352053582589	-0.0275972069960	0.0278208556029	-97.2698735093
5270.00000000	-0.00352061958012	-0.0275973848140	0.0278210425901	-97.2699982688
5270.00000000	-0.00352071153047	-0.0275975525818	0.0278212206452	-97.2701423894
5270.00000000	-0.00352079627742	-0.0275976710365	0.0278213488721	-97.2702846446
5270.00000000	-0.00352085918506	-0.0275977071897	0.0278213926957	-97.2704037337
5270.00000000	-0.00352089468996	-0.0275976746198	0.0278213648809	-97.2704847537
5270.00000000	-0.00352090911430	-0.0275976136989	0.0278213062753	-97.2705300983
5270.00000000	-0.00352090413852	-0.0275975444502	0.0278212369537	-97.2705379817
5270.00000000	-0.00352088085480	-0.0275974711881	0.0278211613340	-97.2705095103
5270.00000000	-0.00352084520550	-0.0275974044207	0.0278210905919	-97.2704540847
5270.00000000	-0.00352080806433	-0.0275973656791	0.0278210474615	-97.2703883069
5270.00000000	-0.00352078808535	-0.0275973769738	0.0278210561370	-97.2703445485
5270.00000000	-0.00352079418670	-0.0275974461836	0.0278211255624	-97.2703389751
5270.00000000	-0.00352081828448	-0.0275975597564	0.0278212412717	-97.2703586040
5270.00000000	-0.00352085124257	-0.0275976926364	0.0278213772543	-97.2703913013
5270.00000000	-0.00352089590961	-0.0275978318632	0.0278215210144	-97.2704462637
5270.00000000	-0.00352094151430	-0.0275979448458	0.0278216388600	-97.2705099809
5270.00000000	-0.00352096346118	-0.0275979786799	0.0278216751996	-97.2705459967
5270.00000000	-0.00352095836181	-0.0275979168622	0.0278216132336	-97.2705516909
5270.00000000	-0.00352094476578	-0.0275978025115	0.0278214980816	-97.2705537192
5270.00000000	-0.00352093345889	-0.0275976949255	0.0278213899297	-97.2705586609
5270.00000000	-0.00352092330831	-0.0275976215247	0.0278213158345	-97.2705570551
5270.00000000	-0.00352090566692	-0.0275975739450	0.0278212664048	-97.2705334168
5270.00000000	-0.00352087324563	-0.0275975179251	0.0278212067323	-97.2704817848
5270.00000000	-0.00352083581290	-0.0275974459132	0.0278211305621	-97.2704240827
5270.00000000	-0.00352080443876	-0.0275973775769	0.0278210588047	-97.2703777994
5270.00000000	-0.00352078005299	-0.0275973071706	0.0278209858785	-97.2703463318
5270.00000000	-0.00352076602457	-0.0275972241537	0.0278209017537	-97.2703393096
5270.00000000	-0.00352076688039	-0.0275971412011	0.0278208195764	-97.2703626776
5270.00000000	-0.00352077863938	-0.0275970810498	0.0278207613967	-97.2704023772
5270.00000000	-0.00352079124374	-0.0275970655237	0.0278207475906	-97.2704321732
5270.00000000	-0.00352079310776	-0.0275970811993	0.0278207633761	-97.2704318957
5270.00000000	-0.00352078337632	-0.0275970936331	0.0278207744784	-97.2704087747
5270.00000000	-0.00352077415816	-0.0275971023513	0.0278207819599	-97.2703876707
5270.00000000	-0.00352078166058	-0.0275971341657	0.0278208144679	-97.2703947056
5270.00000000	-0.00352081461755	-0.0275972131265	0.0278208969647	-97.2704414538
5270.00000000	-0.00352087426820	-0.0275973428826	0.0278210332266	-97.2705294950
5270.00000000	-0.00352094107176	-0.0275974834107	0.0278211810791	-97.2706293403
5270.00000000	-0.00352098374574	-0.0275975560557	0.0278212585407	-97.2706975838
5270.00000000	-0.00352098884517	-0.0275975208708	0.0278212242840	-97.2707171717
5270.00000000	-0.00352097263077	-0.0275974341411	0.0278211361996	-97.2707066527
5270.00000000	-0.00352095530823	-0.0275973651993	0.0278210656199	-97.2706892337
5270.00000000	-0.00352093602664	-0.0275973256366	0.0278210239351	-97.2706601551
5270.00000000	-0.00352090326070	-0.0275972885147	0.0278209829649	-97.2706028934
5270.00000000	-0.00352086438485	-0.0275972349828	0.0278209249435	-97.2705374266
5270.00000000	-0.00352083888724	-0.0275971694159	0.0278208566769	-97.2705024266
5270.00000000	-0.00352083159410	-0.0275971087123	0.0278207955384	-97.2705033488
5270.00000000	-0.00352083402272	-0.0275970746481	0.0278207620555	-97.2705171884
5270.00000000	-0.00352083228311	-0.0275970605743	0.0278207478747	-97.2705173027
5270.00000000	-0.00352082177409	-0.0275970371158	0.0278207232749	-97.2705019478
5270.00000000	-0.00352081191502	-0.0275969876481	0.0278206729572	-97.2704946996
5270.00000000	-0.00352080403944	-0.0275969092165	0.0278205941595	-97.2704990524
5270.00000000	-0.00352078701732	-0.0275968128310	0.0278204963948	-97.2704893990
5270.00000000	-0.00352076773433	-0.0275967441483	0.0278204258240	-97.2704679064
5270.00000000	-0.00352076364897	-0.0275967379637	0.0278204191720	-97.2704611722
5270.00000000	-0.00352077407540	-0.0275967867574	0.0278204688929	-97.2704697553
5270.00000000	-0.00352079022405	-0.0275968730271	0.0278205565126	-97.2704802609
5270.00000000	-0.00352079847231	-0.0275969686129	0.0278206523739	-97.2704721985
5270.00000000	-0.00352078603604	-0.0275970447019	0.0278207262772	-97.2704269612
5270.00000000	-0.00352075664968	-0.0275971053126	0.0278207826817	-97.2703511308
5270.00000000	-0.00352072580284	-0.0275971478986	0.0278208210216	-97.2702770148
5270.00000000	-0.00352070885046	-0.0275971656412	0.0278208364762	-97.2702377586
5270.00000000	-0.00352071377381	-0.0275971771676	0.0278208485330	-97.2702448125
5270.00000000	-0.00352073578033	-0.0275972084249	0.0278208823240	-97.2702816231
5270.00000000	-0.00352076371425	-0.0275972571720	0.0278209342141	-97.2703259844
5274.00000000	-0.00305433064985	0.00186475716288	0.00357858281937	148.594728050
5274.00000000	-0.00305431706150	0.00186476074575	0.00357857308869	148.594565722
5274.00000000	-0.00305432806710	0.00186477154730	0.00357858811056	148.594509937
5274.00000000	-0.00305436638582	0.00186478202248	0.00357862627418	148.594686485
5274.00000000	-0.00305442267245	0.00186478483027	0.00357867577816	148.595117705
5274.00000000	-0.00305447707851	0.00186477793584	0.00357871862168	148.595665804
5274.00000000	-0.00305451153407	0.00186476035913	0.00357873887127	148.596193428
5274.00000000	-0.00305452403632	0.00186473823185	0.00357873801245	148.596600091
5274.00000000	-0.00305452424601	0.00186472004195	0.00357872871343	148.596850404
5274.00000000	-0.00305451888204	0.00186471076946	0.00357871930367	148.596932366
5274.00000000	-0.00305450313144	0.00186471083333	0.00357870589346	148.596800098
5274.00000000	-0.00305447243234	0.00186471614085	0.00357868245670	148.596471470
5274.00000000	-0.00305443124811	0.00186472051534	0.00357864958465	148.596068114
5274.00000000	-0.00305438611218	0.00186471996254	0.00357861077249	148.595699116
5274.00000000	-0.00305434542246	0.00186471607662	0.00357857401853	148.595412753
5274.00000000	-0.00305431374994	0.00186470899238	0.00357854329433	148.595245320
5274.00000000	-0.00305429248241	0.00186469712746	0.00357851895975	148.595230025
5274.00000000	-0.00305429128886	0.00186468327963	0.00357851072522	148.595409306
5274.00000000	-0.00305431150790	0.00186467241761	0.00357852232246	148.595726428
5274.00000000	-0.00305433710279	0.00186466869960	0.00357854223068	148.595990772
5274.00000000	-0.00305435461750	0.00186467111544	0.00357855843856	148.596103879
5274.00000000	-0.00305436168633	0.00186467926710	0.00357856871948	148.596051456
5274.00000000	-0.00305435777462	0.00186469611328	0.00357857415883	148.595788611
5274.00000000	-0.00305434236447	0.00186471939759	0.00357857313899	148.595341858
5274.00000000	-0.00305431928217	0.00186473799347	0.00357856312809	148.594895165
5274.00000000	-0.00305429140731	0.00186474679471	0.00357854392304	148.594542331
5274.00000000	-0.00305425867460	0.00186475336043	0.00357851940704	148.594179512
5274.00000000	-0.00305422993278	0.00186476369917	0.00357850026352	148.593798426
5274.00000000	-0.00305421948181	0.00186477906957	0.00357849935327	148.593501186
5274.00000000	-0.00305422630576	0.00186479877189	0.00357851544448	148.593288883
5274.00000000	-0.00305423192452	0.00186481588395	0.00357852915732	148.593101923
5274.00000000	-0.00305422834578	0.00186481989143	0.00357852819126	148.593017301
5274.00000000	-0.00305422684667	0.00186480670773	0.00357852004159	148.593184951
5274.00000000	-0.00305423899140	0.00186478584088	0.00357851953312	148.593571432
5274.00000000	-0.00305427326981	0.00186476852146	0.00357853976439	148.594094103
5274.00000000	-0.00305432833512	0.00186475435329	0.00357857937971	148.594747132
5274.00000000	-0.00305439338228	0.00186474311115	0.00357862903978	148.595443438
5274.00000000	-0.00305445743128	0.00186474180452	0.00357868302550	148.595995629
5274.00000000	-0.00305451267536	0.00186475189151	0.00357873543320	148.596318658
5274.00000000	-0.00305454435536	0.00186476494390	0.00357876927377	148.596404581
5274.00000000	-0.00305454272457	0.00186477700821	0.00357877416814	148.596226121
5274.00000000	-0.00305452090266	0.00186478722938	0.00357876086874	148.595904408
5274.00000000	-0.00305449869908	0.00186479586466	0.00357874641733	148.595601179
5274.00000000	-0.00305448527610	0.00186480384760	0.00357873912040	148.595380114
5274.00000000	-0.00305448096690	0.00186481131056	0.00357873933126	148.595242185
5274.00000000	-0.00305448229297	0.00186481557220	0.00357874268374	148.595195014
5274.00000000	-0.00305448194601	0.00186481334993	0.00357874122962	148.595222486
5274.00000000	-0.00305447748504	0.00186480783909	0.00357873455055	148.595260574
5274.00000000	-0.00305447181366	0.00186480155385	0.00357872643488	148.595299146
5274.00000000	-0.00305447052025	0.00186479315718	0.00357872095561	148.595403095
5274.00000000	-0.00305448236070	0.00186478216359	0.00357872533306	148.595652099
5274.00000000	-0.00305450412526	0.00186476636776	0.00357873567864	148.596049514
5274.00000000	-0.00305452273301	0.00186474337252	0.00357873957865	148.596518972
5274.00000000	-0.00305453177541	0.00186471653138	0.00357873331074	148.596961187
5274.00000000	-0.00305453573946	0.00186469576596	0.00357872587428	148.597278015
5274.00000000	-0.00305454243195	0.00186468666669	0.00357872684533	148.597458187
5274.00000000	-0.00305455088861	0.00186468773053	0.00357873461764	148.597514195
5274.00000000	-0.00305455051618	0.00186469217389	0.00357873661496	148.597450369
5274.00000000	-0.00305453316496	0.00186469404716	0.00357872278129	148.597280026
5274.00000000	-0.00305450321129	0.00186469548719	0.00357869796543	148.597010471
5274.00000000	-0.00305447375834	0.00186470470635	0.00357867763039	148.596638785
5274.00000000	-0.00305445431625	0.00186472442599	0.00357867131139	148.596207121
5274.00000000	-0.00305444277888	0.00186474888991	0.00357867421147	148.595776569
5274.00000000	-0.00305443087331	0.00186477147937	0.00357867582076	148.595368561
5274.00000000	-0.00305441537136	0.00186479007119	0.00357867227760	148.594985177
5274.00000000	-0.00305440294666	0.00186480830862	0.00357867117635	148.594632308
5274.00000000	-0.00305440394531	0.00186482702087	0.00357868177950	148.594384940
5274.00000000	-0.00305442554466	0.00186484299251	0.00357870853725	148.594346892
5274.00000000	-0.00305446155174	0.00186485273808	0.00357874434764	148.594514120
5274.00000000	-0.00305449710327	0.00186485119257	0.00357877388561	148.594831831
5274.00000000	-0.00305452562125	0.00186484085223	0.00357879283768	148.595211037
5274.00000000	-0.00305454992093	0.00186483365385	0.00357880982674	148.595512116
5274.00000000	-0.00305457229060	0.00186483909609	0.00357883175531	148.595624364
5274.00000000	-0.00305458666023	0.00186486216774	0.00357885604202	148.595428980
5274.00000000	-0.00305458314601	0.00186489815870	0.00357887179684	148.594907875
5274.00000000	-0.00305456289497	0.00186493247491	0.00357887239439	148.594270034
5274.00000000	-0.00305453584716	0.00186495601200	0.00357886157434	148.593722776
5274.00000000	-0.00305450903346	0.00186496789468	0.00357884488120	148.593336713
5274.00000000	-0.00305448417130	0.00186496564160	0.00357882248750	148.593160080
5274.00000000	-0.00305446313135	0.00186495307240	0.00357879798019	148.593156293
5274.00000000	-0.00305445606316	0.00186493910420	0.00357878466859	148.593288189
5274.00000000	-0.00305447390223	0.00186492584111	0.00357879298259	148.593618247
5274.00000000	-0.00305451357813	0.00186490938443	0.00357881827020	148.594174119
5274.00000000	-0.00305455440023	0.00186488200313	0.00357883884376	148.594888821
5274.00000000	-0.00305457566573	0.00186484036979	0.00357883529972	148.595635116
5274.00000000	-0.00305457776755	0.00186479012700	0.00357881091367	148.596339191
5274.00000000	-0.00305457397178	0.00186474138488	0.00357878227636	148.596973572
5274.00000000	-0.00305457233682	0.00186469906589	0.00357875883055	148.597538217
5274.00000000	-0.00305456980685	0.00186466675741	0.00357873983703	148.597958608
5274.00000000	-0.00305456291020	0.00186465149728	0.00357872599938	148.598109609
5274.00000000	-0.00305455577225	0.00186465289318	0.00357872063422	148.598030990
5274.00000000	-0.00305455420568	0.00186466417593	0.00357872517587	148.597863741
5274.00000000	-0.00305455910987	0.00186468288460	0.00357873910977	148.597648996
5274.00000000	-0.00305456814975	0.00186470369353	0.00357875766798	148.597440052
5274.00000000	-0.00305457537153	0.00186471434551	0.00357876938216	148.597354738
5274.00000000	-0.00305457324652	0.00186471257438	0.00357876664556	148.597361213
5274.00000000	-0.00305455992511	0.00186471208652	0.00357875502119	148.597256753
5274.00000000	-0.00305453610303	0.00186471926686	0.00357873842980	148.596959909
5274.00000000	-0.00305450067865	0.00186473224119	0.00357871495473	148.596487098
5274.00000000	-0.00305445997858	0.00186475064622	0.00357868980680	148.595896058
