DevNumber	X [V]	Y [V]	R [V]	Theta [°]
4253.00000000	-0.00142711593710	0.00120040514067	0.00186484111914	139.931446716
4253.00000000	-0.00142712902079	0.00120041450549	0.00186485715994	139.931485285
4253.00000000	-0.00142714706263	0.00120041649752	0.00186487224921	139.931795261
4253.00000000	-0.00142715550700	0.00120039715692	0.00186486626210	139.932417006
4253.00000000	-0.00142714864726	0.00120035368582	0.00186483303071	139.933303473
4253.00000000	-0.00142713858798	0.00120029936679	0.00186479036870	139.934381773
4253.00000000	-0.00142713031967	0.00120025450918	0.00186475516788	139.935273058
4253.00000000	-0.00142710641101	0.00120023138057	0.00186472198337	139.935344093
4253.00000000	-0.00142705417649	0.00120022849892	0.00186468015280	139.934378795
4253.00000000	-0.00142698721247	0.00120024014376	0.00186463640081	139.932780522
4253.00000000	-0.00142692728893	0.00120026247667	0.00186460491815	139.931070101
4253.00000000	-0.00142687242798	0.00120028836675	0.00186457960117	139.929376118
4253.00000000	-0.00142681184998	0.00120030863717	0.00186454629326	139.927701140
4253.00000000	-0.00142675299410	0.00120032543403	0.00186451206855	139.926141850
4253.00000000	-0.00142671087383	0.00120034722975	0.00186449386952	139.924796052
4253.00000000	-0.00142669402689	0.00120037442618	0.00186449848737	139.923823248
4253.00000000	-0.00142670159687	0.00120040246324	0.00186452233033	139.923313751
4253.00000000	-0.00142672344919	0.00120043013163	0.00186455686462	139.923095496
4253.00000000	-0.00142674150252	0.00120045193512	0.00186458471611	139.922939991
4253.00000000	-0.00142673969212	0.00120045569564	0.00186458575193	139.922815755
4253.00000000	-0.00142672382357	0.00120043403349	0.00186455966316	139.923011158
4253.00000000	-0.00142671106990	0.00120039688972	0.00186452599065	139.923632219
4253.00000000	-0.00142670614185	0.00120036807989	0.00186450367187	139.924212157
4253.00000000	-0.00142670231750	0.00120035770520	0.00186449406628	139.924380450
4253.00000000	-0.00142669705993	0.00120035202626	0.00186448638712	139.924409972
4253.00000000	-0.00142669649817	0.00120034273019	0.00186447997249	139.924617452
4253.00000000	-0.00142670981980	0.00120033472447	0.00186448501219	139.925069257
4253.00000000	-0.00142673952722	0.00120033337870	0.00186450687812	139.925688617
4253.00000000	-0.00142677907343	0.00120034428057	0.00186454415777	139.926214603
4253.00000000	-0.00142681519408	0.00120036894579	0.00186458767669	139.926349171
4253.00000000	-0.00142683035962	0.00120039757333	0.00186461771128	139.925976038
4253.00000000	-0.00142681749030	0.00120041685029	0.00186462027370	139.925268193
4253.00000000	-0.00142678564375	0.00120042383748	0.00186460040298	139.924473900
4253.00000000	-0.00142675040271	0.00120042521669	0.00186457432474	139.923744297
4253.00000000	-0.00142672763689	0.00120042249385	0.00186455515167	139.923357933
4253.00000000	-0.00142672903510	0.00120041524155	0.00186455155245	139.923556120
4253.00000000	-0.00142674928590	0.00120040469781	0.00186456026004	139.924204670
4253.00000000	-0.00142676779972	0.00120038668756	0.00186456283187	139.924994417
4253.00000000	-0.00142676951475	0.00120036230209	0.00186454844520	139.925601743
4253.00000000	-0.00142675764171	0.00120033750650	0.00186452339693	139.925949913
4253.00000000	-0.00142674346617	0.00120031120979	0.00186449562043	139.926287841
4253.00000000	-0.00142673455147	0.00120028328892	0.00186447082413	139.926768047
4253.00000000	-0.00142673431206	0.00120026335321	0.00186445780705	139.927232113
4253.00000000	-0.00142673850074	0.00120025931193	0.00186445841074	139.927410012
4253.00000000	-0.00142673655278	0.00120026690470	0.00186446180802	139.927192925
4253.00000000	-0.00142671893262	0.00120027374720	0.00186445272960	139.926683435
4253.00000000	-0.00142668810247	0.00120027090910	0.00186442731072	139.926140244
4253.00000000	-0.00142665075998	0.00120025954366	0.00186439141897	139.925668724
4253.00000000	-0.00142661356288	0.00120025218960	0.00186435822106	139.925105730
4253.00000000	-0.00142658921555	0.00120026556601	0.00186434820215	139.924309448
4253.00000000	-0.00142658003605	0.00120030305374	0.00186436531293	139.923246268
4253.00000000	-0.00142657616842	0.00120035225106	0.00186439402781	139.922012857
4253.00000000	-0.00142657587186	0.00120039978781	0.00186442440682	139.920889188
4253.00000000	-0.00142658324725	0.00120044055521	0.00186445629821	139.920076524
4253.00000000	-0.00142658625949	0.00120047392420	0.00186448008797	139.919351515
4253.00000000	-0.00142657354793	0.00120049419518	0.00186448341379	139.918623376
4253.00000000	-0.00142655184650	0.00120049236473	0.00186446563082	139.918237019
4253.00000000	-0.00142653342560	0.00120047099189	0.00186443777497	139.918375064
4253.00000000	-0.00142652325021	0.00120044618530	0.00186441401712	139.918757008
4253.00000000	-0.00142651744882	0.00120043506089	0.00186440241557	139.918903790
4253.00000000	-0.00142650870747	0.00120043981929	0.00186439879109	139.918618936
4253.00000000	-0.00142649536924	0.00120045446573	0.00186439801619	139.918010618
4253.00000000	-0.00142648396556	0.00120047982679	0.00186440562071	139.917188646
4253.00000000	-0.00142647099488	0.00120051369352	0.00186441750355	139.916135682
4253.00000000	-0.00142644236947	0.00120054573706	0.00186441623577	139.914815815
4253.00000000	-0.00142639268799	0.00120057079787	0.00186439436307	139.913243437
4253.00000000	-0.00142633674350	0.00120058967762	0.00186436371984	139.911692401
4253.00000000	-0.00142629352318	0.00120059948858	0.00186433697229	139.910606363
4253.00000000	-0.00142626486722	0.00120058942058	0.00186430856573	139.910275937
4253.00000000	-0.00142624022632	0.00120055557603	0.00186426791914	139.910584009
4253.00000000	-0.00142621819081	0.00120050586101	0.00186421904564	139.911316827
4253.00000000	-0.00142620350060	0.00120045200080	0.00186417312268	139.912292535
4253.00000000	-0.00142620499325	0.00120040676488	0.00186414513489	139.913385784
4253.00000000	-0.00142622821092	0.00120037888634	0.00186414494618	139.914500874
4253.00000000	-0.00142626537163	0.00120036756767	0.00186416608912	139.915502497
4253.00000000	-0.00142630292733	0.00120036764294	0.00186419487145	139.916243980
4253.00000000	-0.00142633304869	0.00120037550340	0.00186422297887	139.916655246
4253.00000000	-0.00142635397950	0.00120039386359	0.00186425081536	139.916637723
4253.00000000	-0.00142636071930	0.00120041485209	0.00186426948660	139.916277564
4253.00000000	-0.00142634743604	0.00120042187060	0.00186426384284	139.915849656
4253.00000000	-0.00142631980180	0.00120040838433	0.00186423401594	139.915619897
4253.00000000	-0.00142628709503	0.00120038298683	0.00186419263826	139.915569835
4253.00000000	-0.00142625274700	0.00120035681149	0.00186414950398	139.915505580
4253.00000000	-0.00142622332247	0.00120033568838	0.00186411338989	139.915419957
4253.00000000	-0.00142620311397	0.00120032187042	0.00186408903085	139.915344942
4253.00000000	-0.00142618355782	0.00120031515621	0.00186406974516	139.915115781
4253.00000000	-0.00142615629270	0.00120031360350	0.00186404788510	139.914612653
4253.00000000	-0.00142612218745	0.00120031735466	0.00186402420731	139.913849396
4253.00000000	-0.00142608560772	0.00120032910473	0.00186400378761	139.912849033
4253.00000000	-0.00142604903841	0.00120034801103	0.00186398798481	139.911680566
4253.00000000	-0.00142601248026	0.00120037461020	0.00186397714542	139.910331392
4253.00000000	-0.00142597555045	0.00120041299676	0.00186397361388	139.908697658
4253.00000000	-0.00142593941406	0.00120045650693	0.00186397399059	139.906959142
4253.00000000	-0.00142590741103	0.00120048949383	0.00186397075343	139.905549905
4253.00000000	-0.00142588701030	0.00120050422995	0.00186396463815	139.904799514
4253.00000000	-0.00142588749102	0.00120050762727	0.00186396719397	139.904729145
4253.00000000	-0.00142590863480	0.00120051142620	0.00186398581519	139.905058408
4253.00000000	-0.00142594000797	0.00120051983194	0.00186401522880	139.905481848
4253.00000000	-0.00142596567243	0.00120053440535	0.00186404424770	139.905647240
4253.00000000	-0.00142597844588	0.00120056007314	0.00186407055053	139.905296569
5260.00000000	-0.00689760745585	0.00928528503465	0.0115669143158	126.606944168
5260.00000000	-0.00689762881791	0.00928528778311	0.0115669292608	126.607020992
5260.00000000	-0.00689765658962	0.00928528682999	0.0115669450566	126.607134237
5260.00000000	-0.00689768542529	0.00928525973155	0.0115669404990	126.607328941
5260.00000000	-0.00689770589788	0.00928520581408	0.0115669094257	126.607569611
5260.00000000	-0.00689771993743	0.00928514801634	0.0115668714016	126.607796165
5260.00000000	-0.00689773024761	0.00928511558245	0.0115668515141	126.607932968
5260.00000000	-0.00689771848849	0.00928511598675	0.0115668448262	126.607885016
5260.00000000	-0.00689766947860	0.00928513550920	0.0115668312714	126.607632469
5260.00000000	-0.00689760134634	0.00928517114114	0.0115668192453	126.607256300
5260.00000000	-0.00689754106366	0.00928522420297	0.0115668258924	126.606859856
5260.00000000	-0.00689749188761	0.00928527713713	0.0115668390606	126.606507955
5260.00000000	-0.00689744966932	0.00928531580593	0.0115668449266	126.606225858
5260.00000000	-0.00689742548013	0.00928534640354	0.0115668550647	126.606039294
5260.00000000	-0.00689743145487	0.00928537950958	0.0115668852035	126.605965264
5260.00000000	-0.00689745839987	0.00928540689130	0.0115669232519	126.605991528
5260.00000000	-0.00689748487798	0.00928541784583	0.0115669478348	126.606064458
5260.00000000	-0.00689750162771	0.00928541726155	0.0115669573538	126.606132787
5260.00000000	-0.00689750561202	0.00928540105002	0.0115669467159	126.606196515
5260.00000000	-0.00689749018020	0.00928534916004	0.0115668958589	126.606288424
5260.00000000	-0.00689746087848	0.00928527165499	0.0115668161686	126.606400844
5260.00000000	-0.00689744266934	0.00928521527188	0.0115667600486	126.606494983
5260.00000000	-0.00689745722269	0.00928522014066	0.0115667726354	126.606538472
5260.00000000	-0.00689749376709	0.00928527800118	0.0115668408749	126.606512876
5260.00000000	-0.00689752165302	0.00928533465979	0.0115669029865	126.606456402
5260.00000000	-0.00689752881303	0.00928535154676	0.0115669208121	126.606434992
5260.00000000	-0.00689752680150	0.00928533464236	0.0115669060426	126.606476926
5260.00000000	-0.00689753108055	0.00928531188110	0.0115668903227	126.606561174
5260.00000000	-0.00689755123159	0.00928530744902	0.0115668987812	126.606654393
5260.00000000	-0.00689758573473	0.00928532265669	0.0115669315640	126.606746669
5260.00000000	-0.00689761703988	0.00928533413554	0.0115669594465	126.606837242
5260.00000000	-0.00689762269369	0.00928530623510	0.0115669404210	126.606942136
5260.00000000	-0.00689759870052	0.00928522965181	0.0115668646365	126.607072946
5260.00000000	-0.00689756070260	0.00928513493216	0.0115667659419	126.607201643
5260.00000000	-0.00689752865481	0.00928505697713	0.0115666842532	126.607304480
5260.00000000	-0.00689751380419	0.00928500458169	0.0115666333374	126.607400200
5260.00000000	-0.00689751019762	0.00928496975855	0.0115666032327	126.607488725
5260.00000000	-0.00689750468826	0.00928494576306	0.0115665806852	126.607537699
5260.00000000	-0.00689749065172	0.00928492537839	0.0115665559512	126.607542099
5260.00000000	-0.00689747201998	0.00928490393108	0.0115665276240	126.607531366
5260.00000000	-0.00689746065862	0.00928488125469	0.0115665026456	126.607553174
5260.00000000	-0.00689747165594	0.00928486802956	0.0115664985873	126.607635971
5260.00000000	-0.00689751024555	0.00928487990916	0.0115665311358	126.607754328
5260.00000000	-0.00689756540948	0.00928491061917	0.0115665886840	126.607882965
5260.00000000	-0.00689760968521	0.00928493226299	0.0115666324614	126.607995087
5260.00000000	-0.00689762600616	0.00928492589945	0.0115666370860	126.608078783
5260.00000000	-0.00689763348456	0.00928490524027	0.0115666249619	126.608169547
5260.00000000	-0.00689765217835	0.00928489769197	0.0115666300504	126.608266178
5260.00000000	-0.00689767571758	0.00928492240254	0.0115666639238	126.608286784
5260.00000000	-0.00689769322705	0.00928498583734	0.0115667252865	126.608169022
5260.00000000	-0.00689770640674	0.00928506790677	0.0115667990260	126.607979000
5260.00000000	-0.00689771596185	0.00928513382184	0.0115668576364	126.607822286
5260.00000000	-0.00689771073842	0.00928515733994	0.0115668734003	126.607732046
5260.00000000	-0.00689769004259	0.00928514865304	0.0115668540854	126.607675413
5260.00000000	-0.00689766384776	0.00928512960518	0.0115668231741	126.607627519
5260.00000000	-0.00689763392214	0.00928510094299	0.0115667823203	126.607593190
5260.00000000	-0.00689760118006	0.00928505760750	0.0115667280081	126.607591006
5260.00000000	-0.00689757171518	0.00928499850324	0.0115666629920	126.607648433
5260.00000000	-0.00689753959292	0.00928492556410	0.0115665852855	126.607736161
5260.00000000	-0.00689748916617	0.00928484492709	0.0115664904840	126.607773844
5260.00000000	-0.00689742467591	0.00928477127521	0.0115663929033	126.607734970
5260.00000000	-0.00689737498692	0.00928473990159	0.0115663380873	126.607630061
5260.00000000	-0.00689736556412	0.00928478047545	0.0115663650384	126.607472735
5260.00000000	-0.00689738907973	0.00928488178830	0.0115664603894	126.607266967
5260.00000000	-0.00689742452440	0.00928500738801	0.0115665823503	126.607036896
5260.00000000	-0.00689746475321	0.00928512862330	0.0115667036606	126.606838746
5260.00000000	-0.00689751477717	0.00928523014122	0.0115668149841	126.606737791
5260.00000000	-0.00689757854384	0.00928530145205	0.0115669102540	126.606780710
5260.00000000	-0.00689764714610	0.00928532154210	0.0115669672902	126.606994152
5260.00000000	-0.00689770706935	0.00928528334909	0.0115669723648	126.607345241
5260.00000000	-0.00689775524725	0.00928521144231	0.0115669433724	126.607749213
5260.00000000	-0.00689779271426	0.00928513830701	0.0115669070070	126.608114227
5260.00000000	-0.00689783009992	0.00928509515622	0.0115668946631	126.608390347
5260.00000000	-0.00689787098523	0.00928509069148	0.0115669154608	126.608566106
5260.00000000	-0.00689790398823	0.00928511107408	0.0115669515037	126.608637125
5260.00000000	-0.00689792595818	0.00928513906806	0.0115669870769	126.608641790
5260.00000000	-0.00689794328628	0.00928516004217	0.0115670142470	126.608648734
5260.00000000	-0.00689795658317	0.00928517384636	0.0115670332575	126.608660829
5260.00000000	-0.00689796752652	0.00928518462307	0.0115670484343	126.608672508
5260.00000000	-0.00689798028604	0.00928518489888	0.0115670562648	126.608722428
5260.00000000	-0.00689799089219	0.00928515630335	0.0115670396354	126.608849069
5260.00000000	-0.00689798862510	0.00928509075183	0.0115669856636	126.609033690
5260.00000000	-0.00689797577729	0.00928500715079	0.0115669108933	126.609229560
5260.00000000	-0.00689796659379	0.00928493818237	0.0115668500543	126.609396778
5260.00000000	-0.00689796691213	0.00928490260724	0.0115668216873	126.609503134
5260.00000000	-0.00689796707159	0.00928489092748	0.0115668124069	126.609538270
5260.00000000	-0.00689795539989	0.00928488265725	0.0115667988077	126.609516291
5260.00000000	-0.00689793549921	0.00928487663726	0.0115667821074	126.609454945
5260.00000000	-0.00689791047444	0.00928488499333	0.0115667738913	126.609330756
5260.00000000	-0.00689787190663	0.00928491056518	0.0115667714183	126.609101860
5260.00000000	-0.00689781648135	0.00928494393620	0.0115667651532	126.608782895
5260.00000000	-0.00689775463552	0.00928497568010	0.0115667537534	126.608443206
5260.00000000	-0.00689770469454	0.00928500041626	0.0115667438280	126.608171555
5260.00000000	-0.00689767775066	0.00928501532031	0.0115667397243	126.608020391
5260.00000000	-0.00689766994782	0.00928502287189	0.0115667411331	126.607967057
5260.00000000	-0.00689767581290	0.00928502522215	0.0115667465173	126.607983436
5260.00000000	-0.00689768938628	0.00928502130532	0.0115667514675	126.608048979
5260.00000000	-0.00689770052506	0.00928501131968	0.0115667500941	126.608122768
5260.00000000	-0.00689770248001	0.00928500844696	0.0115667489539	126.608139027
5260.00000000	-0.00689770295149	0.00928503510460	0.0115667706340	126.608062156
5270.00000000	-0.000540356774777	0.00290310234205	0.00295296269067	100.543851713
5270.00000000	-0.000540924648483	0.00290281691131	0.00295278605658	100.555698142
5270.00000000	-0.000541451622520	0.00290263687831	0.00295270565869	100.566390734
5270.00000000	-0.000541998869109	0.00290264272701	0.00295281180822	100.576808528
5270.00000000	-0.000542678878622	0.00290278574455	0.00295307728380	100.589268620
5270.00000000	-0.000543583157678	0.00290296005613	0.00295341492798	100.605891301
5270.00000000	-0.000544682842015	0.00290306101833	0.00295371675598	100.626497946
5270.00000000	-0.000545796580404	0.00290303582516	0.00295389757936	100.647820392
5270.00000000	-0.000546754543706	0.00290291768833	0.00295395863822	100.666504759
5270.00000000	-0.000547419094285	0.00290269494223	0.00295386282560	100.679971958
5270.00000000	-0.000547766846809	0.00290233606212	0.00295357463693	100.687891271
5270.00000000	-0.000548011951108	0.00290185785960	0.00295315020543	100.694284851
5270.00000000	-0.000548382360199	0.00290127259331	0.00295264387858	100.703455273
5270.00000000	-0.000548854326918	0.00290066219426	0.00295213181233	100.714656217
5270.00000000	-0.000549233134712	0.00290014742756	0.00295169648471	100.723738838
5270.00000000	-0.000549384138536	0.00289982519106	0.00295140798101	100.727783085
5270.00000000	-0.000549333251666	0.00289966365114	0.00295123979221	100.727396201
5270.00000000	-0.000549221974973	0.00289955657552	0.00295111387656	100.725660477
5270.00000000	-0.000549213337640	0.00289943933266	0.00295099707456	100.725919352
5270.00000000	-0.000549449930363	0.00289929130556	0.00295089567767	100.730967784
5270.00000000	-0.000550031887809	0.00289920005279	0.00295091443856	100.742399534
5270.00000000	-0.000550906672294	0.00289924455092	0.00295112133394	100.758924733
5270.00000000	-0.000551883919314	0.00289939525028	0.00295145196094	100.777016172
5270.00000000	-0.000552797560561	0.00289957790558	0.00295180236017	100.793774612
5270.00000000	-0.000553547534784	0.00289973300311	0.00295209524958	100.807509232
5270.00000000	-0.000554036160401	0.00289982981060	0.00295228199830	100.816471639
5270.00000000	-0.000554196658944	0.00289984925002	0.00295233121612	100.819460291
5270.00000000	-0.000554093314452	0.00289977700329	0.00295224085567	100.817753482
5270.00000000	-0.000553803214559	0.00289971870541	0.00295212915893	100.812435554
5270.00000000	-0.000553324600147	0.00289979242824	0.00295211182715	100.803042908
5270.00000000	-0.000552744277851	0.00289998009008	0.00295218745332	100.791297019
5270.00000000	-0.000552227786084	0.00290018826933	0.00295229529778	100.780694171
5270.00000000	-0.000551903084724	0.00290035871650	0.00295240202197	100.773885350
5270.00000000	-0.000551782941629	0.00290050368486	0.00295252197970	100.771069102
5270.00000000	-0.000551772283539	0.00290061564284	0.00295262997350	100.770459909
5270.00000000	-0.000551726662274	0.00290067011861	0.00295267496465	100.769392694
5270.00000000	-0.000551661248222	0.00290068576139	0.00295267810963	100.768088993
5270.00000000	-0.000551781122089	0.00290071230141	0.00295272658102	100.770277892
5270.00000000	-0.000552238023508	0.00290076290398	0.00295286170684	100.778803713
5270.00000000	-0.000552988683952	0.00290081691486	0.00295305524129	100.792915230
5270.00000000	-0.000553869370403	0.00290090038629	0.00295330227553	100.809395570
5270.00000000	-0.000554727128129	0.00290106262661	0.00295362261472	100.825149290
5270.00000000	-0.000555457077586	0.00290121907755	0.00295391345523	100.838485914
5270.00000000	-0.000555968700481	0.00290119422709	0.00295398529773	100.848323013
5270.00000000	-0.000556310626563	0.00290091415560	0.00295377461080	100.855859470
5270.00000000	-0.000556641164327	0.00290045522456	0.00295338617446	100.863833989
5270.00000000	-0.000557145285129	0.00289996741453	0.00295300217983	100.875223795
5270.00000000	-0.000557996081610	0.00289956767153	0.00295277027702	100.892899673
5270.00000000	-0.000559240450888	0.00289933203008	0.00295277430606	100.917474485
5270.00000000	-0.000560769138150	0.00289919174355	0.00295292647930	100.947114374
5270.00000000	-0.000562332698638	0.00289893160475	0.00295296842397	100.977858251
5270.00000000	-0.000563539420846	0.00289853054377	0.00295280476700	101.002326780
5270.00000000	-0.000564019244643	0.00289816064564	0.00295253329131	101.012836852
5270.00000000	-0.000563810550130	0.00289795154779	0.00295228818204	101.009636451
5270.00000000	-0.000563432756872	0.00289791412150	0.00295217931825	101.002577920
5270.00000000	-0.000563333601341	0.00289798215036	0.00295222717456	101.000436938
5270.00000000	-0.000563498785559	0.00289808154877	0.00295235626994	101.003215646
5270.00000000	-0.000563625111080	0.00289816031882	0.00295245770493	101.005330310
5270.00000000	-0.000563415983342	0.00289820399099	0.00295246065913	101.001184800
5270.00000000	-0.000562709278681	0.00289823932814	0.00295236057004	100.987591113
5270.00000000	-0.000561587372128	0.00289829015541	0.00295219684328	100.966028457
5270.00000000	-0.000560446341563	0.00289832628271	0.00295201547131	100.944153153
5270.00000000	-0.000559863467038	0.00289827854477	0.00295185799537	100.933221197
5270.00000000	-0.000560355308200	0.00289812925049	0.00295180474015	100.943144379
5270.00000000	-0.000562131650484	0.00289789760571	0.00295191506071	100.977849224
5270.00000000	-0.000564978094593	0.00289762326315	0.00295218915764	101.033095741
5270.00000000	-0.000568312843648	0.00289731631067	0.00295252794945	101.097752640
5270.00000000	-0.000571565198437	0.00289700513731	0.00295285040964	101.160841979
5270.00000000	-0.000574551322445	0.00289678547965	0.00295321440759	101.218505475
5270.00000000	-0.000577258525794	0.00289669701310	0.00295365553024	101.270350949
5270.00000000	-0.000579642970453	0.00289662215255	0.00295404906321	101.315990793
5270.00000000	-0.000581633006030	0.00289649205555	0.00295431264114	101.354330237
5270.00000000	-0.000583166101182	0.00289636451944	0.00295448982584	101.383966267
5270.00000000	-0.000584216931557	0.00289630942243	0.00295464341226	101.404153725
5270.00000000	-0.000584861677533	0.00289636356857	0.00295482403929	101.416201301
5270.00000000	-0.000585237695831	0.00289650930789	0.00295504134173	101.422788421
5270.00000000	-0.000585426624565	0.00289666952422	0.00295523580536	101.425763611
5270.00000000	-0.000585466496087	0.00289676192848	0.00295533427692	101.426166405
5270.00000000	-0.000585492613471	0.00289674888134	0.00295532666248	101.426712825
5270.00000000	-0.000585667088210	0.00289662139660	0.00295523627709	101.430518144
5270.00000000	-0.000586024417055	0.00289637693893	0.00295506751018	101.438248302
5270.00000000	-0.000586545199466	0.00289603333877	0.00295483406815	101.449467253
5270.00000000	-0.000587253131530	0.00289561004233	0.00295455982470	101.464551964
5270.00000000	-0.000588211230895	0.00289519304240	0.00295434175493	101.484369799
5270.00000000	-0.000589400615437	0.00289490986305	0.00295430130499	101.508068383
5270.00000000	-0.000590719525468	0.00289480827188	0.00295446517811	101.533524795
5270.00000000	-0.000592073331077	0.00289479094610	0.00295471918310	101.559313906
5270.00000000	-0.000593427078420	0.00289474861189	0.00295494927595	101.585194853
5270.00000000	-0.000594765436669	0.00289468015058	0.00295515128189	101.610881453
5270.00000000	-0.000596062303881	0.00289461325097	0.00295534704270	101.635770570
5270.00000000	-0.000597251110417	0.00289451142576	0.00295548731730	101.658741577
5270.00000000	-0.000598265238400	0.00289432256704	0.00295550747209	101.678735826
5270.00000000	-0.000599056169892	0.00289403972983	0.00295539071064	101.694862032
5270.00000000	-0.000599580707064	0.00289369907397	0.00295516350731	101.706159612
5270.00000000	-0.000599864519614	0.00289338237691	0.00295491100050	101.712794198
5270.00000000	-0.000599963385496	0.00289314642018	0.00295470003088	101.715600287
5270.00000000	-0.000599887990759	0.00289296862167	0.00295451062740	101.714868769
5270.00000000	-0.000599677971462	0.00289282192072	0.00295432434483	101.711458197
5270.00000000	-0.000599434867469	0.00289271574485	0.00295417104123	101.707259377
5270.00000000	-0.000599214625108	0.00289262561573	0.00295403810397	101.703431191
5274.00000000	-0.00223893618078	0.00495403984211	0.00543648286844	114.320184990
5274.00000000	-0.00223892818763	0.00495401055231	0.00543645288600	114.320235355
5274.00000000	-0.00223892190790	0.00495397002072	0.00543641336507	114.320350970
5274.00000000	-0.00223892192429	0.00495392504554	0.00543637238790	114.320546342
5274.00000000	-0.00223893394281	0.00495388250793	0.00543633857506	114.320846406
5274.00000000	-0.00223896262468	0.00495385488426	0.00543632521554	114.321241773
5274.00000000	-0.00223900400055	0.00495385136027	0.00543633904518	114.321654445
5274.00000000	-0.00223904696916	0.00495386383033	0.00543636810560	114.322012985
5274.00000000	-0.00223908581882	0.00495387605462	0.00543639524580	114.322333030
5274.00000000	-0.00223911572688	0.00495387884407	0.00543641010595	114.322608153
5274.00000000	-0.00223913207955	0.00495387292700	0.00543641144934	114.322790886
5274.00000000	-0.00223913687381	0.00495385801543	0.00543639983599	114.322901659
5274.00000000	-0.00223913176547	0.00495383535615	0.00543637708396	114.322950961
5274.00000000	-0.00223911300601	0.00495381665323	0.00543635231451	114.322851986
5274.00000000	-0.00223907898200	0.00495381984894	0.00543634121293	114.322511350
5274.00000000	-0.00223903577764	0.00495384639648	0.00543634760970	114.321981179
5274.00000000	-0.00223899347279	0.00495387842268	0.00543635936982	114.321435866
5274.00000000	-0.00223896191376	0.00495390250945	0.00543636832126	114.321028221
5274.00000000	-0.00223894785411	0.00495391755135	0.00543637623781	114.320827901
5274.00000000	-0.00223895237402	0.00495392296596	0.00543638303340	114.320847808
5274.00000000	-0.00223897507867	0.00495391699847	0.00543638694636	114.321091765
5274.00000000	-0.00223900847500	0.00495390395230	0.00543638881242	114.321469131
5274.00000000	-0.00223903941916	0.00495389131333	0.00543639003980	114.321821178
5274.00000000	-0.00223905927867	0.00495387872343	0.00543638674672	114.322066557
5274.00000000	-0.00223906401045	0.00495385916339	0.00543637087160	114.322196906
5274.00000000	-0.00223905266230	0.00495383229515	0.00543634171415	114.322204550
5274.00000000	-0.00223903217166	0.00495380600916	0.00543630932179	114.322121861
5274.00000000	-0.00223901139064	0.00495378862866	0.00543628492492	114.321997725
5274.00000000	-0.00223898688330	0.00495378983340	0.00543627592908	114.321757125
5274.00000000	-0.00223895270533	0.00495381330741	0.00543628324330	114.321326980
5274.00000000	-0.00223891309451	0.00495384477758	0.00543629560685	114.320809950
5274.00000000	-0.00223887749591	0.00495386822345	0.00543630231104	114.320366286
5274.00000000	-0.00223885566930	0.00495388122083	0.00543630516601	114.320100244
5274.00000000	-0.00223884817444	0.00495388996859	0.00543631005086	114.319990292
5274.00000000	-0.00223884959333	0.00495390193060	0.00543632153570	114.319951998
5274.00000000	-0.00223885135807	0.00495391941706	0.00543633819719	114.319893048
5274.00000000	-0.00223884873738	0.00495393699168	0.00543635313297	114.319791597
5274.00000000	-0.00223884945821	0.00495395108256	0.00543636627030	114.319737360
5274.00000000	-0.00223886714088	0.00495395766033	0.00543637954662	114.319878635
5274.00000000	-0.00223890309747	0.00495396000716	0.00543639649330	114.320213778
5274.00000000	-0.00223894709648	0.00495396457582	0.00543641877704	114.320616513
5274.00000000	-0.00223899148821	0.00495396770452	0.00543643991061	114.321029267
5274.00000000	-0.00223903174913	0.00495396351233	0.00543645267202	114.321434124
5274.00000000	-0.00223906082227	0.00495395733595	0.00543645901781	114.321740146
5274.00000000	-0.00223907613534	0.00495395270459	0.00543646110435	114.321907313
5274.00000000	-0.00223908487506	0.00495394825158	0.00543646064614	114.322010576
5274.00000000	-0.00223909530370	0.00495394369893	0.00543646079276	114.322130492
5274.00000000	-0.00223911262119	0.00495393481851	0.00543645983305	114.322335352
5274.00000000	-0.00223913739049	0.00495392689888	0.00543646281813	114.322607608
5274.00000000	-0.00223916561364	0.00495393556211	0.00543648233685	114.322841048
5274.00000000	-0.00223919192603	0.00495396232084	0.00543651755795	114.322977588
5274.00000000	-0.00223920802228	0.00495399081060	0.00543655014863	114.323008500
5274.00000000	-0.00223920707710	0.00495400571600	0.00543656334170	114.322934722
5274.00000000	-0.00223919580233	0.00495400755005	0.00543656036913	114.322818483
5274.00000000	-0.00223919308974	0.00495400561471	0.00543655748832	114.322800834
5274.00000000	-0.00223920757186	0.00495400496903	0.00543656286481	114.322942716
5274.00000000	-0.00223922716497	0.00495400066151	0.00543656700967	114.323149577
5274.00000000	-0.00223923187754	0.00495397745217	0.00543654780149	114.323295582
5274.00000000	-0.00223921551205	0.00495392700135	0.00543649508821	114.323357416
5274.00000000	-0.00223918723098	0.00495386637517	0.00543642819491	114.323348988
5274.00000000	-0.00223916002105	0.00495382073436	0.00543637539801	114.323285796
5274.00000000	-0.00223913971221	0.00495380032498	0.00543634843535	114.323179350
5274.00000000	-0.00223912594772	0.00495380248409	0.00543634473347	114.323037784
5274.00000000	-0.00223911954024	0.00495382049844	0.00543635850972	114.322898048
5274.00000000	-0.00223912055095	0.00495384725960	0.00543638331183	114.322791587
5274.00000000	-0.00223912574420	0.00495387833514	0.00543641376808	114.322706567
5274.00000000	-0.00223912804871	0.00495391583183	0.00543644888575	114.322565932
5274.00000000	-0.00223912861582	0.00495396463835	0.00543649359387	114.322359520
5274.00000000	-0.00223914190812	0.00495402120603	0.00543655061546	114.322241630
5274.00000000	-0.00223917438390	0.00495407766162	0.00543661543599	114.322308458
5274.00000000	-0.00223921731484	0.00495411988129	0.00543667159034	114.322537482
5274.00000000	-0.00223926384061	0.00495413971529	0.00543670882672	114.322898191
5274.00000000	-0.00223931413175	0.00495414732395	0.00543673647403	114.323348121
5274.00000000	-0.00223936812343	0.00495415069277	0.00543676178243	114.323851987
5274.00000000	-0.00223942367489	0.00495415028913	0.00543678429616	114.324387203
5274.00000000	-0.00223947174609	0.00495414741425	0.00543680147731	114.324861309
5274.00000000	-0.00223949953714	0.00495413950471	0.00543680571742	114.325162520
5274.00000000	-0.00223950074197	0.00495412387740	0.00543679197376	114.325241927
5274.00000000	-0.00223948487056	0.00495410482701	0.00543676807695	114.325172212
5274.00000000	-0.00223946500564	0.00495408642295	0.00543674312411	114.325061341
5274.00000000	-0.00223944576853	0.00495406916282	0.00543671947227	114.324951532
5274.00000000	-0.00223942673182	0.00495405105572	0.00543669513123	114.324847323
5274.00000000	-0.00223940662674	0.00495403219467	0.00543666966311	114.324736127
5274.00000000	-0.00223939021087	0.00495401926455	0.00543665111903	114.324634611
5274.00000000	-0.00223938040239	0.00495401524324	0.00543664341454	114.324557875
5274.00000000	-0.00223937963735	0.00495401745727	0.00543664511690	114.324540917
5274.00000000	-0.00223939289149	0.00495401619356	0.00543664942483	114.324673685
5274.00000000	-0.00223942137877	0.00495400964061	0.00543665518779	114.324975701
5274.00000000	-0.00223945561672	0.00495400745756	0.00543666730165	114.325313971
5274.00000000	-0.00223948368780	0.00495400758593	0.00543667898164	114.325582984
5274.00000000	-0.00223950076933	0.00495399755302	0.00543667687574	114.325790574
5274.00000000	-0.00223951142764	0.00495397719230	0.00543666271314	114.325981317
5274.00000000	-0.00223952261291	0.00495396418162	0.00543665546513	114.326145212
5274.00000000	-0.00223953389401	0.00495396773251	0.00543666334779	114.326238131
5274.00000000	-0.00223953635318	0.00495397887608	0.00543667451498	114.326213369
5274.00000000	-0.00223952338096	0.00495398810393	0.00543667757990	114.326048736
5274.00000000	-0.00223949622703	0.00495399314254	0.00543667098574	114.325766101
5274.00000000	-0.00223946669491	0.00495399457146	0.00543666012287	114.325476297
5274.00000000	-0.00223945279560	0.00495399819858	0.00543665770260	114.325327073
5274.00000000	-0.00223945335151	0.00495401227794	0.00543667076100	114.325271292
