DevNumber	X [V]	Y [V]	R [V]	Theta [°]
4253.00000000	0.146815149133	0.158998558393	0.216414485620	47.2814182372
4253.00000000	0.146814600158	0.158998457160	0.216414038821	47.2815068366
4253.00000000	0.146814497865	0.158998551480	0.216414038722	47.2815436743
4253.00000000	0.146814976723	0.158998854714	0.216414586363	47.2815049936
4253.00000000	0.146815655926	0.158999179108	0.216415285463	47.2814311445
4253.00000000	0.146816065331	0.158999371911	0.216415704853	47.2813861397
4253.00000000	0.146816215982	0.158999498083	0.216415899753	47.2813794978
4253.00000000	0.146816428653	0.158999640629	0.216416148756	47.2813637335
4253.00000000	0.146816800725	0.158999790402	0.216416511207	47.2813182621
4253.00000000	0.146817210885	0.159000036884	0.216416970548	47.2812827521
4253.00000000	0.146817601159	0.159000424596	0.216417520159	47.2812764755
4253.00000000	0.146817955285	0.159000797220	0.216418034162	47.2812745200
4253.00000000	0.146818123940	0.159000947020	0.216418258635	47.2812686200
4253.00000000	0.146817855689	0.159000741230	0.216417925461	47.2812838361
4253.00000000	0.146816948066	0.159000092909	0.216416833413	47.2813439346
4253.00000000	0.146815540182	0.158999164973	0.216415196557	47.2814511193
4253.00000000	0.146814223623	0.158998452294	0.216413779806	47.2815792032
4253.00000000	0.146813539268	0.158998297226	0.216413201615	47.2816844672
4253.00000000	0.146813642515	0.158998657077	0.216413536039	47.2817290157
4253.00000000	0.146814410455	0.158999377842	0.216414586549	47.2817090956
4253.00000000	0.146815518423	0.159000210319	0.216415949808	47.2816431006
4253.00000000	0.146816502683	0.159000789198	0.216417042827	47.2815556217
4253.00000000	0.146817126098	0.159000993151	0.216417615593	47.2814709929
4253.00000000	0.146817457018	0.159001051644	0.216417883062	47.2814171319
4253.00000000	0.146817754828	0.159001262052	0.216418239681	47.2813969957
4253.00000000	0.146818260451	0.159001708746	0.216418910879	47.2813788761
4253.00000000	0.146818888164	0.159002214829	0.216419708535	47.2813476757
4253.00000000	0.146819391548	0.159002663891	0.216420379953	47.2813304171
4253.00000000	0.146819679623	0.159003077259	0.216420879082	47.2813486264
4253.00000000	0.146819631715	0.159003288697	0.216421001923	47.2813959193
4253.00000000	0.146819254140	0.159003143291	0.216420638948	47.2814432444
4253.00000000	0.146818825015	0.159002786370	0.216420085603	47.2814626081
4253.00000000	0.146818670286	0.159002451330	0.216419734482	47.2814325302
4253.00000000	0.146818959453	0.159002340519	0.216419849241	47.2813563837
4253.00000000	0.146819720599	0.159002596581	0.216420553729	47.2812543261
4253.00000000	0.146820824190	0.159003175205	0.216421727516	47.2811435948
4253.00000000	0.146821890231	0.159003736179	0.216422862863	47.2810369986
4253.00000000	0.146822546109	0.159003934868	0.216423453788	47.2809451141
4253.00000000	0.146822815860	0.159003829947	0.216423559703	47.2808738034
4253.00000000	0.146822989111	0.159003708515	0.216423588023	47.2808182967
4253.00000000	0.146823153947	0.159003662246	0.216423665856	47.2807779262
4253.00000000	0.146823117539	0.159003586231	0.216423585309	47.2807713552
4253.00000000	0.146822799683	0.159003414479	0.216423243490	47.2808023314
4253.00000000	0.146822385962	0.159003249293	0.216422841460	47.2808531332
4253.00000000	0.146822167858	0.159003254134	0.216422697053	47.2808964241
4253.00000000	0.146822148764	0.159003379187	0.216422775975	47.2809225976
4253.00000000	0.146822074223	0.159003379624	0.216422725727	47.2809371743
4253.00000000	0.146821859065	0.159003036475	0.216422327655	47.2809173931
4253.00000000	0.146821751941	0.159002463090	0.216421833723	47.2808352480
4253.00000000	0.146822071485	0.159002134673	0.216421809219	47.2807141119
4253.00000000	0.146822971532	0.159002413934	0.216422624987	47.2805892075
4253.00000000	0.146824218460	0.159003188961	0.216424040314	47.2804858763
4253.00000000	0.146825181988	0.159003996292	0.216425287115	47.2804434690
4253.00000000	0.146825178742	0.159004336975	0.216425535207	47.2805052870
4253.00000000	0.146824250559	0.159004135987	0.216424757856	47.2806497196
4253.00000000	0.146823227973	0.159003784431	0.216423805844	47.2807854725
4253.00000000	0.146822764062	0.159003657518	0.216423397882	47.2808529099
4253.00000000	0.146822624250	0.159003708602	0.216423340564	47.2808892781
4253.00000000	0.146822122036	0.159003603136	0.216422922375	47.2809680174
4253.00000000	0.146821096014	0.159003175044	0.216421911804	47.2810906953
4253.00000000	0.146820181501	0.159002698927	0.216420941598	47.2811830602
4253.00000000	0.146820166478	0.159002676265	0.216420914757	47.2811819122
4253.00000000	0.146821066736	0.159003174988	0.216421891900	47.2810963802
4253.00000000	0.146822210794	0.159003806950	0.216423132329	47.2809873591
4253.00000000	0.146823152943	0.159004360763	0.216424178367	47.2809035753
4253.00000000	0.146823774569	0.159004817930	0.216424935956	47.2808647759
4253.00000000	0.146824156816	0.159005220142	0.216425490775	47.2808626662
4253.00000000	0.146824651450	0.159005671294	0.216426157794	47.2808474867
4253.00000000	0.146825382360	0.159006154727	0.216427008819	47.2807921498
4253.00000000	0.146825797705	0.159006387658	0.216427461723	47.2807532003
4253.00000000	0.146825355349	0.159006167477	0.216426999861	47.2807996932
4253.00000000	0.146824267005	0.159005679904	0.216425903309	47.2809238069
4253.00000000	0.146823042481	0.159005137569	0.216424674140	47.2810645737
4253.00000000	0.146821814081	0.159004542853	0.216423403859	47.2811966886
4253.00000000	0.146820604999	0.159003985252	0.216422173953	47.2813317130
4253.00000000	0.146819739594	0.159003691615	0.216421371130	47.2814473006
4253.00000000	0.146819441685	0.159003651358	0.216421139453	47.2814980150
4253.00000000	0.146819635363	0.159003687546	0.216421297430	47.2814668430
4253.00000000	0.146820174597	0.159003757188	0.216421714410	47.2813744676
4253.00000000	0.146821016079	0.159003904632	0.216422393598	47.2812372775
4253.00000000	0.146822205285	0.159004131932	0.216423367353	47.2810467972
4253.00000000	0.146823449954	0.159004252367	0.216424300223	47.2808263385
4253.00000000	0.146824295272	0.159004083147	0.216424749369	47.2806315327
4253.00000000	0.146824746050	0.159003720754	0.216424788937	47.2804787713
4253.00000000	0.146825100179	0.159003456758	0.216424835228	47.2803624799
4253.00000000	0.146825463440	0.159003460415	0.216425084355	47.2802924831
4253.00000000	0.146825730854	0.159003708664	0.216425448156	47.2802850577
4253.00000000	0.146825737447	0.159003990843	0.216425659940	47.2803344549
4253.00000000	0.146825317104	0.159003994271	0.216425377294	47.2804168260
4253.00000000	0.146824491472	0.159003661978	0.216424573047	47.2805177302
4253.00000000	0.146823542740	0.159003236080	0.216423616518	47.2806257661
4253.00000000	0.146822762281	0.159002909996	0.216422847479	47.2807190004
4253.00000000	0.146822332266	0.159002722337	0.216422417884	47.2807689350
4253.00000000	0.146822113256	0.159002584871	0.216422168311	47.2807868437
4253.00000000	0.146821616058	0.159002305073	0.216421625445	47.2808332973
4253.00000000	0.146820585328	0.159001864382	0.216420602422	47.2809546283
4253.00000000	0.146819337640	0.159001479838	0.216419473467	47.2811282440
4253.00000000	0.146818374077	0.159001364583	0.216418735108	47.2812949625
4253.00000000	0.146817940978	0.159001547324	0.216418575553	47.2814120238
4253.00000000	0.146817916722	0.159001811532	0.216418753210	47.2814641941
5260.00000000	0.178618527258	0.0690420864435	0.191497749282	21.1331987082
5260.00000000	0.178618436410	0.0690425485744	0.191497831161	21.1333374775
5260.00000000	0.178618643832	0.0690429047506	0.191498153048	21.1334145022
5260.00000000	0.178619256690	0.0690430681068	0.191498783584	21.1333939800
5260.00000000	0.178619993149	0.0690430565164	0.191499466332	21.1333113021
5260.00000000	0.178620559651	0.0690430030925	0.191499975473	21.1332352835
5260.00000000	0.178620960715	0.0690429989164	0.191500348057	21.1331908550
5260.00000000	0.178621309564	0.0690429955542	0.191500672232	21.1331522862
5260.00000000	0.178621547682	0.0690429498641	0.191500877863	21.1331138496
5260.00000000	0.178621660865	0.0690428978377	0.191500964677	21.1330871215
5260.00000000	0.178621842870	0.0690428829872	0.191501129087	21.1330633444
5260.00000000	0.178622135101	0.0690428885067	0.191501403654	21.1330333619
5260.00000000	0.178622224122	0.0690429289914	0.191501501284	21.1330350574
5260.00000000	0.178621722593	0.0690430011559	0.191501059503	21.1331092961
5260.00000000	0.178620534552	0.0690430333772	0.191499962980	21.1332464426
5260.00000000	0.178618974593	0.0690429793056	0.191498488443	21.1333996284
5260.00000000	0.178617707291	0.0690428830483	0.191497271672	21.1335094734
5260.00000000	0.178617253151	0.0690428208048	0.191496825634	21.1335410927
5260.00000000	0.178617652303	0.0690427751570	0.191497181482	21.1334852954
5260.00000000	0.178618673452	0.0690427492034	0.191498124595	21.1333678976
5260.00000000	0.178619995225	0.0690428180480	0.191499382292	21.1332445280
5260.00000000	0.178621224213	0.0690430132167	0.191500598990	21.1331664222
5260.00000000	0.178622115011	0.0690432763387	0.191501524742	21.1331437615
5260.00000000	0.178622572310	0.0690435155769	0.191502037539	21.1331611969
5260.00000000	0.178622699165	0.0690436531416	0.191502205460	21.1331859032
5260.00000000	0.178622875695	0.0690436880492	0.191502382703	21.1331766026
5260.00000000	0.178623295040	0.0690436487048	0.191502759660	21.1331203884
5260.00000000	0.178623849124	0.0690435721564	0.191503248881	21.1330392579
5260.00000000	0.178624347802	0.0690434961006	0.191503686600	21.1329642419
5260.00000000	0.178624546800	0.0690434488832	0.191503855192	21.1329295996
5260.00000000	0.178624428651	0.0690434758180	0.191503754699	21.1329498608
5260.00000000	0.178624329717	0.0690436154918	0.191503712776	21.1329995108
5260.00000000	0.178624479881	0.0690437960250	0.191503917930	21.1330336938
5260.00000000	0.178624930550	0.0690439278528	0.191504385818	21.1330218700
5260.00000000	0.178625694030	0.0690439801770	0.191505116815	21.1329541175
5260.00000000	0.178626676679	0.0690439295387	0.191506015121	21.1328339915
5260.00000000	0.178627632218	0.0690437914731	0.191506856621	21.1326923931
5260.00000000	0.178628345311	0.0690436527822	0.191507471755	21.1325767724
5260.00000000	0.178628808274	0.0690435641871	0.191507871642	21.1325021122
5260.00000000	0.178629027545	0.0690435111525	0.191508057047	21.1324636610
5260.00000000	0.178629003462	0.0690434809265	0.191508023686	21.1324578238
5260.00000000	0.178628660327	0.0690434638987	0.191507697488	21.1324900835
5260.00000000	0.178627973375	0.0690433948709	0.191507031848	21.1325449174
5260.00000000	0.178627075459	0.0690432328071	0.191506135890	21.1325965441
5260.00000000	0.178626373022	0.0690430264443	0.191505406294	21.1326147236
5260.00000000	0.178626228310	0.0690428552709	0.191505209600	21.1325825644
5260.00000000	0.178626563054	0.0690427452646	0.191505482173	21.1325157583
5260.00000000	0.178626975852	0.0690426536883	0.191505834194	21.1324456764
5260.00000000	0.178627237076	0.0690425123468	0.191506026894	21.1323780563
5260.00000000	0.178627507183	0.0690423136209	0.191506207191	21.1322934643
5260.00000000	0.178628026844	0.0690421362016	0.191506627941	21.1321879009
5260.00000000	0.178628723107	0.0690421362251	0.191507277390	21.1321128073
5260.00000000	0.178629275379	0.0690424292466	0.191507898162	21.1321350100
5260.00000000	0.178629339099	0.0690429545469	0.191508146979	21.1322747287
5260.00000000	0.178628761550	0.0690435015244	0.191507805469	21.1324896652
5260.00000000	0.178627877493	0.0690438287077	0.191507098825	21.1326763274
5260.00000000	0.178627166761	0.0690438127122	0.191506430124	21.1327485265
5260.00000000	0.178626461061	0.0690435024850	0.191505660038	21.1327380736
5260.00000000	0.178625104031	0.0690430503245	0.191504231254	21.1327582683
5260.00000000	0.178623051524	0.0690426691835	0.191502179370	21.1328733021
5260.00000000	0.178621214327	0.0690425576511	0.191500425521	21.1330403532
5260.00000000	0.178620571512	0.0690427259379	0.191499886611	21.1331566580
5260.00000000	0.178621128840	0.0690429588545	0.191500490431	21.1331615391
5260.00000000	0.178622145160	0.0690430546973	0.191501472954	21.1330786558
5260.00000000	0.178623069396	0.0690429979969	0.191502314588	21.1329631361
5260.00000000	0.178623716571	0.0690428416065	0.191502861855	21.1328496828
5260.00000000	0.178624174028	0.0690426459668	0.191503218013	21.1327457414
5260.00000000	0.178624796704	0.0690424702820	0.191503735473	21.1326295475
5260.00000000	0.178625659632	0.0690423606997	0.191504500861	21.1325058866
5260.00000000	0.178626240701	0.0690423779870	0.191505049085	21.1324480341
5260.00000000	0.178626015449	0.0690425481916	0.191504900345	21.1325198291
5260.00000000	0.178625095655	0.0690428212875	0.191504140866	21.1326952551
5260.00000000	0.178623948118	0.0690431072381	0.191503173599	21.1328988358
5260.00000000	0.178622749867	0.0690433229859	0.191502133719	21.1330882977
5260.00000000	0.178621475353	0.0690434563592	0.191500993009	21.1332629998
5260.00000000	0.178620354221	0.0690435188241	0.191499969801	21.1334013698
5260.00000000	0.178619718534	0.0690435365512	0.191499383259	21.1334748900
5260.00000000	0.178619715163	0.0690435777023	0.191499394951	21.1334867378
5260.00000000	0.178620247500	0.0690436424161	0.191499914817	21.1334473732
5260.00000000	0.178621232760	0.0690436769631	0.191500846268	21.1333507326
5260.00000000	0.178622663185	0.0690436732327	0.191502179143	21.1331953912
5260.00000000	0.178624209662	0.0690436512268	0.191503613679	21.1330224334
5260.00000000	0.178625359051	0.0690436175364	0.191504673621	21.1328890500
5260.00000000	0.178626031587	0.0690435744341	0.191505285387	21.1328044776
5260.00000000	0.178626463540	0.0690435331614	0.191505673410	21.1327463669
5260.00000000	0.178626790357	0.0690435249560	0.191505975290	21.1327088249
5260.00000000	0.178627138001	0.0690436042948	0.191506328157	21.1326934670
5260.00000000	0.178627462079	0.0690437491987	0.191506682683	21.1326989477
5260.00000000	0.178627474717	0.0690438451078	0.191506729049	21.1327243493
5260.00000000	0.178627064772	0.0690438964783	0.191506365194	21.1327829037
5260.00000000	0.178626407389	0.0690439931285	0.191505786868	21.1328807843
5260.00000000	0.178625895901	0.0690441822710	0.191505377971	21.1329887396
5260.00000000	0.178625754122	0.0690443969114	0.191505323112	21.1330639316
5260.00000000	0.178625673389	0.0690445523559	0.191505303853	21.1331160190
5260.00000000	0.178625093750	0.0690446679844	0.191504804885	21.1332108113
5260.00000000	0.178623844350	0.0690448093153	0.191503690470	21.1333850234
5260.00000000	0.178622305783	0.0690449491236	0.191502305790	21.1335900054
5260.00000000	0.178621006961	0.0690449979187	0.191501111917	21.1337437293
5260.00000000	0.178620307599	0.0690449002574	0.191500424382	21.1337919174
5260.00000000	0.178620212923	0.0690447045837	0.191500265524	21.1337475237
5270.00000000	0.00691727888709	0.0126994681499	0.0144611631100	61.4232924846
5270.00000000	0.00691726388650	0.0126995040680	0.0144611874771	61.4234127485
5270.00000000	0.00691726853448	0.0126995584433	0.0144612374517	61.4234996268
5270.00000000	0.00691729872885	0.0126996175163	0.0144613037712	61.4235065223
5270.00000000	0.00691734293461	0.0126996746726	0.0144613751097	61.4234610350
5270.00000000	0.00691738246791	0.0126997214389	0.0144614350889	61.4234121147
5270.00000000	0.00691741421078	0.0126997531688	0.0144614781371	61.4233618040
5270.00000000	0.00691744582756	0.0126997773404	0.0144615144876	61.4232976084
5270.00000000	0.00691746838347	0.0126997932923	0.0144615392854	61.4232493608
5270.00000000	0.00691747431576	0.0126998007216	0.0144615486473	61.4232428002
5270.00000000	0.00691747466718	0.0126998101423	0.0144615570884	61.4232594311
5270.00000000	0.00691748196279	0.0126998229224	0.0144615718014	61.4232582676
5270.00000000	0.00691748860460	0.0126998197397	0.0144615721834	61.4232291273
5270.00000000	0.00691747201022	0.0126997789030	0.0144615283839	61.4232094726
5270.00000000	0.00691742110082	0.0126997005943	0.0144614352632	61.4232381951
5270.00000000	0.00691735236697	0.0126996102219	0.0144613230223	61.4233060726
5270.00000000	0.00691730130648	0.0126995505646	0.0144612462087	61.4233706697
5270.00000000	0.00691729371686	0.0126995540445	0.0144612456343	61.4234036717
5270.00000000	0.00691733825895	0.0126996126047	0.0144613183665	61.4233596751
5270.00000000	0.00691742475376	0.0126996924592	0.0144614298665	61.4232100682
5270.00000000	0.00691752010942	0.0126997652579	0.0144615394087	61.4230162623
5270.00000000	0.00691758839854	0.0126998183408	0.0144616186903	61.4228792664
5270.00000000	0.00691762058048	0.0126998537370	0.0144616651681	61.4228343783
5270.00000000	0.00691762515960	0.0126998745626	0.0144616856471	61.4228579140
5270.00000000	0.00691761376401	0.0126998830521	0.0144616876513	61.4229136508
5270.00000000	0.00691760235212	0.0126998804237	0.0144616798844	61.4229483743
5270.00000000	0.00691759769410	0.0126998674431	0.0144616662570	61.4229399806
5270.00000000	0.00691759478012	0.0126998541046	0.0144616531496	61.4229248408
5270.00000000	0.00691759032553	0.0126998559936	0.0144616526777	61.4229439194
5270.00000000	0.00691758170562	0.0126998718671	0.0144616624942	61.4230039927
5270.00000000	0.00691757149547	0.0126998974962	0.0144616801171	61.4230880869
5270.00000000	0.00691756908711	0.0126999360896	0.0144617128569	61.4231696055
5270.00000000	0.00691758219876	0.0126999799208	0.0144617576202	61.4232070522
5270.00000000	0.00691761167153	0.0127000133521	0.0144618010767	61.4231678657
5270.00000000	0.00691765649482	0.0127000341721	0.0144618408010	61.4230513719
5270.00000000	0.00691770937233	0.0127000557124	0.0144618850105	61.4229082217
5270.00000000	0.00691775736607	0.0127000806125	0.0144619298345	61.4227884312
5270.00000000	0.00691779365270	0.0127001029826	0.0144619668369	61.4227045778
5270.00000000	0.00691782530384	0.0127001263882	0.0144620025311	61.4226388145
5270.00000000	0.00691785649780	0.0127001485214	0.0144620368894	61.4225722311
5270.00000000	0.00691787310321	0.0127001607822	0.0144620555996	61.4225376941
5270.00000000	0.00691786144489	0.0127001545278	0.0144620445305	61.4225664023
5270.00000000	0.00691782772308	0.0127001341347	0.0144620104912	61.4226450782
5270.00000000	0.00691779299880	0.0127001138565	0.0144619760732	61.4227274600
5270.00000000	0.00691778419824	0.0127001030864	0.0144619624055	61.4227376681
5270.00000000	0.00691780478364	0.0127000914327	0.0144619620185	61.4226439630
5270.00000000	0.00691783386026	0.0127000686743	0.0144619559414	61.4224996706
5270.00000000	0.00691786193333	0.0127000434388	0.0144619472090	61.4223541753
5270.00000000	0.00691790317588	0.0127000410316	0.0144619648235	61.4222061241
5270.00000000	0.00691796309672	0.0127000825422	0.0144620299401	61.4220763197
5270.00000000	0.00691802606433	0.0127001601795	0.0144621282394	61.4220043815
5270.00000000	0.00691806951888	0.0127002404605	0.0144622195262	61.4220053422
5270.00000000	0.00691807845899	0.0127002902050	0.0144622674867	61.4220685105
5270.00000000	0.00691804334888	0.0127002923973	0.0144622526169	61.4221948160
5270.00000000	0.00691797447571	0.0127002540725	0.0144621860157	61.4223618023
5270.00000000	0.00691790288519	0.0127001970641	0.0144621017074	61.4225028368
5270.00000000	0.00691785494953	0.0127001512134	0.0144620385128	61.4225827194
5270.00000000	0.00691781616072	0.0127001202979	0.0144619928092	61.4226590831
5270.00000000	0.00691774609005	0.0127000680274	0.0144619133889	61.4228038123
5270.00000000	0.00691764123305	0.0126999778534	0.0144617840430	61.4229977404
5270.00000000	0.00691755246843	0.0126998915845	0.0144616658242	61.4231430833
5270.00000000	0.00691753157485	0.0126998624124	0.0144616302118	61.4231604926
5270.00000000	0.00691758076149	0.0126998960895	0.0144616833140	61.4230531821
5270.00000000	0.00691766269534	0.0126999653153	0.0144617832986	61.4228993072
5270.00000000	0.00691774261522	0.0127000474620	0.0144618936667	61.4227769281
5270.00000000	0.00691780283878	0.0127001232464	0.0144619890261	61.4227110201
5270.00000000	0.00691784539542	0.0127001866245	0.0144620650397	61.4226830674
5270.00000000	0.00691789153038	0.0127002550597	0.0144621472060	61.4226522493
5270.00000000	0.00691794835449	0.0127003306708	0.0144622407871	61.4225978418
5270.00000000	0.00691798174603	0.0127003790292	0.0144622992268	61.4225733128
5270.00000000	0.00691795235780	0.0127003701426	0.0144622773651	61.4226587162
5270.00000000	0.00691786780451	0.0127003197892	0.0144621927005	61.4228574621
5270.00000000	0.00691776703233	0.0127002531372	0.0144620859651	61.4230817514
5270.00000000	0.00691766926676	0.0127001741863	0.0144619698674	61.4232722761
5270.00000000	0.00691757359279	0.0127000856508	0.0144618463534	61.4234373630
5270.00000000	0.00691749180074	0.0127000151909	0.0144617453532	61.4235884089
5270.00000000	0.00691744211398	0.0126999848090	0.0144616949058	61.4237037054
5270.00000000	0.00691742575812	0.0126999785116	0.0144616815521	61.4237486778
5270.00000000	0.00691744036868	0.0126999785875	0.0144616886074	61.4236979875
5270.00000000	0.00691749300714	0.0126999871398	0.0144617212964	61.4235310522
5270.00000000	0.00691758462252	0.0127000123672	0.0144617872733	61.4232601087
5270.00000000	0.00691768620535	0.0127000446163	0.0144618641846	61.4229677960
5270.00000000	0.00691776247555	0.0127000637232	0.0144619174470	61.4227386473
5270.00000000	0.00691780704376	0.0127000604563	0.0144619358970	61.4225773955
5270.00000000	0.00691783452417	0.0127000391698	0.0144619303489	61.4224414457
5270.00000000	0.00691786344439	0.0127000164972	0.0144619242725	61.4222978598
5270.00000000	0.00691790863366	0.0127000096428	0.0144619398696	61.4221276492
5270.00000000	0.00691796721650	0.0127000212565	0.0144619780916	61.4219458406
5270.00000000	0.00691801275650	0.0127000308972	0.0144620083422	61.4218056717
5270.00000000	0.00691801465423	0.0127000209087	0.0144620004784	61.4217801394
5270.00000000	0.00691796984547	0.0126999987824	0.0144619596133	61.4218941020
5270.00000000	0.00691790073198	0.0126999838192	0.0144619134123	61.4221062005
5270.00000000	0.00691783765197	0.0126999765753	0.0144618768765	61.4223119381
5270.00000000	0.00691778816487	0.0126999580466	0.0144618369331	61.4224489981
5270.00000000	0.00691773301276	0.0126999220144	0.0144617789088	61.4225725969
5270.00000000	0.00691766329365	0.0126998821974	0.0144617105929	61.4227397058
5270.00000000	0.00691759662627	0.0126998612585	0.0144616603150	61.4229319752
5270.00000000	0.00691755399680	0.0126998716492	0.0144616490486	61.4230999858
5270.00000000	0.00691753983423	0.0126999015436	0.0144616685267	61.4232059146
5270.00000000	0.00691754647658	0.0126999270105	0.0144616940684	61.4232310671
5274.00000000	0.00512790943096	0.00322760068602	0.00605911390556	32.1870674338
5274.00000000	0.00512785443418	0.00322761081896	0.00605907275883	32.1874255553
5274.00000000	0.00512782308187	0.00322762024957	0.00605905124870	32.1876589567
5274.00000000	0.00512781678272	0.00322762186862	0.00605904678014	32.1877036444
5274.00000000	0.00512782934506	0.00322761299064	0.00605905268251	32.1875693149
5274.00000000	0.00512784561287	0.00322759817998	0.00605905856060	32.1873688419
5274.00000000	0.00512785508117	0.00322758069988	0.00605905726229	32.1871812564
5274.00000000	0.00512786324787	0.00322756407545	0.00605905531829	32.1870070751
5274.00000000	0.00512787422366	0.00322754466863	0.00605905426958	32.1867964765
5274.00000000	0.00512788877764	0.00322751216596	0.00605904927338	32.1864630483
5274.00000000	0.00512791272828	0.00322746938471	0.00605904675490	32.1860000281
5274.00000000	0.00512794618127	0.00322742471385	0.00605905127240	32.1854740217
5274.00000000	0.00512797971971	0.00322738180924	0.00605905680352	32.1849617212
5274.00000000	0.00512800775929	0.00322734289536	0.00605905980689	32.1845090569
5274.00000000	0.00512802775642	0.00322730380343	0.00605905590915	32.1840954760
5274.00000000	0.00512804576936	0.00322726224004	0.00605904901603	32.1836721088
5274.00000000	0.00512807531428	0.00322722864733	0.00605905612873	32.1832544493
5274.00000000	0.00512811610925	0.00322721184007	0.00605908170358	32.1829144675
5274.00000000	0.00512816323869	0.00322720908155	0.00605912012249	32.1826550205
5274.00000000	0.00512821440462	0.00322721069885	0.00605916428846	32.1824102676
5274.00000000	0.00512826124457	0.00322720374467	0.00605920022793	32.1821187066
5274.00000000	0.00512829902760	0.00322717978389	0.00605921944429	32.1817366559
5274.00000000	0.00512833272717	0.00322713851726	0.00605922598771	32.1812366707
5274.00000000	0.00512836435077	0.00322708496761	0.00605922423272	32.1806488373
5274.00000000	0.00512839703496	0.00322702614232	0.00605922056633	32.1800134395
5274.00000000	0.00512843692852	0.00322696478909	0.00605922165627	32.1793215029
5274.00000000	0.00512848900820	0.00322689900422	0.00605923070123	32.1785327303
5274.00000000	0.00512854255624	0.00322683061993	0.00605923960583	32.1777157614
5274.00000000	0.00512857975444	0.00322677069613	0.00605923917856	32.1770488407
5274.00000000	0.00512859724740	0.00322672692669	0.00605923067604	32.1766104402
5274.00000000	0.00512860303616	0.00322669442168	0.00605921826587	32.1763211322
5274.00000000	0.00512860536247	0.00322666364874	0.00605920384754	32.1760631213
5274.00000000	0.00512861689768	0.00322663236557	0.00605919695222	32.1757546539
5274.00000000	0.00512864303825	0.00322660670254	0.00605920541216	32.1754176236
5274.00000000	0.00512867683941	0.00322658858275	0.00605922437326	32.1751023945
5274.00000000	0.00512871148947	0.00322657360408	0.00605924572573	32.1748080338
5274.00000000	0.00512874645990	0.00322655876461	0.00605926742366	32.1745131761
5274.00000000	0.00512877685719	0.00322654252438	0.00605928450500	32.1742301358
5274.00000000	0.00512880131955	0.00322652103156	0.00605929376598	32.1739349400
5274.00000000	0.00512881735462	0.00322649696967	0.00605929452596	32.1736616151
5274.00000000	0.00512882054438	0.00322648359069	0.00605929010177	32.1735384716
5274.00000000	0.00512880742261	0.00322648005704	0.00605927711338	32.1735762585
5274.00000000	0.00512877464937	0.00322646842591	0.00605924317942	32.1736481827
5274.00000000	0.00512873154965	0.00322644712573	0.00605919535611	32.1736947134
5274.00000000	0.00512869506073	0.00322642731118	0.00605915391951	32.1737198488
5274.00000000	0.00512867224167	0.00322640650785	0.00605912352708	32.1736682388
5274.00000000	0.00512866019147	0.00322637663771	0.00605909742189	32.1734898328
5274.00000000	0.00512865822564	0.00322634019584	0.00605907635327	32.1732080472
5274.00000000	0.00512867064978	0.00322630694371	0.00605906916357	32.1728793343
5274.00000000	0.00512869234710	0.00322628729085	0.00605907706456	32.1726127797
5274.00000000	0.00512872016575	0.00322628845731	0.00605910123272	32.1724820457
5274.00000000	0.00512875812789	0.00322630544583	0.00605914241161	32.1724268810
5274.00000000	0.00512880188859	0.00322631821379	0.00605918625139	32.1723087395
5274.00000000	0.00512883336244	0.00322630958990	0.00605920830056	32.1720812428
5274.00000000	0.00512884219651	0.00322628012247	0.00605920008791	32.1718009045
5274.00000000	0.00512884064193	0.00322624233346	0.00605917865098	32.1715062645
5274.00000000	0.00512884340002	0.00322620959967	0.00605916355637	32.1712303714
5274.00000000	0.00512884568972	0.00322619064113	0.00605915540004	32.1710670953
5274.00000000	0.00512883158766	0.00322619182317	0.00605914409257	32.1711475588
5274.00000000	0.00512880343823	0.00322620909186	0.00605912945995	32.1714275111
5274.00000000	0.00512878198572	0.00322622396378	0.00605911921995	32.1716545616
5274.00000000	0.00512878626655	0.00322621989089	0.00605912067484	32.1716004074
5274.00000000	0.00512881837738	0.00322619485209	0.00605913452333	32.1712383154
5274.00000000	0.00512886222520	0.00322615717881	0.00605915157984	32.1707160018
5274.00000000	0.00512889990862	0.00322611733621	0.00605916226384	32.1702073636
5274.00000000	0.00512891793612	0.00322608612190	0.00605916090407	32.1698667519
5274.00000000	0.00512891648313	0.00322607105720	0.00605915165324	32.1697534847
5274.00000000	0.00512891862026	0.00322606877071	0.00605915224487	32.1697244231
5274.00000000	0.00512893962431	0.00322606517457	0.00605916810960	32.1695898900
5274.00000000	0.00512896851940	0.00322605400231	0.00605918662023	32.1693549875
5274.00000000	0.00512898990614	0.00322604132618	0.00605919797462	32.1691458504
5274.00000000	0.00512899917139	0.00322602939088	0.00605919946288	32.1690036700
5274.00000000	0.00512899970324	0.00322601928954	0.00605919453495	32.1689201378
5274.00000000	0.00512899070772	0.00322601596416	0.00605918514991	32.1689388087
5274.00000000	0.00512896999598	0.00322602053535	0.00605917005159	32.1690796728
5274.00000000	0.00512894513394	0.00322602751733	0.00605915272374	32.1692607296
5274.00000000	0.00512892370418	0.00322603085217	0.00605913635945	32.1693953140
5274.00000000	0.00512890930527	0.00322602392386	0.00605912048229	32.1694123507
5274.00000000	0.00512890930853	0.00322600451659	0.00605911015218	32.1692569906
5274.00000000	0.00512892593034	0.00322597930269	0.00605911079782	32.1689714828
5274.00000000	0.00512895033364	0.00322595586684	0.00605911897719	32.1686610310
5274.00000000	0.00512897681344	0.00322593870831	0.00605913225657	32.1683903725
5274.00000000	0.00512900097896	0.00322592227343	0.00605914396234	32.1681371588
5274.00000000	0.00512901268087	0.00322589494158	0.00605913931632	32.1678594685
5274.00000000	0.00512901109443	0.00322585523936	0.00605911683599	32.1675496575
5274.00000000	0.00512900424121	0.00322581404939	0.00605908910544	32.1672544504
5274.00000000	0.00512899250041	0.00322578613922	0.00605906430774	32.1670901471
5274.00000000	0.00512897487587	0.00322577322667	0.00605904251407	32.1670755152
5274.00000000	0.00512896487998	0.00322576479450	0.00605902956334	32.1670583415
5274.00000000	0.00512897452799	0.00322575433021	0.00605903215931	32.1669260057
5274.00000000	0.00512899883417	0.00322574452945	0.00605904751675	32.1667251868
5274.00000000	0.00512902843769	0.00322574383441	0.00605907220619	32.1665705893
5274.00000000	0.00512906019098	0.00322575496571	0.00605910501159	32.1664998364
5274.00000000	0.00512908443720	0.00322576307823	0.00605912985508	32.1664427125
5274.00000000	0.00512908575079	0.00322574611745	0.00605912193748	32.1663003344
5274.00000000	0.00512906672076	0.00322570003207	0.00605908129364	32.1660272361
5274.00000000	0.00512904665413	0.00322564903489	0.00605903715755	32.1657200345
5274.00000000	0.00512903733536	0.00322562169943	0.00605901471655	32.1655481310
5274.00000000	0.00512903396989	0.00322562632739	0.00605901433141	32.1656021198
5274.00000000	0.00512903331350	0.00322565455085	0.00605902880109	32.1658313488
