DevNumber	X [V]	Y [V]	R [V]	Theta [°]
4253.00000000	-0.0257773326405	-0.0370879826689	0.0451662411155	-124.800534574
4253.00000000	-0.0257773074915	-0.0370878810694	0.0451661433347	-124.800581934
4253.00000000	-0.0257773836668	-0.0370878521274	0.0451661630441	-124.800682237
4253.00000000	-0.0257775148871	-0.0370878572362	0.0451662421299	-124.800815225
4253.00000000	-0.0257776594546	-0.0370878848409	0.0451663473056	-124.800945830
4253.00000000	-0.0257778137609	-0.0370879627439	0.0451664993417	-124.801050162
4253.00000000	-0.0257779426466	-0.0370880734449	0.0451666638014	-124.801104269
4253.00000000	-0.0257780110342	-0.0370881723477	0.0451667840451	-124.801103900
4253.00000000	-0.0257780484842	-0.0370882355110	0.0451668572846	-124.801097180
4253.00000000	-0.0257781062400	-0.0370882678050	0.0451669167655	-124.801133960
4253.00000000	-0.0257781856735	-0.0370882884563	0.0451669790581	-124.801201750
4253.00000000	-0.0257782742699	-0.0370883248827	0.0451670595339	-124.801267663
4253.00000000	-0.0257783895980	-0.0370884076967	0.0451671933569	-124.801327836
4253.00000000	-0.0257785404965	-0.0370885369322	0.0451673855996	-124.801391452
4253.00000000	-0.0257786965103	-0.0370886836148	0.0451675950882	-124.801447763
4253.00000000	-0.0257788205263	-0.0370888081022	0.0451677680893	-124.801486814
4253.00000000	-0.0257788881877	-0.0370888615114	0.0451678505622	-124.801518624
4253.00000000	-0.0257788886081	-0.0370888272348	0.0451678226564	-124.801543877
4253.00000000	-0.0257788441764	-0.0370887526461	0.0451677360503	-124.801551598
4253.00000000	-0.0257788228873	-0.0370887123201	0.0451676907868	-124.801558618
4253.00000000	-0.0257788912460	-0.0370887547892	0.0451677646744	-124.801599074
4253.00000000	-0.0257790594802	-0.0370888892547	0.0451679711060	-124.801676958
4253.00000000	-0.0257792668407	-0.0370890747229	0.0451682417484	-124.801758671
4253.00000000	-0.0257794241417	-0.0370892319067	0.0451684605948	-124.801808718
4253.00000000	-0.0257794849606	-0.0370892989840	0.0451685503859	-124.801823504
4253.00000000	-0.0257794602935	-0.0370892721462	0.0451685142700	-124.801817241
4253.00000000	-0.0257794148742	-0.0370892082109	0.0451684358482	-124.801816220
4253.00000000	-0.0257794236826	-0.0370891721512	0.0451684112657	-124.801851501
4253.00000000	-0.0257794985849	-0.0370891719918	0.0451684538846	-124.801929635
4253.00000000	-0.0257795444933	-0.0370891386172	0.0451684526815	-124.802001615
4253.00000000	-0.0257794615155	-0.0370890021415	0.0451682932585	-124.802013992
4253.00000000	-0.0257792192801	-0.0370887618745	0.0451679577143	-124.801935629
4253.00000000	-0.0257788495992	-0.0370884615948	0.0451675001536	-124.801767964
4253.00000000	-0.0257784618735	-0.0370881808193	0.0451670483101	-124.801567378
4253.00000000	-0.0257781729619	-0.0370879944674	0.0451667303982	-124.801401355
4253.00000000	-0.0257780158370	-0.0370879074622	0.0451665692788	-124.801300679
4253.00000000	-0.0257779104390	-0.0370878347137	0.0451664493883	-124.801243561
4253.00000000	-0.0257777968156	-0.0370877303376	0.0451662988329	-124.801200773
4253.00000000	-0.0257777324633	-0.0370876591714	0.0451662036678	-124.801185264
4253.00000000	-0.0257777909608	-0.0370876909530	0.0451662631512	-124.801223189
4253.00000000	-0.0257779319918	-0.0370877837697	0.0451664198572	-124.801302895
4253.00000000	-0.0257780689804	-0.0370878447674	0.0451665481286	-124.801401426
4253.00000000	-0.0257781687643	-0.0370878358927	0.0451665977913	-124.801511791
4253.00000000	-0.0257782383920	-0.0370877821727	0.0451665934190	-124.801623212
4253.00000000	-0.0257782891314	-0.0370877380947	0.0451665861841	-124.801707977
4253.00000000	-0.0257783533217	-0.0370877496816	0.0451666323343	-124.801766451
4253.00000000	-0.0257784344906	-0.0370878031068	0.0451667225297	-124.801812320
4253.00000000	-0.0257784512644	-0.0370878262221	0.0451667510838	-124.801813056
4253.00000000	-0.0257783381558	-0.0370877777072	0.0451666466913	-124.801730363
4253.00000000	-0.0257781500126	-0.0370877014863	0.0451664767234	-124.801589569
4253.00000000	-0.0257780350519	-0.0370876931483	0.0451664042647	-124.801475857
4253.00000000	-0.0257780857476	-0.0370877893684	0.0451665122081	-124.801459001
4253.00000000	-0.0257782918454	-0.0370879568342	0.0451667673473	-124.801552436
4253.00000000	-0.0257786089147	-0.0370881763332	0.0451671285483	-124.801723789
4253.00000000	-0.0257789552755	-0.0370884292371	0.0451675338974	-124.801901465
4253.00000000	-0.0257792039496	-0.0370886366402	0.0451678461309	-124.802010329
4253.00000000	-0.0257792753170	-0.0370887224082	0.0451679572899	-124.802022570
4253.00000000	-0.0257791802711	-0.0370886817701	0.0451678696740	-124.801952992
4253.00000000	-0.0257790063922	-0.0370885629403	0.0451676728595	-124.801857909
4253.00000000	-0.0257788862486	-0.0370884541471	0.0451675149553	-124.801811531
4253.00000000	-0.0257788825881	-0.0370884207645	0.0451674854546	-124.801831887
4253.00000000	-0.0257789443492	-0.0370884462376	0.0451675416209	-124.801877776
4253.00000000	-0.0257789782016	-0.0370884689192	0.0451675795664	-124.801896616
4253.00000000	-0.0257789348743	-0.0370884391194	0.0451675303683	-124.801873060
4253.00000000	-0.0257788296343	-0.0370883375890	0.0451673869338	-124.801836947
4253.00000000	-0.0257786800373	-0.0370881676008	0.0451671619702	-124.801804194
4253.00000000	-0.0257785000532	-0.0370879638864	0.0451668919701	-124.801764207
4253.00000000	-0.0257783407683	-0.0370878059313	0.0451666713580	-124.801712650
4253.00000000	-0.0257782651065	-0.0370877658030	0.0451665952243	-124.801662890
4253.00000000	-0.0257782647042	-0.0370878419012	0.0451666574815	-124.801607376
4253.00000000	-0.0257782610922	-0.0370879717172	0.0451667620163	-124.801509627
4253.00000000	-0.0257781796948	-0.0370880640413	0.0451667913705	-124.801357997
4253.00000000	-0.0257779937628	-0.0370880432815	0.0451666682066	-124.801179352
4253.00000000	-0.0257777439818	-0.0370879032915	0.0451664106982	-124.801020520
4253.00000000	-0.0257775498210	-0.0370877350330	0.0451661617215	-124.800940090
4253.00000000	-0.0257775191960	-0.0370876411746	0.0451660671721	-124.800976142
4253.00000000	-0.0257776103538	-0.0370876124900	0.0451660956444	-124.801091865
4253.00000000	-0.0257776967024	-0.0370875646139	0.0451661056133	-124.801216474
4253.00000000	-0.0257777441283	-0.0370874744292	0.0451660586268	-124.801331170
4253.00000000	-0.0257777965343	-0.0370874068760	0.0451660330663	-124.801434668
4253.00000000	-0.0257778945119	-0.0370874374794	0.0451661141150	-124.801514570
4253.00000000	-0.0257780421269	-0.0370875610113	0.0451662998004	-124.801578895
4253.00000000	-0.0257781960863	-0.0370877103843	0.0451665103258	-124.801631119
4253.00000000	-0.0257782748889	-0.0370878041511	0.0451666322964	-124.801645316
4253.00000000	-0.0257782302842	-0.0370877932703	0.0451665979043	-124.801606732
4253.00000000	-0.0257781225434	-0.0370877292176	0.0451664838169	-124.801540878
4253.00000000	-0.0257780484527	-0.0370876995780	0.0451664171926	-124.801485161
4253.00000000	-0.0257780571576	-0.0370877466525	0.0451664608153	-124.801460146
4253.00000000	-0.0257781577170	-0.0370878651906	0.0451666155438	-124.801479072
4253.00000000	-0.0257783298498	-0.0370880358191	0.0451668538949	-124.801534837
4253.00000000	-0.0257785110045	-0.0370882258523	0.0451671133291	-124.801585951
4253.00000000	-0.0257786351049	-0.0370883989069	0.0451673262586	-124.801589927
4253.00000000	-0.0257786778555	-0.0370885311551	0.0451674592513	-124.801538711
4253.00000000	-0.0257786806462	-0.0370886241633	0.0451675372163	-124.801474281
4253.00000000	-0.0257786941171	-0.0370886809649	0.0451675915464	-124.801447189
4253.00000000	-0.0257787002339	-0.0370886623355	0.0451675797402	-124.801467048
4253.00000000	-0.0257786517042	-0.0370885350436	0.0451674475188	-124.801508656
4253.00000000	-0.0257785691638	-0.0370883485365	0.0451672472628	-124.801557709
4253.00000000	-0.0257785360949	-0.0370882109541	0.0451671154157	-124.801622872
4253.00000000	-0.0257785843530	-0.0370881713008	0.0451671103978	-124.801701848
5260.00000000	-0.0579238753599	-0.0175293833482	0.0605182172347	-163.162718132
5260.00000000	-0.0579237421059	-0.0175293013822	0.0605180659514	-163.162755864
5260.00000000	-0.0579238118879	-0.0175292397660	0.0605181148947	-163.162830835
5260.00000000	-0.0579239905159	-0.0175291905056	0.0605182715968	-163.162924459
5260.00000000	-0.0579241996911	-0.0175291733594	0.0605184668388	-163.162997357
5260.00000000	-0.0579243873281	-0.0175291909553	0.0605186515289	-163.163032867
5260.00000000	-0.0579244449906	-0.0175292132372	0.0605187131736	-163.163028489
5260.00000000	-0.0579242926574	-0.0175292050821	0.0605185650084	-163.162994105
5260.00000000	-0.0579240204521	-0.0175291461182	0.0605182873929	-163.162972890
5260.00000000	-0.0579238109670	-0.0175290644492	0.0605180632324	-163.162989450
5260.00000000	-0.0579238084261	-0.0175290164911	0.0605180469094	-163.163032211
5260.00000000	-0.0579240557209	-0.0175290180090	0.0605182840431	-163.163098650
5260.00000000	-0.0579244815863	-0.0175290408465	0.0605186982679	-163.163194738
5260.00000000	-0.0579249442736	-0.0175290574747	0.0605191459379	-163.163306548
5260.00000000	-0.0579253352224	-0.0175290406293	0.0605195152493	-163.163429017
5260.00000000	-0.0579256142434	-0.0175289816105	0.0605197652158	-163.163559008
5260.00000000	-0.0579257878253	-0.0175289304749	0.0605199165463	-163.163652942
5260.00000000	-0.0579258692991	-0.0175289435336	0.0605199983102	-163.163663450
5260.00000000	-0.0579258632750	-0.0175290130312	0.0605200126735	-163.163598823
5260.00000000	-0.0579257873689	-0.0175290895161	0.0605199621743	-163.163508703
5260.00000000	-0.0579256903421	-0.0175291549389	0.0605198882557	-163.163422814
5260.00000000	-0.0579256240747	-0.0175292162149	0.0605198425771	-163.163349118
5260.00000000	-0.0579256101259	-0.0175292690162	0.0605198445198	-163.163297447
5260.00000000	-0.0579256422286	-0.0175293016009	0.0605198846844	-163.163276724
5260.00000000	-0.0579256478442	-0.0175292910107	0.0605198869918	-163.163287860
5260.00000000	-0.0579255230925	-0.0175292051138	0.0605197427082	-163.163331486
5260.00000000	-0.0579253064426	-0.0175290413502	0.0605194879119	-163.163420472
5260.00000000	-0.0579251702511	-0.0175288530882	0.0605193030297	-163.163553720
5260.00000000	-0.0579252100121	-0.0175287049152	0.0605192981697	-163.163698891
5260.00000000	-0.0579252969401	-0.0175286219383	0.0605193573384	-163.163797917
5260.00000000	-0.0579252163001	-0.0175285895610	0.0605192707773	-163.163805144
5260.00000000	-0.0579248636012	-0.0175285825475	0.0605189311649	-163.163714786
5260.00000000	-0.0579243030725	-0.0175285797153	0.0605183938425	-163.163563647
5260.00000000	-0.0579237250910	-0.0175285604096	0.0605178350443	-163.163422647
5260.00000000	-0.0579232916062	-0.0175285424771	0.0605174149470	-163.163320026
5260.00000000	-0.0579230509903	-0.0175285404011	0.0605171840441	-163.163255924
5260.00000000	-0.0579229133468	-0.0175285139487	0.0605170446390	-163.163242149
5260.00000000	-0.0579227944871	-0.0175284434895	0.0605169104660	-163.163273403
5260.00000000	-0.0579227309698	-0.0175283764631	0.0605168302577	-163.163316724
5260.00000000	-0.0579227479569	-0.0175283649806	0.0605168431907	-163.163331787
5260.00000000	-0.0579228082880	-0.0175284225269	0.0605169176037	-163.163296184
5260.00000000	-0.0579228848553	-0.0175285336576	0.0605170230773	-163.163216475
5260.00000000	-0.0579229941703	-0.0175286668287	0.0605171662790	-163.163125775
5260.00000000	-0.0579231600948	-0.0175287897563	0.0605173606967	-163.163059882
5260.00000000	-0.0579233868171	-0.0175288906476	0.0605176069231	-163.163030630
5260.00000000	-0.0579236612065	-0.0175289700417	0.0605178925466	-163.163033930
5260.00000000	-0.0579239180857	-0.0175290106267	0.0605181501696	-163.163067597
5260.00000000	-0.0579240344868	-0.0175290156727	0.0605182630425	-163.163094944
5260.00000000	-0.0579239472845	-0.0175290078813	0.0605181773215	-163.163078092
5260.00000000	-0.0579236850107	-0.0175289658507	0.0605179141165	-163.163044256
5260.00000000	-0.0579233795649	-0.0175288588846	0.0605175907817	-163.163057424
5260.00000000	-0.0579231939065	-0.0175287108203	0.0605173701953	-163.163140684
5260.00000000	-0.0579232488263	-0.0175286081543	0.0605173930240	-163.163248779
5260.00000000	-0.0579235733276	-0.0175286127236	0.0605177049387	-163.163333625
5260.00000000	-0.0579240724888	-0.0175287032110	0.0605182089122	-163.163388508
5260.00000000	-0.0579245476993	-0.0175288113635	0.0605186950783	-163.163420816
5260.00000000	-0.0579248649417	-0.0175288847306	0.0605190199723	-163.163441327
5260.00000000	-0.0579249997247	-0.0175289117891	0.0605191568152	-163.163453768
5260.00000000	-0.0579249789707	-0.0175288981024	0.0605191329865	-163.163460479
5260.00000000	-0.0579249237999	-0.0175288544637	0.0605190675410	-163.163484894
5260.00000000	-0.0579249244864	-0.0175288093232	0.0605190551235	-163.163525986
5260.00000000	-0.0579249290945	-0.0175287795868	0.0605190509212	-163.163554196
5260.00000000	-0.0579248050816	-0.0175287603482	0.0605189266518	-163.163537623
5260.00000000	-0.0579244873933	-0.0175287314230	0.0605186142032	-163.163476718
5260.00000000	-0.0579240676238	-0.0175287009315	0.0605182035955	-163.163389240
5260.00000000	-0.0579236763892	-0.0175287070346	0.0605178308992	-163.163276424
5260.00000000	-0.0579233532149	-0.0175287413583	0.0605175315199	-163.163156698
5260.00000000	-0.0579231273520	-0.0175287835535	0.0605173275608	-163.163056524
5260.00000000	-0.0579231060299	-0.0175288426447	0.0605173242685	-163.162997129
5260.00000000	-0.0579233156112	-0.0175289242383	0.0605175484991	-163.162980664
5260.00000000	-0.0579235914361	-0.0175289913702	0.0605178319449	-163.162995470
5260.00000000	-0.0579237233255	-0.0175290041363	0.0605179618783	-163.163020070
5260.00000000	-0.0579236013853	-0.0175289593148	0.0605178321828	-163.163027246
5260.00000000	-0.0579233002197	-0.0175288761307	0.0605175198331	-163.163020037
5260.00000000	-0.0579230399220	-0.0175287857859	0.0605172445253	-163.163030525
5260.00000000	-0.0579229769502	-0.0175287184018	0.0605171647351	-163.163074318
5260.00000000	-0.0579230379405	-0.0175286935803	0.0605172159215	-163.163113536
5260.00000000	-0.0579230599362	-0.0175287122706	0.0605172423879	-163.163102631
5260.00000000	-0.0579230347216	-0.0175287735797	0.0605172360123	-163.163040160
5260.00000000	-0.0579230320483	-0.0175288568551	0.0605172575743	-163.162963964
5260.00000000	-0.0579230861294	-0.0175289065861	0.0605173237417	-163.162933729
5260.00000000	-0.0579232128214	-0.0175288867229	0.0605174392493	-163.162986472
5260.00000000	-0.0579233683068	-0.0175288258439	0.0605175704359	-163.163084278
5260.00000000	-0.0579234324787	-0.0175287817440	0.0605176190835	-163.163141838
5260.00000000	-0.0579232981626	-0.0175287840969	0.0605174912067	-163.163102872
5260.00000000	-0.0579230080531	-0.0175288103499	0.0605172211375	-163.162999526
5260.00000000	-0.0579226900978	-0.0175288204326	0.0605169197326	-163.162903195
5260.00000000	-0.0579224518827	-0.0175288153789	0.0605166902655	-163.162842448
5260.00000000	-0.0579224019556	-0.0175288001583	0.0605166380700	-163.162842549
5260.00000000	-0.0579226071103	-0.0175287630945	0.0605168236945	-163.162932396
5260.00000000	-0.0579229806137	-0.0175287082628	0.0605171653049	-163.163084511
5260.00000000	-0.0579233664400	-0.0175286642034	0.0605175218305	-163.163230241
5260.00000000	-0.0579237019634	-0.0175286660140	0.0605178434958	-163.163320609
5260.00000000	-0.0579240435520	-0.0175287151608	0.0605181846770	-163.163369745
5260.00000000	-0.0579244584506	-0.0175287851895	0.0605186020742	-163.163420060
5260.00000000	-0.0579248784671	-0.0175288699363	0.0605190286329	-163.163458442
5260.00000000	-0.0579251615836	-0.0175289761769	0.0605193303854	-163.163439806
5260.00000000	-0.0579252725565	-0.0175290846001	0.0605194680055	-163.163371989
5260.00000000	-0.0579253036141	-0.0175291735337	0.0605195234909	-163.163299918
5260.00000000	-0.0579253385134	-0.0175292377465	0.0605195754931	-163.163251302
5270.00000000	-0.0175053693507	-0.0365104282798	0.0404901139697	-115.615955782
5270.00000000	-0.0175053226062	-0.0365102414367	0.0404899252817	-115.616010445
5270.00000000	-0.0175053686199	-0.0365101438435	0.0404898571743	-115.616128864
5270.00000000	-0.0175055039319	-0.0365101365916	0.0404899091360	-115.616305956
5270.00000000	-0.0175056606470	-0.0365101819878	0.0404900178250	-115.616478147
5270.00000000	-0.0175057621498	-0.0365102404361	0.0404901144126	-115.616571903
5270.00000000	-0.0175057589815	-0.0365102788478	0.0404901476789	-115.616544360
5270.00000000	-0.0175056509588	-0.0365102855966	0.0404901070613	-115.616402398
5270.00000000	-0.0175055117218	-0.0365102873782	0.0404900484697	-115.616223646
5270.00000000	-0.0175054314003	-0.0365103246833	0.0404900473819	-115.616098335
5270.00000000	-0.0175054365163	-0.0365104136276	0.0404901297959	-115.616050448
5270.00000000	-0.0175055114517	-0.0365105664254	0.0404902999729	-115.616052584
5270.00000000	-0.0175056400976	-0.0365107806969	0.0404905488025	-115.616085645
5270.00000000	-0.0175058103522	-0.0365110150341	0.0404908337147	-115.616159520
5270.00000000	-0.0175060064365	-0.0365112286601	0.0404911111186	-115.616279022
5270.00000000	-0.0175062003849	-0.0365114090412	0.0404913576222	-115.616416135
5270.00000000	-0.0175063520870	-0.0365115162370	0.0404915198692	-115.616544116
5270.00000000	-0.0175064247145	-0.0365115133112	0.0404915486313	-115.616638573
5270.00000000	-0.0175064124154	-0.0365114253171	0.0404914639689	-115.616676713
5270.00000000	-0.0175063547400	-0.0365113210703	0.0404913450330	-115.616666899
5270.00000000	-0.0175063229752	-0.0365112729088	0.0404912878720	-115.616655834
5270.00000000	-0.0175063769859	-0.0365113202984	0.0404913539549	-115.616695755
5270.00000000	-0.0175065058234	-0.0365114364933	0.0404915144314	-115.616789057
5270.00000000	-0.0175066378681	-0.0365115453773	0.0404916697023	-115.616890922
5270.00000000	-0.0175067184306	-0.0365115885746	0.0404917434850	-115.616967285
5270.00000000	-0.0175067379572	-0.0365115581014	0.0404917244495	-115.617010843
5270.00000000	-0.0175067192477	-0.0365115035889	0.0404916672062	-115.617020321
5270.00000000	-0.0175067022138	-0.0365114776272	0.0404916364318	-115.617014470
5270.00000000	-0.0175067122632	-0.0365114812261	0.0404916440219	-115.617025090
5270.00000000	-0.0175067025797	-0.0365114396416	0.0404916023382	-115.617038175
5270.00000000	-0.0175065942365	-0.0365112952063	0.0404914252578	-115.616988301
5270.00000000	-0.0175063654869	-0.0365110698873	0.0404911231861	-115.616834280
5270.00000000	-0.0175060683848	-0.0365108203758	0.0404907697483	-115.616607844
5270.00000000	-0.0175057886313	-0.0365105873568	0.0404904386831	-115.616393450
5270.00000000	-0.0175055854370	-0.0365103777434	0.0404901618231	-115.616262420
5270.00000000	-0.0175054695255	-0.0365101940994	0.0404899461161	-115.616226871
5270.00000000	-0.0175054292561	-0.0365100473698	0.0404897963984	-115.616265256
5270.00000000	-0.0175054618253	-0.0365099664904	0.0404897375497	-115.616356295
5270.00000000	-0.0175055682782	-0.0365099845944	0.0404897998985	-115.616481051
5270.00000000	-0.0175057102654	-0.0365100850255	0.0404899518456	-115.616600780
5270.00000000	-0.0175058060989	-0.0365101796419	0.0404900785954	-115.616665174
5270.00000000	-0.0175058090723	-0.0365101999026	0.0404900981501	-115.616656573
5270.00000000	-0.0175057469047	-0.0365101490533	0.0404900254209	-115.616608358
5270.00000000	-0.0175056783563	-0.0365100706203	0.0404899250606	-115.616568877
5270.00000000	-0.0175056300148	-0.0365099989530	0.0404898395374	-115.616551041
5270.00000000	-0.0175056139686	-0.0365099642707	0.0404898013265	-115.616551785
5270.00000000	-0.0175056396084	-0.0365099876704	0.0404898335115	-115.616570185
5270.00000000	-0.0175056691327	-0.0365100257518	0.0404898806146	-115.616584559
5270.00000000	-0.0175056448796	-0.0365100146014	0.0404898600744	-115.616560434
5270.00000000	-0.0175055644013	-0.0365099473104	0.0404897646031	-115.616498914
5270.00000000	-0.0175055032365	-0.0365099004480	0.0404896959026	-115.616449540
5270.00000000	-0.0175055225771	-0.0365099386990	0.0404897387557	-115.616450816
5270.00000000	-0.0175056219806	-0.0365100658048	0.0404898963446	-115.616499890
5270.00000000	-0.0175057826830	-0.0365102614663	0.0404901422531	-115.616585236
5270.00000000	-0.0175059820280	-0.0365104852400	0.0404904302178	-115.616702689
5270.00000000	-0.0175061630555	-0.0365106621740	0.0404906680274	-115.616825425
5270.00000000	-0.0175062770448	-0.0365107518382	0.0404907981616	-115.616916013
5270.00000000	-0.0175063251747	-0.0365107776370	0.0404908422336	-115.616961640
5270.00000000	-0.0175063432659	-0.0365107810334	0.0404908531179	-115.616982646
5270.00000000	-0.0175063798161	-0.0365108054878	0.0404908909711	-115.617014320
5270.00000000	-0.0175064410355	-0.0365108634529	0.0404909697069	-115.617056970
5270.00000000	-0.0175064779957	-0.0365109198351	0.0404910365269	-115.617069634
5270.00000000	-0.0175064395544	-0.0365109024153	0.0404910041991	-115.617031243
5270.00000000	-0.0175063269374	-0.0365107717200	0.0404908376602	-115.616967509
5270.00000000	-0.0175061753129	-0.0365105671208	0.0404905876170	-115.616899217
5270.00000000	-0.0175060154524	-0.0365103546833	0.0404903269450	-115.616825211
5270.00000000	-0.0175058767534	-0.0365101792934	0.0404901088284	-115.616755540
5270.00000000	-0.0175058077574	-0.0365100779407	0.0404899876077	-115.616729511
5270.00000000	-0.0175058409272	-0.0365100621645	0.0404899877232	-115.616781486
5270.00000000	-0.0175059477485	-0.0365101018564	0.0404900696979	-115.616893503
5270.00000000	-0.0175060689966	-0.0365101688789	0.0404901825543	-115.617007207
5270.00000000	-0.0175061526413	-0.0365102426955	0.0404902852791	-115.617068773
5270.00000000	-0.0175061531929	-0.0365102823726	0.0404903212946	-115.617045202
5270.00000000	-0.0175060615278	-0.0365102506464	0.0404902530552	-115.616947651
5270.00000000	-0.0175059416877	-0.0365101851248	0.0404901421610	-115.616834826
5270.00000000	-0.0175058614290	-0.0365101509499	0.0404900766455	-115.616753327
5270.00000000	-0.0175058215739	-0.0365101500312	0.0404900585858	-115.616703035
5270.00000000	-0.0175057794661	-0.0365101289383	0.0404900213609	-115.616662212
5270.00000000	-0.0175057262904	-0.0365100712200	0.0404899463256	-115.616629673
5270.00000000	-0.0175056806721	-0.0365100074426	0.0404898690940	-115.616610484
5270.00000000	-0.0175056489638	-0.0365099613380	0.0404898138122	-115.616598232
5270.00000000	-0.0175056344822	-0.0365099281740	0.0404897776469	-115.616600044
5270.00000000	-0.0175056417188	-0.0365099082963	0.0404897628517	-115.616621439
5270.00000000	-0.0175056579289	-0.0365098968226	0.0404897595142	-115.616649142
5270.00000000	-0.0175056607533	-0.0365098747496	0.0404897408320	-115.616666250
5270.00000000	-0.0175056475025	-0.0365098572998	0.0404897193684	-115.616660018
5270.00000000	-0.0175056255118	-0.0365098744082	0.0404897252875	-115.616621492
5270.00000000	-0.0175056102466	-0.0365099366504	0.0404897748120	-115.616563934
5270.00000000	-0.0175056440548	-0.0365100486766	0.0404898904437	-115.616538535
5270.00000000	-0.0175057683776	-0.0365102094450	0.0404900891603	-115.616598809
5270.00000000	-0.0175059577652	-0.0365103887061	0.0404903326826	-115.616730790
5270.00000000	-0.0175061509867	-0.0365105499755	0.0404905616395	-115.616878668
5270.00000000	-0.0175063154332	-0.0365106821583	0.0404907519282	-115.617007624
5270.00000000	-0.0175064658070	-0.0365108120792	0.0404909340931	-115.617120007
5270.00000000	-0.0175066138185	-0.0365109568974	0.0404911286698	-115.617220260
5270.00000000	-0.0175067282190	-0.0365110782493	0.0404912875550	-115.617291984
5270.00000000	-0.0175067839644	-0.0365111302005	0.0404913585015	-115.617331328
5270.00000000	-0.0175067976502	-0.0365111205819	0.0404913557456	-115.617354674
5270.00000000	-0.0175067884920	-0.0365110779625	0.0404913133560	-115.617369064
5270.00000000	-0.0175067633638	-0.0365110182733	0.0404912486696	-115.617373519
5274.00000000	-0.0220245270559	-0.0259567699416	0.0340416465207	-130.314871533
5274.00000000	-0.0220244516244	-0.0259566456301	0.0340415029298	-130.314910095
5274.00000000	-0.0220244751640	-0.0259565865305	0.0340414730963	-130.315004662
5274.00000000	-0.0220245752256	-0.0259565691552	0.0340415245866	-130.315152000
5274.00000000	-0.0220247154188	-0.0259565902181	0.0340416313509	-130.315308982
5274.00000000	-0.0220248466186	-0.0259566398272	0.0340417540631	-130.315423337
5274.00000000	-0.0220249091079	-0.0259566878492	0.0340418311098	-130.315451238
5274.00000000	-0.0220248793914	-0.0259567122576	0.0340418304947	-130.315386522
5274.00000000	-0.0220248108071	-0.0259567190840	0.0340417913262	-130.315291070
5274.00000000	-0.0220247777624	-0.0259567273487	0.0340417762482	-130.315239662
5274.00000000	-0.0220247949973	-0.0259567369173	0.0340417946952	-130.315251361
5274.00000000	-0.0220248527601	-0.0259567547430	0.0340418456593	-130.315306080
5274.00000000	-0.0220249524960	-0.0259567988133	0.0340419437912	-130.315386086
5274.00000000	-0.0220250818288	-0.0259568617472	0.0340420754557	-130.315483533
5274.00000000	-0.0220252124762	-0.0259569282829	0.0340422107171	-130.315578744
5274.00000000	-0.0220253316848	-0.0259570157292	0.0340423545218	-130.315636504
5274.00000000	-0.0220254290907	-0.0259571165552	0.0340424944222	-130.315651714
5274.00000000	-0.0220254685509	-0.0259571714307	0.0340425617951	-130.315642598
5274.00000000	-0.0220254454282	-0.0259571587722	0.0340425371827	-130.315626708
5274.00000000	-0.0220254084441	-0.0259571291989	0.0340424907047	-130.315611449
5274.00000000	-0.0220254115614	-0.0259571578686	0.0340425145820	-130.315584230
5274.00000000	-0.0220254781361	-0.0259572767267	0.0340426482840	-130.315540238
5274.00000000	-0.0220255854918	-0.0259574522383	0.0340428515691	-130.315486889
5274.00000000	-0.0220256922042	-0.0259576149087	0.0340430446468	-130.315446699
5274.00000000	-0.0220257701701	-0.0259577034453	0.0340431625990	-130.315450344
5274.00000000	-0.0220257976250	-0.0259576964455	0.0340431750249	-130.315493199
5274.00000000	-0.0220257718571	-0.0259576196660	0.0340430998093	-130.315543738
5274.00000000	-0.0220257344886	-0.0259575333968	0.0340430098523	-130.315589723
5274.00000000	-0.0220257286309	-0.0259574854080	0.0340429694713	-130.315634462
5274.00000000	-0.0220257294598	-0.0259574515518	0.0340429441926	-130.315672393
5274.00000000	-0.0220256598769	-0.0259573744632	0.0340428403932	-130.315667040
5274.00000000	-0.0220254732535	-0.0259572240613	0.0340426049680	-130.315591321
5274.00000000	-0.0220251856829	-0.0259570093362	0.0340422551845	-130.315456096
5274.00000000	-0.0220248729804	-0.0259567723060	0.0340418721334	-130.315312904
5274.00000000	-0.0220246155639	-0.0259565507501	0.0340415366513	-130.315223811
5274.00000000	-0.0220244470179	-0.0259563630811	0.0340412845064	-130.315211869
5274.00000000	-0.0220243575642	-0.0259562197773	0.0340411173618	-130.315253120
5274.00000000	-0.0220243357632	-0.0259561456273	0.0340410467177	-130.315305888
5274.00000000	-0.0220243870720	-0.0259561556573	0.0340410875620	-130.315360815
5274.00000000	-0.0220245083623	-0.0259562161276	0.0340412121444	-130.315450625
5274.00000000	-0.0220246437937	-0.0259562709948	0.0340413416039	-130.315564685
5274.00000000	-0.0220247177936	-0.0259562858993	0.0340414008462	-130.315643424
5274.00000000	-0.0220247019813	-0.0259562582076	0.0340413695010	-130.315653286
5274.00000000	-0.0220246219588	-0.0259562046725	0.0340412769066	-130.315608886
5274.00000000	-0.0220245307322	-0.0259561568273	0.0340411814016	-130.315543911
5274.00000000	-0.0220244733213	-0.0259561346010	0.0340411273096	-130.315494435
5274.00000000	-0.0220244677845	-0.0259561320473	0.0340411217801	-130.315490110
5274.00000000	-0.0220244802418	-0.0259561166245	0.0340411180802	-130.315522893
5274.00000000	-0.0220244481235	-0.0259560554004	0.0340410506168	-130.315548345
5274.00000000	-0.0220243690945	-0.0259559641269	0.0340409298899	-130.315546316
5274.00000000	-0.0220243237614	-0.0259559034354	0.0340408542827	-130.315554229
5274.00000000	-0.0220243677473	-0.0259559037658	0.0340408829934	-130.315610320
5274.00000000	-0.0220244951598	-0.0259559660146	0.0340410128932	-130.315706050
5274.00000000	-0.0220246837683	-0.0259560778823	0.0340412202209	-130.315826283
5274.00000000	-0.0220249188550	-0.0259562234622	0.0340414833254	-130.315969450
5274.00000000	-0.0220251413632	-0.0259563624498	0.0340417332652	-130.316103652
5274.00000000	-0.0220252818694	-0.0259564540971	0.0340418940531	-130.316184168
5274.00000000	-0.0220253276144	-0.0259564887160	0.0340419500467	-130.316205175
5274.00000000	-0.0220253310474	-0.0259564968899	0.0340419585004	-130.316200679
5274.00000000	-0.0220253738149	-0.0259565275762	0.0340420095691	-130.316222148
5274.00000000	-0.0220254726764	-0.0259565889638	0.0340421203402	-130.316282171
5274.00000000	-0.0220255458692	-0.0259566282379	0.0340421976423	-130.316333333
5274.00000000	-0.0220255058718	-0.0259565906910	0.0340421431348	-130.316322890
5274.00000000	-0.0220253613634	-0.0259564914465	0.0340419739645	-130.316245513
5274.00000000	-0.0220251866890	-0.0259563764808	0.0340417732896	-130.316146541
5274.00000000	-0.0220250347236	-0.0259562668231	0.0340415913548	-130.316070932
5274.00000000	-0.0220249101720	-0.0259561638669	0.0340414322667	-130.316023205
5274.00000000	-0.0220248170050	-0.0259560708029	0.0340413010273	-130.316004984
5274.00000000	-0.0220247874285	-0.0259560204139	0.0340412434702	-130.316021900
5274.00000000	-0.0220248266755	-0.0259560376393	0.0340412819973	-130.316053509
5274.00000000	-0.0220248992800	-0.0259561158646	0.0340413886185	-130.316061501
5274.00000000	-0.0220249543369	-0.0259562124311	0.0340414978711	-130.316026999
5274.00000000	-0.0220249384222	-0.0259562577130	0.0340415221011	-130.315957264
5274.00000000	-0.0220248405419	-0.0259562049648	0.0340414185526	-130.315889090
5274.00000000	-0.0220247237119	-0.0259560841105	0.0340412508134	-130.315870763
5274.00000000	-0.0220246501847	-0.0259559501925	0.0340411011302	-130.315922236
5274.00000000	-0.0220245971454	-0.0259558165408	0.0340409649058	-130.315999712
5274.00000000	-0.0220245164304	-0.0259556914358	0.0340408172919	-130.316032364
5274.00000000	-0.0220244331103	-0.0259556142323	0.0340407045169	-130.316009507
5274.00000000	-0.0220243899978	-0.0259556059672	0.0340406703210	-130.315963178
5274.00000000	-0.0220243971769	-0.0259556476102	0.0340407067182	-130.315927042
5274.00000000	-0.0220244388627	-0.0259556957060	0.0340407703614	-130.315928165
5274.00000000	-0.0220244899737	-0.0259557219787	0.0340408234630	-130.315965149
5274.00000000	-0.0220245120951	-0.0259557198974	0.0340408361886	-130.315995805
5274.00000000	-0.0220244726579	-0.0259556923948	0.0340407897023	-130.315975143
5274.00000000	-0.0220243936942	-0.0259556575164	0.0340407120182	-130.315911785
5274.00000000	-0.0220243170559	-0.0259556258946	0.0340406383218	-130.315847864
5274.00000000	-0.0220242833998	-0.0259556052311	0.0340406007906	-130.315827173
5274.00000000	-0.0220243386144	-0.0259556220362	0.0340406493282	-130.315879734
5274.00000000	-0.0220244954070	-0.0259556966373	0.0340408076559	-130.315999718
5274.00000000	-0.0220247050506	-0.0259558130626	0.0340410320688	-130.316141983
5274.00000000	-0.0220248993024	-0.0259559381397	0.0340412531201	-130.316255070
5274.00000000	-0.0220250485475	-0.0259560608621	0.0340414432567	-130.316312961
5274.00000000	-0.0220251825908	-0.0259561949895	0.0340416322536	-130.316338922
5274.00000000	-0.0220253374791	-0.0259563454311	0.0340418471768	-130.316373868
5274.00000000	-0.0220254874965	-0.0259564868220	0.0340420520475	-130.316412419
5274.00000000	-0.0220255707262	-0.0259565783409	0.0340421756794	-130.316419568
5274.00000000	-0.0220255786129	-0.0259566205666	0.0340422129785	-130.316383707
5274.00000000	-0.0220255604954	-0.0259566480127	0.0340422221835	-130.316330569
5274.00000000	-0.0220255525648	-0.0259566652219	0.0340422301741	-130.316301651
