DevNumber	X [V]	Y [V]	R [V]	Theta [°]
4253.00000000	-0.0202048931759	-0.103968644737	0.105913723363	-100.997576322
4253.00000000	-0.0202051254742	-0.103969317483	0.105914428070	-100.997630253
4253.00000000	-0.0202051810830	-0.103969809647	0.105914921804	-100.997608992
4253.00000000	-0.0202050228453	-0.103970008513	0.105915086831	-100.997504442
4253.00000000	-0.0202047533726	-0.103969928240	0.105914956626	-100.997369629
4253.00000000	-0.0202044869358	-0.103969592352	0.105914576079	-100.997262806
4253.00000000	-0.0202042962168	-0.103969096800	0.105914053246	-100.997212667
4253.00000000	-0.0202041951729	-0.103968545750	0.105913493040	-100.997215875
4253.00000000	-0.0202041547994	-0.103967967024	0.105912917240	-100.997254158
4253.00000000	-0.0202041516826	-0.103967470564	0.105912429302	-100.997303736
4253.00000000	-0.0202042023437	-0.103967205829	0.105912179094	-100.997357959
4253.00000000	-0.0202042934638	-0.103967151851	0.105912143489	-100.997411918
4253.00000000	-0.0202043674648	-0.103967218605	0.105912223133	-100.997444326
4253.00000000	-0.0202044424224	-0.103967411536	0.105912426821	-100.997464221
4253.00000000	-0.0202045837137	-0.103967781956	0.105912817392	-100.997501025
4253.00000000	-0.0202047926533	-0.103968269365	0.105913335709	-100.997561680
4253.00000000	-0.0202050205642	-0.103968749378	0.105913850384	-100.997633171
4253.00000000	-0.0202052198613	-0.103969100300	0.105914232881	-100.997702789
4253.00000000	-0.0202053945260	-0.103969283556	0.105914446093	-100.997776628
4253.00000000	-0.0202055879341	-0.103969386110	0.105914583660	-100.997868750
4253.00000000	-0.0202057927835	-0.103969449660	0.105914685122	-100.997970972
4253.00000000	-0.0202059434303	-0.103969470656	0.105914734472	-100.998048803
4253.00000000	-0.0202059694855	-0.103969434049	0.105914703508	-100.998066416
4253.00000000	-0.0202058673956	-0.103969355374	0.105914606802	-100.998020323
4253.00000000	-0.0202057480208	-0.103969375609	0.105914603892	-100.997954844
4253.00000000	-0.0202057267102	-0.103969646337	0.105914865582	-100.997915588
4253.00000000	-0.0202058276644	-0.103970151887	0.105915381107	-100.997917024
4253.00000000	-0.0202060145577	-0.103970783172	0.105916036452	-100.997951120
4253.00000000	-0.0202063113639	-0.103971470006	0.105916767294	-100.998037848
4253.00000000	-0.0202067337486	-0.103972130360	0.105917496101	-100.998193991
4253.00000000	-0.0202071470600	-0.103972594542	0.105918030609	-100.998365559
4253.00000000	-0.0202073692527	-0.103972720079	0.105918196231	-100.998470590
4253.00000000	-0.0202073444472	-0.103972540985	0.105918015694	-100.998475901
4253.00000000	-0.0202070925081	-0.103972116382	0.105917550824	-100.998385939
4253.00000000	-0.0202066314806	-0.103971505730	0.105916863434	-100.998204148
4253.00000000	-0.0202060243429	-0.103970787375	0.105916042445	-100.997955882
4253.00000000	-0.0202053394193	-0.103969970699	0.105915110103	-100.997676453
4253.00000000	-0.0202046505071	-0.103969128172	0.105914151627	-100.997397568
4253.00000000	-0.0202040464802	-0.103968406289	0.105913327775	-100.997151306
4253.00000000	-0.0202035441397	-0.103967802119	0.105912638874	-100.996946892
4253.00000000	-0.0202030821145	-0.103967133969	0.105911894859	-100.996770487
4253.00000000	-0.0202026256119	-0.103966233129	0.105910923482	-100.996621024
4253.00000000	-0.0202022157620	-0.103965175759	0.105909807347	-100.996512485
4253.00000000	-0.0202019313235	-0.103964262434	0.105908856535	-100.996455681
4253.00000000	-0.0202018660819	-0.103963824356	0.105908414056	-100.996466241
4253.00000000	-0.0202020689272	-0.103964097146	0.105908720530	-100.996545814
4253.00000000	-0.0202025184403	-0.103965094857	0.105909785667	-100.996681572
4253.00000000	-0.0202030979920	-0.103966539728	0.105911314558	-100.996840240
4253.00000000	-0.0202036718513	-0.103968056015	0.105912912469	-100.996988511
4253.00000000	-0.0202041877514	-0.103969391401	0.105914321746	-100.997124667
4253.00000000	-0.0202046711647	-0.103970480511	0.105915483073	-100.997268983
4253.00000000	-0.0202051124273	-0.103971307488	0.105916379040	-100.997417963
4253.00000000	-0.0202054485145	-0.103971785174	0.105916912067	-100.997547136
4253.00000000	-0.0202056369077	-0.103971850012	0.105917011655	-100.997640485
4253.00000000	-0.0202056968338	-0.103971619029	0.105916796345	-100.997696143
4253.00000000	-0.0202056908308	-0.103971279212	0.105916461624	-100.997728024
4253.00000000	-0.0202056952185	-0.103970992204	0.105916180724	-100.997759972
4253.00000000	-0.0202057093628	-0.103970793208	0.105915988081	-100.997788019
4253.00000000	-0.0202056286216	-0.103970579508	0.105915762903	-100.997767198
4253.00000000	-0.0202053917899	-0.103970248681	0.105915392971	-100.997675576
4253.00000000	-0.0202050894776	-0.103969824759	0.105914919162	-100.997558788
4253.00000000	-0.0202048483476	-0.103969423179	0.105914478958	-100.997472184
4253.00000000	-0.0202047172359	-0.103969167912	0.105914203367	-100.997428902
4253.00000000	-0.0202046449955	-0.103969094618	0.105914117638	-100.997398104
4253.00000000	-0.0202045509194	-0.103969112935	0.105914117673	-100.997346257
4253.00000000	-0.0202044080328	-0.103969084217	0.105914062224	-100.997273343
4253.00000000	-0.0202042452426	-0.103968966369	0.105913915487	-100.997199058
4253.00000000	-0.0202041070642	-0.103968841548	0.105913766599	-100.997138562
4253.00000000	-0.0202040261384	-0.103968838961	0.105913748622	-100.997095854
4253.00000000	-0.0202040476883	-0.103969069204	0.105913978747	-100.997083538
4253.00000000	-0.0202041797801	-0.103969516521	0.105914443048	-100.997107523
4253.00000000	-0.0202043896097	-0.103970021130	0.105914978418	-100.997166875
4253.00000000	-0.0202046132632	-0.103970386346	0.105915379592	-100.997247953
4253.00000000	-0.0202048104122	-0.103970573102	0.105915600527	-100.997333371
4253.00000000	-0.0202050180644	-0.103970724837	0.105915789088	-100.997427981
4253.00000000	-0.0202052722715	-0.103970926680	0.105916035718	-100.997542141
4253.00000000	-0.0202055252100	-0.103971090528	0.105916244810	-100.997659548
4253.00000000	-0.0202056931648	-0.103971131300	0.105916316874	-100.997744527
4253.00000000	-0.0202057264153	-0.103971021089	0.105916215030	-100.997773558
4253.00000000	-0.0202056761085	-0.103970799835	0.105915988243	-100.997769677
4253.00000000	-0.0202056933766	-0.103970616410	0.105915811480	-100.997797776
4253.00000000	-0.0202058793985	-0.103970668867	0.105915898462	-100.997891144
4253.00000000	-0.0202061921206	-0.103971015945	0.105916298825	-100.998021387
4253.00000000	-0.0202065094824	-0.103971492915	0.105916827579	-100.998140687
4253.00000000	-0.0202067285970	-0.103971882865	0.105917252170	-100.998216797
4253.00000000	-0.0202068026347	-0.103972051461	0.105917431794	-100.998238713
4253.00000000	-0.0202067523901	-0.103972027106	0.105917398300	-100.998214546
4253.00000000	-0.0202066486836	-0.103971974665	0.105917327037	-100.998164888
4253.00000000	-0.0202065168823	-0.103971950708	0.105917278376	-100.998097372
4253.00000000	-0.0202063055627	-0.103971810652	0.105917100577	-100.997999613
4253.00000000	-0.0202059941910	-0.103971419700	0.105916657404	-100.997874615
4253.00000000	-0.0202056844203	-0.103970939976	0.105916127395	-100.997759628
4253.00000000	-0.0202055395025	-0.103970703572	0.105915867687	-100.997707070
4253.00000000	-0.0202056074772	-0.103970827591	0.105916002396	-100.997730368
4253.00000000	-0.0202057376550	-0.103971142821	0.105916336671	-100.997766964
4253.00000000	-0.0202057483871	-0.103971387122	0.105916578532	-100.997747451
4253.00000000	-0.0202055959098	-0.103971444487	0.105916605756	-100.997660563
4253.00000000	-0.0202054127475	-0.103971423404	0.105916550118	-100.997565477
4253.00000000	-0.0202054184789	-0.103971598038	0.105916722639	-100.997550499
4253.00000000	-0.0202056957536	-0.103972141017	0.105917308541	-100.997641702
5260.00000000	-0.00937629087092	-0.0961012128127	0.0965575369123	-95.5725301779
5260.00000000	-0.00937654202598	-0.0961014378433	0.0965577852683	-95.5726655384
5260.00000000	-0.00937663855910	-0.0961015834856	0.0965579395964	-95.5727141565
5260.00000000	-0.00937654168953	-0.0961015506423	0.0965578975015	-95.5726588400
5260.00000000	-0.00937632603225	-0.0961013527809	0.0965576796333	-95.5725428784
5260.00000000	-0.00937607896270	-0.0961010457204	0.0965573500323	-95.5724146569
5260.00000000	-0.00937585754512	-0.0961007247744	0.0965570091028	-95.5723023842
5260.00000000	-0.00937568111909	-0.0961004548806	0.0965567233532	-95.5722137406
5260.00000000	-0.00937554854191	-0.0961002186465	0.0965564753622	-95.5721490536
5260.00000000	-0.00937547066997	-0.0961000867481	0.0965563365258	-95.5721106631
5260.00000000	-0.00937548177566	-0.0961001996629	0.0965564499854	-95.5721107161
5260.00000000	-0.00937556321693	-0.0961005193068	0.0965567760267	-95.5721403971
5260.00000000	-0.00937565564224	-0.0961008647716	0.0965571288335	-95.5721750772
5260.00000000	-0.00937575191099	-0.0961011268416	0.0965573990129	-95.5722168320
5260.00000000	-0.00937589421673	-0.0961013678584	0.0965576527087	-95.5722869881
5260.00000000	-0.00937608383655	-0.0961016276424	0.0965579296776	-95.5723840051
5260.00000000	-0.00937627344503	-0.0961018561736	0.0965581755406	-95.5724828157
5260.00000000	-0.00937643161362	-0.0961019748076	0.0965583089730	-95.5725693906
5260.00000000	-0.00937658179766	-0.0961019565528	0.0965583053885	-95.5726591375
5260.00000000	-0.00937674605803	-0.0961018171841	0.0965581826295	-95.5727641765
5260.00000000	-0.00937690821066	-0.0961015926439	0.0965579748974	-95.5728728790
5260.00000000	-0.00937702307224	-0.0961013128094	0.0965577075401	-95.5729568391
5260.00000000	-0.00937704424985	-0.0961009793486	0.0965573777121	-95.5729885621
5260.00000000	-0.00937698914566	-0.0961006861702	0.0965570805680	-95.5729729132
5260.00000000	-0.00937694342510	-0.0961005935905	0.0965569839858	-95.5729512464
5260.00000000	-0.00937695325602	-0.0961007127486	0.0965571035355	-95.5729501858
5260.00000000	-0.00937697493281	-0.0961009813721	0.0965573729943	-95.5729475082
5260.00000000	-0.00937697529671	-0.0961014367793	0.0965578262844	-95.5729214801
5260.00000000	-0.00937701410598	-0.0961021552161	0.0965585450943	-95.5729030003
5260.00000000	-0.00937713947934	-0.0961030380856	0.0965594359661	-95.5729261676
5260.00000000	-0.00937729292743	-0.0961037312547	0.0965601407607	-95.5729768457
5260.00000000	-0.00937736704659	-0.0961038823303	0.0965602983202	-95.5730119121
5260.00000000	-0.00937731431877	-0.0961034729394	0.0965598857437	-95.5730043639
5260.00000000	-0.00937714407535	-0.0961026959303	0.0965590958744	-95.5729485983
5260.00000000	-0.00937685408677	-0.0961016986924	0.0965580751886	-95.5728348037
5260.00000000	-0.00937645804101	-0.0961006214658	0.0965569645935	-95.5726629802
5260.00000000	-0.00937599481393	-0.0960996296542	0.0965559324870	-95.5724465543
5260.00000000	-0.00937552506319	-0.0960987842815	0.0965550454953	-95.5722178333
5260.00000000	-0.00937511456394	-0.0960981041006	0.0965543286695	-95.5720145841
5260.00000000	-0.00937476031934	-0.0960975878955	0.0965537805080	-95.5718351085
5260.00000000	-0.00937442842017	-0.0960971644734	0.0965533268616	-95.5716634826
5260.00000000	-0.00937412234792	-0.0960967020830	0.0965528369393	-95.5715093538
5260.00000000	-0.00937386083461	-0.0960961213329	0.0965522335432	-95.5713883596
5260.00000000	-0.00937366824718	-0.0960955119953	0.0965516083866	-95.5713097196
5260.00000000	-0.00937361547969	-0.0960951275188	0.0965512206034	-95.5713007047
5260.00000000	-0.00937375548858	-0.0960952434051	0.0965513495351	-95.5713767202
5260.00000000	-0.00937406478114	-0.0960959248227	0.0965520577619	-95.5715201350
5260.00000000	-0.00937447085136	-0.0960969700354	0.0965531374618	-95.5716997453
5260.00000000	-0.00937488645784	-0.0960980906110	0.0965542930955	-95.5718806417
5260.00000000	-0.00937525252175	-0.0960990765727	0.0965553099418	-95.5720400303
5260.00000000	-0.00937558423907	-0.0960998595465	0.0965561214252	-95.5721908266
5260.00000000	-0.00937591572991	-0.0961004837910	0.0965567749080	-95.5723506326
5260.00000000	-0.00937621710520	-0.0961009435828	0.0965572617917	-95.5725021266
5260.00000000	-0.00937642552750	-0.0961011718017	0.0965575091711	-95.5726120666
5260.00000000	-0.00937651449735	-0.0961011964464	0.0965575423390	-95.5726631904
5260.00000000	-0.00937652779949	-0.0961011771001	0.0965575243759	-95.5726721612
5260.00000000	-0.00937654797574	-0.0961012898193	0.0965576385216	-95.5726775817
5260.00000000	-0.00937658326279	-0.0961015229209	0.0965578739482	-95.5726849896
5260.00000000	-0.00937655158863	-0.0961016873176	0.0965580344921	-95.5726568106
5260.00000000	-0.00937639509040	-0.0961016370655	0.0965579692804	-95.5725672819
5260.00000000	-0.00937615606560	-0.0961013480836	0.0965576584536	-95.5724427702
5260.00000000	-0.00937591300665	-0.0961008968247	0.0965571857255	-95.5723252255
5260.00000000	-0.00937572570105	-0.0961004202349	0.0965566932002	-95.5722420663
5260.00000000	-0.00937561621409	-0.0960999526985	0.0965562172418	-95.5722043434
5260.00000000	-0.00937556155897	-0.0960994254219	0.0965556871498	-95.5722024456
5260.00000000	-0.00937552380701	-0.0960988747057	0.0965551353702	-95.5722118812
5260.00000000	-0.00937545801504	-0.0960984285231	0.0965546849076	-95.5721987334
5260.00000000	-0.00937535995304	-0.0960982261566	0.0965544739756	-95.5721524783
5260.00000000	-0.00937526693293	-0.0960983347122	0.0965545729860	-95.5720912858
5260.00000000	-0.00937524639350	-0.0960987187100	0.0965549531751	-95.5720570301
5260.00000000	-0.00937534532388	-0.0960993162836	0.0965555575310	-95.5720810271
5260.00000000	-0.00937556329715	-0.0961000299417	0.0965562889818	-95.5721686406
5260.00000000	-0.00937581897544	-0.0961006935638	0.0965569742945	-95.5722814039
5260.00000000	-0.00937599056800	-0.0961011603443	0.0965574555312	-95.5723558480
5260.00000000	-0.00937605078438	-0.0961013883488	0.0965576883053	-95.5723782732
5260.00000000	-0.00937606993942	-0.0961014598467	0.0965577613254	-95.5723854661
5260.00000000	-0.00937608603884	-0.0961014540288	0.0965577570983	-95.5723953093
5260.00000000	-0.00937609856345	-0.0961013967374	0.0965577012938	-95.5724060072
5260.00000000	-0.00937611625407	-0.0961012897504	0.0965575965303	-95.5724226195
5260.00000000	-0.00937614555471	-0.0961011489317	0.0965574592223	-95.5724480378
5260.00000000	-0.00937621601123	-0.0961011452300	0.0965574623797	-95.5724898614
5260.00000000	-0.00937638398223	-0.0961014994572	0.0965578312438	-95.5725686508
5260.00000000	-0.00937664534590	-0.0961021881489	0.0965585420610	-95.5726833225
5260.00000000	-0.00937690331414	-0.0961029043558	0.0965592799341	-95.5727944017
5260.00000000	-0.00937707258311	-0.0961034012502	0.0965597909178	-95.5728657340
5260.00000000	-0.00937713996630	-0.0961036551569	0.0965600501681	-95.5728908973
5260.00000000	-0.00937717220338	-0.0961037243625	0.0965601221772	-95.5729059475
5260.00000000	-0.00937723949431	-0.0961036477942	0.0965600525056	-95.5729500993
5260.00000000	-0.00937730494719	-0.0961033973353	0.0965598095869	-95.5730031860
5260.00000000	-0.00937725716599	-0.0961029464276	0.0965593561703	-95.5730009514
5260.00000000	-0.00937704401044	-0.0961023893460	0.0965587810216	-95.5729071695
5260.00000000	-0.00937675529202	-0.0961019212854	0.0965582871356	-95.5727636312
5260.00000000	-0.00937655249419	-0.0961017414358	0.0965580884425	-95.5726542270
5260.00000000	-0.00937650429652	-0.0961018605757	0.0965582023390	-95.5726188975
5260.00000000	-0.00937650038171	-0.0961020433604	0.0965583838797	-95.5726060532
5260.00000000	-0.00937640289309	-0.0961020793042	0.0965584101868	-95.5725464077
5260.00000000	-0.00937620534114	-0.0961019669940	0.0965582792240	-95.5724362097
5260.00000000	-0.00937603386049	-0.0961018637296	0.0965581597964	-95.5723408873
5260.00000000	-0.00937603553563	-0.0961020335205	0.0965583289475	-95.5723320935
5260.00000000	-0.00937622696994	-0.0961025607500	0.0965588722743	-95.5724147713
5270.00000000	-0.0250493965830	-0.0192626888538	0.0315994216886	-142.440142781
5270.00000000	-0.0250495133397	-0.0192627228471	0.0315995349655	-142.440222972
5270.00000000	-0.0250495376256	-0.0192627776400	0.0315995876186	-142.440171059
5270.00000000	-0.0250494617224	-0.0192628387283	0.0315995646877	-142.439999358
5270.00000000	-0.0250493231500	-0.0192628734376	0.0315994759980	-142.439796305
5270.00000000	-0.0250491607856	-0.0192628572512	0.0315993374225	-142.439640106
5270.00000000	-0.0250490160821	-0.0192628043770	0.0315991904825	-142.439556161
5270.00000000	-0.0250489142081	-0.0192627436946	0.0315990727340	-142.439530778
5270.00000000	-0.0250488451640	-0.0192626949600	0.0315989882935	-142.439524510
5270.00000000	-0.0250487996276	-0.0192626745929	0.0315989397806	-142.439503452
5270.00000000	-0.0250487866490	-0.0192626840218	0.0315989352402	-142.439475554
5270.00000000	-0.0250488019346	-0.0192627042797	0.0315989597064	-142.439463332
5270.00000000	-0.0250488232022	-0.0192627259632	0.0315989897837	-142.439455673
5270.00000000	-0.0250488620079	-0.0192627669902	0.0315990455553	-142.439439596
5270.00000000	-0.0250489468760	-0.0192628392805	0.0315991568993	-142.439429497
5270.00000000	-0.0250490631535	-0.0192629082655	0.0315992911268	-142.439458866
5270.00000000	-0.0250491746025	-0.0192629396720	0.0315993986189	-142.439536912
5270.00000000	-0.0250492525548	-0.0192629326601	0.0315994561381	-142.439633152
5270.00000000	-0.0250492926488	-0.0192628960451	0.0315994656007	-142.439730097
5270.00000000	-0.0250493126136	-0.0192628341395	0.0315994436897	-142.439841143
5270.00000000	-0.0250493291774	-0.0192627569687	0.0315994097773	-142.439970372
5270.00000000	-0.0250493441543	-0.0192626890986	0.0315993802767	-142.440084479
5270.00000000	-0.0250493361095	-0.0192626382779	0.0315993429196	-142.440148634
5270.00000000	-0.0250493041133	-0.0192625986417	0.0315992933938	-142.440170240
5270.00000000	-0.0250492904530	-0.0192625756602	0.0315992685559	-142.440188174
5270.00000000	-0.0250493261565	-0.0192625776654	0.0315992980810	-142.440224755
5270.00000000	-0.0250493992574	-0.0192626030247	0.0315993714881	-142.440269103
5270.00000000	-0.0250494685290	-0.0192626377785	0.0315994475865	-142.440295716
5270.00000000	-0.0250495240944	-0.0192626692182	0.0315995107994	-142.440311942
5270.00000000	-0.0250495869764	-0.0192626903820	0.0315995735484	-142.440351025
5270.00000000	-0.0250496542683	-0.0192627040227	0.0315996352072	-142.440405796
5270.00000000	-0.0250496864758	-0.0192627112513	0.0315996651452	-142.440431005
5270.00000000	-0.0250496692351	-0.0192627114548	0.0315996516021	-142.440411656
5270.00000000	-0.0250496117107	-0.0192626989126	0.0315995983559	-142.440366103
5270.00000000	-0.0250495029563	-0.0192626624675	0.0315994899278	-142.440298281
5270.00000000	-0.0250493189492	-0.0192625884682	0.0315992989529	-142.440201261
5270.00000000	-0.0250490625845	-0.0192624776726	0.0315990281883	-142.440077151
5270.00000000	-0.0250487661855	-0.0192623394745	0.0315987089838	-142.439948175
5270.00000000	-0.0250484619880	-0.0192621870898	0.0315983749494	-142.439830969
5270.00000000	-0.0250481723244	-0.0192620403261	0.0315980558629	-142.439721745
5270.00000000	-0.0250479098284	-0.0192619168058	0.0315977724817	-142.439609140
5270.00000000	-0.0250476780047	-0.0192618086346	0.0315975227716	-142.439508374
5270.00000000	-0.0250474983226	-0.0192617228142	0.0315973280198	-142.439433115
5270.00000000	-0.0250474069828	-0.0192616835369	0.0315972316705	-142.439388607
5270.00000000	-0.0250474473526	-0.0192617127025	0.0315972814513	-142.439391308
5270.00000000	-0.0250476385091	-0.0192618270259	0.0315975026744	-142.439438280
5270.00000000	-0.0250479540315	-0.0192620178924	0.0315978691442	-142.439512698
5270.00000000	-0.0250483163362	-0.0192622355188	0.0315982890115	-142.439600361
5270.00000000	-0.0250486435011	-0.0192624208288	0.0315986613234	-142.439695631
5270.00000000	-0.0250489159576	-0.0192625543428	0.0315989586926	-142.439804878
5270.00000000	-0.0250491610884	-0.0192626460491	0.0315992089148	-142.439944012
5270.00000000	-0.0250493754596	-0.0192627002228	0.0315994118741	-142.440103092
5270.00000000	-0.0250495205237	-0.0192627096334	0.0315995326055	-142.440249905
5270.00000000	-0.0250495718053	-0.0192626862240	0.0315995589873	-142.440340233
5270.00000000	-0.0250495396079	-0.0192626618341	0.0315995185961	-142.440339703
5270.00000000	-0.0250494620928	-0.0192626464728	0.0315994477843	-142.440276105
5270.00000000	-0.0250494011478	-0.0192626381915	0.0315993944239	-142.440220646
5270.00000000	-0.0250493731833	-0.0192626330466	0.0315993691197	-142.440197131
5270.00000000	-0.0250493259127	-0.0192626182599	0.0315993226337	-142.440166137
5270.00000000	-0.0250492189141	-0.0192625799577	0.0315992144655	-142.440102924
5270.00000000	-0.0250490731911	-0.0192625152849	0.0315990595245	-142.440034812
5270.00000000	-0.0250489412744	-0.0192624476293	0.0315989137098	-142.439986248
5270.00000000	-0.0250488601402	-0.0192624043573	0.0315988230152	-142.439958766
5270.00000000	-0.0250488170270	-0.0192623846204	0.0315987768072	-142.439939481
5270.00000000	-0.0250487719743	-0.0192623695159	0.0315987318858	-142.439911393
5270.00000000	-0.0250487112849	-0.0192623570621	0.0315986761847	-142.439862212
5270.00000000	-0.0250486582683	-0.0192623613996	0.0315986368018	-142.439797376
5270.00000000	-0.0250486496732	-0.0192623858379	0.0315986448858	-142.439752749
5270.00000000	-0.0250486869161	-0.0192624173330	0.0315986936080	-142.439748644
5270.00000000	-0.0250487486193	-0.0192624381295	0.0315987551984	-142.439786955
5270.00000000	-0.0250488184650	-0.0192624423334	0.0315988131287	-142.439858115
5270.00000000	-0.0250489045888	-0.0192624503941	0.0315988863140	-142.439941724
5270.00000000	-0.0250490007324	-0.0192624769559	0.0315989787203	-142.440009815
5270.00000000	-0.0250490785258	-0.0192625093938	0.0315990601622	-142.440049176
5270.00000000	-0.0250491470355	-0.0192625383161	0.0315991321018	-142.440083329
5270.00000000	-0.0250492333124	-0.0192625664700	0.0315992176573	-142.440138225
5270.00000000	-0.0250493237290	-0.0192625917131	0.0315993047200	-142.440201880
5270.00000000	-0.0250493949145	-0.0192626090616	0.0315993717254	-142.440255626
5270.00000000	-0.0250494407290	-0.0192626145725	0.0315994114028	-142.440298343
5270.00000000	-0.0250494689317	-0.0192626109533	0.0315994315534	-142.440334718
5270.00000000	-0.0250495109162	-0.0192626124175	0.0315994657279	-142.440379019
5270.00000000	-0.0250495888832	-0.0192626205344	0.0315995324818	-142.440453528
5270.00000000	-0.0250497038959	-0.0192626323029	0.0315996308287	-142.440563735
5270.00000000	-0.0250498289474	-0.0192626406422	0.0315997350433	-142.440689966
5270.00000000	-0.0250499274594	-0.0192626334831	0.0315998087720	-142.440809139
5270.00000000	-0.0250499818426	-0.0192626125422	0.0315998391177	-142.440899346
5270.00000000	-0.0250500003929	-0.0192625880647	0.0315998389020	-142.440955032
5270.00000000	-0.0250500027007	-0.0192625666756	0.0315998276931	-142.440988326
5270.00000000	-0.0250499733776	-0.0192625429439	0.0315997899816	-142.440990027
5270.00000000	-0.0250498724585	-0.0192625070728	0.0315996881142	-142.440930043
5270.00000000	-0.0250496996572	-0.0192624604275	0.0315995226963	-142.440806095
5270.00000000	-0.0250495186614	-0.0192624153734	0.0315993517526	-142.440670802
5270.00000000	-0.0250494183599	-0.0192623889189	0.0315992561152	-142.440597964
5270.00000000	-0.0250494305066	-0.0192623899447	0.0315992663694	-142.440609915
5270.00000000	-0.0250494949017	-0.0192624034470	0.0315993256476	-142.440661683
5270.00000000	-0.0250495393980	-0.0192624080837	0.0315993637473	-142.440704200
5270.00000000	-0.0250495458980	-0.0192624052204	0.0315993671546	-142.440715499
5270.00000000	-0.0250495475255	-0.0192624160397	0.0315993750400	-142.440701747
5270.00000000	-0.0250496122556	-0.0192624691384	0.0315994587210	-142.440696971
5270.00000000	-0.0250497668805	-0.0192625660324	0.0315996403606	-142.440728604
5274.00000000	-0.0182341128350	-0.0178512083997	0.0255176118046	-135.607947609
5274.00000000	-0.0182342957399	-0.0178512931683	0.0255178018040	-135.608098900
5274.00000000	-0.0182344747555	-0.0178513679530	0.0255179820401	-135.608260099
5274.00000000	-0.0182345861373	-0.0178513925722	0.0255180788533	-135.608395549
5274.00000000	-0.0182346054357	-0.0178513512694	0.0255180637498	-135.608492129
5274.00000000	-0.0182345551433	-0.0178512571574	0.0255179619753	-135.608564132
5274.00000000	-0.0182344944797	-0.0178511631157	0.0255178528391	-135.608619731
5274.00000000	-0.0182344532449	-0.0178511092941	0.0255177857223	-135.608641317
5274.00000000	-0.0182344105483	-0.0178510881170	0.0255177403977	-135.608608230
5274.00000000	-0.0182343686249	-0.0178510861198	0.0255177090431	-135.608545584
5274.00000000	-0.0182343623680	-0.0178511056070	0.0255177182044	-135.608504489
5274.00000000	-0.0182344069720	-0.0178511348296	0.0255177705203	-135.608527664
5274.00000000	-0.0182344803430	-0.0178511332429	0.0255178218395	-135.608645456
5274.00000000	-0.0182345729101	-0.0178510899103	0.0255178576726	-135.608860379
5274.00000000	-0.0182346895606	-0.0178510432229	0.0255179083688	-135.609118512
5274.00000000	-0.0182348052753	-0.0178510362911	0.0255179862076	-135.609311388
5274.00000000	-0.0182349010586	-0.0178510830080	0.0255180873338	-135.609386878
5274.00000000	-0.0182349762671	-0.0178511621723	0.0255181964559	-135.609377991
5274.00000000	-0.0182350324422	-0.0178512485319	0.0255182970106	-135.609327665
5274.00000000	-0.0182350668694	-0.0178513338415	0.0255183812898	-135.609244864
5274.00000000	-0.0182350696485	-0.0178513998351	0.0255184294415	-135.609143347
5274.00000000	-0.0182350460832	-0.0178514299190	0.0255184336472	-135.609058066
5274.00000000	-0.0182350075342	-0.0178514276021	0.0255184044800	-135.609001235
5274.00000000	-0.0182349599460	-0.0178514048969	0.0255183545908	-135.608962918
5274.00000000	-0.0182349284010	-0.0178513650589	0.0255183041807	-135.608977288
5274.00000000	-0.0182349433102	-0.0178513177442	0.0255182817355	-135.609076619
5274.00000000	-0.0182349996759	-0.0178512909278	0.0255183032541	-135.609208177
5274.00000000	-0.0182350677758	-0.0178513081988	0.0255183639992	-135.609287430
5274.00000000	-0.0182351304450	-0.0178513643351	0.0255184480517	-135.609295796
5274.00000000	-0.0182351791127	-0.0178514371294	0.0255185337521	-135.609255443
5274.00000000	-0.0182351940083	-0.0178515148744	0.0255185987827	-135.609154103
5274.00000000	-0.0182351636417	-0.0178515703703	0.0255186159053	-135.609017368
5274.00000000	-0.0182351064823	-0.0178515684797	0.0255185737377	-135.608930623
5274.00000000	-0.0182350426276	-0.0178515061618	0.0255184845137	-135.608930312
5274.00000000	-0.0182349694215	-0.0178514105013	0.0255183652825	-135.608968809
5274.00000000	-0.0182348767661	-0.0178512956424	0.0255182187229	-135.609007560
5274.00000000	-0.0182347604366	-0.0178511585391	0.0255180396850	-135.609044817
5274.00000000	-0.0182346195938	-0.0178510069851	0.0255178330214	-135.609066757
5274.00000000	-0.0182344581273	-0.0178508566452	0.0255176124699	-135.609054354
5274.00000000	-0.0182342702348	-0.0178507114695	0.0255173766473	-135.608992157
5274.00000000	-0.0182340439937	-0.0178505727528	0.0255171179401	-135.608859359
5274.00000000	-0.0182337905067	-0.0178504452854	0.0255168476331	-135.608665711
5274.00000000	-0.0182335415574	-0.0178503250156	0.0255165856040	-135.608467638
5274.00000000	-0.0182333524755	-0.0178502112894	0.0255163709327	-135.608353103
5274.00000000	-0.0182332907727	-0.0178501321804	0.0255162715000	-135.608383112
5274.00000000	-0.0182333941875	-0.0178501291484	0.0255163432766	-135.608550424
5274.00000000	-0.0182336514748	-0.0178502175565	0.0255165889750	-135.608812719
5274.00000000	-0.0182340039955	-0.0178503628352	0.0255169425099	-135.609133348
5274.00000000	-0.0182343605213	-0.0178505154516	0.0255173040407	-135.609448486
5274.00000000	-0.0182346500890	-0.0178506609000	0.0255176127104	-135.609669944
5274.00000000	-0.0182348649487	-0.0178508119452	0.0255178719097	-135.609765074
5274.00000000	-0.0182350125090	-0.0178509660403	0.0255180851510	-135.609749603
5274.00000000	-0.0182350791919	-0.0178511015464	0.0255182275943	-135.609636925
5274.00000000	-0.0182350608128	-0.0178511972762	0.0255182814281	-135.609454463
5274.00000000	-0.0182349803776	-0.0178512405901	0.0255182542502	-135.609258630
5274.00000000	-0.0182348735445	-0.0178512375661	0.0255181757934	-135.609095680
5274.00000000	-0.0182347956233	-0.0178512267448	0.0255181125422	-135.608990652
5274.00000000	-0.0182347761747	-0.0178512265448	0.0255180985047	-135.608960425
5274.00000000	-0.0182347752954	-0.0178512032894	0.0255180816081	-135.608996356
5274.00000000	-0.0182347333953	-0.0178511369302	0.0255180052453	-135.609037013
5274.00000000	-0.0182346428246	-0.0178510531059	0.0255178818857	-135.609029246
5274.00000000	-0.0182345415270	-0.0178509891319	0.0255177647471	-135.608972780
5274.00000000	-0.0182344712302	-0.0178509640984	0.0255176970020	-135.608902529
5274.00000000	-0.0182344395511	-0.0178509749011	0.0255176819218	-135.608835437
5274.00000000	-0.0182344180409	-0.0178510055984	0.0255176880255	-135.608752397
5274.00000000	-0.0182343866915	-0.0178510256705	0.0255176796654	-135.608670950
5274.00000000	-0.0182343465005	-0.0178510159991	0.0255176441801	-135.608623338
5274.00000000	-0.0182343233487	-0.0178509956485	0.0255176133999	-135.608619625
5274.00000000	-0.0182343451066	-0.0178509892810	0.0255176244932	-135.608664017
5274.00000000	-0.0182344154555	-0.0178509907637	0.0255176758003	-135.608772138
5274.00000000	-0.0182345066348	-0.0178509909663	0.0255177410970	-135.608915031
5274.00000000	-0.0182345894964	-0.0178509976721	0.0255178049994	-135.609034425
5274.00000000	-0.0182346501067	-0.0178510023476	0.0255178515814	-135.609122124
5274.00000000	-0.0182346815955	-0.0178509903707	0.0255178657043	-135.609190801
5274.00000000	-0.0182346897967	-0.0178509753516	0.0255178610581	-135.609227780
5274.00000000	-0.0182346894437	-0.0178509703497	0.0255178573068	-135.609235251
5274.00000000	-0.0182346912417	-0.0178509628030	0.0255178533124	-135.609250184
5274.00000000	-0.0182346960934	-0.0178509369987	0.0255178387281	-135.609299207
5274.00000000	-0.0182347026399	-0.0178508944501	0.0255178136413	-135.609377758
5274.00000000	-0.0182347285395	-0.0178508439565	0.0255177968263	-135.609499455
5274.00000000	-0.0182348144782	-0.0178507894780	0.0255178201272	-135.609721849
5274.00000000	-0.0182349801670	-0.0178507477405	0.0255179093302	-135.610049062
5274.00000000	-0.0182351958100	-0.0178507458509	0.0255180621063	-135.610390799
5274.00000000	-0.0182354138682	-0.0178507927658	0.0255182507495	-135.610658019
5274.00000000	-0.0182356004448	-0.0178508715170	0.0255184391666	-135.610824708
5274.00000000	-0.0182357054121	-0.0178509469098	0.0255185669161	-135.610868606
5274.00000000	-0.0182356874538	-0.0178509846272	0.0255185804674	-135.610779884
5274.00000000	-0.0182355799615	-0.0178509778673	0.0255184989243	-135.610621900
5274.00000000	-0.0182354490409	-0.0178509477350	0.0255183842898	-135.610464617
5274.00000000	-0.0182353297051	-0.0178509312384	0.0255182874725	-135.610303651
5274.00000000	-0.0182352254226	-0.0178509504554	0.0255182263955	-135.610109026
5274.00000000	-0.0182351448900	-0.0178509900576	0.0255181965506	-135.609918995
5274.00000000	-0.0182351147138	-0.0178510410280	0.0255182106428	-135.609789818
5274.00000000	-0.0182351330442	-0.0178511092028	0.0255182714327	-135.609709225
5274.00000000	-0.0182351506031	-0.0178511802190	0.0255183336589	-135.609622862
5274.00000000	-0.0182351270445	-0.0178512384218	0.0255183575396	-135.609492475
5274.00000000	-0.0182350678733	-0.0178512875366	0.0255183496147	-135.609320735
5274.00000000	-0.0182350079086	-0.0178513457915	0.0255183475169	-135.609133083
5274.00000000	-0.0182350009942	-0.0178514231136	0.0255183966667	-135.608998164
5274.00000000	-0.0182350772648	-0.0178514952990	0.0255185016657	-135.609002144
