DevNumber	X [V]	Y [V]	R [V]	Theta [°]
4253.00000000	-0.0104868625830	0.00755306207201	0.0129237391454	144.237042557
4253.00000000	-0.0104867922895	0.00755308165519	0.0129236935515	144.236789976
4253.00000000	-0.0104867376494	0.00755308245598	0.0129236496824	144.236645520
4253.00000000	-0.0104867027825	0.00755306077402	0.0129236087184	144.236633178
4253.00000000	-0.0104866853579	0.00755304153501	0.0129235833353	144.236657241
4253.00000000	-0.0104867011238	0.00755306653467	0.0129236107391	144.236608156
4253.00000000	-0.0104867582784	0.00755314460093	0.0129237027415	144.236475409
4253.00000000	-0.0104868376510	0.00755323181095	0.0129238181165	144.236367339
4253.00000000	-0.0104869083524	0.00755327895429	0.0129239030387	144.236380937
4253.00000000	-0.0104869566927	0.00755327810651	0.0129239417682	144.236509237
4253.00000000	-0.0104869922012	0.00755325052636	0.0129239544622	144.236700454
4253.00000000	-0.0104870187639	0.00755321961517	0.0129239579506	144.236880477
4253.00000000	-0.0104870192045	0.00755320120086	0.0129239475462	144.236947861
4253.00000000	-0.0104869791507	0.00755319916092	0.0129239138527	144.236851421
4253.00000000	-0.0104869110721	0.00755320790061	0.0129238637188	144.236643589
4253.00000000	-0.0104868503779	0.00755322931500	0.0129238269848	144.236409294
4253.00000000	-0.0104868145885	0.00755326361500	0.0129238179905	144.236193172
4253.00000000	-0.0104867865607	0.00755329431392	0.0129238131897	144.236010115
4253.00000000	-0.0104867471829	0.00755329804318	0.0129237834169	144.235894669
4253.00000000	-0.0104867000907	0.00755327419310	0.0129237312657	144.235858447
4253.00000000	-0.0104866540945	0.00755323969639	0.0129236737814	144.235863365
4253.00000000	-0.0104866174715	0.00755320419179	0.0129236233138	144.235896195
4253.00000000	-0.0104865937298	0.00755317041529	0.0129235843084	144.235956185
4253.00000000	-0.0104865799902	0.00755314296173	0.0129235571144	144.236019347
4253.00000000	-0.0104865731059	0.00755311827676	0.0129235371013	144.236090311
4253.00000000	-0.0104865687082	0.00755308560494	0.0129235144380	144.236196452
4253.00000000	-0.0104865653486	0.00755305150950	0.0129234917850	144.236310403
4253.00000000	-0.0104865736084	0.00755304731088	0.0129234960334	144.236346910
4253.00000000	-0.0104866072929	0.00755309410555	0.0129235507150	144.236265848
4253.00000000	-0.0104866583861	0.00755316502492	0.0129236336222	144.236143108
4253.00000000	-0.0104866975802	0.00755321601077	0.0129236952241	144.236061247
4253.00000000	-0.0104867040320	0.00755322991182	0.0129237085837	144.236027956
4253.00000000	-0.0104866732855	0.00755320091205	0.0129236666861	144.236052613
4253.00000000	-0.0104866122315	0.00755312374675	0.0129235720460	144.236172012
4253.00000000	-0.0104865434733	0.00755302533209	0.0129234587353	144.236347894
4253.00000000	-0.0104864911195	0.00755295118422	0.0129233729185	144.236478986
4253.00000000	-0.0104864642884	0.00755292442284	0.0129233355063	144.236505737
4253.00000000	-0.0104864560124	0.00755294131246	0.0129233386619	144.236423532
4253.00000000	-0.0104864552915	0.00755299361884	0.0129233686470	144.236233492
4253.00000000	-0.0104864619935	0.00755307669579	0.0129234226393	144.235951990
4253.00000000	-0.0104864828181	0.00755318215217	0.0129235011710	144.235626576
4253.00000000	-0.0104865168003	0.00755329438762	0.0129235943417	144.235310873
4253.00000000	-0.0104865519163	0.00755339230176	0.0129236800625	144.235049630
4253.00000000	-0.0104865769778	0.00755346483895	0.0129237427932	144.234853627
4253.00000000	-0.0104865887618	0.00755350787180	0.0129237775061	144.234729358
4253.00000000	-0.0104865888159	0.00755351101712	0.0129237793884	144.234718184
4253.00000000	-0.0104865819828	0.00755347216434	0.0129237511358	144.234840244
4253.00000000	-0.0104865825183	0.00755341217523	0.0129237165089	144.235057433
4253.00000000	-0.0104866043853	0.00755336091930	0.0129237042952	144.235298478
4253.00000000	-0.0104866385450	0.00755333437520	0.0129237164994	144.235482479
4253.00000000	-0.0104866641861	0.00755332933577	0.0129237343599	144.235567046
4253.00000000	-0.0104866682376	0.00755333176277	0.0129237390659	144.235568813
4253.00000000	-0.0104866496146	0.00755333313638	0.0129237247575	144.235515618
4253.00000000	-0.0104866205567	0.00755333496387	0.0129237022473	144.235433751
4253.00000000	-0.0104866006383	0.00755333781227	0.0129236877498	144.235371894
4253.00000000	-0.0104865955398	0.00755333360186	0.0129236811519	144.235373829
4253.00000000	-0.0104865891706	0.00755331854527	0.0129236671838	144.235411490
4253.00000000	-0.0104865662918	0.00755330043174	0.0129236380328	144.235417369
4253.00000000	-0.0104865318250	0.00755329514085	0.0129236069734	144.235347094
4253.00000000	-0.0104865049741	0.00755330790682	0.0129235926470	144.235231595
4253.00000000	-0.0104864951997	0.00755332852436	0.0129235967660	144.235132099
4253.00000000	-0.0104864936652	0.00755335304053	0.0129236098496	144.235039929
4253.00000000	-0.0104864928332	0.00755338521514	0.0129236279794	144.234922030
4253.00000000	-0.0104864975093	0.00755343439928	0.0129236605200	144.234757213
4253.00000000	-0.0104865168753	0.00755350047150	0.0129237148510	144.234569710
4253.00000000	-0.0104865588896	0.00755357039926	0.0129237898126	144.234427025
4253.00000000	-0.0104866099672	0.00755362121125	0.0129238609559	144.234376590
4253.00000000	-0.0104866464541	0.00755363868949	0.0129239007774	144.234408259
4253.00000000	-0.0104866553675	0.00755362241757	0.0129238984995	144.234489889
4253.00000000	-0.0104866292430	0.00755357721989	0.0129238508850	144.234584786
4253.00000000	-0.0104865806981	0.00755351142069	0.0129237730373	144.234695698
4253.00000000	-0.0104865478038	0.00755345217000	0.0129237117163	144.234823607
4253.00000000	-0.0104865563153	0.00755343499904	0.0129237085869	144.234907432
4253.00000000	-0.0104865871796	0.00755345326841	0.0129237443086	144.234921685
4253.00000000	-0.0104865997616	0.00755347806097	0.0129237690082	144.234865100
4253.00000000	-0.0104865760838	0.00755350120002	0.0129237633196	144.234720508
4253.00000000	-0.0104865380255	0.00755353027548	0.0129237494321	144.234517300
4253.00000000	-0.0104865212598	0.00755357253012	0.0129237605247	144.234321854
4253.00000000	-0.0104865450652	0.00755362588396	0.0129238110246	144.234191609
4253.00000000	-0.0104865952532	0.00755367915148	0.0129238828813	144.234130038
4253.00000000	-0.0104866388319	0.00755371949343	0.0129239418203	144.234097837
4253.00000000	-0.0104866673206	0.00755374945316	0.0129239824471	144.234063883
4253.00000000	-0.0104867024092	0.00755378533377	0.0129240318897	144.234025733
4253.00000000	-0.0104867500344	0.00755382440888	0.0129240933719	144.234008575
4253.00000000	-0.0104867928184	0.00755384281858	0.0129241388473	144.234053211
4253.00000000	-0.0104868142380	0.00755382321906	0.0129241447720	144.234179215
4253.00000000	-0.0104868057391	0.00755376194320	0.0129241020618	144.234377614
4253.00000000	-0.0104867625511	0.00755366088401	0.0129240079524	144.234629242
4253.00000000	-0.0104866832767	0.00755352145071	0.0129238621337	144.234925412
4253.00000000	-0.0104865765238	0.00755335987291	0.0129236810762	144.235230050
4253.00000000	-0.0104864669123	0.00755321435450	0.0129235070855	144.235469517
4253.00000000	-0.0104863892467	0.00755312531567	0.0129233920264	144.235588584
4253.00000000	-0.0104863640078	0.00755311136370	0.0129233633926	144.235573377
4253.00000000	-0.0104863852688	0.00755316554432	0.0129234123104	144.235433556
4253.00000000	-0.0104864297988	0.00755326418997	0.0129235060973	144.235194071
4253.00000000	-0.0104864722657	0.00755337608418	0.0129236059538	144.234901583
4253.00000000	-0.0104864995751	0.00755347885786	0.0129236881808	144.234602634
4253.00000000	-0.0104865170904	0.00755356839910	0.0129237547271	144.234325911
4253.00000000	-0.0104865327029	0.00755364171828	0.0129238102484	144.234102616
4253.00000000	-0.0104865470152	0.00755368961129	0.0129238498539	144.233967418
5260.00000000	-0.0163841938636	0.0163469751689	0.0231444465420	135.065151147
5260.00000000	-0.0163841904193	0.0163469579358	0.0231444319319	135.065175325
5260.00000000	-0.0163841957443	0.0163469383893	0.0231444218958	135.065218891
5260.00000000	-0.0163842104192	0.0163469248757	0.0231444227397	135.065268233
5260.00000000	-0.0163842257058	0.0163469180264	0.0231444287236	135.065306965
5260.00000000	-0.0163842500115	0.0163469416715	0.0231444626304	135.065308025
5260.00000000	-0.0163842820418	0.0163469987238	0.0231445256011	135.065264047
5260.00000000	-0.0163842985199	0.0163470525782	0.0231445753036	135.065198480
5260.00000000	-0.0163842880772	0.0163470768722	0.0231445850700	135.065137646
5260.00000000	-0.0163842694895	0.0163470764550	0.0231445716169	135.065105877
5260.00000000	-0.0163842749121	0.0163470664444	0.0231445683851	135.065132902
5260.00000000	-0.0163843046523	0.0163470430069	0.0231445728846	135.065225976
5260.00000000	-0.0163843234414	0.0163469978226	0.0231445542719	135.065338013
5260.00000000	-0.0163843209701	0.0163469530872	0.0231445209258	135.065412090
5260.00000000	-0.0163843166668	0.0163469265731	0.0231444991526	135.065451031
5260.00000000	-0.0163843151142	0.0163469105927	0.0231444867666	135.065476322
5260.00000000	-0.0163842876451	0.0163468758468	0.0231444427798	135.065489185
5260.00000000	-0.0163842064110	0.0163467958744	0.0231443287887	135.065487299
5260.00000000	-0.0163840792630	0.0163466791967	0.0231441563695	135.065469458
5260.00000000	-0.0163839530924	0.0163465696159	0.0231439896548	135.065440889
5260.00000000	-0.0163838728308	0.0163465002994	0.0231438838783	135.065422028
5260.00000000	-0.0163838493266	0.0163464759482	0.0231438500401	135.065423606
5260.00000000	-0.0163838694608	0.0163464930397	0.0231438763652	135.065428858
5260.00000000	-0.0163839098379	0.0163465361892	0.0231439354251	135.065423838
5260.00000000	-0.0163839466530	0.0163465666377	0.0231439829927	135.065434849
5260.00000000	-0.0163839643490	0.0163465469223	0.0231439815951	135.065500342
5260.00000000	-0.0163839720756	0.0163464986750	0.0231439529879	135.065598408
5260.00000000	-0.0163839985101	0.0163464939723	0.0231439683798	135.065652871
5260.00000000	-0.0163840666587	0.0163465739366	0.0231440731018	135.065631890
5260.00000000	-0.0163841640376	0.0163467062612	0.0231442354983	135.065570257
5260.00000000	-0.0163842415875	0.0163468126691	0.0231443655526	135.065519372
5260.00000000	-0.0163842604563	0.0163468396133	0.0231443979408	135.065505144
5260.00000000	-0.0163842164239	0.0163467706229	0.0231443180419	135.065549059
5260.00000000	-0.0163841247564	0.0163466179102	0.0231441452885	135.065656410
5260.00000000	-0.0163840184960	0.0163464411539	0.0231439452228	135.065780383
5260.00000000	-0.0163839325758	0.0163463048960	0.0231437881601	135.065868947
5260.00000000	-0.0163838814077	0.0163462354569	0.0231437028929	135.065901174
5260.00000000	-0.0163838609000	0.0163462231405	0.0231436796761	135.065886901
5260.00000000	-0.0163838656947	0.0163462495782	0.0231437017431	135.065848951
5260.00000000	-0.0163839029439	0.0163463106826	0.0231437712703	135.065806994
5260.00000000	-0.0163839759424	0.0163464142720	0.0231438961118	135.065753088
5260.00000000	-0.0163840761766	0.0163465498319	0.0231440628146	135.065690776
5260.00000000	-0.0163841782055	0.0163466846968	0.0231442302971	135.065632821
5260.00000000	-0.0163842586672	0.0163467968590	0.0231443664771	135.065576943
5260.00000000	-0.0163843057039	0.0163468744808	0.0231444545991	135.065523154
5260.00000000	-0.0163843178022	0.0163469084629	0.0231444871652	135.065484755
5260.00000000	-0.0163843088870	0.0163469032271	0.0231444771559	135.065478342
5260.00000000	-0.0163842940561	0.0163468749693	0.0231444466985	135.065501932
5260.00000000	-0.0163842893536	0.0163468465937	0.0231444233278	135.065543438
5260.00000000	-0.0163842848911	0.0163468206584	0.0231444018508	135.065581087
5260.00000000	-0.0163842619034	0.0163467852405	0.0231443605619	135.065602963
5260.00000000	-0.0163842239272	0.0163467369325	0.0231442995581	135.065621222
5260.00000000	-0.0163841762604	0.0163466726248	0.0231442203937	135.065650576
5260.00000000	-0.0163841153403	0.0163465962659	0.0231441233354	135.065677878
5260.00000000	-0.0163840499971	0.0163465275756	0.0231440285622	135.065684006
5260.00000000	-0.0163839904630	0.0163464738887	0.0231439484982	135.065673997
5260.00000000	-0.0163839514412	0.0163464390598	0.0231438962745	135.065666806
5260.00000000	-0.0163839430795	0.0163464323698	0.0231438856300	135.065663910
5260.00000000	-0.0163839597357	0.0163464633302	0.0231439192883	135.065638774
5260.00000000	-0.0163839863655	0.0163465155111	0.0231439749952	135.065593888
5260.00000000	-0.0163840018442	0.0163465564393	0.0231440148603	135.065549225
5260.00000000	-0.0163839928631	0.0163465787597	0.0231440242673	135.065494404
5260.00000000	-0.0163839703082	0.0163466025513	0.0231440251044	135.065413271
5260.00000000	-0.0163839484760	0.0163466363180	0.0231440334985	135.065315920
5260.00000000	-0.0163839358827	0.0163466826846	0.0231440573322	135.065212642
5260.00000000	-0.0163839515857	0.0163467617009	0.0231441242579	135.065101622
5260.00000000	-0.0163840013292	0.0163468808462	0.0231442436246	135.064979798
5260.00000000	-0.0163840610555	0.0163470089497	0.0231443763855	135.064859730
5260.00000000	-0.0163841027780	0.0163470974975	0.0231444684629	135.064777505
5260.00000000	-0.0163841210648	0.0163471261707	0.0231445016604	135.064759231
5260.00000000	-0.0163841393860	0.0163471161985	0.0231445075866	135.064808742
5260.00000000	-0.0163841825458	0.0163471049972	0.0231445302282	135.064903837
5260.00000000	-0.0163842487018	0.0163471133497	0.0231445829600	135.065004873
5260.00000000	-0.0163843066794	0.0163471159613	0.0231446258474	135.065101670
5260.00000000	-0.0163843095954	0.0163470591181	0.0231445877632	135.065206384
5260.00000000	-0.0163842471619	0.0163469422138	0.0231444609962	135.065302092
5260.00000000	-0.0163841644060	0.0163468294622	0.0231443227758	135.065354990
5260.00000000	-0.0163841198838	0.0163467818099	0.0231442576011	135.065360653
5260.00000000	-0.0163841324167	0.0163468029494	0.0231442814042	135.065345520
5260.00000000	-0.0163841744883	0.0163468526893	0.0231443463184	135.065331914
5260.00000000	-0.0163842041911	0.0163468927952	0.0231443956722	135.065313564
5260.00000000	-0.0163842018266	0.0163469076745	0.0231444045076	135.065283353
5260.00000000	-0.0163841849291	0.0163468985212	0.0231443860807	135.065269849
5260.00000000	-0.0163841743241	0.0163468748650	0.0231443618649	135.065292764
5260.00000000	-0.0163841689736	0.0163468494816	0.0231443401490	135.065327893
5260.00000000	-0.0163841538073	0.0163468257031	0.0231443126178	135.065343046
5260.00000000	-0.0163841191565	0.0163467878439	0.0231442613481	135.065348807
5260.00000000	-0.0163840572969	0.0163467054054	0.0231441593306	135.065385119
5260.00000000	-0.0163839607463	0.0163465516845	0.0231439824082	135.065485697
5260.00000000	-0.0163838420054	0.0163463413955	0.0231437498232	135.065646615
5260.00000000	-0.0163837357463	0.0163461388435	0.0231435315390	135.065815801
5260.00000000	-0.0163836759828	0.0163460212665	0.0231434061874	135.065917364
5260.00000000	-0.0163836700293	0.0163460211373	0.0231434018816	135.065907181
5260.00000000	-0.0163837048334	0.0163461122767	0.0231434908912	135.065808308
5260.00000000	-0.0163837709856	0.0163462516012	0.0231436361257	135.065679803
5260.00000000	-0.0163838506238	0.0163464045404	0.0231438005233	135.065551020
5260.00000000	-0.0163839172097	0.0163465363251	0.0231439407397	135.065436490
5260.00000000	-0.0163839657433	0.0163466280317	0.0231440398695	135.065360634
5260.00000000	-0.0163840087094	0.0163466852820	0.0231441107216	135.065335429
5260.00000000	-0.0163840439336	0.0163467107243	0.0231441536272	135.065352431
5270.00000000	0.0104497403034	0.00474523803558	0.0114766875196	24.4228487229
5270.00000000	0.0104497280408	0.00474520244806	0.0114766616400	24.4227122666
5270.00000000	0.0104497324524	0.00474516877930	0.0114766517360	24.4225501137
5270.00000000	0.0104497385359	0.00474513339793	0.0114766426464	24.4223767242
5270.00000000	0.0104497382280	0.00474508836150	0.0114766237454	24.4221726385
5270.00000000	0.0104497378878	0.00474503709936	0.0114766022410	24.4219403185
5270.00000000	0.0104497425975	0.00474499157852	0.0114765877087	24.4217236725
5270.00000000	0.0104497494591	0.00474495957313	0.0114765807237	24.4215640219
5270.00000000	0.0104497545723	0.00474493823558	0.0114765765575	24.4214564729
5270.00000000	0.0104497577878	0.00474492704186	0.0114765748573	24.4213989522
5270.00000000	0.0104497640880	0.00474493199351	0.0114765826411	24.4214084569
5270.00000000	0.0104497811660	0.00474495719475	0.0114766086104	24.4214877645
5270.00000000	0.0104498071334	0.00474499273392	0.0114766469480	24.4215957163
5270.00000000	0.0104498317819	0.00474501618845	0.0114766790884	24.4216514568
5270.00000000	0.0104498457064	0.00474501946950	0.0114766931236	24.4216376299
5270.00000000	0.0104498527366	0.00474501540746	0.0114766978454	24.4216046543
5270.00000000	0.0104498611545	0.00474501577965	0.0114767056640	24.4215889710
5270.00000000	0.0104498652197	0.00474501610792	0.0114767095012	24.4215820723
5270.00000000	0.0104498545481	0.00474500545254	0.0114766953789	24.4215556634
5270.00000000	0.0104498361172	0.00474498339606	0.0114766694779	24.4214934443
5270.00000000	0.0104498254093	0.00474495311435	0.0114766472082	24.4213778945
5270.00000000	0.0104498262326	0.00474491498791	0.0114766321948	24.4212028831
5270.00000000	0.0104498384186	0.00474487338739	0.0114766260912	24.4209886261
5270.00000000	0.0104498585121	0.00474484256414	0.0114766316436	24.4208070380
5270.00000000	0.0104498701006	0.00474483684159	0.0114766398293	24.4207571060
5270.00000000	0.0104498616444	0.00474485018354	0.0114766376458	24.4208352086
5270.00000000	0.0104498511624	0.00474486287418	0.0114766333483	24.4209145323
5270.00000000	0.0104498668406	0.00474485695520	0.0114766451767	24.4208552657
5270.00000000	0.0104499153380	0.00474482457059	0.0114766759464	24.4206079546
5270.00000000	0.0104499732923	0.00474477418568	0.0114767078852	24.4202593019
5270.00000000	0.0104500077728	0.00474471561259	0.0114767150655	24.4199218782
5270.00000000	0.0104500082507	0.00474464825865	0.0114766876554	24.4196147179
5270.00000000	0.0104499776914	0.00474456809264	0.0114766266880	24.4193133733
5270.00000000	0.0104499128385	0.00474447493040	0.0114765291224	24.4190237252
5270.00000000	0.0104498322163	0.00474437662079	0.0114764150705	24.4187432192
5270.00000000	0.0104497669305	0.00474428727411	0.0114763186886	24.4184717998
5270.00000000	0.0104497290892	0.00474422143556	0.0114762570147	24.4182506009
5270.00000000	0.0104497183504	0.00474418505448	0.0114762321968	24.4181073768
5270.00000000	0.0104497356434	0.00474416427047	0.0114762393511	24.4179772022
5270.00000000	0.0104497827529	0.00474414058401	0.0114762724551	24.4177722962
5270.00000000	0.0104498582782	0.00474411204379	0.0114763294271	24.4174866811
5270.00000000	0.0104499508245	0.00474408892769	0.0114764041402	24.4171905991
5270.00000000	0.0104500393925	0.00474407554997	0.0114764792567	24.4169470011
5270.00000000	0.0104501041434	0.00474406549298	0.0114765340591	24.4167676541
5270.00000000	0.0104501356266	0.00474405034716	0.0114765564657	24.4166338300
5270.00000000	0.0104501323369	0.00474402983071	0.0114765449894	24.4165473528
5270.00000000	0.0104500987344	0.00474400664522	0.0114765048080	24.4165112989
5270.00000000	0.0104500511905	0.00474398082190	0.0114764508417	24.4164920243
5270.00000000	0.0104500164780	0.00474395673304	0.0114764092762	24.4164541539
5270.00000000	0.0104500063230	0.00474394084655	0.0114763934625	24.4164028913
5270.00000000	0.0104500134116	0.00474393325591	0.0114763967795	24.4163537553
5270.00000000	0.0104500227418	0.00474392419270	0.0114764015288	24.4162932994
5270.00000000	0.0104500302999	0.00474390257119	0.0114763994734	24.4161794104
5270.00000000	0.0104500466588	0.00474386606896	0.0114763992807	24.4159797116
5270.00000000	0.0104500817564	0.00474382184464	0.0114764129592	24.4157062376
5270.00000000	0.0104501311019	0.00474377468948	0.0114764384001	24.4153900383
5270.00000000	0.0104501792771	0.00474372701082	0.0114764625594	24.4150738755
5270.00000000	0.0104502175502	0.00474368029226	0.0114764780993	24.4147825123
5270.00000000	0.0104502545139	0.00474363313234	0.0114764922646	24.4144918457
5270.00000000	0.0104502980383	0.00474358697395	0.0114765128183	24.4141921945
5270.00000000	0.0104503360864	0.00474354276307	0.0114765291906	24.4139126981
5270.00000000	0.0104503582649	0.00474349374336	0.0114765291250	24.4136440881
5270.00000000	0.0104503729129	0.00474343368878	0.0114765176416	24.4133408517
5270.00000000	0.0104503904022	0.00474336079896	0.0114765034408	24.4129734022
5270.00000000	0.0104504239880	0.00474327367156	0.0114764980134	24.4125080129
5270.00000000	0.0104504856705	0.00474317771129	0.0114765145210	24.4119444947
5270.00000000	0.0104505619807	0.00474308300948	0.0114765448697	24.4113565179
5270.00000000	0.0104506316800	0.00474300232838	0.0114765749942	24.4108459239
5270.00000000	0.0104506822453	0.00474294175592	0.0114765960063	24.4104662263
5270.00000000	0.0104507061049	0.00474289998796	0.0114766004717	24.4102271169
5270.00000000	0.0104507136060	0.00474287466453	0.0114765968369	24.4100965170
5270.00000000	0.0104507306599	0.00474286424233	0.0114766080593	24.4100139510
5270.00000000	0.0104507590828	0.00474286296410	0.0114766334133	24.4099494986
5270.00000000	0.0104507739935	0.00474285988081	0.0114766457170	24.4099047184
5270.00000000	0.0104507534070	0.00474284718578	0.0114766217242	24.4098894786
5270.00000000	0.0104507003088	0.00474282239429	0.0114765631270	24.4098863234
5270.00000000	0.0104506541152	0.00474279222786	0.0114765085959	24.4098444873
5270.00000000	0.0104506574728	0.00474276582362	0.0114765007416	24.4097175214
5270.00000000	0.0104507131873	0.00474274307428	0.0114765420746	24.4094991510
5270.00000000	0.0104507913611	0.00474271905867	0.0114766033365	24.4092286891
5270.00000000	0.0104508559432	0.00474269385638	0.0114766517313	24.4089808760
5270.00000000	0.0104508936466	0.00474266914343	0.0114766758522	24.4087907424
5270.00000000	0.0104509109483	0.00474264568681	0.0114766819142	24.4086484106
5270.00000000	0.0104509066397	0.00474261954599	0.0114766671883	24.4085384590
5270.00000000	0.0104508808489	0.00474257843763	0.0114766267150	24.4084047808
5270.00000000	0.0104508474606	0.00474251845371	0.0114765715232	24.4082009637
5270.00000000	0.0104508143395	0.00474245401649	0.0114765147347	24.4079763473
5270.00000000	0.0104507717100	0.00474239667297	0.0114764522191	24.4078035946
5270.00000000	0.0104507065539	0.00474235014776	0.0114763736607	24.4077264965
5270.00000000	0.0104506219461	0.00474231398102	0.0114762816694	24.4077366205
5270.00000000	0.0104505412247	0.00474228670095	0.0114761968894	24.4077791287
5270.00000000	0.0104504933380	0.00474227016312	0.0114761464485	24.4078027353
5270.00000000	0.0104504917253	0.00474226453464	0.0114761426541	24.4077804731
5270.00000000	0.0104505307730	0.00474226892240	0.0114761800252	24.4077198632
5270.00000000	0.0104506003070	0.00474228136648	0.0114762484870	24.4076329857
5270.00000000	0.0104506877293	0.00474229770218	0.0114763348466	24.4075268980
5270.00000000	0.0104507662473	0.00474231555742	0.0114764137256	24.4074460897
5270.00000000	0.0104508165442	0.00474233369043	0.0114764670205	24.4074247649
5270.00000000	0.0104508477741	0.00474235565274	0.0114765045347	24.4074601845
5270.00000000	0.0104508763394	0.00474238613815	0.0114765431444	24.4075398492
5274.00000000	0.0105057537365	0.00465722618076	0.0114917630184	23.9078263156
5274.00000000	0.0105057470404	0.00465721244455	0.0114917513300	23.9077772355
5274.00000000	0.0105057311858	0.00465716795445	0.0114917188055	23.9076064832
5274.00000000	0.0105056971621	0.00465710430997	0.0114916619084	23.9073851349
5274.00000000	0.0105056483097	0.00465704527738	0.0114915933239	23.9072147682
5274.00000000	0.0105056162769	0.00465701686539	0.0114915525253	23.9071499872
5274.00000000	0.0105056219833	0.00465702255979	0.0114915600498	23.9071644130
5274.00000000	0.0105056546736	0.00465704856030	0.0114916004722	23.9072168735
5274.00000000	0.0105056943960	0.00465708347869	0.0114916509375	23.9072957733
5274.00000000	0.0105057267094	0.00465711709955	0.0114916941037	23.9073837286
5274.00000000	0.0105057491273	0.00465713801100	0.0114917230727	23.9074337475
5274.00000000	0.0105057646219	0.00465713644759	0.0114917366043	23.9073953137
5274.00000000	0.0105057755983	0.00465711269485	0.0114917370129	23.9072648693
5274.00000000	0.0105057842222	0.00465707818478	0.0114917309115	23.9070901455
5274.00000000	0.0105057893848	0.00465704608669	0.0114917226233	23.9069334090
5274.00000000	0.0105057950309	0.00465702207267	0.0114917180533	23.9068125433
5274.00000000	0.0105057975865	0.00465700921691	0.0114917151799	23.9067487821
5274.00000000	0.0105057790659	0.00465700511466	0.0114916965858	23.9067675048
5274.00000000	0.0105057326682	0.00465700244294	0.0114916530860	23.9068490741
5274.00000000	0.0105056733326	0.00465699554929	0.0114915960475	23.9069375417
5274.00000000	0.0105056205451	0.00465697886026	0.0114915410256	23.9069681305
5274.00000000	0.0105055817145	0.00465695298077	0.0114914950387	23.9069286274
5274.00000000	0.0105055637988	0.00465692948682	0.0114914691392	23.9068577376
5274.00000000	0.0105055722238	0.00465692461015	0.0114914748651	23.9068184857
5274.00000000	0.0105055938107	0.00465694779854	0.0114915039970	23.9068805649
5274.00000000	0.0105056122970	0.00465699948095	0.0114915418418	23.9070787882
5274.00000000	0.0105056365424	0.00465706468547	0.0114915904315	23.9073270090
5274.00000000	0.0105056858993	0.00465711515155	0.0114916560055	23.9074573090
5274.00000000	0.0105057665424	0.00465713531620	0.0114917379015	23.9073862764
5274.00000000	0.0105058575524	0.00465713352941	0.0114918203790	23.9071942430
5274.00000000	0.0105059233864	0.00465712111646	0.0114918755342	23.9070046463
5274.00000000	0.0105059474765	0.00465710271049	0.0114918900985	23.9068720779
5274.00000000	0.0105059221335	0.00465707876820	0.0114918572271	23.9068141539
5274.00000000	0.0105058397742	0.00465705088263	0.0114917706331	23.9068534569
5274.00000000	0.0105057275320	0.00465702198333	0.0114916563092	23.9069485191
5274.00000000	0.0105056358304	0.00465699575965	0.0114915618480	23.9070142755
5274.00000000	0.0105055900400	0.00465697875310	0.0114915130943	23.9070292794
5274.00000000	0.0105055732990	0.00465696570550	0.0114914925019	23.9070036328
5274.00000000	0.0105055646724	0.00465694358644	0.0114914756517	23.9069202410
5274.00000000	0.0105055696466	0.00465691253716	0.0114914676164	23.9067686624
5274.00000000	0.0105056054278	0.00465688166748	0.0114914878179	23.9065556556
5274.00000000	0.0105056761236	0.00465685264125	0.0114915406859	23.9062805070
5274.00000000	0.0105057578845	0.00465681960853	0.0114916020465	23.9059647424
5274.00000000	0.0105058277723	0.00465678009103	0.0114916499249	23.9056434113
5274.00000000	0.0105058823874	0.00465674100875	0.0114916840176	23.9053549234
5274.00000000	0.0105059155175	0.00465671430616	0.0114917034851	23.9051662735
5274.00000000	0.0105059232758	0.00465670639606	0.0114917073725	23.9051145436
5274.00000000	0.0105059155628	0.00465671123633	0.0114917022826	23.9051521892
5274.00000000	0.0105059072776	0.00465671985678	0.0114916982013	23.9052082218
5274.00000000	0.0105059021500	0.00465672105250	0.0114916939981	23.9052240318
5274.00000000	0.0105058944769	0.00465670785697	0.0114916816361	23.9051793872
5274.00000000	0.0105058852756	0.00465668303799	0.0114916631668	23.9050848488
5274.00000000	0.0105058800585	0.00465664982407	0.0114916449383	23.9049439947
5274.00000000	0.0105058808198	0.00465661565154	0.0114916317869	23.9047866920
5274.00000000	0.0105058879101	0.00465658670597	0.0114916265398	23.9046404279
5274.00000000	0.0105058980059	0.00465655860230	0.0114916243816	23.9044919289
5274.00000000	0.0105059180219	0.00465653351201	0.0114916325138	23.9043371233
5274.00000000	0.0105059598606	0.00465651936014	0.0114916650292	23.9041880890
5274.00000000	0.0105060270625	0.00465650913521	0.0114917223237	23.9040057139
5274.00000000	0.0105061165936	0.00465648933141	0.0114917961508	23.9037345681
5274.00000000	0.0105062100886	0.00465645643032	0.0114918682952	23.9033957185
5274.00000000	0.0105062825565	0.00465641412878	0.0114919174072	23.9030565034
5274.00000000	0.0105063235251	0.00465636575945	0.0114919352635	23.9027532662
5274.00000000	0.0105063382729	0.00465631058288	0.0114919263898	23.9024719712
5274.00000000	0.0105063360700	0.00465624108567	0.0114918962170	23.9021596419
5274.00000000	0.0105063257845	0.00465615597894	0.0114918523306	23.9017924875
5274.00000000	0.0105063119124	0.00465606756135	0.0114918038244	23.9014174835
5274.00000000	0.0105063028872	0.00465599115293	0.0114917646153	23.9010874266
5274.00000000	0.0105063035757	0.00465592957972	0.0114917402980	23.9008053683
5274.00000000	0.0105063126826	0.00465587394163	0.0114917260820	23.9005333580
5274.00000000	0.0105063305784	0.00465581882035	0.0114917201110	23.9002459490
5274.00000000	0.0105063602034	0.00465576827407	0.0114917267173	23.8999557017
5274.00000000	0.0105064022991	0.00465572867958	0.0114917491622	23.8996901863
5274.00000000	0.0105064435336	0.00465570042474	0.0114917754142	23.8994781010
5274.00000000	0.0105064594419	0.00465567654502	0.0114917802840	23.8993371165
5274.00000000	0.0105064428735	0.00465564884733	0.0114917539150	23.8992443281
5274.00000000	0.0105064210974	0.00465561547081	0.0114917204843	23.8991361720
5274.00000000	0.0105064283282	0.00465557474659	0.0114917105966	23.8989359315
5274.00000000	0.0105064691002	0.00465551775072	0.0114917247827	23.8985937696
5274.00000000	0.0105065192237	0.00465544161038	0.0114917397632	23.8981454525
5274.00000000	0.0105065505097	0.00465535820288	0.0114917345780	23.8977020578
5274.00000000	0.0105065648589	0.00465528743595	0.0114917190292	23.8973504916
5274.00000000	0.0105065887494	0.00465524323513	0.0114917229660	23.8971007533
5274.00000000	0.0105066296017	0.00465522360053	0.0114917523624	23.8969287402
5274.00000000	0.0105066690150	0.00465520578958	0.0114917811819	23.8967679472
5274.00000000	0.0105066874933	0.00465517274330	0.0114917846896	23.8965799882
5274.00000000	0.0105066733431	0.00465512727838	0.0114917533352	23.8964013189
5274.00000000	0.0105066221108	0.00465506929892	0.0114916830080	23.8962404953
5274.00000000	0.0105065302180	0.00465499527821	0.0114915690078	23.8960886667
5274.00000000	0.0105064137904	0.00465491046811	0.0114914282055	23.8959372036
5274.00000000	0.0105063180057	0.00465482422358	0.0114913056956	23.8957375053
5274.00000000	0.0105062907196	0.00465474519205	0.0114912487349	23.8954323381
5274.00000000	0.0105063462072	0.00465468477374	0.0114912749932	23.8950448444
5274.00000000	0.0105064520555	0.00465464451179	0.0114913554608	23.8946475297
5274.00000000	0.0105065620828	0.00465460943349	0.0114914418494	23.8942654111
5274.00000000	0.0105066591939	0.00465456938162	0.0114915144148	23.8938867101
5274.00000000	0.0105067484672	0.00465453141787	0.0114915806603	23.8935333613
5274.00000000	0.0105068335634	0.00465450750246	0.0114916487773	23.8932524922
5274.00000000	0.0105069177325	0.00465450732688	0.0114917256622	23.8930817181
5274.00000000	0.0105070011895	0.00465452611476	0.0114918095768	23.8929988301
