DevNumber	X [V]	Y [V]	R [V]	Theta [°]
4253.00000000	-0.00707103983632	-0.00558102390780	0.00900818695556	-141.716705859
4253.00000000	-0.00707105558520	-0.00558103503705	0.00900820621287	-141.716712355
4253.00000000	-0.00707107352750	-0.00558103891675	0.00900822270049	-141.716763688
4253.00000000	-0.00707109215660	-0.00558103433531	0.00900823448512	-141.716859971
4253.00000000	-0.00707110862215	-0.00558102822128	0.00900824362198	-141.716955379
4253.00000000	-0.00707112150704	-0.00558103252450	0.00900825640215	-141.716984668
4253.00000000	-0.00707112750961	-0.00558104770242	0.00900827051735	-141.716932544
4253.00000000	-0.00707112013836	-0.00558106662898	0.00900827645713	-141.716809004
4253.00000000	-0.00707109826758	-0.00558108369391	0.00900826986209	-141.716637623
4253.00000000	-0.00707107555597	-0.00558109732521	0.00900826047979	-141.716480070
4253.00000000	-0.00707107609791	-0.00558111080539	0.00900826925688	-141.716414905
4253.00000000	-0.00707111077541	-0.00558112928854	0.00900830792844	-141.716459276
4253.00000000	-0.00707116427808	-0.00558115555340	0.00900836619809	-141.716538977
4253.00000000	-0.00707120745665	-0.00558118106253	0.00900841589557	-141.716581768
4253.00000000	-0.00707122805179	-0.00558118997613	0.00900843758429	-141.716618422
4253.00000000	-0.00707123386481	-0.00558117273174	0.00900843146349	-141.716727421
4253.00000000	-0.00707123422588	-0.00558113583766	0.00900840888924	-141.716913038
4253.00000000	-0.00707123899719	-0.00558109824847	0.00900838934630	-141.717119505
4253.00000000	-0.00707125939761	-0.00558107240492	0.00900838934867	-141.717328918
4253.00000000	-0.00707129514482	-0.00558105612174	0.00900840732089	-141.717551073
4253.00000000	-0.00707132867010	-0.00558104577385	0.00900842722624	-141.717734839
4253.00000000	-0.00707133927526	-0.00558103947538	0.00900843164882	-141.717808073
4253.00000000	-0.00707131370722	-0.00558103278575	0.00900840743425	-141.717740724
4253.00000000	-0.00707125688920	-0.00558102286565	0.00900835668810	-141.717566364
4253.00000000	-0.00707119518514	-0.00558100943333	0.00900829993069	-141.717390284
4253.00000000	-0.00707115630672	-0.00558099545886	0.00900826075476	-141.717306853
4253.00000000	-0.00707115214763	-0.00558098873202	0.00900825332247	-141.717324049
4253.00000000	-0.00707117780186	-0.00558100069147	0.00900828086949	-141.717365430
4253.00000000	-0.00707122017172	-0.00558102925488	0.00900833182452	-141.717389781
4253.00000000	-0.00707126453803	-0.00558106036496	0.00900838592447	-141.717409284
4253.00000000	-0.00707129948435	-0.00558108515307	0.00900842871333	-141.717423232
4253.00000000	-0.00707130816957	-0.00558109608623	0.00900844230446	-141.717402871
4253.00000000	-0.00707128317760	-0.00558108841629	0.00900841793482	-141.717342684
4253.00000000	-0.00707123990170	-0.00558107549375	0.00900837595876	-141.717236674
4253.00000000	-0.00707120028731	-0.00558106893388	0.00900834079884	-141.717113325
4253.00000000	-0.00707117727558	-0.00558106461395	0.00900832005913	-141.717044215
4253.00000000	-0.00707116911855	-0.00558105818768	0.00900830967481	-141.717044156
4253.00000000	-0.00707115712791	-0.00558105115429	0.00900829590513	-141.717032022
4253.00000000	-0.00707112132225	-0.00558104279024	0.00900826261720	-141.716932687
4253.00000000	-0.00707106934313	-0.00558103036041	0.00900821411486	-141.716789918
4253.00000000	-0.00707102849542	-0.00558101616089	0.00900817325384	-141.716699847
4253.00000000	-0.00707100900924	-0.00558100666434	0.00900815207443	-141.716670473
4253.00000000	-0.00707099858767	-0.00558100649232	0.00900814378738	-141.716630264
4253.00000000	-0.00707099132523	-0.00558101270061	0.00900814193304	-141.716570650
4253.00000000	-0.00707099280541	-0.00558102081912	0.00900814812476	-141.716535950
4253.00000000	-0.00707101145188	-0.00558103914606	0.00900817411590	-141.716517928
4253.00000000	-0.00707105651967	-0.00558107572948	0.00900823215745	-141.716512875
4253.00000000	-0.00707112299922	-0.00558111625262	0.00900830944714	-141.716572527
4253.00000000	-0.00707118697892	-0.00558113907337	0.00900837380703	-141.716710707
4253.00000000	-0.00707122294721	-0.00558113743529	0.00900840102575	-141.716860618
4253.00000000	-0.00707121707183	-0.00558111469916	0.00900838232770	-141.716950978
4253.00000000	-0.00707117928215	-0.00558108210381	0.00900833246998	-141.716964802
4253.00000000	-0.00707113734383	-0.00558105893298	0.00900828519468	-141.716915226
4253.00000000	-0.00707111334859	-0.00558105534004	0.00900826413340	-141.716838610
4253.00000000	-0.00707111500062	-0.00558106687964	0.00900827257952	-141.716787507
4253.00000000	-0.00707113487560	-0.00558108595841	0.00900830000078	-141.716770573
4253.00000000	-0.00707115624111	-0.00558110236711	0.00900832693780	-141.716772843
4253.00000000	-0.00707115796266	-0.00558110457133	0.00900832965477	-141.716768622
4253.00000000	-0.00707112876528	-0.00558108686294	0.00900829576484	-141.716741979
4253.00000000	-0.00707108370681	-0.00558105573023	0.00900824110760	-141.716719857
4253.00000000	-0.00707104406370	-0.00558102695412	0.00900819216121	-141.716707309
4253.00000000	-0.00707102404704	-0.00558101407079	0.00900816846713	-141.716692753
4253.00000000	-0.00707102013372	-0.00558101689175	0.00900816714307	-141.716663248
4253.00000000	-0.00707102142630	-0.00558102570308	0.00900817361676	-141.716624350
4253.00000000	-0.00707102050257	-0.00558102905893	0.00900817497079	-141.716603955
4253.00000000	-0.00707101018057	-0.00558101270725	0.00900815673777	-141.716644918
4253.00000000	-0.00707099493536	-0.00558097794032	0.00900812323107	-141.716758423
4253.00000000	-0.00707098398784	-0.00558094556015	0.00900809457664	-141.716876947
4253.00000000	-0.00707097623478	-0.00558093098729	0.00900807946222	-141.716919154
4253.00000000	-0.00707096758046	-0.00558094047165	0.00900807854495	-141.716837698
4253.00000000	-0.00707096114441	-0.00558097069158	0.00900809221567	-141.716661456
4253.00000000	-0.00707096315062	-0.00558100579677	0.00900811553995	-141.716494093
4253.00000000	-0.00707097956589	-0.00558103581844	0.00900814702521	-141.716408891
4253.00000000	-0.00707101222676	-0.00558106200965	0.00900818888936	-141.716406832
4253.00000000	-0.00707105988414	-0.00558108550419	0.00900824085436	-141.716477332
4253.00000000	-0.00707111572730	-0.00558110671142	0.00900829782773	-141.716591507
4253.00000000	-0.00707116492784	-0.00558112306842	0.00900834658200	-141.716703720
4253.00000000	-0.00707119603419	-0.00558112982675	0.00900837518629	-141.716792554
4253.00000000	-0.00707121026314	-0.00558112667159	0.00900838440065	-141.716864375
4253.00000000	-0.00707122357430	-0.00558112179461	0.00900839182785	-141.716941176
4253.00000000	-0.00707124780995	-0.00558112564835	0.00900841323943	-141.717017436
4253.00000000	-0.00707128097360	-0.00558114006753	0.00900844820493	-141.717076128
4253.00000000	-0.00707131929145	-0.00558115588980	0.00900848808557	-141.717148124
4253.00000000	-0.00707134529953	-0.00558115839059	0.00900851005028	-141.717238121
4253.00000000	-0.00707133649461	-0.00558114491827	0.00900849479207	-141.717270687
4253.00000000	-0.00707128824162	-0.00558112640098	0.00900844544301	-141.717172998
4253.00000000	-0.00707121452015	-0.00558111544091	0.00900838078429	-141.716937220
4253.00000000	-0.00707113907513	-0.00558111404700	0.00900832069952	-141.716646887
4253.00000000	-0.00707107826815	-0.00558111203949	0.00900827172501	-141.716417296
4253.00000000	-0.00707102459987	-0.00558109532257	0.00900821924087	-141.716289271
4253.00000000	-0.00707096251826	-0.00558105870668	0.00900814782417	-141.716227440
4253.00000000	-0.00707089515167	-0.00558101760629	0.00900806948061	-141.716167170
4253.00000000	-0.00707084725962	-0.00558099478474	0.00900801774844	-141.716092383
4253.00000000	-0.00707084020609	-0.00558100113775	0.00900801614783	-141.716032868
4253.00000000	-0.00707086869237	-0.00558102790894	0.00900805509448	-141.716011464
4253.00000000	-0.00707091335034	-0.00558105524248	0.00900810708349	-141.716050981
4253.00000000	-0.00707096311321	-0.00558107131737	0.00900815610422	-141.716166824
4253.00000000	-0.00707100949800	-0.00558107486459	0.00900819471176	-141.716331899
4253.00000000	-0.00707103481071	-0.00558106560583	0.00900820884476	-141.716477872
4253.00000000	-0.00707102502566	-0.00558104368897	0.00900818758529	-141.716548736
5260.00000000	-0.0135584011757	0.00445726734252	0.0142722624207	161.801937891
5260.00000000	-0.0135583838729	0.00445727247296	0.0142722475855	161.801896632
5260.00000000	-0.0135583717433	0.00445730534335	0.0142722463282	161.801756067
5260.00000000	-0.0135583671039	0.00445734712495	0.0142722549696	161.801590909
5260.00000000	-0.0135583569244	0.00445737540829	0.0142722541324	161.801470282
5260.00000000	-0.0135583388617	0.00445738249380	0.0142722391860	161.801420614
5260.00000000	-0.0135583263662	0.00445737175965	0.0142722239632	161.801445884
5260.00000000	-0.0135583218833	0.00445734760581	0.0142722121611	161.801532379
5260.00000000	-0.0135583065266	0.00445731289187	0.0142721867310	161.801645514
5260.00000000	-0.0135582823767	0.00445728131716	0.0142721539281	161.801735652
5260.00000000	-0.0135582829198	0.00445727128320	0.0142721513104	161.801774600
5260.00000000	-0.0135583333512	0.00445728707899	0.0142722041524	161.801777588
5260.00000000	-0.0135584220101	0.00445731164178	0.0142722960478	161.801795069
5260.00000000	-0.0135585132971	0.00445732921079	0.0142723882557	161.801842516
5260.00000000	-0.0135585791487	0.00445734315136	0.0142724551672	161.801871912
5260.00000000	-0.0135586181512	0.00445736141270	0.0142724979220	161.801851168
5260.00000000	-0.0135586502149	0.00445738503800	0.0142725357602	161.801801269
5260.00000000	-0.0135587037041	0.00445741420076	0.0142725956817	161.801757114
5260.00000000	-0.0135587872157	0.00445744602909	0.0142726849563	161.801740434
5260.00000000	-0.0135588810721	0.00445747502912	0.0142727831751	161.801747509
5260.00000000	-0.0135589505140	0.00445749319944	0.0142728548183	161.801765275
5260.00000000	-0.0135589606983	0.00445748865001	0.0142728630724	161.801795392
5260.00000000	-0.0135588999318	0.00445745600089	0.0142727951488	161.801843718
5260.00000000	-0.0135587961042	0.00445740883882	0.0142726817856	161.801893405
5260.00000000	-0.0135586865568	0.00445736767364	0.0142725648614	161.801913052
5260.00000000	-0.0135585911844	0.00445734310629	0.0142724665869	161.801887173
5260.00000000	-0.0135585227233	0.00445733511862	0.0142723990554	161.801831804
5260.00000000	-0.0135584919557	0.00445734550318	0.0142723730700	161.801753626
5260.00000000	-0.0135584888749	0.00445736929317	0.0142723775730	161.801659037
5260.00000000	-0.0135584872569	0.00445738521319	0.0142723810079	161.801596295
5260.00000000	-0.0135584691498	0.00445738149524	0.0142723626454	161.801587772
5260.00000000	-0.0135584342513	0.00445736662689	0.0142723248489	161.801600721
5260.00000000	-0.0135583963337	0.00445735075239	0.0142722838702	161.801613722
5260.00000000	-0.0135583715630	0.00445733700308	0.0142722560445	161.801635101
5260.00000000	-0.0135583702341	0.00445733196752	0.0142722532095	161.801652639
5260.00000000	-0.0135583945662	0.00445733932576	0.0142722786225	161.801655083
5260.00000000	-0.0135584225260	0.00445734815432	0.0142723079409	161.801656469
5260.00000000	-0.0135584118453	0.00445733116345	0.0142722924882	161.801707875
5260.00000000	-0.0135583438041	0.00445727250569	0.0142722095311	161.801846272
5260.00000000	-0.0135582507425	0.00445719384168	0.0142720965573	161.802029599
5260.00000000	-0.0135581978096	0.00445713062475	0.0142720265292	161.802204328
5260.00000000	-0.0135582232298	0.00445709654616	0.0142720400354	161.802366166
5260.00000000	-0.0135582936444	0.00445707392808	0.0142720998647	161.802540705
5260.00000000	-0.0135583480351	0.00445704237785	0.0142721416823	161.802729220
5260.00000000	-0.0135583578443	0.00445700953385	0.0142721407441	161.802866776
5260.00000000	-0.0135583390299	0.00445699964004	0.0142721197809	161.802880921
5260.00000000	-0.0135583264428	0.00445702717427	0.0142721164220	161.802760132
5260.00000000	-0.0135583395263	0.00445708327282	0.0142721463702	161.802562589
5260.00000000	-0.0135583653211	0.00445714245634	0.0142721893575	161.802369219
5260.00000000	-0.0135583834709	0.00445718798414	0.0142722208178	161.802218343
5260.00000000	-0.0135583945104	0.00445722281897	0.0142722421839	161.802099334
5260.00000000	-0.0135584113090	0.00445725889534	0.0142722694090	161.801982811
5260.00000000	-0.0135584430258	0.00445730214568	0.0142723130467	161.801857632
5260.00000000	-0.0135584838256	0.00445735120062	0.0142723671259	161.801721705
5260.00000000	-0.0135585197687	0.00445739755229	0.0142724157470	161.801589999
5260.00000000	-0.0135585450463	0.00445742750379	0.0142724491144	161.801507467
5260.00000000	-0.0135585536947	0.00445743161819	0.0142724586152	161.801502619
5260.00000000	-0.0135585300671	0.00445741469075	0.0142724308828	161.801537551
5260.00000000	-0.0135584734773	0.00445738614384	0.0142723682082	161.801575470
5260.00000000	-0.0135584077905	0.00445735406199	0.0142722957876	161.801615464
5260.00000000	-0.0135583581686	0.00445732319640	0.0142722390082	161.801670962
5260.00000000	-0.0135583399921	0.00445729738202	0.0142722136788	161.801746621
5260.00000000	-0.0135583430779	0.00445727825405	0.0142722106365	161.801823438
5260.00000000	-0.0135583424874	0.00445726355448	0.0142722054848	161.801878758
5260.00000000	-0.0135583280310	0.00445725664039	0.0142721895922	161.801887002
5260.00000000	-0.0135583001394	0.00445726181668	0.0142721647122	161.801832292
5260.00000000	-0.0135582538424	0.00445727579981	0.0142721250980	161.801720919
5260.00000000	-0.0135581890144	0.00445729215113	0.0142720686192	161.801577280
5260.00000000	-0.0135581286188	0.00445730603664	0.0142720155811	161.801448601
5260.00000000	-0.0135581014529	0.00445731187531	0.0142719915976	161.801392274
5260.00000000	-0.0135581223924	0.00445730986021	0.0142720108603	161.801426213
5260.00000000	-0.0135581832537	0.00445730521852	0.0142720672277	161.801520222
5260.00000000	-0.0135582686488	0.00445730715451	0.0142721489560	161.801619905
5260.00000000	-0.0135583698911	0.00445732759309	0.0142722515174	161.801668891
5260.00000000	-0.0135584753442	0.00445736869985	0.0142723645338	161.801644336
5260.00000000	-0.0135585625460	0.00445741561311	0.0142724620252	161.801574754
5260.00000000	-0.0135586098186	0.00445745301009	0.0142725186127	161.801491404
5260.00000000	-0.0135586129806	0.00445747604648	0.0142725288110	161.801407516
5260.00000000	-0.0135585959681	0.00445748626192	0.0142725158400	161.801347229
5260.00000000	-0.0135585857282	0.00445748613251	0.0142725060719	161.801334884
5260.00000000	-0.0135585810474	0.00445747302377	0.0142724975312	161.801379007
5260.00000000	-0.0135585722993	0.00445745156823	0.0142724825198	161.801449863
5260.00000000	-0.0135585688160	0.00445743779974	0.0142724749107	161.801498003
5260.00000000	-0.0135585630411	0.00445743332189	0.0142724680262	161.801507840
5260.00000000	-0.0135585269714	0.00445742832161	0.0142724321991	161.801481687
5260.00000000	-0.0135584491587	0.00445741201391	0.0142723531855	161.801446321
5260.00000000	-0.0135583418820	0.00445738198716	0.0142722418970	161.801426333
5260.00000000	-0.0135582352088	0.00445735578301	0.0142721323758	161.801392523
5260.00000000	-0.0135581578536	0.00445734941700	0.0142720569018	161.801319814
5260.00000000	-0.0135580993134	0.00445734468076	0.0142719998107	161.801264480
5260.00000000	-0.0135580426897	0.00445731813497	0.0142719377287	161.801294724
5260.00000000	-0.0135579893359	0.00445728053651	0.0142718753012	161.801371220
5260.00000000	-0.0135579575808	0.00445726423502	0.0142718400434	161.801393576
5260.00000000	-0.0135579684152	0.00445728881235	0.0142718580116	161.801313427
5260.00000000	-0.0135580152076	0.00445733974465	0.0142719183703	161.801177852
5260.00000000	-0.0135580777451	0.00445738596032	0.0142719922135	161.801080007
5260.00000000	-0.0135581441622	0.00445741124482	0.0142720632050	161.801066854
5260.00000000	-0.0135582027782	0.00445741735380	0.0142721207969	161.801117049
5260.00000000	-0.0135582403282	0.00445740723688	0.0142721533089	161.801202712
5260.00000000	-0.0135582436180	0.00445737989066	0.0142721478936	161.801311127
5270.00000000	0.00483680012879	-0.00324946238214	0.00582697530961	-33.8940224348
5270.00000000	0.00483682810101	-0.00324948347732	0.00582701029243	-33.8940412305
5270.00000000	0.00483687493885	-0.00324952671457	0.00582707328277	-33.8941373000
5270.00000000	0.00483692380533	-0.00324957296021	0.00582713963469	-33.8942467975
5270.00000000	0.00483695605144	-0.00324960660067	0.00582718516118	-33.8943445468
5270.00000000	0.00483696087635	-0.00324962188299	0.00582719768857	-33.8944428193
5270.00000000	0.00483694270943	-0.00324962017387	0.00582718165571	-33.8945284837
5270.00000000	0.00483691339847	-0.00324960620400	0.00582714953519	-33.8945751864
5270.00000000	0.00483687884115	-0.00324958536899	0.00582710923137	-33.8945946260
5270.00000000	0.00483684741322	-0.00324956173828	0.00582706996609	-33.8945740884
5270.00000000	0.00483683169871	-0.00324954416688	0.00582704712304	-33.8945168428
5270.00000000	0.00483683372669	-0.00324954161937	0.00582704738573	-33.8944849303
5270.00000000	0.00483684511576	-0.00324955035927	0.00582706171336	-33.8944938132
5270.00000000	0.00483685468469	-0.00324955669685	0.00582707319045	-33.8944930693
5270.00000000	0.00483685492144	-0.00324955646983	0.00582707326036	-33.8944899182
5270.00000000	0.00483684390288	-0.00324955714413	0.00582706449028	-33.8945558404
5270.00000000	0.00483682726311	-0.00324956611922	0.00582705568331	-33.8947203353
5270.00000000	0.00483681951554	-0.00324959022097	0.00582706269317	-33.8949595313
5270.00000000	0.00483682916969	-0.00324963470198	0.00582709551261	-33.8952696345
5270.00000000	0.00483685008803	-0.00324969008259	0.00582714376062	-33.8956069256
5270.00000000	0.00483687358474	-0.00324972683881	0.00582718376247	-33.8957780701
5270.00000000	0.00483689354552	-0.00324972240526	0.00582719785849	-33.8956324326
5270.00000000	0.00483690241267	-0.00324968759775	0.00582718580728	-33.8952997285
5270.00000000	0.00483690323034	-0.00324965276226	0.00582716705912	-33.8950109327
5270.00000000	0.00483690464721	-0.00324963052710	0.00582715583530	-33.8948216888
5270.00000000	0.00483691295516	-0.00324961722263	0.00582715531193	-33.8946675475
5270.00000000	0.00483692422730	-0.00324961366730	0.00582716268585	-33.8945767218
5270.00000000	0.00483692963246	-0.00324962403875	0.00582717295629	-33.8946317318
5270.00000000	0.00483692052435	-0.00324964808472	0.00582717880569	-33.8948779280
5270.00000000	0.00483688935574	-0.00324967709683	0.00582716911316	-33.8952856207
5270.00000000	0.00483683849513	-0.00324969812918	0.00582713862533	-33.8957361675
5270.00000000	0.00483678089886	-0.00324970973522	0.00582709728997	-33.8961467209
5270.00000000	0.00483673483489	-0.00324971771409	0.00582706350440	-33.8964644376
5270.00000000	0.00483671160360	-0.00324972660992	0.00582704918253	-33.8966644343
5270.00000000	0.00483670118125	-0.00324974001024	0.00582704800486	-33.8968309552
5270.00000000	0.00483669007820	-0.00324976130656	0.00582705066583	-33.8970656527
5270.00000000	0.00483667474409	-0.00324978937935	0.00582705359425	-33.8973788586
5270.00000000	0.00483665501655	-0.00324981201501	0.00582704984379	-33.8976717818
5270.00000000	0.00483662279979	-0.00324981064815	0.00582702234047	-33.8978372979
5270.00000000	0.00483657357310	-0.00324978017628	0.00582696448609	-33.8978585540
5270.00000000	0.00483651804817	-0.00324974118547	0.00582689665283	-33.8978448210
5270.00000000	0.00483647850689	-0.00324971674998	0.00582685020425	-33.8978622300
5270.00000000	0.00483646864066	-0.00324970651962	0.00582683630933	-33.8978328389
5270.00000000	0.00483647494111	-0.00324970108231	0.00582683850646	-33.8977539088
5270.00000000	0.00483647751765	-0.00324969730910	0.00582683854071	-33.8977089828
5270.00000000	0.00483647410820	-0.00324969889101	0.00582683659300	-33.8977405915
5270.00000000	0.00483647718919	-0.00324971032038	0.00582684552463	-33.8978169794
5270.00000000	0.00483649133305	-0.00324972921753	0.00582686780371	-33.8978936480
5270.00000000	0.00483650396606	-0.00324975344400	0.00582689180100	-33.8980220978
5270.00000000	0.00483650093998	-0.00324978488776	0.00582690682603	-33.8982953265
5270.00000000	0.00483647895658	-0.00324982112335	0.00582690878864	-33.8987116264
5270.00000000	0.00483644501966	-0.00324985595590	0.00582690004739	-33.8991820302
5270.00000000	0.00483640747785	-0.00324988797573	0.00582688674565	-33.8996492494
5270.00000000	0.00483637072033	-0.00324992060899	0.00582687443739	-33.9001171759
5270.00000000	0.00483633891407	-0.00324995376726	0.00582686653194	-33.9005622345
5270.00000000	0.00483631926231	-0.00324998246442	0.00582686622688	-33.9009042242
5270.00000000	0.00483631320652	-0.00325000768088	0.00582687526530	-33.9011432395
5270.00000000	0.00483631095539	-0.00325003210269	0.00582688701845	-33.9013549020
5270.00000000	0.00483630415375	-0.00325005203255	0.00582689248930	-33.9015548605
5270.00000000	0.00483629725198	-0.00325006684286	0.00582689502159	-33.9017135856
5270.00000000	0.00483629658836	-0.00325007881405	0.00582690114796	-33.9018149261
5270.00000000	0.00483630195436	-0.00325009412564	0.00582691414209	-33.9019104585
5270.00000000	0.00483630879169	-0.00325011753710	0.00582693287532	-33.9020640260
5270.00000000	0.00483631121430	-0.00325014294789	0.00582694905961	-33.9022581222
5270.00000000	0.00483630559763	-0.00325016176349	0.00582695489278	-33.9024424852
5270.00000000	0.00483629564964	-0.00325017761672	0.00582695547872	-33.9026264269
5270.00000000	0.00483628393847	-0.00325019850061	0.00582695740734	-33.9028610949
5270.00000000	0.00483626800659	-0.00325022176598	0.00582695716130	-33.9031383476
5270.00000000	0.00483624740585	-0.00325024136766	0.00582695099676	-33.9034113080
5270.00000000	0.00483622276241	-0.00325026310155	0.00582694266635	-33.9037238435
5270.00000000	0.00483619448519	-0.00325029394937	0.00582693640397	-33.9041306899
5270.00000000	0.00483616490187	-0.00325033015093	0.00582693204424	-33.9045883929
5270.00000000	0.00483613962173	-0.00325036520547	0.00582693061653	-33.9050131329
5270.00000000	0.00483612865789	-0.00325039823531	0.00582693994166	-33.9053428243
5270.00000000	0.00483613704244	-0.00325042798141	0.00582696349358	-33.9055395898
5270.00000000	0.00483615256231	-0.00325044914433	0.00582698817965	-33.9056271705
5270.00000000	0.00483615780848	-0.00325045981368	0.00582699848541	-33.9056854658
5270.00000000	0.00483614690469	-0.00325045958250	0.00582698930677	-33.9057433867
5270.00000000	0.00483612837617	-0.00325045105542	0.00582696917226	-33.9057754284
5270.00000000	0.00483611364417	-0.00325044635589	0.00582695432382	-33.9058178821
5270.00000000	0.00483611008689	-0.00325045926585	0.00582695857300	-33.9059427504
5270.00000000	0.00483611683105	-0.00325048862954	0.00582698055037	-33.9061453897
5270.00000000	0.00483612360302	-0.00325051608765	0.00582700148788	-33.9063323241
5270.00000000	0.00483611433841	-0.00325052599626	0.00582699932611	-33.9064640030
5270.00000000	0.00483608461859	-0.00325051630872	0.00582696925609	-33.9065479629
5270.00000000	0.00483604463622	-0.00325049712670	0.00582692537228	-33.9066107331
5270.00000000	0.00483600828696	-0.00325048384194	0.00582688779352	-33.9067017026
5270.00000000	0.00483599003862	-0.00325048746988	0.00582687467219	-33.9068314069
5270.00000000	0.00483599013090	-0.00325051068331	0.00582688769828	-33.9070203422
5270.00000000	0.00483598946327	-0.00325053946003	0.00582690319725	-33.9072588458
5270.00000000	0.00483597407114	-0.00325055607014	0.00582689968867	-33.9074788286
5270.00000000	0.00483594542519	-0.00325055932003	0.00582687772726	-33.9076624842
5270.00000000	0.00483591536568	-0.00325055988622	0.00582685309562	-33.9078319942
5270.00000000	0.00483589629954	-0.00325056799203	0.00582684179387	-33.9080027310
5270.00000000	0.00483589050362	-0.00325058318473	0.00582684545907	-33.9081585090
5270.00000000	0.00483589578932	-0.00325059979888	0.00582685911428	-33.9082650985
5270.00000000	0.00483591002320	-0.00325061461650	0.00582687919366	-33.9083079413
5270.00000000	0.00483591857571	-0.00325062526663	0.00582689223299	-33.9083479393
5270.00000000	0.00483590149967	-0.00325062954556	0.00582688044815	-33.9084765291
5270.00000000	0.00483585917711	-0.00325062917376	0.00582684511602	-33.9087056576
5274.00000000	0.00961334789542	-0.00674658204888	0.0117444807080	-35.0609164850
5274.00000000	0.00961332904982	-0.00674659866465	0.0117444748270	-35.0610356504
5274.00000000	0.00961333640758	-0.00674662490325	0.0117444959224	-35.0611198083
5274.00000000	0.00961335815110	-0.00674664350125	0.0117445244039	-35.0611331395
5274.00000000	0.00961337399351	-0.00674663718733	0.0117445337445	-35.0610635288
5274.00000000	0.00961337546190	-0.00674661368432	0.0117445214452	-35.0609655601
5274.00000000	0.00961336935150	-0.00674659104328	0.0117445034375	-35.0608922724
5274.00000000	0.00961336048540	-0.00674657335667	0.0117444860202	-35.0608464917
5274.00000000	0.00961334580867	-0.00674655094575	0.0117444611328	-35.0607981293
5274.00000000	0.00961332518821	-0.00674651110108	0.0117444213655	-35.0606968055
5274.00000000	0.00961330874839	-0.00674645683959	0.0117443767387	-35.0605261937
5274.00000000	0.00961330736761	-0.00674640777786	0.0117443474254	-35.0603341430
5274.00000000	0.00961331411174	-0.00674637535461	0.0117443343207	-35.0601857653
5274.00000000	0.00961331803292	-0.00674635122983	0.0117443236722	-35.0600784372
5274.00000000	0.00961331771255	-0.00674631892450	0.0117443048527	-35.0599503276
5274.00000000	0.00961331390713	-0.00674627598128	0.0117442770698	-35.0597895028
5274.00000000	0.00961330721434	-0.00674623891509	0.0117442502995	-35.0596602383
5274.00000000	0.00961330420496	-0.00674623574808	0.0117442460169	-35.0596560246
5274.00000000	0.00961331644947	-0.00674628002113	0.0117442814715	-35.0597985108
5274.00000000	0.00961334500540	-0.00674635690112	0.0117443490084	-35.0600254963
5274.00000000	0.00961336791667	-0.00674643495057	0.0117444125968	-35.0602729680
5274.00000000	0.00961335773359	-0.00674648460545	0.0117444327852	-35.0604997934
5274.00000000	0.00961331043585	-0.00674649981873	0.0117444028090	-35.0606930944
5274.00000000	0.00961324674770	-0.00674649590696	0.0117443484304	-35.0608559576
5274.00000000	0.00961318408338	-0.00674648097445	0.0117442885591	-35.0609719435
5274.00000000	0.00961313306307	-0.00674645152136	0.0117442298776	-35.0609973121
5274.00000000	0.00961309972284	-0.00674641719050	0.0117441828660	-35.0609536531
5274.00000000	0.00961309024192	-0.00674640236099	0.0117441665867	-35.0609210038
5274.00000000	0.00961310360074	-0.00674641808709	0.0117441865552	-35.0609463656
5274.00000000	0.00961311795069	-0.00674644538477	0.0117442139824	-35.0610151593
5274.00000000	0.00961311659838	-0.00674645107329	0.0117442161432	-35.0610416655
5274.00000000	0.00961310023527	-0.00674642205557	0.0117441860802	-35.0609716451
5274.00000000	0.00961307583952	-0.00674637858468	0.0117441411395	-35.0608664189
5274.00000000	0.00961304880247	-0.00674634609040	0.0117441003423	-35.0608124284
5274.00000000	0.00961302164310	-0.00674633773388	0.0117440733108	-35.0608551727
5274.00000000	0.00961300330322	-0.00674636745583	0.0117440753726	-35.0610252633
5274.00000000	0.00961299039559	-0.00674642807317	0.0117440996288	-35.0613035071
5274.00000000	0.00961296144180	-0.00674647674542	0.0117441038891	-35.0615790194
5274.00000000	0.00961290186603	-0.00674647116086	0.0117440519162	-35.0617236854
5274.00000000	0.00961282645891	-0.00674641384726	0.0117439572686	-35.0617061471
5274.00000000	0.00961276611755	-0.00674634389277	0.0117438676913	-35.0615959035
5274.00000000	0.00961274807037	-0.00674629457530	0.0117438245883	-35.0614495359
5274.00000000	0.00961277997381	-0.00674626679850	0.0117438347460	-35.0612491959
5274.00000000	0.00961283509402	-0.00674624504706	0.0117438673690	-35.0610078508
5274.00000000	0.00961288160096	-0.00674623867096	0.0117439017741	-35.0608520477
5274.00000000	0.00961292049788	-0.00674628209203	0.0117439585559	-35.0609164364
5274.00000000	0.00961297834307	-0.00674638433442	0.0117440646376	-35.0611626189
5274.00000000	0.00961306203896	-0.00674650902818	0.0117442047765	-35.0614260051
5274.00000000	0.00961314787044	-0.00674660955986	0.0117443327836	-35.0615869137
5274.00000000	0.00961320776828	-0.00674666997723	0.0117444165193	-35.0616603116
5274.00000000	0.00961322328373	-0.00674670288839	0.0117444481253	-35.0617482519
5274.00000000	0.00961319043907	-0.00674672713391	0.0117444351689	-35.0619371184
5274.00000000	0.00961312851352	-0.00674675328897	0.0117443995061	-35.0622151115
5274.00000000	0.00961307043731	-0.00674678424731	0.0117443697537	-35.0625014988
5274.00000000	0.00961304376005	-0.00674681973928	0.0117443683069	-35.0627179923
5274.00000000	0.00961304609302	-0.00674685392799	0.0117443898570	-35.0628479770
5274.00000000	0.00961305154809	-0.00674688438611	0.0117444118195	-35.0629543142
5274.00000000	0.00961303076496	-0.00674691181321	0.0117444105643	-35.0631220833
5274.00000000	0.00961297328991	-0.00674693111297	0.0117443746073	-35.0633602328
5274.00000000	0.00961290365475	-0.00674694346846	0.0117443247078	-35.0636047348
5274.00000000	0.00961285091181	-0.00674695350400	0.0117442873022	-35.0637926310
5274.00000000	0.00961281579623	-0.00674696863476	0.0117442672522	-35.0639514700
5274.00000000	0.00961277370565	-0.00674699622846	0.0117442486530	-35.0641796257
5274.00000000	0.00961271268541	-0.00674703562952	0.0117442213432	-35.0645079864
5274.00000000	0.00961265109366	-0.00674708091976	0.0117441969494	-35.0648614672
5274.00000000	0.00961260713800	-0.00674712834027	0.0117441882150	-35.0651740250
5274.00000000	0.00961257559743	-0.00674717620901	0.0117441899002	-35.0654535756
5274.00000000	0.00961254224438	-0.00674722302639	0.0117441894981	-35.0657340080
5274.00000000	0.00961250685200	-0.00674727649579	0.0117441912489	-35.0660467189
5274.00000000	0.00961248682259	-0.00674735446886	0.0117442196524	-35.0664142144
5274.00000000	0.00961249729086	-0.00674746268610	0.0117442903944	-35.0668169926
5274.00000000	0.00961252789123	-0.00674757691527	0.0117443810687	-35.0671873429
5274.00000000	0.00961256246592	-0.00674766491110	0.0117444599243	-35.0674417991
5274.00000000	0.00961259748476	-0.00674772247107	0.0117445216570	-35.0675734786
5274.00000000	0.00961263278855	-0.00674776437629	0.0117445746285	-35.0676418500
5274.00000000	0.00961265890482	-0.00674779765622	0.0117446151248	-35.0677015324
5274.00000000	0.00961266579101	-0.00674783467267	0.0117446420286	-35.0678300339
5274.00000000	0.00961264649963	-0.00674788753124	0.0117446566089	-35.0680951636
5274.00000000	0.00961260078133	-0.00674795418802	0.0117446574878	-35.0684894598
5274.00000000	0.00961253987717	-0.00674801951094	0.0117446451717	-35.0689209955
5274.00000000	0.00961247613988	-0.00674806163303	0.0117446172072	-35.0692678368
5274.00000000	0.00961241955144	-0.00674807527431	0.0117445787298	-35.0694809224
5274.00000000	0.00961237318477	-0.00674807780945	0.0117445422374	-35.0696210124
5274.00000000	0.00961232533278	-0.00674808129637	0.0117445050762	-35.0697690670
5274.00000000	0.00961227080744	-0.00674808948973	0.0117444651576	-35.0699546205
5274.00000000	0.00961221413558	-0.00674810506560	0.0117444277240	-35.0701756695
5274.00000000	0.00961216275289	-0.00674813596391	0.0117444034236	-35.0704430738
5274.00000000	0.00961212718890	-0.00674818835812	0.0117444044214	-35.0707519662
5274.00000000	0.00961210220786	-0.00674825158166	0.0117444203034	-35.0710744320
5274.00000000	0.00961206092691	-0.00674829961698	0.0117444141183	-35.0713819456
5274.00000000	0.00961198882391	-0.00674831656719	0.0117443648463	-35.0716517446
5274.00000000	0.00961189495699	-0.00674831363034	0.0117442863350	-35.0719031507
5274.00000000	0.00961180254245	-0.00674831825580	0.0117442133579	-35.0721806838
5274.00000000	0.00961173129422	-0.00674835120584	0.0117441739799	-35.0725119790
5274.00000000	0.00961168345515	-0.00674840845423	0.0117441677231	-35.0728746705
5274.00000000	0.00961165776269	-0.00674847343332	0.0117441840341	-35.0732061439
5274.00000000	0.00961165723010	-0.00674853621468	0.0117442196739	-35.0734583082
5274.00000000	0.00961167779309	-0.00674859244398	0.0117442688139	-35.0736251712
5274.00000000	0.00961169430852	-0.00674863522159	0.0117443069116	-35.0737496710
5274.00000000	0.00961167608082	-0.00674865627476	0.0117443040917	-35.0738848296
