DevNumber	X [V]	Y [V]	R [V]	Theta [°]
4253.00000000	3.80829546298E-5	-0.000142264296476	0.000147273356331	-75.0137721287
4253.00000000	3.80932789911E-5	-0.000142279171831	0.000147290395617	-75.0113888742
4253.00000000	3.81006292873E-5	-0.000142287014928	0.000147299872944	-75.0094160844
4253.00000000	3.81015292060E-5	-0.000142282434419	0.000147295681104	-75.0086170750
4253.00000000	3.80990500953E-5	-0.000142269094057	0.000147282153508	-75.0082062428
4253.00000000	3.80960768071E-5	-0.000142254057306	0.000147266859436	-75.0078103224
4253.00000000	3.80906146403E-5	-0.000142241893604	0.000147253696795	-75.0086389579
4253.00000000	3.80811059364E-5	-0.000142236523330	0.000147246049857	-75.0116724769
4253.00000000	3.80705999366E-5	-0.000142240091116	0.000147246779592	-75.0159804662
4253.00000000	3.80667781897E-5	-0.000142251280455	0.000147256600507	-75.0185425328
4253.00000000	3.80703976593E-5	-0.000142264110236	0.000147269929854	-75.0184725573
4253.00000000	3.80770946523E-5	-0.000142273260268	0.000147280500150	-75.0168759976
4253.00000000	3.80846281001E-5	-0.000142278810565	0.000147287809521	-75.0146032783
4253.00000000	3.80901223404E-5	-0.000142283698659	0.000147293952096	-75.0130304143
4253.00000000	3.80902297049E-5	-0.000142290262285	0.000147300320231	-75.0136502954
4253.00000000	3.80835251112E-5	-0.000142296291329	0.000147304410698	-75.0167758354
4253.00000000	3.80687805317E-5	-0.000142297206198	0.000147301483166	-75.0224080407
4253.00000000	3.80497181319E-5	-0.000142291119131	0.000147290677347	-75.0289594063
4253.00000000	3.80361035115E-5	-0.000142280549590	0.000147276949867	-75.0330139428
4253.00000000	3.80325931488E-5	-0.000142266883844	0.000147262841139	-75.0329602214
4253.00000000	3.80356567443E-5	-0.000142253225761	0.000147250437770	-75.0304360847
4253.00000000	3.80389052381E-5	-0.000142243567756	0.000147241946740	-75.0282441455
4253.00000000	3.80393253617E-5	-0.000142236676091	0.000147235397576	-75.0273933698
4253.00000000	3.80401093717E-5	-0.000142229611102	0.000147228775024	-75.0263882888
4253.00000000	3.80432188156E-5	-0.000142223199798	0.000147223384891	-75.0245745826
4253.00000000	3.80475360827E-5	-0.000142219296475	0.000147220729831	-75.0225588974
4253.00000000	3.80501639812E-5	-0.000142217232467	0.000147219415124	-75.0213633006
4253.00000000	3.80514392935E-5	-0.000142215665206	0.000147218230740	-75.0207261771
4253.00000000	3.80528417572E-5	-0.000142215749614	0.000147218674780	-75.0202073929
4253.00000000	3.80552274543E-5	-0.000142216269661	0.000147219793821	-75.0193627817
4253.00000000	3.80604270721E-5	-0.000142216514196	0.000147221374191	-75.0174325643
4253.00000000	3.80706314860E-5	-0.000142218838310	0.000147226257685	-75.0138301634
4253.00000000	3.80870641730E-5	-0.000142226521005	0.000147237928994	-75.0084261557
4253.00000000	3.81049550728E-5	-0.000142240031100	0.000147255607867	-75.0030616804
4253.00000000	3.81151968361E-5	-0.000142256123190	0.000147273802202	-75.0008329269
4253.00000000	3.81188815522E-5	-0.000142272919018	0.000147290979414	-75.0011393275
4253.00000000	3.81210403024E-5	-0.000142288196766	0.000147306295360	-75.0018661614
4253.00000000	3.81225343514E-5	-0.000142298675173	0.000147316803459	-75.0023595289
4253.00000000	3.81206031654E-5	-0.000142302701371	0.000147320192789	-75.0034902361
4253.00000000	3.81106256496E-5	-0.000142301627909	0.000147316574400	-75.0071305894
4253.00000000	3.80958883381E-5	-0.000142296750988	0.000147308051545	-75.0121768428
4253.00000000	3.80862429076E-5	-0.000142287649276	0.000147296765190	-75.0148855080
4253.00000000	3.80831170847E-5	-0.000142275284441	0.000147284012607	-75.0148164076
4253.00000000	3.80798652841E-5	-0.000142260267292	0.000147268665337	-75.0145278224
4253.00000000	3.80682868009E-5	-0.000142245154026	0.000147251072335	-75.0173592507
4253.00000000	3.80481674848E-5	-0.000142238903527	0.000147239834031	-75.0242933650
4253.00000000	3.80285996830E-5	-0.000142248387431	0.000147243940862	-75.0326026344
4253.00000000	3.80190639895E-5	-0.000142269201462	0.000147261586679	-75.0382783813
4253.00000000	3.80189003687E-5	-0.000142292290285	0.000147283850641	-75.0406587704
4253.00000000	3.80197155747E-5	-0.000142309781615	0.000147300959657	-75.0421086673
4253.00000000	3.80155183282E-5	-0.000142318169365	0.000147307979978	-75.0445279431
4253.00000000	3.80070104775E-5	-0.000142316116162	0.000147303800918	-75.0475189915
4253.00000000	3.79988404657E-5	-0.000142302511319	0.000147288548789	-75.0492240270
4253.00000000	3.79975248509E-5	-0.000142282429092	0.000147268807026	-75.0477028512
4253.00000000	3.80037097839E-5	-0.000142264522643	0.000147253103058	-75.0435801146
4253.00000000	3.80117958246E-5	-0.000142255825327	0.000147246787609	-75.0396668946
4253.00000000	3.80180093934E-5	-0.000142258237426	0.000147250722082	-75.0375734106
4253.00000000	3.80244055550E-5	-0.000142266931612	0.000147260772944	-75.0360425527
4253.00000000	3.80338965934E-5	-0.000142272664215	0.000147268762041	-75.0330511178
4253.00000000	3.80430936936E-5	-0.000142272436998	0.000147270918063	-75.0295715424
4253.00000000	3.80439266546E-5	-0.000142271801715	0.000147270519516	-75.0291946310
4253.00000000	3.80390534409E-5	-0.000142273414474	0.000147270818741	-75.0311882904
4253.00000000	3.80389668725E-5	-0.000142276319159	0.000147273602503	-75.0315127101
4253.00000000	3.80462908767E-5	-0.000142283607977	0.000147282535789	-75.0294925809
4253.00000000	3.80571690157E-5	-0.000142297064255	0.000147298345575	-75.0267569496
4253.00000000	3.80671101445E-5	-0.000142310228280	0.000147313631236	-75.0243445920
4253.00000000	3.80754114884E-5	-0.000142317640456	0.000147322936928	-75.0219706586
4253.00000000	3.80838015484E-5	-0.000142321184562	0.000147328529197	-75.0191748554
4253.00000000	3.80923379574E-5	-0.000142325671857	0.000147335070777	-75.0164191179
4253.00000000	3.81012090271E-5	-0.000142329282251	0.000147340852161	-75.0134497353
4253.00000000	3.81112493718E-5	-0.000142329219412	0.000147343388135	-75.0096719375
4253.00000000	3.81193297985E-5	-0.000142325359590	0.000147341749978	-75.0062484593
4253.00000000	3.81230738794E-5	-0.000142320280948	0.000147337812971	-75.0043311088
4253.00000000	3.81247603195E-5	-0.000142316053000	0.000147334165389	-75.0032721901
4253.00000000	3.81231829108E-5	-0.000142312186066	0.000147330021985	-75.0034756052
4253.00000000	3.81154443396E-5	-0.000142308019041	0.000147323994585	-75.0059633638
4253.00000000	3.81034192544E-5	-0.000142301047511	0.000147314149631	-75.0097796042
4253.00000000	3.80898289288E-5	-0.000142288682308	0.000147298690357	-75.0136419636
4253.00000000	3.80791968928E-5	-0.000142273413820	0.000147281191997	-75.0161014254
4253.00000000	3.80746161138E-5	-0.000142262656546	0.000147269616146	-75.0167409356
4253.00000000	3.80737832839E-5	-0.000142260578593	0.000147267393523	-75.0168449264
4253.00000000	3.80735114198E-5	-0.000142264782975	0.000147271384684	-75.0173699873
4253.00000000	3.80725345975E-5	-0.000142271567194	0.000147277685759	-75.0184194071
4253.00000000	3.80704517234E-5	-0.000142276345439	0.000147281763181	-75.0196826736
4253.00000000	3.80669539100E-5	-0.000142276590516	0.000147281095830	-75.0210218040
4253.00000000	3.80605059733E-5	-0.000142273243108	0.000147276195699	-75.0231084599
4253.00000000	3.80504670017E-5	-0.000142270081539	0.000147270547429	-75.0265635870
4253.00000000	3.80392938970E-5	-0.000142268873723	0.000147266494189	-75.0306416034
4253.00000000	3.80315107390E-5	-0.000142267976151	0.000147263616848	-75.0334768245
4253.00000000	3.80317037884E-5	-0.000142270053829	0.000147265673901	-75.0336130239
4253.00000000	3.80412573997E-5	-0.000142276932426	0.000147274786590	-75.0307134642
4253.00000000	3.80571482922E-5	-0.000142285334659	0.000147287008915	-75.0255858297
4253.00000000	3.80729719704E-5	-0.000142293428894	0.000147298917514	-75.0204533363
4253.00000000	3.80826093102E-5	-0.000142301656283	0.000147309356501	-75.0176594101
4253.00000000	3.80853593550E-5	-0.000142309003458	0.000147317164860	-75.0173649304
4253.00000000	3.80816922831E-5	-0.000142310230371	0.000147317402079	-75.0188660333
4253.00000000	3.80730601983E-5	-0.000142302950871	0.000147308138741	-75.0213774688
4253.00000000	3.80630320854E-5	-0.000142291496915	0.000147294482265	-75.0239941935
4253.00000000	3.80567215337E-5	-0.000142279875215	0.000147281624601	-75.0251974354
4253.00000000	3.80598098134E-5	-0.000142269347018	0.000147272252050	-75.0229783810
5260.00000000	0.00439547674136	-0.0217998265756	0.0222385398466	-78.6003519217
5260.00000000	0.00439546639646	-0.0217998339274	0.0222385450087	-78.6003817924
5260.00000000	0.00439545774857	-0.0217998295052	0.0222385389645	-78.6004013816
5260.00000000	0.00439545408049	-0.0217998205146	0.0222385294262	-78.6004060674
5260.00000000	0.00439545678225	-0.0217998174919	0.0222385269972	-78.6003977046
5260.00000000	0.00439547214187	-0.0217998226601	0.0222385350993	-78.6003615442
5260.00000000	0.00439550432443	-0.0217998028577	0.0222385220485	-78.6002701801
5260.00000000	0.00439555896283	-0.0217997231798	0.0222384547420	-78.6000916103
5260.00000000	0.00439564033206	-0.0217996017676	0.0222383518084	-78.5998242744
5260.00000000	0.00439574028003	-0.0217994802856	0.0222382524793	-78.5995099777
5260.00000000	0.00439584101531	-0.0217993763900	0.0222381705459	-78.5992026462
5260.00000000	0.00439591794010	-0.0217992955075	0.0222381064652	-78.5989671697
5260.00000000	0.00439595934501	-0.0217992234774	0.0222380440413	-78.5988259108
5260.00000000	0.00439598405795	-0.0217991399805	0.0222379670772	-78.5987209686
5260.00000000	0.00439600543423	-0.0217990329597	0.0222378663940	-78.5986124717
5260.00000000	0.00439600959648	-0.0217989238322	0.0222377602428	-78.5985463777
5260.00000000	0.00439597326039	-0.0217988794971	0.0222377095995	-78.5986155694
5260.00000000	0.00439589265911	-0.0217989430673	0.0222377559822	-78.5988515193
5260.00000000	0.00439579510203	-0.0217990765427	0.0222378675392	-78.5991658957
5260.00000000	0.00439571007667	-0.0217992176392	0.0222379890449	-78.5994524995
5260.00000000	0.00439562981127	-0.0217993605632	0.0222381132833	-78.5997280090
5260.00000000	0.00439552501923	-0.0217995202813	0.0222382491372	-78.6000740129
5260.00000000	0.00439539797194	-0.0217996636009	0.0222383645182	-78.6004678700
5260.00000000	0.00439528274199	-0.0217997361968	0.0222384129073	-78.6007958636
5260.00000000	0.00439521251587	-0.0217997344129	0.0222383972789	-78.6009723191
5260.00000000	0.00439519079164	-0.0217997106705	0.0222383697112	-78.6010150963
5260.00000000	0.00439520303786	-0.0217996864363	0.0222383483754	-78.6009718268
5260.00000000	0.00439522747150	-0.0217996408698	0.0222383085368	-78.6008869137
5260.00000000	0.00439524848476	-0.0217995767414	0.0222382498265	-78.6008011868
5260.00000000	0.00439526105061	-0.0217995460424	0.0222382222166	-78.6007538175
5260.00000000	0.00439526878576	-0.0217995948183	0.0222382715592	-78.6007591192
5260.00000000	0.00439528914727	-0.0217996871684	0.0222383661119	-78.6007547202
5260.00000000	0.00439532785018	-0.0217997453766	0.0222384308213	-78.6006866125
5260.00000000	0.00439536038463	-0.0217997441873	0.0222384360858	-78.6006038377
5260.00000000	0.00439536529846	-0.0217997087805	0.0222384023486	-78.6005733972
5260.00000000	0.00439535230489	-0.0217996577307	0.0222383497378	-78.6005802181
5260.00000000	0.00439534928591	-0.0217995997953	0.0222382923486	-78.6005583405
5260.00000000	0.00439537024266	-0.0217995290638	0.0222382271545	-78.6004693929
5260.00000000	0.00439541455353	-0.0217994396414	0.0222381482543	-78.6003119426
5260.00000000	0.00439547284277	-0.0217993465285	0.0222380684993	-78.6001173074
5260.00000000	0.00439552932157	-0.0217992850089	0.0222380193569	-78.5999433326
5260.00000000	0.00439556820343	-0.0217992905591	0.0222380324829	-78.5998479574
5260.00000000	0.00439558643117	-0.0217993583779	0.0222381025666	-78.5998364584
5260.00000000	0.00439558701033	-0.0217994654418	0.0222382076327	-78.5998895193
5260.00000000	0.00439557500393	-0.0217995837206	0.0222383212048	-78.5999800773
5260.00000000	0.00439556470353	-0.0217996669757	0.0222384007814	-78.6000484898
5260.00000000	0.00439556602091	-0.0217996810571	0.0222384148454	-78.6000523335
5260.00000000	0.00439557172688	-0.0217996158533	0.0222383520558	-78.6000047175
5260.00000000	0.00439557381375	-0.0217995052013	0.0222382439993	-78.5999430968
5260.00000000	0.00439557051863	-0.0217994142808	0.0222381542213	-78.5999051170
5260.00000000	0.00439556942022	-0.0217993645684	0.0222381052725	-78.5998825745
5260.00000000	0.00439558694223	-0.0217993245724	0.0222380695290	-78.5998179517
5260.00000000	0.00439562738859	-0.0217992631375	0.0222380173009	-78.5996845116
5260.00000000	0.00439566391928	-0.0217991922984	0.0222379550803	-78.5995561712
5260.00000000	0.00439565904478	-0.0217991348865	0.0222378978376	-78.5995392437
5260.00000000	0.00439561036722	-0.0217990944003	0.0222378485285	-78.5996415678
5260.00000000	0.00439553764742	-0.0217990710548	0.0222378112696	-78.5998133445
5260.00000000	0.00439547027793	-0.0217990622362	0.0222377893088	-78.5999790066
5260.00000000	0.00439543720228	-0.0217990664767	0.0222377869280	-78.6000647045
5260.00000000	0.00439543770116	-0.0217991036872	0.0222378235030	-78.6000823944
5260.00000000	0.00439545331466	-0.0217991803157	0.0222379017058	-78.6000819837
5260.00000000	0.00439546678791	-0.0217992460046	0.0222379687618	-78.6000814075
5260.00000000	0.00439547770374	-0.0217992363868	0.0222379614914	-78.6000489399
5260.00000000	0.00439551355255	-0.0217991418604	0.0222378759157	-78.5999102593
5260.00000000	0.00439558543235	-0.0217989980553	0.0222377491556	-78.5996554784
5260.00000000	0.00439566397803	-0.0217988187139	0.0222375888785	-78.5993657603
5260.00000000	0.00439571576110	-0.0217986257191	0.0222374099277	-78.5991366786
5260.00000000	0.00439572520202	-0.0217985006132	0.0222372891566	-78.5990491152
5260.00000000	0.00439570676578	-0.0217985177491	0.0222373023101	-78.5991044076
5260.00000000	0.00439568872041	-0.0217986627559	0.0222374408886	-78.5992238387
5260.00000000	0.00439566905827	-0.0217988428277	0.0222376135207	-78.5993652103
5260.00000000	0.00439563409025	-0.0217989652956	0.0222377266602	-78.5995159003
5260.00000000	0.00439559608300	-0.0217989774614	0.0222377310732	-78.5996180902
5260.00000000	0.00439557121476	-0.0217988900965	0.0222376405165	-78.5996364059
5260.00000000	0.00439556664152	-0.0217987760817	0.0222375278473	-78.5995898903
5260.00000000	0.00439558875926	-0.0217986793168	0.0222374373635	-78.5994847458
5260.00000000	0.00439562655860	-0.0217986043598	0.0222373713572	-78.5993511000
5260.00000000	0.00439564891779	-0.0217985491867	0.0222373216924	-78.5992665270
5260.00000000	0.00439563058181	-0.0217985251204	0.0222372944765	-78.5993005814
5260.00000000	0.00439557770121	-0.0217985589475	0.0222373171834	-78.5994513714
5260.00000000	0.00439551492132	-0.0217986594998	0.0222374033424	-78.5996611465
5260.00000000	0.00439545792799	-0.0217988198094	0.0222375492237	-78.5998867378
5260.00000000	0.00439541636297	-0.0217990094570	0.0222377269142	-78.6000882999
5260.00000000	0.00439539829946	-0.0217991882779	0.0222378986369	-78.6002249883
5260.00000000	0.00439538526293	-0.0217993449835	0.0222380496744	-78.6003377162
5260.00000000	0.00439534707420	-0.0217994828022	0.0222381772262	-78.6005043499
5260.00000000	0.00439528867259	-0.0217995705073	0.0222382516583	-78.6006965128
5260.00000000	0.00439524729211	-0.0217995784023	0.0222382512189	-78.6008050448
5260.00000000	0.00439524106519	-0.0217995235592	0.0222381962270	-78.6007928445
5260.00000000	0.00439526133952	-0.0217994370681	0.0222381154492	-78.6006975955
5260.00000000	0.00439529738753	-0.0217993557434	0.0222380428535	-78.6005651379
5260.00000000	0.00439533151561	-0.0217993403283	0.0222380344878	-78.6004710924
5260.00000000	0.00439534226762	-0.0217994354531	0.0222381298612	-78.6004923778
5260.00000000	0.00439533223788	-0.0217996025446	0.0222382916741	-78.6006027974
5260.00000000	0.00439532296473	-0.0217997521666	0.0222384365118	-78.6007024088
5260.00000000	0.00439533209973	-0.0217998046333	0.0222384897490	-78.6007060545
5260.00000000	0.00439536147963	-0.0217997360621	0.0222384283373	-78.6005969346
5260.00000000	0.00439540385286	-0.0217995687006	0.0222382726524	-78.6004046906
5260.00000000	0.00439545094872	-0.0217993446404	0.0222380623210	-78.6001716424
5260.00000000	0.00439548432623	-0.0217991434275	0.0222378716750	-78.5999848732
5270.00000000	-0.00102959718248	0.00598279964893	0.00607074641188	99.7645495400
5270.00000000	-0.00102958513233	0.00598281676983	0.00607076124107	99.7644100533
5270.00000000	-0.00102956720000	0.00598283014136	0.00607077137765	99.7642218570
5270.00000000	-0.00102954771838	0.00598284302252	0.00607078076828	99.7640200359
5270.00000000	-0.00102952886139	0.00598285750534	0.00607079184338	99.7638214617
5270.00000000	-0.00102950391408	0.00598287262278	0.00607080251116	99.7635652251
5270.00000000	-0.00102947145038	0.00598288660007	0.00607081078082	99.7632409025
5270.00000000	-0.00102944412755	0.00598289780760	0.00607081719276	99.7629688299
5270.00000000	-0.00102943586647	0.00598290568059	0.00607082355089	99.7628793919
5270.00000000	-0.00102945032878	0.00598291210096	0.00607083233068	99.7630036337
5270.00000000	-0.00102948092751	0.00598292196087	0.00607084723658	99.7632724579
5270.00000000	-0.00102951707004	0.00598293616052	0.00607086735964	99.7635858986
5270.00000000	-0.00102954674546	0.00598294162026	0.00607087777282	99.7638531747
5270.00000000	-0.00102956422939	0.00598292443720	0.00607086380375	99.7640432971
5270.00000000	-0.00102957524864	0.00598288691872	0.00607082869753	99.7642058404
5270.00000000	-0.00102958592981	0.00598284092989	0.00607078518638	99.7643787990
5270.00000000	-0.00102959365405	0.00598280104043	0.00607074718480	99.7645144938
5270.00000000	-0.00102959589985	0.00598278155447	0.00607072836203	99.7645665734
5270.00000000	-0.00102959947784	0.00598278565197	0.00607073300699	99.7645932946
5270.00000000	-0.00102961266507	0.00598280195973	0.00607075131507	99.7646898490
5270.00000000	-0.00102963329374	0.00598282142287	0.00607077399493	99.7648505665
5270.00000000	-0.00102964978630	0.00598284008654	0.00607079518544	99.7649740918
5270.00000000	-0.00102965340079	0.00598284845102	0.00607080404177	99.7649943215
5270.00000000	-0.00102964629069	0.00598284318081	0.00607079764200	99.7649366254
5270.00000000	-0.00102963337336	0.00598283494790	0.00607078733751	99.7648296572
5270.00000000	-0.00102961465066	0.00598283358243	0.00607078281640	99.7646576990
5270.00000000	-0.00102959222126	0.00598283552852	0.00607078093027	99.7644459630
5270.00000000	-0.00102957412983	0.00598283100128	0.00607077340038	99.7642849367
5270.00000000	-0.00102956195388	0.00598281692370	0.00607075746175	99.7641942179
5270.00000000	-0.00102955560318	0.00598280609974	0.00607074571754	99.7641524733
5270.00000000	-0.00102955785661	0.00598281452045	0.00607075439844	99.7641599548
5270.00000000	-0.00102957023483	0.00598284309677	0.00607078466008	99.7642293480
5270.00000000	-0.00102959313915	0.00598287983370	0.00607082474929	99.7643835834
5270.00000000	-0.00102962183714	0.00598291349046	0.00607086278562	99.7645966347
5270.00000000	-0.00102964195545	0.00598294012307	0.00607089244450	99.7647411267
5270.00000000	-0.00102964031063	0.00598296071837	0.00607091246246	99.7646928619
5270.00000000	-0.00102961752322	0.00598297545746	0.00607092312327	99.7644573237
5270.00000000	-0.00102958533315	0.00598297611905	0.00607091831599	99.7641568641
5270.00000000	-0.00102955504649	0.00598295590431	0.00607089325772	99.7639075211
5270.00000000	-0.00102952846180	0.00598292081045	0.00607085416377	99.7637164228
5270.00000000	-0.00102950446198	0.00598288111953	0.00607081097776	99.7635567221
5270.00000000	-0.00102948288797	0.00598284781972	0.00607077450170	99.7634093534
5270.00000000	-0.00102946625011	0.00598283171097	0.00607075580484	99.7632803816
5270.00000000	-0.00102945438237	0.00598283761940	0.00607075961519	99.7631605399
5270.00000000	-0.00102944685919	0.00598285173816	0.00607077225374	99.7630679682
5270.00000000	-0.00102944727810	0.00598285006505	0.00607077067589	99.7630745424
5270.00000000	-0.00102945910436	0.00598282766881	0.00607075060946	99.7632203861
5270.00000000	-0.00102947757005	0.00598279948206	0.00607072596234	99.7634372542
5270.00000000	-0.00102949250313	0.00598277858931	0.00607070790458	99.7636095915
5270.00000000	-0.00102950004198	0.00598276727315	0.00607069803080	99.7636978252
5270.00000000	-0.00102950091992	0.00598276385546	0.00607069481150	99.7637114615
5270.00000000	-0.00102949437171	0.00598276536785	0.00607069519150	99.7636481334
5270.00000000	-0.00102947811557	0.00598276805249	0.00607069508049	99.7634926318
5270.00000000	-0.00102945124610	0.00598276756395	0.00607069004252	99.7632434901
5270.00000000	-0.00102941850512	0.00598276057481	0.00607067760255	99.7629501383
5270.00000000	-0.00102938818595	0.00598274735014	0.00607065942818	99.7626892911
5270.00000000	-0.00102936499949	0.00598272765332	0.00607063608496	99.7625051451
5270.00000000	-0.00102934801449	0.00598269869591	0.00607060466683	99.7623935013
5270.00000000	-0.00102933501745	0.00598266149977	0.00607056580551	99.7623321358
5270.00000000	-0.00102932851277	0.00598263263148	0.00607053625230	99.7623178318
5270.00000000	-0.00102933571775	0.00598263002064	0.00607053490096	99.7623890284
5270.00000000	-0.00102935788677	0.00598264354949	0.00607055199297	99.7625735853
5270.00000000	-0.00102939030385	0.00598264920769	0.00607056306613	99.7628660613
5270.00000000	-0.00102943021828	0.00598263713189	0.00607055793368	99.7632566570
5270.00000000	-0.00102947370947	0.00598260997324	0.00607053854369	99.7637046645
5270.00000000	-0.00102951660934	0.00598257359256	0.00607050996534	99.7641619362
5270.00000000	-0.00102955816452	0.00598253841206	0.00607048234211	99.7646047832
5270.00000000	-0.00102959569321	0.00598251790388	0.00607046849607	99.7649866929
5270.00000000	-0.00102962364725	0.00598252142495	0.00607047670739	99.7652410759
5270.00000000	-0.00102963787992	0.00598255586353	0.00607051306102	99.7653183316
5270.00000000	-0.00102963876412	0.00598261725456	0.00607057371252	99.7652282778
5270.00000000	-0.00102963167708	0.00598268047430	0.00607063481426	99.7650611544
5270.00000000	-0.00102962302198	0.00598271441318	0.00607066679345	99.7649263210
5270.00000000	-0.00102961497806	0.00598271582933	0.00607066682479	99.7648492344
5270.00000000	-0.00102960828638	0.00598270545944	0.00607065547019	99.7648035920
5270.00000000	-0.00102960370222	0.00598269624261	0.00607064560941	99.7647757066
5270.00000000	-0.00102960328239	0.00598269073838	0.00607064011371	99.7647806125
5270.00000000	-0.00102961035402	0.00598268811528	0.00607063872799	99.7648505878
5270.00000000	-0.00102962428488	0.00598269021263	0.00607064315772	99.7649768074
5270.00000000	-0.00102963803504	0.00598269975827	0.00607065489720	99.7650894229
5270.00000000	-0.00102964653067	0.00598272124078	0.00607067750939	99.7651340548
5270.00000000	-0.00102964865419	0.00598276231390	0.00607071834758	99.7650880571
5270.00000000	-0.00102964504500	0.00598281521796	0.00607076987300	99.7649698002
5270.00000000	-0.00102963829420	0.00598286062020	0.00607081347248	99.7648343329
5270.00000000	-0.00102963031117	0.00598288582175	0.00607083695496	99.7647197413
5270.00000000	-0.00102961857250	0.00598289082774	0.00607083989754	99.7646025453
5270.00000000	-0.00102959820992	0.00598288307539	0.00607082880402	99.7644255587
5270.00000000	-0.00102957059161	0.00598286627749	0.00607080756551	99.7641955630
5270.00000000	-0.00102954553572	0.00598283786982	0.00607077532006	99.7640079818
5270.00000000	-0.00102953453863	0.00598279679697	0.00607073297716	99.7639714356
5270.00000000	-0.00102953547098	0.00598275253723	0.00607068951667	99.7640509501
5270.00000000	-0.00102952769354	0.00598272902264	0.00607066502371	99.7640162469
5270.00000000	-0.00102949196412	0.00598274591947	0.00607067561653	99.7636568677
5270.00000000	-0.00102943224145	0.00598279811536	0.00607071692874	99.7630178240
5270.00000000	-0.00102937301591	0.00598285827789	0.00607076617728	99.7623706637
5270.00000000	-0.00102933475730	0.00598289929815	0.00607080011649	99.7619491649
5270.00000000	-0.00102931977032	0.00598291253263	0.00607081061825	99.7617885887
5270.00000000	-0.00102932543727	0.00598289748275	0.00607079674712	99.7618653818
5270.00000000	-0.00102934739394	0.00598286152703	0.00607076503491	99.7621271459
5270.00000000	-0.00102937814816	0.00598282498560	0.00607073423733	99.7624716794
5274.00000000	-0.00164060600219	0.00674912969353	0.00694567057055	103.662697022
5274.00000000	-0.00164057969343	0.00674911694327	0.00694565196684	103.662510982
5274.00000000	-0.00164055189998	0.00674909087032	0.00694562006681	103.662338998
5274.00000000	-0.00164052217974	0.00674906019955	0.00694558324400	103.662160527
5274.00000000	-0.00164048735308	0.00674903961714	0.00694555501810	103.661921465
5274.00000000	-0.00164045313181	0.00674904408603	0.00694555127782	103.661638445
5274.00000000	-0.00164043225175	0.00674907153269	0.00694557301639	103.661417597
5274.00000000	-0.00164043583819	0.00674910943013	0.00694561068871	103.661372508
5274.00000000	-0.00164046087095	0.00674914944961	0.00694565548831	103.661495195
5274.00000000	-0.00164049538410	0.00674918369865	0.00694569691992	103.661705115
5274.00000000	-0.00164052718724	0.00674920416902	0.00694572432272	103.661920155
5274.00000000	-0.00164054140397	0.00674921558851	0.00694573877700	103.662011862
5274.00000000	-0.00164053313066	0.00674922456134	0.00694574554185	103.661928064
5274.00000000	-0.00164051818276	0.00674923347477	0.00694575067253	103.661790880
5274.00000000	-0.00164051521694	0.00674923895702	0.00694575529917	103.661756426
5274.00000000	-0.00164052824246	0.00674923641151	0.00694575590219	103.661865794
5274.00000000	-0.00164055183311	0.00674922891448	0.00694575418923	103.662069495
5274.00000000	-0.00164058301585	0.00674922385518	0.00694575663835	103.662329301
5274.00000000	-0.00164061538475	0.00674922754861	0.00694576787286	103.662581562
5274.00000000	-0.00164063865027	0.00674924204117	0.00694578745076	103.662739810
5274.00000000	-0.00164064302868	0.00674926354994	0.00694580938510	103.662732997
5274.00000000	-0.00164062335321	0.00674927731899	0.00694581811709	103.662548459
5274.00000000	-0.00164059164773	0.00674926113708	0.00694579490419	103.662325851
5274.00000000	-0.00164056690101	0.00674921538573	0.00694574460225	103.662216633
5274.00000000	-0.00164055628040	0.00674917502189	0.00694570287194	103.662210147
5274.00000000	-0.00164055163617	0.00674916491878	0.00694569195774	103.662192605
5274.00000000	-0.00164054023272	0.00674917460892	0.00694569868025	103.662082318
5274.00000000	-0.00164052163811	0.00674917943836	0.00694569898111	103.661923860
5274.00000000	-0.00164051205563	0.00674917263269	0.00694569010470	103.661860309
5274.00000000	-0.00164052292338	0.00674917137125	0.00694569144583	103.661949880
5274.00000000	-0.00164054573955	0.00674918910237	0.00694571406431	103.662098220
5274.00000000	-0.00164056706360	0.00674921561219	0.00694574486070	103.662217495
5274.00000000	-0.00164057988225	0.00674922980291	0.00694576167764	103.662292595
5274.00000000	-0.00164057755358	0.00674922704048	0.00694575844335	103.662279312
5274.00000000	-0.00164055214301	0.00674921399765	0.00694573976766	103.662101042
5274.00000000	-0.00164050677784	0.00674919859655	0.00694571408739	103.661767417
5274.00000000	-0.00164045934990	0.00674918033890	0.00694568514444	103.661422820
5274.00000000	-0.00164042489049	0.00674914977252	0.00694564730412	103.661206154
5274.00000000	-0.00164040885878	0.00674910854810	0.00694560345960	103.661157964
5274.00000000	-0.00164040818060	0.00674907238942	0.00694556816370	103.661222976
5274.00000000	-0.00164041075217	0.00674905496045	0.00694555183517	103.661277547
5274.00000000	-0.00164039843581	0.00674906436809	0.00694555806778	103.661160491
5274.00000000	-0.00164036702517	0.00674909820007	0.00694558352419	103.660842793
5274.00000000	-0.00164032307244	0.00674914543834	0.00694561904584	103.660398443
5274.00000000	-0.00164027643447	0.00674919091838	0.00694565222526	103.659935999
5274.00000000	-0.00164024500094	0.00674922552490	0.00694567842972	103.659616617
5274.00000000	-0.00164024477516	0.00674925241086	0.00694570450192	103.659562432
5274.00000000	-0.00164027532954	0.00674926752255	0.00694572640172	103.659777910
5274.00000000	-0.00164031996807	0.00674926095937	0.00694573056599	103.660148507
5274.00000000	-0.00164036131822	0.00674924220546	0.00694572210805	103.660516494
5274.00000000	-0.00164039313587	0.00674923175463	0.00694571946726	103.660791895
5274.00000000	-0.00164042012837	0.00674923754212	0.00694573146598	103.660996984
5274.00000000	-0.00164044334065	0.00674925342538	0.00694575238214	103.661152102
5274.00000000	-0.00164045944486	0.00674927155034	0.00694577379782	103.661245876
5274.00000000	-0.00164046096899	0.00674928282489	0.00694578511337	103.661236127
5274.00000000	-0.00164043606168	0.00674927829010	0.00694577482428	103.661045314
5274.00000000	-0.00164038555077	0.00674925638600	0.00694574161045	103.660683109
5274.00000000	-0.00164033827476	0.00674922797450	0.00694570283754	103.660359508
5274.00000000	-0.00164032015712	0.00674920475317	0.00694567599432	103.660259519
5274.00000000	-0.00164033222082	0.00674919307526	0.00694566749577	103.660378970
5274.00000000	-0.00164036393290	0.00674919002572	0.00694567202189	103.660639108
5274.00000000	-0.00164040392179	0.00674918470104	0.00694567629215	103.660970024
5274.00000000	-0.00164044495019	0.00674916942337	0.00694567113675	103.661328663
5274.00000000	-0.00164048149101	0.00674913882533	0.00694565003481	103.661681180
5274.00000000	-0.00164050892021	0.00674909476453	0.00694561369916	103.661986894
5274.00000000	-0.00164052785640	0.00674904758078	0.00694557232309	103.662230617
5274.00000000	-0.00164054165963	0.00674900478586	0.00694553399938	103.662424647
5274.00000000	-0.00164054631807	0.00674897127926	0.00694550254121	103.662527276
5274.00000000	-0.00164053848360	0.00674895866496	0.00694548843332	103.662489055
5274.00000000	-0.00164052760463	0.00674897986768	0.00694550646648	103.662360536
5274.00000000	-0.00164052415733	0.00674902413233	0.00694554866440	103.662246654
5274.00000000	-0.00164052723874	0.00674905454293	0.00694557894235	103.662212101
5274.00000000	-0.00164053398430	0.00674904608108	0.00694557231322	103.662282660
5274.00000000	-0.00164055002463	0.00674901155553	0.00694554255332	103.662478509
5274.00000000	-0.00164057185720	0.00674897980926	0.00694551686230	103.662715374
5274.00000000	-0.00164058311268	0.00674895753450	0.00694549787647	103.662849001
5274.00000000	-0.00164057410327	0.00674894369669	0.00694548230214	103.662803746
5274.00000000	-0.00164055019705	0.00674893808987	0.00694547120719	103.662623040
5274.00000000	-0.00164052844747	0.00674893549016	0.00694546354373	103.662453762
5274.00000000	-0.00164052269724	0.00674893573465	0.00694546242309	103.662407192
5274.00000000	-0.00164053495821	0.00674894244055	0.00694547183530	103.662492409
5274.00000000	-0.00164056166350	0.00674896176835	0.00694549692407	103.662668816
5274.00000000	-0.00164060005712	0.00674898940134	0.00694553284398	103.662922731
5274.00000000	-0.00164064205393	0.00674901109770	0.00694556384651	103.663217093
5274.00000000	-0.00164067799929	0.00674901998053	0.00694558096886	103.663487915
5274.00000000	-0.00164069584401	0.00674902118529	0.00694558635480	103.663628607
5274.00000000	-0.00164068029248	0.00674902082514	0.00694558233126	103.663504651
5274.00000000	-0.00164062772732	0.00674901934574	0.00694556847701	103.663086182
5274.00000000	-0.00164055627951	0.00674901349777	0.00694554591802	103.662524863
5274.00000000	-0.00164049569926	0.00674899755288	0.00694551611531	103.662070327
5274.00000000	-0.00164046444465	0.00674897958247	0.00694549127123	103.661854806
5274.00000000	-0.00164045818940	0.00674898592523	0.00694549595710	103.661792306
5274.00000000	-0.00164045787199	0.00674903276812	0.00694554139969	103.661698493
5274.00000000	-0.00164045169575	0.00674910243210	0.00694560763397	103.661513254
5274.00000000	-0.00164043950886	0.00674916192398	0.00694566256439	103.661299657
5274.00000000	-0.00164042985904	0.00674919235849	0.00694568985878	103.661163012
5274.00000000	-0.00164043065921	0.00674919153586	0.00694568924841	103.661171028
5274.00000000	-0.00164044288769	0.00674916058031	0.00694566205675	103.661329359
5274.00000000	-0.00164046568111	0.00674910536174	0.00694561378388	103.661619650
5274.00000000	-0.00164049588345	0.00674904788380	0.00694556506567	103.661973737
