DevNumber	X [V]	Y [V]	R [V]	Theta [°]
4253.00000000	-0.000263689609228	-0.00157912831070	0.00160099295179	-99.4800275487
4253.00000000	-0.000263715866481	-0.00157914911427	0.00160101779607	-99.4808317647
4253.00000000	-0.000263744221399	-0.00157916892807	0.00160104200998	-99.4817158332
4253.00000000	-0.000263764861117	-0.00157917822086	0.00160105457596	-99.4823895784
4253.00000000	-0.000263766092808	-0.00157916753213	0.00160104423619	-99.4824960709
4253.00000000	-0.000263748665559	-0.00157914266662	0.00160101683943	-99.4820275236
4253.00000000	-0.000263724764594	-0.00157912196222	0.00160099248062	-99.4813059153
4253.00000000	-0.000263698661621	-0.00157911604291	0.00160098234253	-99.4804194017
4253.00000000	-0.000263675548710	-0.00157912269722	0.00160098509920	-99.4795643135
4253.00000000	-0.000263663752499	-0.00157913426947	0.00160099457069	-99.4790797124
4253.00000000	-0.000263659140665	-0.00157914224049	0.00160100167337	-99.4788699410
4253.00000000	-0.000263650339076	-0.00157913807640	0.00160099611668	-99.4785837958
4253.00000000	-0.000263631042525	-0.00157912208757	0.00160097716850	-99.4779968697
4253.00000000	-0.000263599453311	-0.00157910457252	0.00160095469104	-99.4769849924
4253.00000000	-0.000263563580171	-0.00157909409801	0.00160093845327	-99.4757803786
4253.00000000	-0.000263535934448	-0.00157909432708	0.00160093412811	-99.4748031173
4253.00000000	-0.000263516067725	-0.00157910635497	0.00160094272172	-99.4740309509
4253.00000000	-0.000263492195792	-0.00157912328574	0.00160095549245	-99.4730885275
4253.00000000	-0.000263459667121	-0.00157913152197	0.00160095826301	-99.4718917398
4253.00000000	-0.000263429367553	-0.00157912425030	0.00160094610452	-99.4708649683
4253.00000000	-0.000263416644356	-0.00157910444793	0.00160092447854	-99.4705324378
4253.00000000	-0.000263427213219	-0.00157908029827	0.00160090239711	-99.4710477521
4253.00000000	-0.000263456529656	-0.00157905826342	0.00160088548694	-99.4722124549
4253.00000000	-0.000263498610214	-0.00157904152953	0.00160087590699	-99.4737965571
4253.00000000	-0.000263544641756	-0.00157903443013	0.00160087648173	-99.4754633900
4253.00000000	-0.000263581694008	-0.00157904260664	0.00160089064679	-99.4767232195
4253.00000000	-0.000263607017940	-0.00157906514735	0.00160091704953	-99.4774843540
4253.00000000	-0.000263625238926	-0.00157909266545	0.00160094719235	-99.4779653948
4253.00000000	-0.000263636599735	-0.00157911075967	0.00160096691035	-99.4782597952
4253.00000000	-0.000263644052871	-0.00157910973426	0.00160096712628	-99.4785289314
4253.00000000	-0.000263652219166	-0.00157909329546	0.00160095225676	-99.4789140848
4253.00000000	-0.000263660990057	-0.00157907788979	0.00160093850590	-99.4793144983
4253.00000000	-0.000263667582506	-0.00157907838825	0.00160094008329	-99.4795442747
4253.00000000	-0.000263674996638	-0.00157909495074	0.00160095764069	-99.4797083690
4253.00000000	-0.000263694719343	-0.00157911608555	0.00160098173526	-99.4802799914
4253.00000000	-0.000263732664264	-0.00157913086022	0.00160100255837	-99.4815323075
4253.00000000	-0.000263777044060	-0.00157914045489	0.00160101933319	-99.4830422705
4253.00000000	-0.000263814833977	-0.00157915186911	0.00160103681793	-99.4843088659
4253.00000000	-0.000263841329222	-0.00157916460914	0.00160105374981	-99.4851689467
4253.00000000	-0.000263847977399	-0.00157917255412	0.00160106268174	-99.4853567527
4253.00000000	-0.000263829050984	-0.00157916831893	0.00160105538557	-99.4847136840
4253.00000000	-0.000263792982930	-0.00157915059244	0.00160103195829	-99.4835451047
4253.00000000	-0.000263750508744	-0.00157912321865	0.00160099796082	-99.4822072424
4253.00000000	-0.000263705743102	-0.00157909198288	0.00160095977755	-99.4808112024
4253.00000000	-0.000263667564895	-0.00157906635770	0.00160092821413	-99.4796145647
4253.00000000	-0.000263652503618	-0.00157905489640	0.00160091442886	-99.4791504488
4253.00000000	-0.000263666626380	-0.00157905612178	0.00160091796342	-99.4796417690
4253.00000000	-0.000263693737389	-0.00157905846294	0.00160092473793	-99.4805850001
4253.00000000	-0.000263712578573	-0.00157905725888	0.00160092665382	-99.4812571975
4253.00000000	-0.000263717348544	-0.00157905581515	0.00160092601556	-99.4814340900
4253.00000000	-0.000263708357924	-0.00157905525526	0.00160092398233	-99.4811200194
4253.00000000	-0.000263685232470	-0.00157905558066	0.00160092049416	-99.4803017636
4253.00000000	-0.000263653307310	-0.00157906388628	0.00160092342834	-99.4791258325
4253.00000000	-0.000263622975670	-0.00157908176553	0.00160093606853	-99.4779497375
4253.00000000	-0.000263604658195	-0.00157910785925	0.00160095878991	-99.4771493573
4253.00000000	-0.000263598383194	-0.00157913855108	0.00160098802966	-99.4767469992
4253.00000000	-0.000263595923086	-0.00157915802406	0.00160100683185	-99.4765454196
4253.00000000	-0.000263592125586	-0.00157915335595	0.00160100160221	-99.4764388767
4253.00000000	-0.000263587785100	-0.00157912932994	0.00160097718945	-99.4764272255
4253.00000000	-0.000263586414729	-0.00157909948936	0.00160094753047	-99.4765546810
4253.00000000	-0.000263592827414	-0.00157907411037	0.00160092355367	-99.4769305990
4253.00000000	-0.000263610441540	-0.00157906308201	0.00160091557612	-99.4776173812
4253.00000000	-0.000263631194181	-0.00157907133723	0.00160092713594	-99.4783013130
4253.00000000	-0.000263643624311	-0.00157909225430	0.00160094981440	-99.4786168230
4253.00000000	-0.000263648506100	-0.00157911649655	0.00160097452961	-99.4786462744
4253.00000000	-0.000263650983999	-0.00157913700349	0.00160099516463	-99.4786128840
4253.00000000	-0.000263651690008	-0.00157915056665	0.00160100865888	-99.4785578716
4253.00000000	-0.000263650774642	-0.00157915811240	0.00160101595087	-99.4784810906
4253.00000000	-0.000263653738387	-0.00157916041405	0.00160101870916	-99.4785721420
4253.00000000	-0.000263660461895	-0.00157915433228	0.00160101381766	-99.4788453146
4253.00000000	-0.000263657564611	-0.00157913716434	0.00160099640699	-99.4788442249
4253.00000000	-0.000263634027302	-0.00157911084497	0.00160096657088	-99.4781684864
4253.00000000	-0.000263595647249	-0.00157908093646	0.00160093075089	-99.4769899168
4253.00000000	-0.000263558356210	-0.00157905661821	0.00160090062485	-99.4758167998
4253.00000000	-0.000263530769057	-0.00157904641583	0.00160088602017	-99.4749030407
4253.00000000	-0.000263513184577	-0.00157905591479	0.00160089249498	-99.4742263157
4253.00000000	-0.000263501881470	-0.00157908189498	0.00160091626033	-99.4736742515
4253.00000000	-0.000263495810903	-0.00157911514772	0.00160094806041	-99.4732640781
4253.00000000	-0.000263500368566	-0.00157914830300	0.00160098151366	-99.4732296705
4253.00000000	-0.000263518107072	-0.00157917691611	0.00160101265614	-99.4736872909
4253.00000000	-0.000263537208547	-0.00157919777504	0.00160103637466	-99.4742386808
4253.00000000	-0.000263540822391	-0.00157920664827	0.00160104572171	-99.4743139749
4253.00000000	-0.000263523181857	-0.00157920252416	0.00160103875022	-99.4737155846
4253.00000000	-0.000263491424245	-0.00157918955157	0.00160102072768	-99.4726709879
4253.00000000	-0.000263460357672	-0.00157917201457	0.00160099831720	-99.4716776418
4253.00000000	-0.000263441767528	-0.00157915228797	0.00160097580041	-99.4711375826
4253.00000000	-0.000263441754605	-0.00157913323707	0.00160095700707	-99.4712493175
4253.00000000	-0.000263456064969	-0.00157911983798	0.00160094614553	-99.4718333942
4253.00000000	-0.000263470942807	-0.00157911715395	0.00160094594649	-99.4723744011
4253.00000000	-0.000263481102241	-0.00157912678569	0.00160095711889	-99.4726763052
4253.00000000	-0.000263491004915	-0.00157914570906	0.00160097741399	-99.4729144130
4253.00000000	-0.000263501980692	-0.00157916419135	0.00160099745068	-99.4731929928
4253.00000000	-0.000263505601776	-0.00157917286384	0.00160100660087	-99.4732697328
4253.00000000	-0.000263501933579	-0.00157917418034	0.00160100729569	-99.4731324936
4253.00000000	-0.000263499414937	-0.00157917991900	0.00160101254156	-99.4730097867
4253.00000000	-0.000263501954846	-0.00157918954356	0.00160102245290	-99.4730427549
4253.00000000	-0.000263503720202	-0.00157919058366	0.00160102376937	-99.4730989440
4253.00000000	-0.000263500710756	-0.00157917507766	0.00160100797952	-99.4730840436
4253.00000000	-0.000263493157493	-0.00157914749257	0.00160097952746	-99.4729798939
4253.00000000	-0.000263478206496	-0.00157912299592	0.00160095290422	-99.4725964055
5260.00000000	-0.00220672153042	-0.00286871710170	0.00361927585607	-127.568793642
5260.00000000	-0.00220674986913	-0.00286870545628	0.00361928390428	-127.569261633
5260.00000000	-0.00220677983382	-0.00286868822244	0.00361928851468	-127.569803965
5260.00000000	-0.00220678832303	-0.00286866230737	0.00361927315029	-127.570160628
5260.00000000	-0.00220677008099	-0.00286863164808	0.00361923772675	-127.570227675
5260.00000000	-0.00220674611294	-0.00286860832380	0.00361920462565	-127.570152072
5260.00000000	-0.00220674280027	-0.00286859430399	0.00361919149360	-127.570245834
5260.00000000	-0.00220676357822	-0.00286858761470	0.00361919886071	-127.570571122
5260.00000000	-0.00220679205985	-0.00286859289797	0.00361922041464	-127.570877502
5260.00000000	-0.00220681165844	-0.00286861144108	0.00361924706199	-127.570944424
5260.00000000	-0.00220681611252	-0.00286863405187	0.00361926769914	-127.570782056
5260.00000000	-0.00220681138120	-0.00286865221773	0.00361927921256	-127.570547342
5260.00000000	-0.00220681185892	-0.00286866327023	0.00361928826410	-127.570446651
5260.00000000	-0.00220682420957	-0.00286867005675	0.00361930117377	-127.570536113
5260.00000000	-0.00220683989412	-0.00286867782091	0.00361931689113	-127.570657969
5260.00000000	-0.00220684886355	-0.00286868758441	0.00361933009872	-127.570676269
5260.00000000	-0.00220684915871	-0.00286869566439	0.00361933668290	-127.570601981
5260.00000000	-0.00220684337050	-0.00286869437851	0.00361933213441	-127.570541766
5260.00000000	-0.00220683149163	-0.00286868488610	0.00361931736771	-127.570484344
5260.00000000	-0.00220681482284	-0.00286868049406	0.00361930372300	-127.570317588
5260.00000000	-0.00220680157310	-0.00286869070400	0.00361930373667	-127.570052786
5260.00000000	-0.00220680192998	-0.00286871565207	0.00361932372835	-127.569816457
5260.00000000	-0.00220681677827	-0.00286875020833	0.00361936017145	-127.569669219
5260.00000000	-0.00220683540505	-0.00286878367809	0.00361939805723	-127.569579880
5260.00000000	-0.00220684856561	-0.00286880631646	0.00361942402502	-127.569526502
5260.00000000	-0.00220685053470	-0.00286881458166	0.00361943177674	-127.569471433
5260.00000000	-0.00220684383486	-0.00286881147051	0.00361942522575	-127.569417398
5260.00000000	-0.00220683601341	-0.00286880126258	0.00361941236588	-127.569417787
5260.00000000	-0.00220683061107	-0.00286878992696	0.00361940008716	-127.569459414
5260.00000000	-0.00220682569174	-0.00286878110743	0.00361939009725	-127.569482817
5260.00000000	-0.00220681816590	-0.00286877251936	0.00361937870154	-127.569471281
5260.00000000	-0.00220680923631	-0.00286876068998	0.00361936388083	-127.569473416
5260.00000000	-0.00220679849631	-0.00286874441789	0.00361934443491	-127.569495718
5260.00000000	-0.00220678030412	-0.00286872554441	0.00361931838331	-127.569449623
5260.00000000	-0.00220675494606	-0.00286870673065	0.00361928800988	-127.569313036
5260.00000000	-0.00220672852797	-0.00286869082244	0.00361925929314	-127.569135100
5260.00000000	-0.00220670412878	-0.00286867947560	0.00361923542281	-127.568938466
5260.00000000	-0.00220668207224	-0.00286867321893	0.00361921701546	-127.568722094
5260.00000000	-0.00220666313304	-0.00286867231889	0.00361920475462	-127.568493131
5260.00000000	-0.00220665226335	-0.00286867224638	0.00361919806981	-127.568357437
5260.00000000	-0.00220665564627	-0.00286866612871	0.00361919528338	-127.568458936
5260.00000000	-0.00220667416933	-0.00286865591188	0.00361919847900	-127.568789982
5260.00000000	-0.00220670007681	-0.00286864890361	0.00361920872031	-127.569182716
5260.00000000	-0.00220671862513	-0.00286864861689	0.00361921980235	-127.569418226
5260.00000000	-0.00220672561184	-0.00286865367450	0.00361922807103	-127.569457076
5260.00000000	-0.00220673069701	-0.00286866044418	0.00361923653733	-127.569455540
5260.00000000	-0.00220674113036	-0.00286866438232	0.00361924602021	-127.569548442
5260.00000000	-0.00220675913801	-0.00286866421156	0.00361925686460	-127.569776046
5260.00000000	-0.00220678718437	-0.00286866157172	0.00361927187292	-127.570153442
5260.00000000	-0.00220682761350	-0.00286866056168	0.00361929572346	-127.570670475
5260.00000000	-0.00220686878716	-0.00286866716490	0.00361932606251	-127.571123356
5260.00000000	-0.00220688731547	-0.00286868390874	0.00361935063119	-127.571194212
5260.00000000	-0.00220687610763	-0.00286871251708	0.00361936647219	-127.570777445
5260.00000000	-0.00220684966262	-0.00286874468774	0.00361937584631	-127.570135113
5260.00000000	-0.00220683288976	-0.00286876852844	0.00361938451578	-127.569694546
5260.00000000	-0.00220684108887	-0.00286878139507	0.00361939971324	-127.569673232
5260.00000000	-0.00220686801708	-0.00286879222595	0.00361942471679	-127.569906564
5260.00000000	-0.00220689492364	-0.00286880812251	0.00361945372229	-127.570090726
5260.00000000	-0.00220691057849	-0.00286882278553	0.00361947488957	-127.570145619
5260.00000000	-0.00220691550776	-0.00286883189023	0.00361948511157	-127.570119588
5260.00000000	-0.00220691621143	-0.00286883784913	0.00361949026369	-127.570070901
5260.00000000	-0.00220692140114	-0.00286883873482	0.00361949413001	-127.570127467
5260.00000000	-0.00220693513825	-0.00286883078143	0.00361949620209	-127.570376589
5260.00000000	-0.00220694951690	-0.00286881469115	0.00361949221609	-127.570712298
5260.00000000	-0.00220695486934	-0.00286879219498	0.00361947764923	-127.570996589
5260.00000000	-0.00220695281607	-0.00286876181289	0.00361945231651	-127.571264082
5260.00000000	-0.00220695086064	-0.00286871943614	0.00361941753664	-127.571648583
5260.00000000	-0.00220695467813	-0.00286866996725	0.00361938065591	-127.572173982
5260.00000000	-0.00220696427704	-0.00286863231142	0.00361935666358	-127.572657901
5260.00000000	-0.00220697142493	-0.00286862249406	0.00361935324111	-127.572842350
5260.00000000	-0.00220696372436	-0.00286863753944	0.00361936047021	-127.572600501
5260.00000000	-0.00220693395965	-0.00286865939167	0.00361935964056	-127.572016112
5260.00000000	-0.00220688794506	-0.00286867056959	0.00361934044252	-127.571330869
5260.00000000	-0.00220684051844	-0.00286866760662	0.00361930917594	-127.570764396
5260.00000000	-0.00220680731800	-0.00286866297060	0.00361928525785	-127.570392566
5260.00000000	-0.00220679591374	-0.00286866843925	0.00361928263876	-127.570196685
5260.00000000	-0.00220680520437	-0.00286868321234	0.00361930001282	-127.570170662
5260.00000000	-0.00220682949085	-0.00286869797312	0.00361932652059	-127.570332917
5260.00000000	-0.00220685585714	-0.00286870349118	0.00361934697072	-127.570610480
5260.00000000	-0.00220687103089	-0.00286870082213	0.00361935410728	-127.570826631
5260.00000000	-0.00220687160377	-0.00286869670343	0.00361935119211	-127.570873575
5260.00000000	-0.00220686164975	-0.00286869891755	0.00361934687764	-127.570727308
5260.00000000	-0.00220684855375	-0.00286870966595	0.00361934741172	-127.570459241
5260.00000000	-0.00220684001449	-0.00286871919072	0.00361934975441	-127.570260160
5260.00000000	-0.00220683749434	-0.00286871662002	0.00361934618024	-127.570253353
5260.00000000	-0.00220683363547	-0.00286869772592	0.00361932885178	-127.570387307
5260.00000000	-0.00220682368190	-0.00286866750261	0.00361929882761	-127.570554146
5260.00000000	-0.00220681645275	-0.00286864125372	0.00361927361478	-127.570716808
5260.00000000	-0.00220682257636	-0.00286863016691	0.00361926856119	-127.570900661
5260.00000000	-0.00220683847437	-0.00286862947298	0.00361927770490	-127.571106839
5260.00000000	-0.00220685604620	-0.00286863479207	0.00361929263516	-127.571275975
5260.00000000	-0.00220686949246	-0.00286864790404	0.00361931122648	-127.571318123
5260.00000000	-0.00220688020331	-0.00286866797564	0.00361933366606	-127.571258770
5260.00000000	-0.00220689381589	-0.00286868969292	0.00361935917931	-127.571219942
5260.00000000	-0.00220691088755	-0.00286870830157	0.00361938433785	-127.571254521
5260.00000000	-0.00220693225273	-0.00286871850511	0.00361940545252	-127.571424099
5260.00000000	-0.00220695675943	-0.00286871949305	0.00361942117856	-127.571722045
5260.00000000	-0.00220697247523	-0.00286871536407	0.00361942748878	-127.571959082
5260.00000000	-0.00220697004808	-0.00286871134404	0.00361942282257	-127.571967433
5260.00000000	-0.00220695459539	-0.00286871140276	0.00361941344674	-127.571772984
5270.00000000	0.0379436698209	0.00350033060159	0.0381047817708	5.27065885909
5270.00000000	0.0379437351621	0.00350033141043	0.0381048469100	5.27065104490
5270.00000000	0.0379437712980	0.00350036810495	0.0381048862640	5.27070099545
5270.00000000	0.0379437237869	0.00350044102891	0.0381048456526	5.27081674538
5270.00000000	0.0379436133590	0.00350054647511	0.0381047453785	5.27098988130
5270.00000000	0.0379435358489	0.00350065568419	0.0381046782290	5.27116410503
5270.00000000	0.0379435627971	0.00350072379467	0.0381047113206	5.27126236300
5270.00000000	0.0379436422800	0.00350073760661	0.0381047917362	5.27127206347
5270.00000000	0.0379436997669	0.00350071702308	0.0381048470890	5.27123330295
5270.00000000	0.0379437510376	0.00350068346883	0.0381048950603	5.27117598052
5270.00000000	0.0379438470494	0.00350066043111	0.0381049885495	5.27112822396
5270.00000000	0.0379439770223	0.00350066045528	0.0381051179751	5.27111030617
5270.00000000	0.0379441189724	0.00350065694613	0.0381052590025	5.27108544377
5270.00000000	0.0379442849599	0.00350061273694	0.0381054202267	5.27099632287
5270.00000000	0.0379444608687	0.00350052670635	0.0381055874884	5.27084321532
5270.00000000	0.0379445630080	0.00350044644988	0.0381056818233	5.27070894363
5270.00000000	0.0379445501073	0.00350041703285	0.0381056662748	5.27066668101
5270.00000000	0.0379445085663	0.00350043087159	0.0381056261808	5.27069313875
5270.00000000	0.0379445227263	0.00350045006408	0.0381056420439	5.27071991881
5270.00000000	0.0379445729969	0.00350045332535	0.0381056924016	5.27071785818
5270.00000000	0.0379446212998	0.00350043796290	0.0381057390890	5.27068818513
5270.00000000	0.0379446711214	0.00350039868937	0.0381057850923	5.27062250174
5270.00000000	0.0379447167998	0.00350035193929	0.0381058262831	5.27054619657
5270.00000000	0.0379447339488	0.00350033281114	0.0381058416025	5.27051518859
5270.00000000	0.0379447357677	0.00350036104360	0.0381058460071	5.27055720808
5270.00000000	0.0379447019223	0.00350043013882	0.0381058186519	5.27066533485
5270.00000000	0.0379446065292	0.00350051480407	0.0381057314397	5.27080527514
5270.00000000	0.0379444877914	0.00350058283401	0.0381056194534	5.27092353352
5270.00000000	0.0379443919904	0.00350062176401	0.0381055276339	5.27099505438
5270.00000000	0.0379442906931	0.00350064664622	0.0381054290507	5.27104630173
5270.00000000	0.0379441114560	0.00350066011585	0.0381052518091	5.27109122792
5270.00000000	0.0379438656503	0.00350064421408	0.0381050055820	5.27110137320
5270.00000000	0.0379436247820	0.00350058887654	0.0381047606485	5.27105179020
5270.00000000	0.0379434438193	0.00350049838092	0.0381045721375	5.27094128977
5270.00000000	0.0379433611464	0.00350039231739	0.0381044800707	5.27079390170
5270.00000000	0.0379433650046	0.00350030042991	0.0381044754716	5.27065578642
5270.00000000	0.0379434032509	0.00350023434352	0.0381045074856	5.27055155306
5270.00000000	0.0379434279873	0.00350017710583	0.0381045268597	5.27046243495
5270.00000000	0.0379434125946	0.00350011051848	0.0381045054155	5.27036486035
5270.00000000	0.0379433580574	0.00350003697061	0.0381044443532	5.27026227018
5270.00000000	0.0379432959225	0.00349996699652	0.0381043760536	5.27016608004
5270.00000000	0.0379432760428	0.00349991214898	0.0381043512202	5.27008670258
5270.00000000	0.0379433226698	0.00349988425677	0.0381043950882	5.27003849993
5270.00000000	0.0379433974602	0.00349988446517	0.0381044695815	5.27002848267
5270.00000000	0.0379434372941	0.00349989895708	0.0381045105782	5.27004467983
5270.00000000	0.0379434050344	0.00349991050245	0.0381044795152	5.27006642204
5270.00000000	0.0379433087131	0.00349992434148	0.0381043848722	5.27010044622
5270.00000000	0.0379431943972	0.00349995709792	0.0381042740483	5.27016528092
5270.00000000	0.0379431056996	0.00350000692662	0.0381041903026	5.27025214007
5270.00000000	0.0379430720608	0.00350005156464	0.0381041609062	5.27032362289
5270.00000000	0.0379430912643	0.00350007359052	0.0381041820518	5.27035394997
5270.00000000	0.0379431162964	0.00350007161998	0.0381042067969	5.27034754208
5270.00000000	0.0379430876864	0.00350005136117	0.0381041764471	5.27032116005
5270.00000000	0.0379429809471	0.00350003004717	0.0381040682012	5.27030398912
5270.00000000	0.0379428667864	0.00350004133153	0.0381039555597	5.27033665309
5270.00000000	0.0379428572686	0.00350009882196	0.0381039513629	5.27042404888
5270.00000000	0.0379429820025	0.00350016439630	0.0381040815929	5.27050500543
5270.00000000	0.0379431721157	0.00350020523008	0.0381042746533	5.27053988685
5270.00000000	0.0379432973257	0.00350023621054	0.0381044021797	5.27056897932
5270.00000000	0.0379432330818	0.00350029510092	0.0381043436172	5.27066602937
5270.00000000	0.0379429474864	0.00350039713358	0.0381040686023	5.27085825238
5270.00000000	0.0379425614035	0.00350050271304	0.0381036938511	5.27106967015
5270.00000000	0.0379423041965	0.00350054523775	0.0381034416385	5.27116887451
5270.00000000	0.0379423209975	0.00350048791548	0.0381034531024	5.27108072316
5270.00000000	0.0379425620257	0.00350034624370	0.0381036800965	5.27083529918
5270.00000000	0.0379428697408	0.00350016713772	0.0381039700577	5.27052461623
5270.00000000	0.0379431148521	0.00350000779869	0.0381041994965	5.27025218171
5270.00000000	0.0379432645619	0.00349991321390	0.0381043398856	5.27008988273
5270.00000000	0.0379433656203	0.00349988771864	0.0381044381751	5.27003775147
5270.00000000	0.0379434671300	0.00349990531240	0.0381045408716	5.27005007498
5270.00000000	0.0379435559566	0.00349995170745	0.0381046335842	5.27010727387
5270.00000000	0.0379435752609	0.00350003091706	0.0381046600825	5.27022320717
5270.00000000	0.0379435157075	0.00350013238013	0.0381046101007	5.27038335177
5270.00000000	0.0379434405677	0.00350022268853	0.0381045435740	5.27052894785
5270.00000000	0.0379433809787	0.00350027032997	0.0381044886133	5.27060851158
5270.00000000	0.0379433486096	0.00350024889544	0.0381044544121	5.27058088878
5270.00000000	0.0379433549997	0.00350016535599	0.0381044531014	5.27045492313
5270.00000000	0.0379433976001	0.00350005672905	0.0381044855437	5.27028639287
5270.00000000	0.0379434620524	0.00349995742239	0.0381045406019	5.27012880005
5270.00000000	0.0379435448025	0.00349988128184	0.0381046160086	5.27000336698
5270.00000000	0.0379436707577	0.00349983151795	0.0381047368607	5.26991146088
5270.00000000	0.0379438140488	0.00349980295949	0.0381048769231	5.26984891168
5270.00000000	0.0379438766785	0.00349980321692	0.0381049393117	5.26984064775
5270.00000000	0.0379438266645	0.00349983458965	0.0381048923906	5.26989452854
5270.00000000	0.0379437221260	0.00349987614705	0.0381047921109	5.26997118895
5270.00000000	0.0379436187549	0.00349990351812	0.0381046916908	5.27002644757
5270.00000000	0.0379435567087	0.00349991245715	0.0381046307280	5.27004840102
5270.00000000	0.0379435730042	0.00349991360583	0.0381046470601	5.27004787035
5270.00000000	0.0379436591753	0.00349990475513	0.0381047320540	5.27002271731
5270.00000000	0.0379437486343	0.00349987933518	0.0381048188000	5.26997230149
5270.00000000	0.0379437664019	0.00349983782137	0.0381048326796	5.26990768988
5270.00000000	0.0379437336658	0.00349978665987	0.0381047953828	5.26983560776
5270.00000000	0.0379437620655	0.00349973502527	0.0381048189200	5.26975437419
5270.00000000	0.0379439122344	0.00349968991491	0.0381049643111	5.26966609313
5270.00000000	0.0379441017687	0.00349966449385	0.0381051507096	5.26960185670
5270.00000000	0.0379441917241	0.00349966801308	0.0381052406081	5.26959470346
5270.00000000	0.0379441248332	0.00349968957713	0.0381051759804	5.26963622795
5270.00000000	0.0379439705925	0.00349971814362	0.0381050250152	5.26970030005
5270.00000000	0.0379438428592	0.00349975952593	0.0381049016225	5.26977990078
5270.00000000	0.0379437557840	0.00349982314968	0.0381048207590	5.26988718865
5274.00000000	0.0358380816990	0.00955129274017	0.0370890184943	14.9231642084
5274.00000000	0.0358380509493	0.00955126949913	0.0370889827967	14.9231417492
5274.00000000	0.0358379838824	0.00955127474680	0.0370889193431	14.9231762636
5274.00000000	0.0358378742411	0.00955132291361	0.0370888258040	14.9232917817
5274.00000000	0.0358377086012	0.00955140385698	0.0370886865961	14.9234785052
5274.00000000	0.0358375424078	0.00955148431343	0.0370885467284	14.9236647234
5274.00000000	0.0358374785111	0.00955153965326	0.0370884992387	14.9237727520
5274.00000000	0.0358375430279	0.00955158475718	0.0370885731951	14.9238144120
5274.00000000	0.0358376881575	0.00955165040819	0.0370887303367	14.9238546713
5274.00000000	0.0358378608937	0.00955173302131	0.0370889185222	14.9239092667
5274.00000000	0.0358380281079	0.00955180534041	0.0370890987208	14.9239506924
5274.00000000	0.0358381503191	0.00955183972559	0.0370892256651	14.9239533981
5274.00000000	0.0358382297484	0.00955181162668	0.0370892951787	14.9238798544
5274.00000000	0.0358383140902	0.00955172347709	0.0370893539740	14.9237147192
5274.00000000	0.0358383964553	0.00955160508317	0.0370894030709	14.9235052252
5274.00000000	0.0358383976459	0.00955149934062	0.0370893769896	14.9233469099
5274.00000000	0.0358382903001	0.00955144496050	0.0370892592602	14.9233084418
5274.00000000	0.0358381705691	0.00955144739455	0.0370891441944	14.9233597076
5274.00000000	0.0358381225354	0.00955146740760	0.0370891029347	14.9234086906
5274.00000000	0.0358381325567	0.00955146093414	0.0370891109509	14.9233950408
5274.00000000	0.0358381945035	0.00955141661434	0.0370891593948	14.9233042400
5274.00000000	0.0358383203566	0.00955134464535	0.0370892624693	14.9231467437
5274.00000000	0.0358384815734	0.00955128093673	0.0370894018423	14.9229875103
5274.00000000	0.0358386193730	0.00955127066330	0.0370895323487	14.9229173562
5274.00000000	0.0358386955697	0.00955132188460	0.0370896191660	14.9229635017
5274.00000000	0.0358386668991	0.00955140504454	0.0370896128779	14.9230990395
5274.00000000	0.0358385246741	0.00955148804451	0.0370894968243	14.9232795131
5274.00000000	0.0358383530320	0.00955155249844	0.0370893475701	14.9234440073
5274.00000000	0.0358382520617	0.00955159547694	0.0370892610737	14.9235483305
5274.00000000	0.0358382237669	0.00955162569103	0.0370892415144	14.9236046878
5274.00000000	0.0358382111215	0.00955164474679	0.0370892342029	14.9236381632
5274.00000000	0.0358381895637	0.00955164152945	0.0370892125437	14.9236419372
5274.00000000	0.0358381397016	0.00955161043731	0.0370891563563	14.9236153628
5274.00000000	0.0358380330713	0.00955155334364	0.0370890386191	14.9235725601
5274.00000000	0.0358378802339	0.00955147934071	0.0370888718790	14.9235228993
5274.00000000	0.0358377365873	0.00955141163345	0.0370887156409	14.9234789794
5274.00000000	0.0358376614592	0.00955136264233	0.0370886304302	14.9234357379
5274.00000000	0.0358376803463	0.00955131858570	0.0370886373344	14.9233624593
5274.00000000	0.0358377650167	0.00955127054317	0.0370887067769	14.9232570601
5274.00000000	0.0358378524120	0.00955122039728	0.0370887783108	14.9231474375
5274.00000000	0.0358378913584	0.00955116919001	0.0370888027565	14.9230555053
5274.00000000	0.0358378757620	0.00955113626958	0.0370887792085	14.9230125688
5274.00000000	0.0358378233401	0.00955114261604	0.0370887301889	14.9230428971
5274.00000000	0.0358377426697	0.00955118288962	0.0370886626107	14.9231351076
5274.00000000	0.0358376614415	0.00955122676025	0.0370885954199	14.9232329097
5274.00000000	0.0358376205254	0.00955123859139	0.0370885589306	14.9232668483
5274.00000000	0.0358376282257	0.00955121339547	0.0370885598826	14.9232261741
5274.00000000	0.0358376628516	0.00955117408030	0.0370885832161	14.9231537117
5274.00000000	0.0358377142173	0.00955113988633	0.0370886240436	14.9230822345
5274.00000000	0.0358377902773	0.00955111541559	0.0370886912366	14.9230154475
5274.00000000	0.0358378692897	0.00955109612004	0.0370887626151	14.9229552114
5274.00000000	0.0358378896715	0.00955107042908	0.0370887756936	14.9229087535
5274.00000000	0.0358378195710	0.00955102792716	0.0370886970123	14.9228731972
5274.00000000	0.0358376683697	0.00955097097167	0.0370885362434	14.9228483294
5274.00000000	0.0358374880075	0.00955092434311	0.0370883499565	14.9228504776
5274.00000000	0.0358373838796	0.00955090741384	0.0370882449809	14.9228666314
5274.00000000	0.0358374384225	0.00955090760742	0.0370882977341	14.9228452217
5274.00000000	0.0358376103858	0.00955090947755	0.0370884643793	14.9227796021
5274.00000000	0.0358377382006	0.00955091737693	0.0370885899176	14.9227405463
5274.00000000	0.0358376739164	0.00955094627700	0.0370885352437	14.9228092601
5274.00000000	0.0358374133062	0.00955100029784	0.0370882973345	14.9229935768
5274.00000000	0.0358370856456	0.00955105500800	0.0370879948141	14.9232056001
5274.00000000	0.0358368643299	0.00955106850386	0.0370877844386	14.9233137948
5274.00000000	0.0358368549699	0.00955101906984	0.0370877626638	14.9232437253
5274.00000000	0.0358370385856	0.00955092177733	0.0370879150315	14.9230254413
5274.00000000	0.0358373052969	0.00955080653382	0.0370881430701	14.9227473050
5274.00000000	0.0358375339326	0.00955070587424	0.0370883380737	14.9225060893
5274.00000000	0.0358376602090	0.00955064933438	0.0370884455318	14.9223714551
5274.00000000	0.0358376983993	0.00955064400616	0.0370884810621	14.9223483089
5274.00000000	0.0358377137038	0.00955068128172	0.0370885054493	14.9223978634
5274.00000000	0.0358377530426	0.00955075651292	0.0370885628342	14.9224945144
5274.00000000	0.0358377639710	0.00955085779785	0.0370885994764	14.9226413586
5274.00000000	0.0358376842404	0.00955095867461	0.0370885484121	14.9228236594
5274.00000000	0.0358375531719	0.00955103739840	0.0370884420370	14.9229933157
5274.00000000	0.0358374457745	0.00955108198025	0.0370883497427	14.9231025908
5274.00000000	0.0358374346452	0.00955108669507	0.0370883402029	14.9231140564
5274.00000000	0.0358375450590	0.00955105759449	0.0370884393987	14.9230266907
5274.00000000	0.0358377366480	0.00955101037568	0.0370886123662	14.9228799863
5274.00000000	0.0358379448698	0.00955095629655	0.0370887996391	14.9227164259
5274.00000000	0.0358381289663	0.00955090323317	0.0370889638622	14.9225639806
5274.00000000	0.0358382748994	0.00955086086239	0.0370890939627	14.9224426794
5274.00000000	0.0358383803146	0.00955084628325	0.0370891920686	14.9223789821
5274.00000000	0.0358384216175	0.00955087491371	0.0370892393512	14.9224052887
5274.00000000	0.0358383787173	0.00955093050410	0.0370892122130	14.9225053350
5274.00000000	0.0358382927148	0.00955097672480	0.0370891410133	14.9226085418
5274.00000000	0.0358381894193	0.00955098543547	0.0370890434447	14.9226626366
5274.00000000	0.0358380899147	0.00955096743541	0.0370889426607	14.9226753519
5274.00000000	0.0358380436004	0.00955095537175	0.0370888948018	14.9226757687
5274.00000000	0.0358380627577	0.00955095611362	0.0370889135040	14.9226692551
5274.00000000	0.0358381123608	0.00955095823213	0.0370889619798	14.9226526846
5274.00000000	0.0358381633038	0.00955095102704	0.0370890093493	14.9226216636
5274.00000000	0.0358382176773	0.00955092176674	0.0370890543541	14.9225563558
5274.00000000	0.0358382874927	0.00955086900642	0.0370891082285	14.9224498264
5274.00000000	0.0358383804359	0.00955081359830	0.0370891837691	14.9223301446
5274.00000000	0.0358384683695	0.00955078616901	0.0370892616740	14.9222542204
5274.00000000	0.0358385072986	0.00955080641540	0.0370893045038	14.9222689564
5274.00000000	0.0358384871984	0.00955086480824	0.0370893001181	14.9223641158
5274.00000000	0.0358384331682	0.00955094475728	0.0370892684979	14.9225049499
5274.00000000	0.0358383728022	0.00955104093088	0.0370892349338	14.9226725232
5274.00000000	0.0358382807981	0.00955114837248	0.0370891737006	14.9228695030
