DevNumber	X [V]	Y [V]	R [V]	Theta [°]
4253.00000000	0.00966232006993	0.00184170034489	0.00983627415713	10.7914986744
4253.00000000	0.00966236396331	0.00184162864757	0.00983630385027	10.7910405568
4253.00000000	0.00966236729505	0.00184155103117	0.00983629259146	10.7905928075
4253.00000000	0.00966234801084	0.00184149905401	0.00983626391719	10.7903164268
4253.00000000	0.00966233251004	0.00184148600225	0.00983624624697	10.7902586490
4253.00000000	0.00966233780435	0.00184151740978	0.00983625732766	10.7904325883
4253.00000000	0.00966237794306	0.00184159125280	0.00983631058156	10.7908113407
4253.00000000	0.00966244758111	0.00184168371919	0.00983639630043	10.7912644778
4253.00000000	0.00966250875181	0.00184175933798	0.00983647054780	10.7916304429
4253.00000000	0.00966251745343	0.00184179578035	0.00983648591899	10.7918294689
4253.00000000	0.00966247250142	0.00184179739450	0.00983644206424	10.7918877318
4253.00000000	0.00966240639742	0.00184177694445	0.00983637330026	10.7918428166
4253.00000000	0.00966233861020	0.00184173845298	0.00983629950476	10.7916965052
4253.00000000	0.00966227176131	0.00184169374285	0.00983622546670	10.7915135853
4253.00000000	0.00966221819375	0.00184165884241	0.00983616631191	10.7913723086
4253.00000000	0.00966220293251	0.00184163885002	0.00983614757733	10.7912745565
4253.00000000	0.00966223429582	0.00184164174383	0.00983617892782	10.7912569092
4253.00000000	0.00966228595647	0.00184168088289	0.00983623700299	10.7914245193
4253.00000000	0.00966232305694	0.00184175440904	0.00983628721418	10.7918047678
4253.00000000	0.00966232428941	0.00184183144093	0.00983630284866	10.7922441932
4253.00000000	0.00966228909373	0.00184188289924	0.00983627791115	10.7925770217
4253.00000000	0.00966224844061	0.00184190647184	0.00983624239124	10.7927562448
4253.00000000	0.00966223585553	0.00184190522686	0.00983622979564	10.7927628485
4253.00000000	0.00966225074195	0.00184187374407	0.00983623852341	10.7925664686
4253.00000000	0.00966226792641	0.00184182722211	0.00983624669261	10.7922815293
4253.00000000	0.00966226132511	0.00184179050218	0.00983623333236	10.7920786202
4253.00000000	0.00966222734117	0.00184176902742	0.00983619592845	10.7919928087
4253.00000000	0.00966219083295	0.00184175866502	0.00983615812564	10.7919733346
4253.00000000	0.00966217547805	0.00184176761995	0.00983614471907	10.7920413223
4253.00000000	0.00966217785848	0.00184180130073	0.00983615336401	10.7922314472
4253.00000000	0.00966216789633	0.00184183973533	0.00983615077495	10.7924622356
4253.00000000	0.00966211934202	0.00184185807067	0.00983610651284	10.7926201113
4253.00000000	0.00966203834592	0.00184184788972	0.00983602504302	10.7926502040
4253.00000000	0.00966194558249	0.00184181621464	0.00983592798914	10.7925701411
4253.00000000	0.00966185362171	0.00184176974328	0.00983582895309	10.7924045343
4253.00000000	0.00966178605390	0.00184171761277	0.00983575281901	10.7921799340
4253.00000000	0.00966178004039	0.00184167862495	0.00983573961156	10.7919633961
4253.00000000	0.00966184888393	0.00184165953106	0.00983580366235	10.7917790469
4253.00000000	0.00966196076710	0.00184165231956	0.00983591221652	10.7916157501
4253.00000000	0.00966207192221	0.00184166121293	0.00983602307099	10.7915454043
4253.00000000	0.00966216011590	0.00184169198840	0.00983611546727	10.7916253131
4253.00000000	0.00966221851791	0.00184172563220	0.00983617913584	10.7917541257
4253.00000000	0.00966225349227	0.00184174322445	0.00983621678562	10.7918166424
4253.00000000	0.00966228160335	0.00184175238350	0.00983624611448	10.7918383900
4253.00000000	0.00966230595532	0.00184176440161	0.00983627228604	10.7918805968
4253.00000000	0.00966232014445	0.00184177262905	0.00983628776475	10.7919121978
4253.00000000	0.00966232686370	0.00184177370664	0.00983629456694	10.7919110351
4253.00000000	0.00966232148510	0.00184177561625	0.00983628964102	10.7919278281
4253.00000000	0.00966228332474	0.00184178739769	0.00983625436159	10.7920368616
4253.00000000	0.00966220695140	0.00184180988499	0.00983618354974	10.7922488338
4253.00000000	0.00966211558220	0.00184183342178	0.00983609820393	10.7924831711
4253.00000000	0.00966204694490	0.00184185751101	0.00983603529153	10.7926958780
4253.00000000	0.00966201815800	0.00184187854094	0.00983601095186	10.7928476129
4253.00000000	0.00966201644283	0.00184188459433	0.00983601040059	10.7928841217
4253.00000000	0.00966203278708	0.00184187389542	0.00983602445225	10.7928050736
4253.00000000	0.00966205679297	0.00184184460128	0.00983604254799	10.7926112658
4253.00000000	0.00966207144320	0.00184178780908	0.00983604630465	10.7922703182
4253.00000000	0.00966207833685	0.00184170760829	0.00983603805919	10.7918038856
4253.00000000	0.00966210676043	0.00184162651271	0.00983605079604	10.7913088506
4253.00000000	0.00966217602655	0.00184156681124	0.00983610765945	10.7908916926
4253.00000000	0.00966227163354	0.00184153892760	0.00983619635541	10.7906278751
4253.00000000	0.00966236898350	0.00184154504227	0.00983629312882	10.7905566981
4253.00000000	0.00966246171672	0.00184158492357	0.00983639168892	10.7906837658
4253.00000000	0.00966254057871	0.00184164759825	0.00983648089061	10.7909563780
4253.00000000	0.00966258070475	0.00184171346423	0.00983653263910	10.7912894899
4253.00000000	0.00966256674175	0.00184176867372	0.00983652926018	10.7916206148
4253.00000000	0.00966250817460	0.00184180661734	0.00983647883339	10.7919015960
4253.00000000	0.00966243389896	0.00184182054064	0.00983640847849	10.7920622727
4253.00000000	0.00966237561293	0.00184180103769	0.00983634757152	10.7920142508
4253.00000000	0.00966235668351	0.00184175451691	0.00983632026623	10.7917687098
4253.00000000	0.00966238520950	0.00184170453636	0.00983633892950	10.7914516144
4253.00000000	0.00966244527698	0.00184167242360	0.00983639192217	10.7912023588
4253.00000000	0.00966250500077	0.00184167425039	0.00983645093184	10.7911476773
4253.00000000	0.00966254500019	0.00184171692119	0.00983649821321	10.7913482090
4253.00000000	0.00966255754223	0.00184178279107	0.00983652286666	10.7917114245
4253.00000000	0.00966253769769	0.00184183985475	0.00983651405783	10.7920595740
4253.00000000	0.00966249362666	0.00184186884980	0.00983647619552	10.7922735450
4253.00000000	0.00966244312674	0.00184187163528	0.00983642711041	10.7923445632
4253.00000000	0.00966239319028	0.00184185505073	0.00983637495175	10.7923041349
4253.00000000	0.00966234359787	0.00184182517067	0.00983632064151	10.7921872556
4253.00000000	0.00966230017107	0.00184179992301	0.00983627325526	10.7920901563
4253.00000000	0.00966227056900	0.00184179521416	0.00983624329505	10.7920954995
4253.00000000	0.00966226696493	0.00184180568349	0.00983624171507	10.7921593354
4253.00000000	0.00966229897034	0.00184182332006	0.00983627645680	10.7922253420
4253.00000000	0.00966236164635	0.00184185234296	0.00983634345873	10.7923230467
4253.00000000	0.00966243030962	0.00184189305605	0.00983641853106	10.7924811089
4253.00000000	0.00966247202453	0.00184192488112	0.00983646546746	10.7926177067
4253.00000000	0.00966247401078	0.00184192607733	0.00983646764257	10.7926223847
4253.00000000	0.00966244749182	0.00184189326099	0.00983643544772	10.7924635406
4253.00000000	0.00966240214368	0.00184183074191	0.00983637919501	10.7921552778
4253.00000000	0.00966233937286	0.00184174466416	0.00983630141690	10.7917312132
4253.00000000	0.00966226706969	0.00184166027704	0.00983621459211	10.7913272119
4253.00000000	0.00966220776853	0.00184160912144	0.00983614676173	10.7910991749
4253.00000000	0.00966217944673	0.00184159930188	0.00983611710227	10.7910738752
4253.00000000	0.00966218482535	0.00184162015034	0.00983612628922	10.7911873047
4253.00000000	0.00966222137916	0.00184166370525	0.00983617035147	10.7913966596
4253.00000000	0.00966227794210	0.00184171792908	0.00983623606674	10.7916452368
4253.00000000	0.00966233565181	0.00184175780330	0.00983630022184	10.7918104527
4253.00000000	0.00966237331525	0.00184177059187	0.00983633961371	10.7918425494
4253.00000000	0.00966236634671	0.00184176193854	0.00983633114816	10.7918006363
5260.00000000	0.00440600206708	0.00516814416869	0.00679135983169	49.5513862036
5260.00000000	0.00440603311195	0.00516821442995	0.00679143344056	49.5515714546
5260.00000000	0.00440604752540	0.00516825399588	0.00679147290078	49.5516954737
5260.00000000	0.00440604554919	0.00516826363963	0.00679147895751	49.5517609435
5260.00000000	0.00440604282380	0.00516825902762	0.00679147367968	49.5517531981
5260.00000000	0.00440605159502	0.00516825673272	0.00679147762370	49.5516843259
5260.00000000	0.00440607404163	0.00516826424040	0.00679149789951	49.5515813092
5260.00000000	0.00440610278809	0.00516827553187	0.00679152514186	49.5514585577
5260.00000000	0.00440612305921	0.00516827798855	0.00679154016257	49.5513418637
5260.00000000	0.00440611939382	0.00516826160574	0.00679152531748	49.5512757285
5260.00000000	0.00440609380603	0.00516822906709	0.00679148395547	49.5512619093
5260.00000000	0.00440606365465	0.00516819419508	0.00679143785711	49.5512646172
5260.00000000	0.00440604207699	0.00516816766619	0.00679140367008	49.5512579459
5260.00000000	0.00440602846179	0.00516815302026	0.00679138369163	49.5512651944
5260.00000000	0.00440601654500	0.00516814884102	0.00679137278006	49.5513188269
5260.00000000	0.00440600837403	0.00516814737167	0.00679136636085	49.5513632433
5260.00000000	0.00440601048040	0.00516814006835	0.00679136216965	49.5513097464
5260.00000000	0.00440601523653	0.00516812676299	0.00679135513008	49.5512063863
5260.00000000	0.00440600699034	0.00516811237002	0.00679133882736	49.5511805495
5260.00000000	0.00440597553761	0.00516809729866	0.00679130695275	49.5512999892
5260.00000000	0.00440592275809	0.00516807886692	0.00679125868488	49.5515379599
5260.00000000	0.00440586755569	0.00516805876858	0.00679120757699	49.5517823677
5260.00000000	0.00440583487536	0.00516804081962	0.00679117271626	49.5518939436
5260.00000000	0.00440583317700	0.00516802550410	0.00679115995943	49.5518210188
5260.00000000	0.00440584703402	0.00516800746564	0.00679115522220	49.5516333186
5260.00000000	0.00440586007428	0.00516798547250	0.00679114694571	49.5514292161
5260.00000000	0.00440587243597	0.00516797693294	0.00679114846704	49.5513031084
5260.00000000	0.00440589027077	0.00516799588962	0.00679117446346	49.5512923635
5260.00000000	0.00440590770125	0.00516802442430	0.00679120748630	49.5513366394
5260.00000000	0.00440591456365	0.00516803184684	0.00679121758686	49.5513332082
5260.00000000	0.00440590927243	0.00516800828208	0.00679119622162	49.5512381977
5260.00000000	0.00440589155703	0.00516796437848	0.00679115131841	49.5511116279
5260.00000000	0.00440586607100	0.00516791736601	0.00679109900808	49.5510179297
5260.00000000	0.00440583827257	0.00516788197625	0.00679105404223	49.5510026953
5260.00000000	0.00440581231267	0.00516786458495	0.00679102396571	49.5510741741
5260.00000000	0.00440579806875	0.00516786760208	0.00679101702069	49.5511821409
5260.00000000	0.00440580593981	0.00516788824322	0.00679103783480	49.5512445877
5260.00000000	0.00440583680806	0.00516791595323	0.00679107894807	49.5511980752
5260.00000000	0.00440587414808	0.00516793830847	0.00679112018513	49.5510807027
5260.00000000	0.00440590188299	0.00516795303824	0.00679114938784	49.5509832606
5260.00000000	0.00440591830536	0.00516796699561	0.00679117066353	49.5509542210
5260.00000000	0.00440593109580	0.00516798510109	0.00679119273958	49.5509712043
5260.00000000	0.00440594577864	0.00516799951268	0.00679121323236	49.5509558193
5260.00000000	0.00440596451320	0.00516800583666	0.00679123019926	49.5508701538
5260.00000000	0.00440599176960	0.00516801945017	0.00679125824212	49.5507696765
5260.00000000	0.00440602819187	0.00516805230688	0.00679130687528	49.5507156813
5260.00000000	0.00440606218990	0.00516809129265	0.00679135859975	49.5507107977
5260.00000000	0.00440607876107	0.00516812052427	0.00679139159540	49.5507644069
5260.00000000	0.00440607211487	0.00516813590694	0.00679139898947	49.5508912711
5260.00000000	0.00440604929796	0.00516813777085	0.00679138560491	49.5510479589
5260.00000000	0.00440602385670	0.00516812476109	0.00679135919916	49.5511400867
5260.00000000	0.00440600338849	0.00516809362225	0.00679132222382	49.5511010597
5260.00000000	0.00440598472571	0.00516804456275	0.00679127278246	49.5509523530
5260.00000000	0.00440596521442	0.00516798658172	0.00679121600153	49.5507602593
5260.00000000	0.00440594847829	0.00516793763118	0.00679116789316	49.5505997747
5260.00000000	0.00440594042647	0.00516791311347	0.00679114401186	49.5505172688
5260.00000000	0.00440594433630	0.00516791652897	0.00679114914761	49.5505108619
5260.00000000	0.00440595659720	0.00516793847136	0.00679117379988	49.5505522482
5260.00000000	0.00440597182174	0.00516796937067	0.00679120719093	49.5506236334
5260.00000000	0.00440599187313	0.00516799744231	0.00679124156173	49.5506485513
5260.00000000	0.00440601847909	0.00516801211902	0.00679126999172	49.5505580704
5260.00000000	0.00440604634670	0.00516801580896	0.00679129087957	49.5503993540
5260.00000000	0.00440606875741	0.00516802417032	0.00679131178197	49.5503012414
5260.00000000	0.00440608645603	0.00516804925670	0.00679134235462	49.5503249256
5260.00000000	0.00440609105995	0.00516808239236	0.00679137055702	49.5504767354
5260.00000000	0.00440606900970	0.00516810146665	0.00679137076648	49.5507227009
5260.00000000	0.00440603043519	0.00516809884865	0.00679134374813	49.5509560228
5260.00000000	0.00440600461938	0.00516809049970	0.00679132064617	49.5510760662
5260.00000000	0.00440601016587	0.00516809344610	0.00679132648673	49.5510565839
5260.00000000	0.00440604313717	0.00516810988988	0.00679136039100	49.5509349082
5260.00000000	0.00440608687451	0.00516813713121	0.00679140949676	49.5508032146
5260.00000000	0.00440612678363	0.00516816888105	0.00679145954979	49.5507207766
5260.00000000	0.00440615178428	0.00516818961486	0.00679149154761	49.5506737568
5260.00000000	0.00440615665707	0.00516818601531	0.00679149196977	49.5506227723
5260.00000000	0.00440614464963	0.00516816217108	0.00679146603467	49.5505693515
5260.00000000	0.00440612176565	0.00516813532014	0.00679143075508	49.5505693006
5260.00000000	0.00440609281825	0.00516811865675	0.00679139929420	49.5506639376
5260.00000000	0.00440606364773	0.00516811587969	0.00679137825583	49.5508360136
5260.00000000	0.00440603904927	0.00516812014672	0.00679136554418	49.5510172927
5260.00000000	0.00440602048766	0.00516812225495	0.00679135510630	49.5511479992
5260.00000000	0.00440600215218	0.00516812429043	0.00679134475979	49.5512768562
5260.00000000	0.00440597829533	0.00516813200169	0.00679133515045	49.5514722273
5260.00000000	0.00440595765156	0.00516814487598	0.00679133155474	49.5516752294
5260.00000000	0.00440595348546	0.00516816100447	0.00679134112559	49.5517902533
5260.00000000	0.00440596789543	0.00516817920285	0.00679136432305	49.5517973443
5260.00000000	0.00440599153253	0.00516819455295	0.00679139133918	49.5517296063
5260.00000000	0.00440601187184	0.00516820558093	0.00679141292674	49.5516593848
5260.00000000	0.00440602278668	0.00516821155210	0.00679142455189	49.5516219924
5260.00000000	0.00440602535259	0.00516820950202	0.00679142465646	49.5515942984
5260.00000000	0.00440602158943	0.00516820147637	0.00679141610763	49.5515745315
5260.00000000	0.00440601258799	0.00516819169146	0.00679140282160	49.5515787660
5260.00000000	0.00440599957804	0.00516817778123	0.00679138379567	49.5515861564
5260.00000000	0.00440598454432	0.00516815534857	0.00679135697131	49.5515598935
5260.00000000	0.00440596666774	0.00516813228178	0.00679132782004	49.5515484114
5260.00000000	0.00440595217140	0.00516812559604	0.00679131332756	49.5516048871
5260.00000000	0.00440595083540	0.00516813641682	0.00679132069533	49.5516726905
5260.00000000	0.00440595739265	0.00516814364868	0.00679133045281	49.5516701743
5260.00000000	0.00440596361367	0.00516812818264	0.00679132271926	49.5515455830
5260.00000000	0.00440596523323	0.00516809072146	0.00679129526245	49.5513301453
5260.00000000	0.00440595677766	0.00516804915792	0.00679125814745	49.5511569362
5270.00000000	-0.0176298119399	0.00385897856603	0.0180472154254	167.653291865
5270.00000000	-0.0176299425436	0.00385891851548	0.0180473301682	167.653566761
5270.00000000	-0.0176300127920	0.00385883071354	0.0180473800182	167.653886750
5270.00000000	-0.0176300300929	0.00385872779532	0.0180473749137	167.654217676
5270.00000000	-0.0176300276071	0.00385862126309	0.0180473497079	167.654546381
5270.00000000	-0.0176300327238	0.00385851242669	0.0180473314368	167.654887392
5270.00000000	-0.0176300518590	0.00385840434242	0.0180473270215	167.655235587
5270.00000000	-0.0176300653939	0.00385830953187	0.0180473199738	167.655538814
5270.00000000	-0.0176300334641	0.00385822971988	0.0180472717195	167.655764669
5270.00000000	-0.0176299450075	0.00385815795785	0.0180471699664	167.655927193
5270.00000000	-0.0176298452729	0.00385810007796	0.0180470601639	167.656039010
5270.00000000	-0.0176297859067	0.00385807020131	0.0180469957831	167.656091378
5270.00000000	-0.0176297802921	0.00385806630646	0.0180469894656	167.656099647
5270.00000000	-0.0176297953030	0.00385806198554	0.0180470032058	167.656123236
5270.00000000	-0.0176297961913	0.00385804445401	0.0180470003257	167.656178211
5270.00000000	-0.0176297821469	0.00385803387836	0.0180469843451	167.656201478
5270.00000000	-0.0176297653449	0.00385804940299	0.0180469712504	167.656141926
5270.00000000	-0.0176297326062	0.00385807632735	0.0180469450244	167.656036203
5270.00000000	-0.0176296547686	0.00385808255863	0.0180468703184	167.655964047
5270.00000000	-0.0176295312515	0.00385805417842	0.0180467435897	167.655968233
5270.00000000	-0.0176294033022	0.00385800903381	0.0180466089473	167.656021405
5270.00000000	-0.0176293237372	0.00385797428701	0.0180465237935	167.656075169
5270.00000000	-0.0176293094188	0.00385795843263	0.0180465064168	167.656114623
5270.00000000	-0.0176293391840	0.00385795514672	0.0180465347915	167.656145017
5270.00000000	-0.0176293851156	0.00385795983475	0.0180465806634	167.656161652
5270.00000000	-0.0176294268009	0.00385796966573	0.0180466234867	167.656159454
5270.00000000	-0.0176294665204	0.00385798383082	0.0180466653161	167.656142479
5270.00000000	-0.0176295200950	0.00385800247114	0.0180467216371	167.656121029
5270.00000000	-0.0176295730656	0.00385801644033	0.0180467763695	167.656113656
5270.00000000	-0.0176295714004	0.00385800576802	0.0180467724612	167.656145626
5270.00000000	-0.0176294810659	0.00385795842958	0.0180466740952	167.656231133
5270.00000000	-0.0176293327977	0.00385789505734	0.0180465157071	167.656327049
5270.00000000	-0.0176291827119	0.00385784792765	0.0180463590157	167.656371357
5270.00000000	-0.0176290605910	0.00385782978964	0.0180462358404	167.656344727
5270.00000000	-0.0176289773487	0.00385783713492	0.0180461560927	167.656265447
5270.00000000	-0.0176289497069	0.00385786187021	0.0180461343777	167.656169967
5270.00000000	-0.0176289977728	0.00385789830700	0.0180461891218	167.656089580
5270.00000000	-0.0176291048308	0.00385793314348	0.0180463011522	167.656054198
5270.00000000	-0.0176292152924	0.00385794094093	0.0180464107271	167.656104988
5270.00000000	-0.0176293027638	0.00385790885127	0.0180464893163	167.656263883
5270.00000000	-0.0176293871536	0.00385785157997	0.0180465595121	167.656498786
5270.00000000	-0.0176294910621	0.00385779041094	0.0180466479426	167.656759023
5270.00000000	-0.0176296028324	0.00385773455502	0.0180467451892	167.657008115
5270.00000000	-0.0176296848793	0.00385768074718	0.0180468138377	167.657230680
5270.00000000	-0.0176297282877	0.00385762207047	0.0180468437001	167.657442122
5270.00000000	-0.0176297640271	0.00385756021021	0.0180468653906	167.657658233
5270.00000000	-0.0176298162775	0.00385749233423	0.0180469019249	167.657904205
5270.00000000	-0.0176298715408	0.00385740749144	0.0180469377763	167.658204843
5270.00000000	-0.0176298966820	0.00385730565656	0.0180469405703	167.658537740
5270.00000000	-0.0176298867841	0.00385720284557	0.0180469089268	167.658849887
5270.00000000	-0.0176298672831	0.00385710214406	0.0180468683535	167.659148977
5270.00000000	-0.0176298418281	0.00385698469692	0.0180468183854	167.659495965
5270.00000000	-0.0176297941082	0.00385683864041	0.0180467405532	167.659916579
5270.00000000	-0.0176297317189	0.00385667182306	0.0180466439547	167.660391635
5270.00000000	-0.0176296869962	0.00385650541612	0.0180465647038	167.660877408
5270.00000000	-0.0176296730031	0.00385635082189	0.0180465179982	167.661347397
5270.00000000	-0.0176296786575	0.00385620025977	0.0180464913490	167.661818211
5270.00000000	-0.0176297027376	0.00385605561951	0.0180464839666	167.662283159
5270.00000000	-0.0176297644443	0.00385593742090	0.0180465189927	167.662691622
5270.00000000	-0.0176298746297	0.00385585657637	0.0180466093601	167.663017112
5270.00000000	-0.0176300054185	0.00385579330044	0.0180467236094	167.663302085
5270.00000000	-0.0176301131878	0.00385571432603	0.0180468120171	167.663620129
5270.00000000	-0.0176301975108	0.00385561715842	0.0180468736334	167.663978693
5270.00000000	-0.0176302890518	0.00385552149076	0.0180469426224	167.664337499
5270.00000000	-0.0176303833258	0.00385543388660	0.0180470160045	167.664673146
5270.00000000	-0.0176304550707	0.00385534614273	0.0180470673484	167.664993945
5270.00000000	-0.0176305110859	0.00385525052065	0.0180471016434	167.665328507
5270.00000000	-0.0176305903347	0.00385515018919	0.0180471576302	167.665693432
5270.00000000	-0.0176307146490	0.00385506220167	0.0180472602800	167.666050631
5270.00000000	-0.0176308591702	0.00385499604061	0.0180473873332	167.666353835
5270.00000000	-0.0176309872747	0.00385494159186	0.0180475008507	167.666609577
5270.00000000	-0.0176310755683	0.00385487951616	0.0180475738475	167.666861974
5270.00000000	-0.0176311098180	0.00385478818355	0.0180475877988	167.667168461
5270.00000000	-0.0176311090222	0.00385466856352	0.0180475614721	167.667538917
5270.00000000	-0.0176311013180	0.00385454008899	0.0180475265060	167.667932152
5270.00000000	-0.0176311035279	0.00385441642899	0.0180475022543	167.668317178
5270.00000000	-0.0176311306204	0.00385431237096	0.0180475064983	167.668658280
5270.00000000	-0.0176311753416	0.00385423969709	0.0180475346674	167.668913997
5270.00000000	-0.0176311924543	0.00385418117412	0.0180475388872	167.669107107
5270.00000000	-0.0176311600711	0.00385411832583	0.0180474938294	167.669280075
5270.00000000	-0.0176311010081	0.00385405306716	0.0180474221927	167.669442431
5270.00000000	-0.0176310423025	0.00385399042258	0.0180473514636	167.669596923
5270.00000000	-0.0176309978051	0.00385393279238	0.0180472956859	167.669745497
5270.00000000	-0.0176309769625	0.00385388103830	0.0180472642721	167.669891883
5270.00000000	-0.0176309776508	0.00385383637782	0.0180472554077	167.670030866
5270.00000000	-0.0176309923839	0.00385379807877	0.0180472616225	167.670159640
5270.00000000	-0.0176310255643	0.00385376257164	0.0180472864555	167.670292260
5270.00000000	-0.0176310735416	0.00385372927659	0.0180473262165	167.670428051
5270.00000000	-0.0176311083718	0.00385370610566	0.0180473552957	167.670523528
5270.00000000	-0.0176311049797	0.00385369477532	0.0180473495624	167.670556370
5270.00000000	-0.0176310603532	0.00385368871045	0.0180473046701	167.670544927
5270.00000000	-0.0176309807963	0.00385368899046	0.0180472270079	167.670490126
5270.00000000	-0.0176308761271	0.00385370481416	0.0180471281318	167.670370090
5270.00000000	-0.0176307639209	0.00385375059223	0.0180470282890	167.670152037
5270.00000000	-0.0176306682856	0.00385384097095	0.0180469541592	167.669806884
5270.00000000	-0.0176306056383	0.00385397408536	0.0180469213836	167.669351545
5270.00000000	-0.0176305724008	0.00385412247049	0.0180469206015	167.668868781
5270.00000000	-0.0176305593931	0.00385426189882	0.0180469376709	167.668427514
5270.00000000	-0.0176305452613	0.00385438839156	0.0180469508805	167.668025606
5270.00000000	-0.0176305050214	0.00385450571364	0.0180469366267	167.667634439
5274.00000000	-0.0144391964979	0.00332563265396	0.0148172274078	167.029834847
5274.00000000	-0.0144393113032	0.00332561097366	0.0148173344181	167.030016179
5274.00000000	-0.0144393902375	0.00332557189408	0.0148174025677	167.030231940
5274.00000000	-0.0144394388588	0.00332550135658	0.0148174341176	167.030539931
5274.00000000	-0.0144394817005	0.00332540816003	0.0148174549505	167.030928287
5274.00000000	-0.0144395252136	0.00332529985333	0.0148174730474	167.031374162
5274.00000000	-0.0144395655349	0.00332516784998	0.0148174827170	167.031906559
5274.00000000	-0.0144396023177	0.00332501478803	0.0148174842141	167.032515237
5274.00000000	-0.0144396158341	0.00332485502560	0.0148174615363	167.033128975
5274.00000000	-0.0144395880086	0.00332469813387	0.0148173992164	167.033696030
5274.00000000	-0.0144395376254	0.00332455911725	0.0148173189261	167.034176161
5274.00000000	-0.0144394941164	0.00332445374633	0.0148172528847	167.034535475
5274.00000000	-0.0144394631123	0.00332438631812	0.0148172075427	167.034762664
5274.00000000	-0.0144394336450	0.00332433736633	0.0148171678439	167.034921562
5274.00000000	-0.0144394073918	0.00332428737364	0.0148171310438	167.035087173
5274.00000000	-0.0144394002190	0.00332423345664	0.0148171119574	167.035284125
5274.00000000	-0.0144394122937	0.00332417629993	0.0148171109013	167.035509983
5274.00000000	-0.0144394076636	0.00332410164512	0.0148170896408	167.035787289
5274.00000000	-0.0144393464034	0.00332399695866	0.0148170064567	167.036128638
5274.00000000	-0.0144392404333	0.00332388037815	0.0148168770346	167.036476027
5274.00000000	-0.0144391386566	0.00332378257717	0.0148167559124	167.036756292
5274.00000000	-0.0144390860529	0.00332371951706	0.0148166905033	167.036948297
5274.00000000	-0.0144390990631	0.00332369345375	0.0148166973354	167.037057800
5274.00000000	-0.0144391619646	0.00332370151832	0.0148167604429	167.037081973
5274.00000000	-0.0144392341593	0.00332372272797	0.0148168355555	167.037064671
5274.00000000	-0.0144392815934	0.00332373216243	0.0148168838972	167.037070264
5274.00000000	-0.0144393157683	0.00332372724333	0.0148169160976	167.037118445
5274.00000000	-0.0144393617877	0.00332371956921	0.0148169592228	167.037187282
5274.00000000	-0.0144394102368	0.00332371071627	0.0148170044513	167.037262669
5274.00000000	-0.0144394276441	0.00332369610812	0.0148170181382	167.037332817
5274.00000000	-0.0144393915846	0.00332366779807	0.0148169766472	167.037408221
5274.00000000	-0.0144393111331	0.00332361794786	0.0148168870638	167.037526291
5274.00000000	-0.0144392222022	0.00332355766812	0.0148167868777	167.037676311
5274.00000000	-0.0144391508913	0.00332350785924	0.0148167062113	167.037802157
5274.00000000	-0.0144390976685	0.00332348850695	0.0148166500038	167.037828920
5274.00000000	-0.0144390662174	0.00332350190877	0.0148166223604	167.037751135
5274.00000000	-0.0144390723026	0.00332352799593	0.0148166341421	167.037658105
5274.00000000	-0.0144391158449	0.00332354613762	0.0148166806442	167.037627508
5274.00000000	-0.0144391750058	0.00332353900038	0.0148167366966	167.037705721
5274.00000000	-0.0144392283041	0.00332349213804	0.0148167781251	167.037928548
5274.00000000	-0.0144392791954	0.00332341532919	0.0148168104912	167.038262137
5274.00000000	-0.0144393433308	0.00332334948884	0.0148168582246	167.038565878
5274.00000000	-0.0144394161110	0.00332331721493	0.0148169219117	167.038750623
5274.00000000	-0.0144394821725	0.00332330287165	0.0148169830730	167.038861970
5274.00000000	-0.0144395524573	0.00332329672406	0.0148170501883	167.038946095
5274.00000000	-0.0144396485475	0.00332331597290	0.0148171481477	167.038956897
5274.00000000	-0.0144397612865	0.00332336491087	0.0148172689907	167.038870261
5274.00000000	-0.0144398472039	0.00332341025656	0.0148173628897	167.038773900
5274.00000000	-0.0144398656158	0.00332341788878	0.0148173825444	167.038761108
5274.00000000	-0.0144398129429	0.00332338847880	0.0148173246170	167.038826251
5274.00000000	-0.0144397257013	0.00332333605932	0.0148172278410	167.038948120
5274.00000000	-0.0144396417086	0.00332325875874	0.0148171286507	167.039166569
5274.00000000	-0.0144395770815	0.00332316448889	0.0148170445269	167.039465762
5274.00000000	-0.0144395285604	0.00332307905961	0.0148169780821	167.039745612
5274.00000000	-0.0144394885367	0.00332301796328	0.0148169253756	167.039941137
5274.00000000	-0.0144394543436	0.00332298417243	0.0148168844752	167.040038822
5274.00000000	-0.0144394234008	0.00332298298150	0.0148168540535	167.040016475
5274.00000000	-0.0144393909202	0.00332300919182	0.0148168282785	167.039889535
5274.00000000	-0.0144393666762	0.00332304384239	0.0148168124233	167.039737930
5274.00000000	-0.0144393627283	0.00332307175185	0.0148168148354	167.039629332
5274.00000000	-0.0144393845583	0.00332308454068	0.0148168389776	167.039600070
5274.00000000	-0.0144394269875	0.00332307133932	0.0148168773652	167.039686616
5274.00000000	-0.0144394884152	0.00332303025730	0.0148169280144	167.039894703
5274.00000000	-0.0144395626087	0.00332297624975	0.0148169882057	167.040162568
5274.00000000	-0.0144396147465	0.00332291850426	0.0148170260651	167.040425391
5274.00000000	-0.0144396225459	0.00332285517167	0.0148170194628	167.040670817
5274.00000000	-0.0144396167126	0.00332279582742	0.0148170004696	167.040889391
5274.00000000	-0.0144396548555	0.00332276429081	0.0148170305688	167.041041310
5274.00000000	-0.0144397650261	0.00332277644341	0.0148171406588	167.041091049
5274.00000000	-0.0144399288484	0.00332281274273	0.0148173084489	167.041096319
5274.00000000	-0.0144401055368	0.00332284212448	0.0148174872262	167.041138812
5274.00000000	-0.0144402587150	0.00332284861142	0.0148176379579	167.041247191
5274.00000000	-0.0144403631521	0.00332281600896	0.0148177324241	167.041460603
5274.00000000	-0.0144404188431	0.00332272955460	0.0148177673102	167.041834671
5274.00000000	-0.0144404398086	0.00332259763749	0.0148177581613	167.042349943
5274.00000000	-0.0144404383222	0.00332245081548	0.0148177237915	167.042901915
5274.00000000	-0.0144404360920	0.00332232024395	0.0148176923416	167.043392009
5274.00000000	-0.0144404445572	0.00332221382611	0.0148176767314	167.043800360
5274.00000000	-0.0144404478574	0.00332211689117	0.0148176582144	167.044168499
5274.00000000	-0.0144404409587	0.00332201805168	0.0148176293319	167.044534975
5274.00000000	-0.0144404303584	0.00332191371302	0.0148175956097	167.044918966
5274.00000000	-0.0144404267793	0.00332180009384	0.0148175666502	167.045344017
5274.00000000	-0.0144404463673	0.00332167959989	0.0148175587278	167.045815058
5274.00000000	-0.0144404982327	0.00332155663204	0.0148175817079	167.046323400
5274.00000000	-0.0144405714066	0.00332142216225	0.0148176228771	167.046893552
5274.00000000	-0.0144406403657	0.00332126633236	0.0148176551526	167.047540540
5274.00000000	-0.0144406865750	0.00332110290537	0.0148176635563	167.048196438
5274.00000000	-0.0144407140487	0.00332095655773	0.0148176575306	167.048771737
5274.00000000	-0.0144407283749	0.00332083923867	0.0148176451991	167.049226253
5274.00000000	-0.0144407222560	0.00332075107210	0.0148176194768	167.049553195
5274.00000000	-0.0144406896455	0.00332068635610	0.0148175731924	167.049768811
5274.00000000	-0.0144406400481	0.00332062849269	0.0148175118892	167.049943885
5274.00000000	-0.0144405889119	0.00332056765983	0.0148174484209	167.050128817
5274.00000000	-0.0144405441463	0.00332050344291	0.0148173904030	167.050332024
5274.00000000	-0.0144405103271	0.00332043470466	0.0148173420401	167.050561756
5274.00000000	-0.0144404914121	0.00332035550727	0.0148173058589	167.050843819
5274.00000000	-0.0144404839560	0.00332025872443	0.0148172769050	167.051202083
5274.00000000	-0.0144404844427	0.00332016265792	0.0148172558530	167.051564531
5274.00000000	-0.0144404748027	0.00332008927005	0.0148172300140	167.051832742
5274.00000000	-0.0144404307078	0.00332004328113	0.0148171767357	167.051967846
