DevNumber	X [V]	Y [V]	R [V]	Theta [°]
4253.00000000	0.00540556700596	0.00144293061936	0.00559483721195	14.9457262535
4253.00000000	0.00540557693538	0.00144297612054	0.00559485854055	14.9461502332
4253.00000000	0.00540558165031	0.00144303118115	0.00559487729695	14.9466825662
4253.00000000	0.00540558025189	0.00144307566064	0.00559488741817	14.9471263513
4253.00000000	0.00540556838527	0.00144309227643	0.00559488023877	14.9473220962
4253.00000000	0.00540554085318	0.00144307871454	0.00559485014024	14.9472606347
4253.00000000	0.00540550568232	0.00144304509349	0.00559480748761	14.9470208769
4253.00000000	0.00540548110510	0.00144300484469	0.00559477336086	14.9466875559
4253.00000000	0.00540547021863	0.00144297348111	0.00559475475348	14.9464059843
4253.00000000	0.00540546368954	0.00144296257270	0.00559474563186	14.9463152961
4253.00000000	0.00540546144004	0.00144297035865	0.00559474546657	14.9463982760
4253.00000000	0.00540546824387	0.00144298613506	0.00559475610921	14.9465364047
4253.00000000	0.00540548451418	0.00144300345818	0.00559477629699	14.9466648326
4253.00000000	0.00540550800957	0.00144302216193	0.00559480382153	14.9467878360
4253.00000000	0.00540553297492	0.00144304053047	0.00559483267985	14.9469036388
4253.00000000	0.00540555969255	0.00144305341509	0.00559486181675	14.9469605527
4253.00000000	0.00540559673089	0.00144305350791	0.00559489762584	14.9468636403
4253.00000000	0.00540564791283	0.00144304064015	0.00559494375724	14.9466011381
4253.00000000	0.00540569361112	0.00144301838526	0.00559498216955	14.9462602464
4253.00000000	0.00540570140307	0.00144299020980	0.00559498243113	14.9459608955
4253.00000000	0.00540566466949	0.00144296324305	0.00559493998536	14.9457910997
4253.00000000	0.00540561425748	0.00144294773359	0.00559488727881	14.9457707896
4253.00000000	0.00540558156478	0.00144294921272	0.00559485607357	14.9458717710
4253.00000000	0.00540557485222	0.00144296552245	0.00559485379451	14.9460508742
4253.00000000	0.00540558532897	0.00144298545263	0.00559486905703	14.9462203986
4253.00000000	0.00540560097353	0.00144299697020	0.00559488714283	14.9462930360
4253.00000000	0.00540561478427	0.00144299881405	0.00559490096188	14.9462748024
4253.00000000	0.00540562653827	0.00144299249449	0.00559491068833	14.9461812304
4253.00000000	0.00540563616180	0.00144297921484	0.00559491656133	14.9460244209
4253.00000000	0.00540563345190	0.00144296447137	0.00559491014065	14.9458857027
4253.00000000	0.00540560526505	0.00144295103292	0.00559487944150	14.9458271845
4253.00000000	0.00540555761360	0.00144293906422	0.00559483031530	14.9458346170
4253.00000000	0.00540551330278	0.00144293210641	0.00559478570906	14.9458828066
4253.00000000	0.00540549031402	0.00144293369816	0.00559476390853	14.9459592744
4253.00000000	0.00540549717566	0.00144294738451	0.00559477406787	14.9460765707
4253.00000000	0.00540553362093	0.00144297005704	0.00559481512764	14.9462046420
4253.00000000	0.00540557814890	0.00144299137951	0.00559486364849	14.9462980052
4253.00000000	0.00540560040386	0.00144300668880	0.00559488909900	14.9463906991
4253.00000000	0.00540559435914	0.00144301967236	0.00559488660746	14.9465351275
4253.00000000	0.00540557424101	0.00144303235865	0.00559487044204	14.9467137869
4253.00000000	0.00540555313871	0.00144304247472	0.00559485266287	14.9468696163
4253.00000000	0.00540554654686	0.00144304942346	0.00559484808630	14.9469557807
4253.00000000	0.00540556745296	0.00144305450443	0.00559486959556	14.9469508329
4253.00000000	0.00540560821957	0.00144305429225	0.00559490892811	14.9468410556
4253.00000000	0.00540564827576	0.00144304671189	0.00559494567391	14.9466602543
4253.00000000	0.00540567459434	0.00144303558754	0.00559496823287	14.9464806747
4253.00000000	0.00540568868342	0.00144302553467	0.00559497925249	14.9463439984
4253.00000000	0.00540569783125	0.00144301835424	0.00559498623890	14.9462487934
4253.00000000	0.00540570158851	0.00144300937924	0.00559498755429	14.9461500703
4253.00000000	0.00540569120595	0.00144298851330	0.00559497214145	14.9459710419
4253.00000000	0.00540567169753	0.00144295821158	0.00559494547800	14.9457227555
4253.00000000	0.00540565922045	0.00144293346263	0.00559492704020	14.9455108371
4253.00000000	0.00540565485835	0.00144292399310	0.00559492038348	14.9454286637
4253.00000000	0.00540565357154	0.00144293437604	0.00559492181796	14.9455347938
4253.00000000	0.00540566120839	0.00144295983190	0.00559493576160	14.9457664903
4253.00000000	0.00540568368447	0.00144298603160	0.00559496423437	14.9459663528
4253.00000000	0.00540571157321	0.00144299933849	0.00559499461158	14.9460243550
4253.00000000	0.00540572726637	0.00144299734303	0.00559500925918	14.9459631643
4253.00000000	0.00540572458977	0.00144298920101	0.00559500457325	14.9458896757
4253.00000000	0.00540570984109	0.00144298416946	0.00559498902585	14.9458788459
4253.00000000	0.00540569971521	0.00144298648309	0.00559497983923	14.9459284807
4253.00000000	0.00540570883001	0.00144299758564	0.00559499150911	14.9460142573
4253.00000000	0.00540573600417	0.00144302058344	0.00559502369530	14.9461700286
4253.00000000	0.00540575758240	0.00144305134740	0.00559505247794	14.9464174161
4253.00000000	0.00540574909718	0.00144307587807	0.00559505060670	14.9466825329
4253.00000000	0.00540571408916	0.00144308780215	0.00559501985863	14.9468929742
4253.00000000	0.00540567546257	0.00144309366548	0.00559498405127	14.9470530102
4253.00000000	0.00540565165770	0.00144309901366	0.00559496243129	14.9471688019
4253.00000000	0.00540565032840	0.00144310841007	0.00559496357058	14.9472652821
4253.00000000	0.00540567110592	0.00144312125528	0.00559498695824	14.9473374926
4253.00000000	0.00540570784527	0.00144313531201	0.00559502608012	14.9473795286
4253.00000000	0.00540574716840	0.00144314915338	0.00559506764280	14.9474126085
4253.00000000	0.00540577455850	0.00144315565499	0.00559509578308	14.9474045884
4253.00000000	0.00540577814429	0.00144314674661	0.00559509694979	14.9473069791
4253.00000000	0.00540575455421	0.00144312443430	0.00559506840290	14.9471485320
4253.00000000	0.00540571022009	0.00144309532128	0.00559501805984	14.9469775878
4253.00000000	0.00540566303306	0.00144306424910	0.00559496445512	14.9467947918
4253.00000000	0.00540562173630	0.00144303471092	0.00559491693709	14.9466116122
4253.00000000	0.00540558338226	0.00144300921032	0.00559487330363	14.9464606061
4253.00000000	0.00540554887927	0.00144298573897	0.00559483391434	14.9463195040
4253.00000000	0.00540552380095	0.00144295969918	0.00559480296848	14.9461280940
4253.00000000	0.00540551052302	0.00144293711577	0.00559478431528	14.9459397135
4253.00000000	0.00540551067198	0.00144293288656	0.00559478336846	14.9458974743
4253.00000000	0.00540552454341	0.00144295337978	0.00559480205598	14.9460636061
4253.00000000	0.00540554246458	0.00144298589585	0.00559482775713	14.9463379992
4253.00000000	0.00540555297217	0.00144301422776	0.00559484521649	14.9465905717
4253.00000000	0.00540555646166	0.00144303339378	0.00559485353121	14.9467709897
4253.00000000	0.00540556333311	0.00144304553826	0.00559486330251	14.9468730011
4253.00000000	0.00540558552644	0.00144305620592	0.00559488749637	14.9469199297
4253.00000000	0.00540562769918	0.00144307154227	0.00559493219782	14.9469602787
4253.00000000	0.00540568427397	0.00144309575952	0.00559499310464	14.9470504552
4253.00000000	0.00540574206967	0.00144312448923	0.00559505635496	14.9471820508
4253.00000000	0.00540578362722	0.00144314359731	0.00559510143490	14.9472613383
4253.00000000	0.00540579680452	0.00144315081868	0.00559511602893	14.9472979803
4253.00000000	0.00540578555821	0.00144315402503	0.00559510599018	14.9473594083
4253.00000000	0.00540576641156	0.00144315246929	0.00559508709011	14.9473945883
4253.00000000	0.00540575532859	0.00144314267617	0.00559507385621	14.9473269699
4253.00000000	0.00540575778792	0.00144313049717	0.00559507309099	14.9471999763
4253.00000000	0.00540577294596	0.00144311961015	0.00559508492809	14.9470522247
4253.00000000	0.00540578709967	0.00144310361092	0.00559509447631	14.9468565467
5260.00000000	0.0303891487830	0.0330966197063	0.0449320219859	47.4420073555
5260.00000000	0.0303890155770	0.0330965545339	0.0449318838883	47.4420762659
5260.00000000	0.0303890298126	0.0330966087681	0.0449319334649	47.4421096685
5260.00000000	0.0303889660998	0.0330966380376	0.0449319119336	47.4421947561
5260.00000000	0.0303887641092	0.0330965382777	0.0449317018379	47.4422984461
5260.00000000	0.0303885479709	0.0330962858691	0.0449313697333	47.4422837745
5260.00000000	0.0303883116954	0.0330960251512	0.0449310178886	47.4422808515
5260.00000000	0.0303880624469	0.0330959566569	0.0449307988612	47.4424558990
5260.00000000	0.0303878722791	0.0330961241971	0.0449307936556	47.4427790219
5260.00000000	0.0303877205888	0.0330964315539	0.0449309174643	47.4431865862
5260.00000000	0.0303875651527	0.0330967105151	0.0449310178255	47.4435731775
5260.00000000	0.0303875783947	0.0330968561490	0.0449311340569	47.4436863383
5260.00000000	0.0303879218672	0.0330969216397	0.0449314145941	47.4434201898
5260.00000000	0.0303884264558	0.0330968921468	0.0449317341334	47.4429207915
5260.00000000	0.0303887972423	0.0330966583262	0.0449318126743	47.4423708592
5260.00000000	0.0303889823471	0.0330962205683	0.0449316154172	47.4418194506
5260.00000000	0.0303891988388	0.0330957761560	0.0449314344911	47.4412328169
5260.00000000	0.0303895668556	0.0330955932564	0.0449315486786	47.4407294033
5260.00000000	0.0303898841219	0.0330957476602	0.0449318769931	47.4405645749
5260.00000000	0.0303898954822	0.0330960556834	0.0449321115598	47.4408195632
5260.00000000	0.0303895887145	0.0330962219312	0.0449320265329	47.4412510799
5260.00000000	0.0303892445246	0.0330961603884	0.0449317484106	47.4415212901
5260.00000000	0.0303890646515	0.0330960918114	0.0449315762419	47.4416310966
5260.00000000	0.0303889442760	0.0330961576662	0.0449315433351	47.4418009601
5260.00000000	0.0303887934526	0.0330963320015	0.0449315697418	47.4420929823
5260.00000000	0.0303886668887	0.0330965502817	0.0449316449267	47.4424001172
5260.00000000	0.0303885829488	0.0330967290856	0.0449317198625	47.4426331687
5260.00000000	0.0303885637963	0.0330967768447	0.0449317420885	47.4426923477
5260.00000000	0.0303886528377	0.0330966138046	0.0449316822145	47.4424680998
5260.00000000	0.0303887751319	0.0330962782580	0.0449315177637	47.4420638397
5260.00000000	0.0303887398058	0.0330959418163	0.0449312460510	47.4418068556
5260.00000000	0.0303884927326	0.0330957889970	0.0449309663806	47.4419071296
5260.00000000	0.0303881724575	0.0330958682309	0.0449308081305	47.4422763013
5260.00000000	0.0303879399206	0.0330960162740	0.0449307599071	47.4426224066
5260.00000000	0.0303878605917	0.0330960494634	0.0449307307021	47.4427255457
5260.00000000	0.0303879436593	0.0330960107855	0.0449307583928	47.4426141612
5260.00000000	0.0303881520950	0.0330960679178	0.0449309414476	47.4424676492
5260.00000000	0.0303884182996	0.0330963095675	0.0449312994887	47.4424260132
5260.00000000	0.0303887141290	0.0330966999954	0.0449317871556	47.4424848637
5260.00000000	0.0303890566606	0.0330971447946	0.0449323464586	47.4425467377
5260.00000000	0.0303893423993	0.0330974609829	0.0449327726162	47.4425510380
5260.00000000	0.0303894091808	0.0330975677946	0.0449328964600	47.4425804283
5260.00000000	0.0303892350635	0.0330975583248	0.0449327717241	47.4427358047
5260.00000000	0.0303889638066	0.0330975875873	0.0449326098211	47.4430158266
5260.00000000	0.0303888255165	0.0330978031065	0.0449326750456	47.4433315860
5260.00000000	0.0303889046221	0.0330982041561	0.0449330239633	47.4436031490
5260.00000000	0.0303891303005	0.0330986113625	0.0449334765464	47.4437423449
5260.00000000	0.0303893842391	0.0330988305483	0.0449338097439	47.4436928497
5260.00000000	0.0303895464808	0.0330987774625	0.0449338803669	47.4434946818
5260.00000000	0.0303895187869	0.0330984701303	0.0449336352532	47.4432556550
5260.00000000	0.0303893441931	0.0330979174818	0.0449331100873	47.4429430428
5260.00000000	0.0303892156279	0.0330971887763	0.0449324863698	47.4424353543
5260.00000000	0.0303892898481	0.0330965057865	0.0449320334811	47.4417766071
5260.00000000	0.0303895087385	0.0330960496199	0.0449318455197	47.4411775881
5260.00000000	0.0303897386023	0.0330958502848	0.0449318541615	47.4407897659
5260.00000000	0.0303898657800	0.0330958023937	0.0449319049030	47.4406290085
5260.00000000	0.0303898716659	0.0330958837151	0.0449319687834	47.4406936168
5260.00000000	0.0303898630208	0.0330962202957	0.0449322108546	47.4409920236
5260.00000000	0.0303898629523	0.0330968532297	0.0449326770176	47.4415379587
5260.00000000	0.0303897427139	0.0330976131181	0.0449331554237	47.4423062403
5260.00000000	0.0303895368052	0.0330981978218	0.0449334468551	47.4430038940
5260.00000000	0.0303893930372	0.0330984256246	0.0449335174229	47.4433353860
5260.00000000	0.0303893548552	0.0330983025074	0.0449334009106	47.4432650739
5260.00000000	0.0303893652273	0.0330980081552	0.0449331911037	47.4430014831
5260.00000000	0.0303893517496	0.0330977053637	0.0449329589511	47.4427530129
5260.00000000	0.0303892804627	0.0330974245824	0.0449327039140	47.4425778209
5260.00000000	0.0303891871655	0.0330971935860	0.0449324706626	47.4424662363
5260.00000000	0.0303890688228	0.0330970707713	0.0449323001588	47.4424714743
5260.00000000	0.0303889071104	0.0330970597996	0.0449321827062	47.4426139056
5260.00000000	0.0303887043918	0.0330971276926	0.0449320956123	47.4428628692
5260.00000000	0.0303886141598	0.0330972659721	0.0449321364435	47.4430668787
5260.00000000	0.0303887525325	0.0330974700114	0.0449323803246	47.4431128739
5260.00000000	0.0303889275221	0.0330976816459	0.0449326545652	47.4431310252
5260.00000000	0.0303889321841	0.0330978872697	0.0449328091822	47.4433039778
5260.00000000	0.0303887819481	0.0330980910505	0.0449328576820	47.4436208327
5260.00000000	0.0303885615101	0.0330981851742	0.0449327779297	47.4439090595
5260.00000000	0.0303883166616	0.0330981135777	0.0449325595969	47.4440772999
5260.00000000	0.0303880919714	0.0330979134670	0.0449322602318	47.4441157765
5260.00000000	0.0303879133997	0.0330976035005	0.0449319111352	47.4440161936
5260.00000000	0.0303877911425	0.0330971583338	0.0449315005346	47.4437471125
5260.00000000	0.0303877292726	0.0330965871553	0.0449310379545	47.4433126263
5260.00000000	0.0303877727901	0.0330959724400	0.0449306145839	47.4427415902
5260.00000000	0.0303879513407	0.0330955472804	0.0449304221711	47.4422071906
5260.00000000	0.0303883016346	0.0330955232180	0.0449306413632	47.4418574029
5260.00000000	0.0303888279680	0.0330958657478	0.0449312496473	47.4416584397
5260.00000000	0.0303894296822	0.0330964038688	0.0449320529851	47.4415573662
5260.00000000	0.0303898093266	0.0330969733116	0.0449327291993	47.4416918898
5260.00000000	0.0303897178706	0.0330973728190	0.0449329616181	47.4421223364
5260.00000000	0.0303892494222	0.0330974922168	0.0449327327400	47.4426653054
5260.00000000	0.0303887505542	0.0330974432372	0.0449323592646	47.4430916417
5260.00000000	0.0303884345206	0.0330973944775	0.0449321096078	47.4433464383
5260.00000000	0.0303882408023	0.0330974205869	0.0449319978252	47.4435509150
5260.00000000	0.0303881534122	0.0330975662946	0.0449320460521	47.4437586612
5260.00000000	0.0303882563428	0.0330977718990	0.0449322671166	47.4438392932
5260.00000000	0.0303884668536	0.0330978132657	0.0449324399592	47.4436772358
5260.00000000	0.0303886330292	0.0330975788173	0.0449323796494	47.4433189578
5260.00000000	0.0303886828441	0.0330971634741	0.0449321073958	47.4429139676
5260.00000000	0.0303887628905	0.0330967436272	0.0449318522736	47.4424766922
5260.00000000	0.0303889860560	0.0330965093388	0.0449318306318	47.4420650163
5260.00000000	0.0303892326561	0.0330965827343	0.0449320514790	47.4418966892
5270.00000000	-0.0127439155121	-0.00496651509110	0.0136774871497	-158.708312970
5270.00000000	-0.0127437666745	-0.00496655886585	0.0136773643668	-158.707915709
5270.00000000	-0.0127436493809	-0.00496664144053	0.0136772850648	-158.707414983
5270.00000000	-0.0127435618290	-0.00496673361210	0.0136772369601	-158.706922037
5270.00000000	-0.0127435038581	-0.00496681054213	0.0136772108832	-158.706533578
5270.00000000	-0.0127434840999	-0.00496686088304	0.0136772107549	-158.706307032
5270.00000000	-0.0127435031566	-0.00496689287520	0.0136772401286	-158.706211152
5270.00000000	-0.0127435478396	-0.00496692745673	0.0136772943195	-158.706144151
5270.00000000	-0.0127436018951	-0.00496697208747	0.0136773608923	-158.706052186
5270.00000000	-0.0127436692904	-0.00496700946572	0.0136774372606	-158.706008822
5270.00000000	-0.0127437568555	-0.00496702394756	0.0136775241067	-158.706085509
5270.00000000	-0.0127438404083	-0.00496702721635	0.0136776031423	-158.706199856
5270.00000000	-0.0127438918836	-0.00496703793967	0.0136776549977	-158.706236308
5270.00000000	-0.0127439152249	-0.00496707369572	0.0136776897303	-158.706132260
5270.00000000	-0.0127439281914	-0.00496714819709	0.0136777288670	-158.705861206
5270.00000000	-0.0127439533452	-0.00496724597810	0.0136777878136	-158.705517834
5270.00000000	-0.0127440134434	-0.00496732312825	0.0136778718267	-158.705308146
5270.00000000	-0.0127441006025	-0.00496735242645	0.0136779636750	-158.705326390
5270.00000000	-0.0127441748184	-0.00496734619326	0.0136780305602	-158.705463619
5270.00000000	-0.0127441766486	-0.00496731962221	0.0136780226158	-158.705570107
5270.00000000	-0.0127440884403	-0.00496728158438	0.0136779266160	-158.705584379
5270.00000000	-0.0127439816973	-0.00496725283955	0.0136778167218	-158.705534185
5270.00000000	-0.0127439305784	-0.00496725090034	0.0136777683887	-158.705463988
5270.00000000	-0.0127439364065	-0.00496726470962	0.0136777788339	-158.705418957
5270.00000000	-0.0127439681393	-0.00496726532662	0.0136778086242	-158.705464823
5270.00000000	-0.0127440139778	-0.00496724196314	0.0136778428484	-158.705625742
5270.00000000	-0.0127440575536	-0.00496720847598	0.0136778712881	-158.705822731
5270.00000000	-0.0127440760720	-0.00496718094679	0.0136778785448	-158.705958347
5270.00000000	-0.0127440517571	-0.00496716305494	0.0136778493925	-158.705991189
5270.00000000	-0.0127439659742	-0.00496713996070	0.0136777610792	-158.705950829
5270.00000000	-0.0127438224585	-0.00496710511159	0.0136776147059	-158.705868522
5270.00000000	-0.0127436889356	-0.00496707816744	0.0136774805139	-158.705770560
5270.00000000	-0.0127436398223	-0.00496708511558	0.0136774372770	-158.705668726
5270.00000000	-0.0127436837076	-0.00496713340488	0.0136774957028	-158.705547012
5270.00000000	-0.0127437866617	-0.00496721630990	0.0136776217358	-158.705380055
5270.00000000	-0.0127438951870	-0.00496732059569	0.0136777607245	-158.705138128
5270.00000000	-0.0127439564418	-0.00496740567032	0.0136778486936	-158.704899273
5270.00000000	-0.0127439593015	-0.00496743730183	0.0136778628457	-158.704780168
5270.00000000	-0.0127439359330	-0.00496742436481	0.0136778363744	-158.704795110
5270.00000000	-0.0127439176489	-0.00496738533136	0.0136778051628	-158.704919639
5270.00000000	-0.0127439107616	-0.00496733828667	0.0136777816606	-158.705092775
5270.00000000	-0.0127439331364	-0.00496731004862	0.0136777922526	-158.705237026
5270.00000000	-0.0127440130913	-0.00496732128003	0.0136778708273	-158.705314824
5270.00000000	-0.0127441440898	-0.00496737192943	0.0136780112760	-158.705316427
5270.00000000	-0.0127442856668	-0.00496744510127	0.0136781697603	-158.705246221
5270.00000000	-0.0127443947217	-0.00496752362581	0.0136782998868	-158.705105652
5270.00000000	-0.0127444548192	-0.00496759319744	0.0136783811474	-158.704925551
5270.00000000	-0.0127444901863	-0.00496765792730	0.0136784376079	-158.704726727
5270.00000000	-0.0127445199627	-0.00496773945342	0.0136784949595	-158.704453849
5270.00000000	-0.0127445351700	-0.00496784462340	0.0136785473242	-158.704066533
5270.00000000	-0.0127445488911	-0.00496795737958	0.0136786010602	-158.703647354
5270.00000000	-0.0127445838019	-0.00496804523051	0.0136786654940	-158.703357611
5270.00000000	-0.0127446266422	-0.00496807767340	0.0136787171920	-158.703296171
5270.00000000	-0.0127446348499	-0.00496806425455	0.0136787199655	-158.703361027
5270.00000000	-0.0127445862701	-0.00496804262733	0.0136786668481	-158.703371525
5270.00000000	-0.0127445039211	-0.00496804159568	0.0136785897479	-158.703250271
5270.00000000	-0.0127444225637	-0.00496807353077	0.0136785255451	-158.703001866
5270.00000000	-0.0127443641942	-0.00496813477830	0.0136784934071	-158.702674034
5270.00000000	-0.0127443462879	-0.00496821587009	0.0136785061771	-158.702330315
5270.00000000	-0.0127443630264	-0.00496831511559	0.0136785578200	-158.701968459
5270.00000000	-0.0127443891219	-0.00496843457084	0.0136786255222	-158.701541971
5270.00000000	-0.0127444067107	-0.00496856725930	0.0136786901061	-158.701050901
5270.00000000	-0.0127444109283	-0.00496870699536	0.0136787447931	-158.700511987
5270.00000000	-0.0127444044346	-0.00496886613828	0.0136787965513	-158.699881044
5270.00000000	-0.0127443840559	-0.00496905544577	0.0136788463325	-158.699111261
5270.00000000	-0.0127443445422	-0.00496926174444	0.0136788844609	-158.698246060
5270.00000000	-0.0127442864082	-0.00496946279866	0.0136789033391	-158.697372996
5270.00000000	-0.0127442057702	-0.00496963868981	0.0136788921123	-158.696563884
5270.00000000	-0.0127441154890	-0.00496977701812	0.0136788582567	-158.695886682
5270.00000000	-0.0127440448218	-0.00496987091167	0.0136788265323	-158.695412728
5270.00000000	-0.0127440143098	-0.00496992688791	0.0136788184431	-158.695147851
5270.00000000	-0.0127440095132	-0.00496995586143	0.0136788245012	-158.695027485
5270.00000000	-0.0127439837522	-0.00496995551205	0.0136788003739	-158.694989644
5270.00000000	-0.0127438956279	-0.00496992997049	0.0136787089919	-158.694955203
5270.00000000	-0.0127437518000	-0.00496990025493	0.0136785641967	-158.694852274
5270.00000000	-0.0127436110075	-0.00496989253933	0.0136784302229	-158.694668109
5270.00000000	-0.0127435315975	-0.00496993297694	0.0136783709327	-158.694389443
5270.00000000	-0.0127435266816	-0.00497002469960	0.0136783996798	-158.694024014
5270.00000000	-0.0127435694634	-0.00497014706901	0.0136784840007	-158.693611584
5270.00000000	-0.0127436119504	-0.00497027888457	0.0136785714799	-158.693161848
5270.00000000	-0.0127436142615	-0.00497040343482	0.0136786188904	-158.692679320
5270.00000000	-0.0127435773299	-0.00497050461170	0.0136786212484	-158.692228277
5270.00000000	-0.0127435305502	-0.00497057064000	0.0136786016599	-158.691899406
5270.00000000	-0.0127435064401	-0.00497059347526	0.0136785874960	-158.691773596
5270.00000000	-0.0127435029536	-0.00497056914551	0.0136785754067	-158.691863233
5270.00000000	-0.0127434839343	-0.00497051384068	0.0136785375909	-158.692050105
5270.00000000	-0.0127434359661	-0.00497045296679	0.0136784707814	-158.692214647
5270.00000000	-0.0127433848160	-0.00497040358190	0.0136784051824	-158.692329513
5270.00000000	-0.0127433852582	-0.00497037799765	0.0136783962977	-158.692430027
5270.00000000	-0.0127434719039	-0.00497037835205	0.0136784771495	-158.692560526
5270.00000000	-0.0127436148368	-0.00497038309816	0.0136786120367	-158.692759558
5270.00000000	-0.0127437547660	-0.00497035746199	0.0136787330860	-158.693072576
5270.00000000	-0.0127438356581	-0.00497027861157	0.0136787797978	-158.693503397
5270.00000000	-0.0127438331941	-0.00497015794687	0.0136787336583	-158.693970526
5270.00000000	-0.0127437634335	-0.00497002387456	0.0136786199510	-158.694387560
5270.00000000	-0.0127436683047	-0.00496989608841	0.0136784848938	-158.694741461
5270.00000000	-0.0127436013542	-0.00496978961624	0.0136783838338	-158.695055076
5270.00000000	-0.0127435952080	-0.00496972462129	0.0136783544931	-158.695299366
5270.00000000	-0.0127436561048	-0.00496971047662	0.0136784060891	-158.695447245
5270.00000000	-0.0127437628795	-0.00496973401277	0.0136785141184	-158.695517893
5274.00000000	-0.0274600767948	-0.0121765525805	0.0300387125277	-156.086186105
5274.00000000	-0.0274599264417	-0.0121767407874	0.0300386513743	-156.085741684
5274.00000000	-0.0274597500667	-0.0121769718565	0.0300385838102	-156.085202404
5274.00000000	-0.0274595282243	-0.0121772422521	0.0300384906273	-156.084559393
5274.00000000	-0.0274592760045	-0.0121775230694	0.0300383739040	-156.083874716
5274.00000000	-0.0274590402537	-0.0121777703167	0.0300382586303	-156.083261303
5274.00000000	-0.0274588581606	-0.0121779509616	0.0300381654085	-156.082805511
5274.00000000	-0.0274587611152	-0.0121780626009	0.0300381219568	-156.082535805
5274.00000000	-0.0274587548578	-0.0121781206654	0.0300381397773	-156.082429722
5274.00000000	-0.0274587840025	-0.0121781515430	0.0300381789378	-156.082398421
5274.00000000	-0.0274587675866	-0.0121782028236	0.0300381847219	-156.082296311
5274.00000000	-0.0274586715058	-0.0121783110236	0.0300381407589	-156.082033349
5274.00000000	-0.0274585191347	-0.0121784790742	0.0300380696056	-156.081622495
5274.00000000	-0.0274583646502	-0.0121786797758	0.0300380097601	-156.081153075
5274.00000000	-0.0274582194769	-0.0121788711082	0.0300379546293	-156.080707190
5274.00000000	-0.0274580619231	-0.0121790181934	0.0300378702429	-156.080328879
5274.00000000	-0.0274579163235	-0.0121791201731	0.0300377784967	-156.080038458
5274.00000000	-0.0274578401966	-0.0121792226666	0.0300377504654	-156.079800871
5274.00000000	-0.0274578546683	-0.0121793646439	0.0300378212611	-156.079564508
5274.00000000	-0.0274578819521	-0.0121795178293	0.0300379083136	-156.079318513
5274.00000000	-0.0274578449663	-0.0121796202187	0.0300379160206	-156.079111380
5274.00000000	-0.0274577962741	-0.0121796507170	0.0300378838772	-156.079020543
5274.00000000	-0.0274578113098	-0.0121796261992	0.0300378876800	-156.079074921
5274.00000000	-0.0274578796572	-0.0121795537769	0.0300379207915	-156.079254059
5274.00000000	-0.0274579562004	-0.0121794437783	0.0300379461590	-156.079505054
5274.00000000	-0.0274580141989	-0.0121793410050	0.0300379575049	-156.079729107
5274.00000000	-0.0274580443285	-0.0121792734382	0.0300379576508	-156.079870220
5274.00000000	-0.0274580806812	-0.0121791973847	0.0300379600444	-156.080030943
5274.00000000	-0.0274581559857	-0.0121790285487	0.0300379604255	-156.080383569
5274.00000000	-0.0274582493580	-0.0121787064997	0.0300379152042	-156.081017316
5274.00000000	-0.0274583268709	-0.0121782285148	0.0300377922675	-156.081910697
5274.00000000	-0.0274584039129	-0.0121776604238	0.0300376323774	-156.082960837
5274.00000000	-0.0274585285682	-0.0121770877447	0.0300375141627	-156.084055807
5274.00000000	-0.0274587192849	-0.0121765684301	0.0300374779817	-156.085108816
5274.00000000	-0.0274589785296	-0.0121761382863	0.0300375406026	-156.086059324
5274.00000000	-0.0274593006898	-0.0121758039123	0.0300376995671	-156.086891477
5274.00000000	-0.0274596299414	-0.0121755016070	0.0300378780193	-156.087673185
5274.00000000	-0.0274599184630	-0.0121751411014	0.0300379956527	-156.088524880
5274.00000000	-0.0274601678854	-0.0121746689991	0.0300380323179	-156.089540936
5274.00000000	-0.0274603878906	-0.0121740774717	0.0300379936978	-156.090742497
5274.00000000	-0.0274605930822	-0.0121734161526	0.0300379132639	-156.092054311
5274.00000000	-0.0274608023037	-0.0121727743898	0.0300378444551	-156.093335144
5274.00000000	-0.0274610426658	-0.0121722313205	0.0300378441240	-156.094467950
5274.00000000	-0.0274613156759	-0.0121718051743	0.0300379210308	-156.095422096
5274.00000000	-0.0274615731137	-0.0121714640451	0.0300380181583	-156.096215945
5274.00000000	-0.0274617802537	-0.0121711741518	0.0300380900681	-156.096881568
5274.00000000	-0.0274619552495	-0.0121709073542	0.0300381419524	-156.097482070
5274.00000000	-0.0274621490725	-0.0121706460032	0.0300382132593	-156.098087621
5274.00000000	-0.0274623932336	-0.0121703808552	0.0300383290526	-156.098738694
5274.00000000	-0.0274626531187	-0.0121700782565	0.0300384440524	-156.099467221
5274.00000000	-0.0274628601909	-0.0121697257931	0.0300384905704	-156.100241888
5274.00000000	-0.0274629805276	-0.0121693723428	0.0300384573951	-156.100951249
5274.00000000	-0.0274630323370	-0.0121690819028	0.0300383870988	-156.101497777
5274.00000000	-0.0274630521782	-0.0121688764011	0.0300383219873	-156.101871481
5274.00000000	-0.0274630816039	-0.0121687359218	0.0300382919807	-156.102139200
5274.00000000	-0.0274631690821	-0.0121686308159	0.0300383293804	-156.102390089
5274.00000000	-0.0274633382658	-0.0121685450958	0.0300384493349	-156.102670304
5274.00000000	-0.0274635498438	-0.0121684667036	0.0300386110188	-156.102970495
5274.00000000	-0.0274637231703	-0.0121683910092	0.0300387388239	-156.103236423
5274.00000000	-0.0274637990089	-0.0121683369880	0.0300387862780	-156.103389227
5274.00000000	-0.0274637608511	-0.0121683229949	0.0300387457227	-156.103384147
5274.00000000	-0.0274636153906	-0.0121683208820	0.0300386118755	-156.103275439
5274.00000000	-0.0274634168040	-0.0121682884886	0.0300384171902	-156.103178487
5274.00000000	-0.0274632283597	-0.0121682112602	0.0300382136155	-156.103167560
5274.00000000	-0.0274630922705	-0.0121680996186	0.0300380439674	-156.103257100
5274.00000000	-0.0274630659133	-0.0121679754569	0.0300379695732	-156.103453264
5274.00000000	-0.0274631525007	-0.0121678441709	0.0300379955563	-156.103749122
5274.00000000	-0.0274632716423	-0.0121676980445	0.0300380452926	-156.104096015
5274.00000000	-0.0274633600660	-0.0121675250355	0.0300380560556	-156.104466053
5274.00000000	-0.0274634348318	-0.0121673074533	0.0300380362778	-156.104903272
5274.00000000	-0.0274635674849	-0.0121670564349	0.0300380558839	-156.105443528
5274.00000000	-0.0274637806548	-0.0121668053211	0.0300381490704	-156.106046157
5274.00000000	-0.0274639919617	-0.0121665664983	0.0300382455352	-156.106625908
5274.00000000	-0.0274641173653	-0.0121663344457	0.0300382662033	-156.107127482
5274.00000000	-0.0274641617447	-0.0121661011889	0.0300382123050	-156.107568561
5274.00000000	-0.0274641696562	-0.0121658547080	0.0300381197094	-156.108004532
5274.00000000	-0.0274641859671	-0.0121656087350	0.0300380350011	-156.108446108
5274.00000000	-0.0274642351423	-0.0121653944724	0.0300379931857	-156.108857771
5274.00000000	-0.0274643119802	-0.0121652343882	0.0300379986062	-156.109196318
5274.00000000	-0.0274644091017	-0.0121651445260	0.0300380510127	-156.109428065
5274.00000000	-0.0274645139755	-0.0121651193559	0.0300381367074	-156.109552976
5274.00000000	-0.0274645943432	-0.0121651490216	0.0300382222036	-156.109563322
5274.00000000	-0.0274646185159	-0.0121652609689	0.0300382896428	-156.109386759
5274.00000000	-0.0274645903098	-0.0121654771254	0.0300383513957	-156.108987995
5274.00000000	-0.0274645424922	-0.0121657582341	0.0300384215251	-156.108460806
5274.00000000	-0.0274645012861	-0.0121660501282	0.0300385020702	-156.107919919
5274.00000000	-0.0274644633797	-0.0121663224188	0.0300385776949	-156.107415771
5274.00000000	-0.0274643898765	-0.0121665789329	0.0300386143858	-156.106911638
5274.00000000	-0.0274642347712	-0.0121668381641	0.0300385775709	-156.106339725
5274.00000000	-0.0274640042066	-0.0121671040307	0.0300384744545	-156.105697938
5274.00000000	-0.0274637625589	-0.0121673694682	0.0300383610349	-156.105048333
5274.00000000	-0.0274635781410	-0.0121676542392	0.0300383077751	-156.104409225
5274.00000000	-0.0274634604368	-0.0121680028553	0.0300383413765	-156.103710320
5274.00000000	-0.0274633636516	-0.0121684425614	0.0300384310082	-156.102868729
5274.00000000	-0.0274632270001	-0.0121689714134	0.0300385203118	-156.101840878
5274.00000000	-0.0274630250722	-0.0121695465281	0.0300385686879	-156.100681915
5274.00000000	-0.0274628006218	-0.0121701231930	0.0300385971132	-156.099502847
5274.00000000	-0.0274626142907	-0.0121706855547	0.0300386546062	-156.098378183
5274.00000000	-0.0274624938518	-0.0121712327023	0.0300387661873	-156.097330979
5274.00000000	-0.0274624145068	-0.0121717547974	0.0300389051963	-156.096359229
