DevNumber	X [V]	Y [V]	R [V]	Theta [°]
4253.00000000	-0.0275822314815	-0.0498186365332	0.0569444996424	-118.971232588
4253.00000000	-0.0275824923154	-0.0498189430720	0.0569448941622	-118.971312795
4253.00000000	-0.0275828136394	-0.0498192612657	0.0569453281782	-118.971440566
4253.00000000	-0.0275831214283	-0.0498194623245	0.0569456531618	-118.971613508
4253.00000000	-0.0275833356628	-0.0498195097915	0.0569457984592	-118.971778952
4253.00000000	-0.0275834402619	-0.0498194547513	0.0569458009724	-118.971897848
4253.00000000	-0.0275834443514	-0.0498193415067	0.0569457038805	-118.971956638
4253.00000000	-0.0275833623408	-0.0498191822537	0.0569455248326	-118.971962063
4253.00000000	-0.0275832133546	-0.0498189906898	0.0569452850753	-118.971924281
4253.00000000	-0.0275830246503	-0.0498188076573	0.0569450335433	-118.971847378
4253.00000000	-0.0275828648521	-0.0498186941099	0.0569448568026	-118.971762055
4253.00000000	-0.0275828439420	-0.0498186982194	0.0569448502694	-118.971741646
4253.00000000	-0.0275830130317	-0.0498188316005	0.0569450488625	-118.971825482
4253.00000000	-0.0275832869261	-0.0498190263676	0.0569453519249	-118.971971653
4253.00000000	-0.0275835169323	-0.0498191773848	0.0569455954544	-118.972100513
4253.00000000	-0.0275836157827	-0.0498192781253	0.0569457314693	-118.972138428
4253.00000000	-0.0275835800661	-0.0498193844548	0.0569458071918	-118.972055168
4253.00000000	-0.0275834214314	-0.0498195006832	0.0569458320353	-118.971858888
4253.00000000	-0.0275831706352	-0.0498195778355	0.0569457780525	-118.971600527
4253.00000000	-0.0275828855611	-0.0498195861833	0.0569456472731	-118.971345526
4253.00000000	-0.0275826328010	-0.0498195183022	0.0569454654569	-118.971156117
4253.00000000	-0.0275824264985	-0.0498193576440	0.0569452249763	-118.971052816
4253.00000000	-0.0275822520224	-0.0498191105630	0.0569449243034	-118.971019648
4253.00000000	-0.0275821243218	-0.0498188206849	0.0569446088453	-118.971048512
4253.00000000	-0.0275820553101	-0.0498185413757	0.0569443310606	-118.971123887
4253.00000000	-0.0275820145512	-0.0498183210790	0.0569441185886	-118.971195372
4253.00000000	-0.0275819917420	-0.0498182111791	0.0569440113932	-118.971228855
4253.00000000	-0.0275820229946	-0.0498182094295	0.0569440250003	-118.971257218
4253.00000000	-0.0275820811466	-0.0498182229621	0.0569440650066	-118.971301812
4253.00000000	-0.0275820703530	-0.0498181281866	0.0569439768630	-118.971338501
4253.00000000	-0.0275819827590	-0.0498179051947	0.0569437393477	-118.971370073
4253.00000000	-0.0275819232522	-0.0498176680685	0.0569435030717	-118.971433259
4253.00000000	-0.0275819688709	-0.0498175488875	0.0569434209014	-118.971531501
4253.00000000	-0.0275821111329	-0.0498175959683	0.0569435309988	-118.971633785
4253.00000000	-0.0275823078415	-0.0498178239919	0.0569438257685	-118.971695809
4253.00000000	-0.0275825137557	-0.0498182286382	0.0569442795172	-118.971679855
4253.00000000	-0.0275826491921	-0.0498186725189	0.0569447334527	-118.971582742
4253.00000000	-0.0275826462384	-0.0498189507640	0.0569449754477	-118.971444537
4253.00000000	-0.0275825279805	-0.0498189859690	0.0569449489663	-118.971323283
4253.00000000	-0.0275823657248	-0.0498188295441	0.0569447335240	-118.971256691
4253.00000000	-0.0275822025733	-0.0498185960041	0.0569444501828	-118.971226893
4253.00000000	-0.0275820779387	-0.0498183929247	0.0569442121468	-118.971216155
4253.00000000	-0.0275820306319	-0.0498182365488	0.0569440524252	-118.971250724
4253.00000000	-0.0275820730390	-0.0498180861532	0.0569439413907	-118.971361351
4253.00000000	-0.0275822109150	-0.0498179357196	0.0569438765656	-118.971556035
4253.00000000	-0.0275824622468	-0.0498178629259	0.0569439346209	-118.971812751
4253.00000000	-0.0275827660494	-0.0498179084772	0.0569441216279	-118.972057976
4253.00000000	-0.0275829630593	-0.0498179757468	0.0569442759076	-118.972198610
4253.00000000	-0.0275829756505	-0.0498179816042	0.0569442871309	-118.972206839
4253.00000000	-0.0275828447164	-0.0498179295306	0.0569441781516	-118.972116963
4253.00000000	-0.0275826346154	-0.0498178604095	0.0569440159113	-118.971965707
4253.00000000	-0.0275824076729	-0.0498178052356	0.0569438577155	-118.971792828
4253.00000000	-0.0275822020658	-0.0498177802491	0.0569437362644	-118.971624017
4253.00000000	-0.0275820202371	-0.0498178002388	0.0569436656793	-118.971454216
4253.00000000	-0.0275819055246	-0.0498178734018	0.0569436741231	-118.971317581
4253.00000000	-0.0275818899766	-0.0498179642588	0.0569437460795	-118.971259614
4253.00000000	-0.0275819609052	-0.0498180523557	0.0569438575080	-118.971279115
4253.00000000	-0.0275820793035	-0.0498181501345	0.0569440003997	-118.971335683
4253.00000000	-0.0275821804710	-0.0498182190218	0.0569441096694	-118.971391164
4253.00000000	-0.0275821904341	-0.0498182190534	0.0569441145229	-118.971399919
4253.00000000	-0.0275820667540	-0.0498181588634	0.0569440019577	-118.971320382
4253.00000000	-0.0275818518815	-0.0498180798166	0.0569438287247	-118.971169761
4253.00000000	-0.0275816065541	-0.0498179923092	0.0569436333388	-118.970996454
4253.00000000	-0.0275813525844	-0.0498178500104	0.0569433858323	-118.970842241
4253.00000000	-0.0275811225824	-0.0498176290454	0.0569430811128	-118.970747464
4253.00000000	-0.0275809637814	-0.0498173421744	0.0569427532214	-118.970747484
4253.00000000	-0.0275809165219	-0.0498170393194	0.0569424653728	-118.970853484
4253.00000000	-0.0275810450463	-0.0498168558188	0.0569423670874	-118.971056056
4253.00000000	-0.0275814237447	-0.0498169235032	0.0569426097321	-118.971356433
4253.00000000	-0.0275819870739	-0.0498172202207	0.0569431421812	-118.971707709
4253.00000000	-0.0275825391833	-0.0498176059417	0.0569437470629	-118.972005723
4253.00000000	-0.0275829104645	-0.0498179489898	0.0569442270230	-118.972165354
4253.00000000	-0.0275830479855	-0.0498181910656	0.0569445054173	-118.972168426
4253.00000000	-0.0275830197660	-0.0498183372907	0.0569446196741	-118.972072320
4253.00000000	-0.0275829531527	-0.0498184378347	0.0569446753693	-118.971964681
4253.00000000	-0.0275829222159	-0.0498185383735	0.0569447483412	-118.971888450
4253.00000000	-0.0275829316298	-0.0498186511314	0.0569448515482	-118.971841782
4253.00000000	-0.0275829665091	-0.0498187964477	0.0569449955741	-118.971801662
4253.00000000	-0.0275830217772	-0.0498189848826	0.0569451871987	-118.971758476
4253.00000000	-0.0275830960360	-0.0498191633343	0.0569453792880	-118.971736872
4253.00000000	-0.0275831431893	-0.0498192347631	0.0569454646182	-118.971743567
4253.00000000	-0.0275831251067	-0.0498191170556	0.0569453528820	-118.971785015
4253.00000000	-0.0275830312197	-0.0498187864629	0.0569450181834	-118.971863490
4253.00000000	-0.0275828244835	-0.0498182989273	0.0569444915202	-118.971919119
4253.00000000	-0.0275824787971	-0.0498177272544	0.0569438239442	-118.971893442
4253.00000000	-0.0275820203955	-0.0498171349576	0.0569430837283	-118.971778596
4253.00000000	-0.0275815664224	-0.0498166556118	0.0569424444739	-118.971612595
4253.00000000	-0.0275812826038	-0.0498164267688	0.0569421067935	-118.971474286
4253.00000000	-0.0275812429012	-0.0498164660629	0.0569421219395	-118.971420185
4253.00000000	-0.0275813744840	-0.0498167166132	0.0569424048715	-118.971413903
4253.00000000	-0.0275815446811	-0.0498170579571	0.0569427859390	-118.971397362
4253.00000000	-0.0275816199962	-0.0498173261435	0.0569430570456	-118.971332954
4253.00000000	-0.0275815275457	-0.0498174320448	0.0569431049144	-118.971199958
4253.00000000	-0.0275813318967	-0.0498174215468	0.0569430009638	-118.971032848
4253.00000000	-0.0275811112360	-0.0498173640177	0.0569428437531	-118.970866641
4253.00000000	-0.0275808583015	-0.0498172543611	0.0569426253059	-118.970697428
4253.00000000	-0.0275805813950	-0.0498170919762	0.0569423491178	-118.970532809
4253.00000000	-0.0275803674505	-0.0498169494503	0.0569421208003	-118.970413936
4253.00000000	-0.0275802663252	-0.0498168836945	0.0569420142918	-118.970356962
4253.00000000	-0.0275802583562	-0.0498168935874	0.0569420190869	-118.970345125
5260.00000000	-0.0541823839229	-0.0809604972883	0.0974183393861	-123.792207052
5260.00000000	-0.0541825560948	-0.0809606382148	0.0974185522635	-123.792245107
5260.00000000	-0.0541827205077	-0.0809607698282	0.0974187530858	-123.792282416
5260.00000000	-0.0541828750504	-0.0809608373289	0.0974188951371	-123.792335873
5260.00000000	-0.0541830246261	-0.0809608392654	0.0974189799382	-123.792408348
5260.00000000	-0.0541831870397	-0.0809608258115	0.0974190590894	-123.792492133
5260.00000000	-0.0541833207363	-0.0809608092041	0.0974191196480	-123.792562914
5260.00000000	-0.0541833101596	-0.0809607291194	0.0974190472105	-123.792583941
5260.00000000	-0.0541830938762	-0.0809605717025	0.0974187960939	-123.792529720
5260.00000000	-0.0541827053910	-0.0809603820501	0.0974184224117	-123.792401875
5260.00000000	-0.0541822627565	-0.0809601996711	0.0974180246577	-123.792245183
5260.00000000	-0.0541819016727	-0.0809600911761	0.0974177336634	-123.792104181
5260.00000000	-0.0541817405728	-0.0809601811709	0.0974177188540	-123.791996000
5260.00000000	-0.0541818147059	-0.0809604658298	0.0974179966547	-123.791939119
5260.00000000	-0.0541820243053	-0.0809608047508	0.0974183948939	-123.791930702
5260.00000000	-0.0541822423219	-0.0809610784902	0.0974187436447	-123.791947722
5260.00000000	-0.0541824104078	-0.0809612291252	0.0974189623178	-123.791980604
5260.00000000	-0.0541825325974	-0.0809612629246	0.0974190583665	-123.792029272
5260.00000000	-0.0541826228634	-0.0809612218408	0.0974190744275	-123.792086831
5260.00000000	-0.0541826866859	-0.0809611150479	0.0974190211730	-123.792152959
5260.00000000	-0.0541827191743	-0.0809609208997	0.0974188778936	-123.792232347
5260.00000000	-0.0541826994505	-0.0809606961074	0.0974186801078	-123.792296239
5260.00000000	-0.0541826438954	-0.0809605666271	0.0974185416032	-123.792311440
5260.00000000	-0.0541825898787	-0.0809605693026	0.0974185137834	-123.792284162
5260.00000000	-0.0541825315244	-0.0809605999263	0.0974185067779	-123.792245622
5260.00000000	-0.0541824669392	-0.0809605897843	0.0974184624280	-123.792217372
5260.00000000	-0.0541824381431	-0.0809606115546	0.0974184645045	-123.792196176
5260.00000000	-0.0541824729460	-0.0809607112432	0.0974185667086	-123.792180577
5260.00000000	-0.0541824982028	-0.0809607525039	0.0974186150461	-123.792179425
5260.00000000	-0.0541824132037	-0.0809605163231	0.0974183714906	-123.792215137
5260.00000000	-0.0541822356311	-0.0809600444818	0.0974178805994	-123.792282689
5260.00000000	-0.0541821203739	-0.0809596533932	0.0974174914774	-123.792354285
5260.00000000	-0.0541821640498	-0.0809595619253	0.0974174397541	-123.792405554
5260.00000000	-0.0541823069454	-0.0809597545543	0.0974176793165	-123.792412387
5260.00000000	-0.0541824309010	-0.0809601261252	0.0974180570559	-123.792351427
5260.00000000	-0.0541824599499	-0.0809605418274	0.0974184186856	-123.792229643
5260.00000000	-0.0541823785059	-0.0809608274091	0.0974186107237	-123.792096417
5260.00000000	-0.0541821805634	-0.0809608098269	0.0974184860200	-123.792005418
5260.00000000	-0.0541819591991	-0.0809605492110	0.0974181463137	-123.791982470
5260.00000000	-0.0541818404749	-0.0809602908741	0.0974178655877	-123.792008945
5260.00000000	-0.0541818091888	-0.0809601477991	0.0974177292828	-123.792040454
5260.00000000	-0.0541817769802	-0.0809600625422	0.0974176405153	-123.792052600
5260.00000000	-0.0541817401628	-0.0809599752705	0.0974175475101	-123.792063152
5260.00000000	-0.0541817874950	-0.0809599420356	0.0974175462150	-123.792097159
5260.00000000	-0.0541819901926	-0.0809600511137	0.0974177496022	-123.792160554
5260.00000000	-0.0541823005147	-0.0809602662899	0.0974181010223	-123.792241846
5260.00000000	-0.0541825719966	-0.0809604421206	0.0974183981419	-123.792317025
5260.00000000	-0.0541826790679	-0.0809604710690	0.0974184817511	-123.792359890
5260.00000000	-0.0541826079621	-0.0809603589282	0.0974183490075	-123.792361817
5260.00000000	-0.0541824307723	-0.0809601930061	0.0974181125663	-123.792329486
5260.00000000	-0.0541822300358	-0.0809600552808	0.0974178864620	-123.792276422
5260.00000000	-0.0541821057747	-0.0809600206180	0.0974177885432	-123.792227024
5260.00000000	-0.0541820629955	-0.0809600572140	0.0974177951636	-123.792194143
5260.00000000	-0.0541820233843	-0.0809600680348	0.0974177821253	-123.792171242
5260.00000000	-0.0541819562844	-0.0809600150897	0.0974177008050	-123.792155764
5260.00000000	-0.0541818255083	-0.0809598746629	0.0974175113665	-123.792137778
5260.00000000	-0.0541816680227	-0.0809597211771	0.0974172962199	-123.792111009
5260.00000000	-0.0541816018548	-0.0809596971154	0.0974172394218	-123.792086538
5260.00000000	-0.0541816661993	-0.0809598115309	0.0974173702953	-123.792080562
5260.00000000	-0.0541817567761	-0.0809599587734	0.0974175430399	-123.792076669
5260.00000000	-0.0541817095807	-0.0809599729852	0.0974175286016	-123.792048952
5260.00000000	-0.0541814965093	-0.0809597800337	0.0974172497409	-123.792007923
5260.00000000	-0.0541812683640	-0.0809595036959	0.0974168931973	-123.791986803
5260.00000000	-0.0541811465634	-0.0809593084098	0.0974166631594	-123.791991149
5260.00000000	-0.0541810993568	-0.0809592499948	0.0974165883576	-123.791987184
5260.00000000	-0.0541810673044	-0.0809592801008	0.0974165955507	-123.791961668
5260.00000000	-0.0541810783920	-0.0809593873993	0.0974166908891	-123.791931989
5260.00000000	-0.0541812045318	-0.0809596340975	0.0974169660671	-123.791912946
5260.00000000	-0.0541814839266	-0.0809599944923	0.0974174209712	-123.791931620
5260.00000000	-0.0541818444806	-0.0809603396241	0.0974179083298	-123.791994956
5260.00000000	-0.0541821980543	-0.0809606113640	0.0974183308132	-123.792078887
5260.00000000	-0.0541824897690	-0.0809608195986	0.0974186661151	-123.792153355
5260.00000000	-0.0541826769625	-0.0809609451583	0.0974188745765	-123.792203779
5260.00000000	-0.0541827972938	-0.0809610184330	0.0974190023983	-123.792238626
5260.00000000	-0.0541829395004	-0.0809611078062	0.0974191557657	-123.792278898
5260.00000000	-0.0541831295282	-0.0809612036887	0.0974193411402	-123.792340415
5260.00000000	-0.0541833437952	-0.0809612643326	0.0974195107109	-123.792425306
5260.00000000	-0.0541834903841	-0.0809612872038	0.0974196112489	-123.792489473
5260.00000000	-0.0541834868893	-0.0809612954017	0.0974196161181	-123.792485083
5260.00000000	-0.0541834108034	-0.0809613318620	0.0974196041008	-123.792435968
5260.00000000	-0.0541833581010	-0.0809613746913	0.0974196103821	-123.792396198
5260.00000000	-0.0541833199423	-0.0809613664204	0.0974195822853	-123.792380253
5260.00000000	-0.0541832149866	-0.0809612632515	0.0974194381711	-123.792362701
5260.00000000	-0.0541830210721	-0.0809610637638	0.0974191645328	-123.792333175
5260.00000000	-0.0541827835918	-0.0809608086798	0.0974188204601	-123.792300541
5260.00000000	-0.0541824564602	-0.0809604794589	0.0974183649128	-123.792248339
5260.00000000	-0.0541820475633	-0.0809601133142	0.0974178332032	-123.792168249
5260.00000000	-0.0541817071870	-0.0809598574859	0.0974174312833	-123.792085563
5260.00000000	-0.0541815604490	-0.0809598001559	0.0974173020258	-123.792032593
5260.00000000	-0.0541815708848	-0.0809598934119	0.0974173853314	-123.792007189
5260.00000000	-0.0541816211081	-0.0809600357681	0.0974175315714	-123.791985170
5260.00000000	-0.0541816058144	-0.0809601458927	0.0974176145858	-123.791941672
5260.00000000	-0.0541815324974	-0.0809602248353	0.0974176394147	-123.791880012
5260.00000000	-0.0541814884050	-0.0809603177874	0.0974176921407	-123.791828054
5260.00000000	-0.0541814385619	-0.0809603474181	0.0974176890441	-123.791793999
5260.00000000	-0.0541812647869	-0.0809601770834	0.0974174508355	-123.791764779
5260.00000000	-0.0541809469644	-0.0809597780947	0.0974169424849	-123.791739945
5260.00000000	-0.0541805790471	-0.0809592512048	0.0974162999786	-123.791732464
5260.00000000	-0.0541802139549	-0.0809586819985	0.0974156238759	-123.791740207
5260.00000000	-0.0541798967156	-0.0809581899986	0.0974150385514	-123.791746083
5270.00000000	-0.00655571202846	0.00296875344754	0.00719658649864	155.636610439
5270.00000000	-0.00655572860314	0.00296875528649	0.00719660235591	155.636651538
5270.00000000	-0.00655576593642	0.00296874915774	0.00719663383637	155.636818600
5270.00000000	-0.00655581207964	0.00296873767268	0.00719667113273	155.637053440
5270.00000000	-0.00655584934885	0.00296872273893	0.00719669892280	155.637284146
5270.00000000	-0.00655587651629	0.00296870791330	0.00719671755534	155.637480890
5270.00000000	-0.00655590040659	0.00296869811402	0.00719673527604	155.637630417
5270.00000000	-0.00655592128790	0.00296869172245	0.00719675166142	155.637745348
5270.00000000	-0.00655592938342	0.00296868703353	0.00719675710188	155.637805940
5270.00000000	-0.00655592136251	0.00296868058888	0.00719674713674	155.637826338
5270.00000000	-0.00655590617483	0.00296867316107	0.00719673023744	155.637830330
5270.00000000	-0.00655589520809	0.00296867147430	0.00719671955142	155.637806548
5270.00000000	-0.00655589812658	0.00296867000722	0.00719672160486	155.637826772
5270.00000000	-0.00655591704288	0.00296866083793	0.00719673505444	155.637955395
5270.00000000	-0.00655594610422	0.00296864561876	0.00719675525020	155.638161210
5270.00000000	-0.00655598174096	0.00296862897244	0.00719678084728	155.638398968
5270.00000000	-0.00655602623840	0.00296861761757	0.00719681669892	155.638627447
5270.00000000	-0.00655608280729	0.00296861659095	0.00719686780761	155.638820660
5270.00000000	-0.00655613947335	0.00296862057150	0.00719692107026	155.638977876
5270.00000000	-0.00655617354459	0.00296861766622	0.00719695090959	155.639110830
5270.00000000	-0.00655617431485	0.00296860893979	0.00719694801177	155.639176646
5270.00000000	-0.00655614904039	0.00296860348033	0.00719692273567	155.639133243
5270.00000000	-0.00655611687461	0.00296859860903	0.00719689142444	155.639062944
5270.00000000	-0.00655609518191	0.00296858399874	0.00719686563664	155.639097668
5270.00000000	-0.00655608907545	0.00296856307444	0.00719685144297	155.639229366
5270.00000000	-0.00655609341136	0.00296854911365	0.00719684963429	155.639344854
5270.00000000	-0.00655609842218	0.00296854912500	0.00719685420367	155.639361227
5270.00000000	-0.00655609768808	0.00296856164668	0.00719685869986	155.639268004
5270.00000000	-0.00655608942957	0.00296857893331	0.00719685830705	155.639115514
5270.00000000	-0.00655607323815	0.00296858892694	0.00719684767945	155.638989866
5270.00000000	-0.00655605100499	0.00296858542969	0.00719682598327	155.638942218
5270.00000000	-0.00655602525602	0.00296857540655	0.00719679839247	155.638930353
5270.00000000	-0.00655599643130	0.00296857149961	0.00719677052264	155.638864030
5270.00000000	-0.00655596657984	0.00296857844928	0.00719674619572	155.638715597
5270.00000000	-0.00655594277430	0.00296859138866	0.00719672984714	155.638543577
5270.00000000	-0.00655592825230	0.00296860341859	0.00719672158043	155.638408639
5270.00000000	-0.00655590591415	0.00296861225272	0.00719670487531	155.638271211
5270.00000000	-0.00655585551804	0.00296861576672	0.00719666041604	155.638080221
5270.00000000	-0.00655578596168	0.00296861349856	0.00719659611756	155.637868240
5270.00000000	-0.00655572633487	0.00296861034277	0.00719654049839	155.637695304
5270.00000000	-0.00655569570974	0.00296861024151	0.00719651255850	155.637595459
5270.00000000	-0.00655569061787	0.00296861136881	0.00719650838506	155.637570560
5270.00000000	-0.00655569862611	0.00296861204944	0.00719651596097	155.637591925
5270.00000000	-0.00655572247970	0.00296861472961	0.00719653879609	155.637650826
5270.00000000	-0.00655576160077	0.00296862192100	0.00719657740013	155.637727151
5270.00000000	-0.00655580262378	0.00296863381170	0.00719661967523	155.637775638
5270.00000000	-0.00655583740004	0.00296863845899	0.00719665327190	155.637856144
5270.00000000	-0.00655586366489	0.00296861775699	0.00719666865847	155.638092542
5270.00000000	-0.00655588659899	0.00296856752382	0.00719666882956	155.638532177
5270.00000000	-0.00655591442843	0.00296849605659	0.00719666470185	155.639141890
5270.00000000	-0.00655594596365	0.00296842364171	0.00719666355994	155.639770646
5270.00000000	-0.00655597316705	0.00296837315988	0.00719666751930	155.640226104
5270.00000000	-0.00655598566644	0.00296835197626	0.00719667016846	155.640420787
5270.00000000	-0.00655597473714	0.00296835106614	0.00719665983675	155.640391498
5270.00000000	-0.00655593871857	0.00296835852837	0.00719663010266	155.640219099
5270.00000000	-0.00655588733088	0.00296836611531	0.00719658641925	155.639995323
5270.00000000	-0.00655584562176	0.00296837186672	0.00719655079572	155.639816641
5270.00000000	-0.00655583762530	0.00296838147603	0.00719654747476	155.639720688
5270.00000000	-0.00655586443192	0.00296839716090	0.00719657836437	155.639694961
5270.00000000	-0.00655589962609	0.00296840813001	0.00719661494966	155.639730979
5270.00000000	-0.00655591109145	0.00296839952028	0.00719662184299	155.639831074
5270.00000000	-0.00655589218983	0.00296837852907	0.00719659596590	155.639921246
5270.00000000	-0.00655586392702	0.00296836406357	0.00719656425272	155.639933349
5270.00000000	-0.00655584180234	0.00296836015591	0.00719654248598	155.639889034
5270.00000000	-0.00655582245851	0.00296835655687	0.00719652337982	155.639851614
5270.00000000	-0.00655579703246	0.00296834587383	0.00719649581098	155.639845598
5270.00000000	-0.00655577007047	0.00296833452754	0.00719646656938	155.639839349
5270.00000000	-0.00655575695460	0.00296833317539	0.00719645406348	155.639806084
5270.00000000	-0.00655576515529	0.00296834328755	0.00719646570505	155.639759673
5270.00000000	-0.00655579055682	0.00296836195014	0.00719649654290	155.639707734
5270.00000000	-0.00655582389121	0.00296839171304	0.00719653918593	155.639601340
5270.00000000	-0.00655585720325	0.00296843241863	0.00719658632223	155.639415508
5270.00000000	-0.00655589639879	0.00296847883450	0.00719664117367	155.639207586
5270.00000000	-0.00655595150137	0.00296852681515	0.00719671116139	155.639040557
5270.00000000	-0.00655600896412	0.00296857133791	0.00719678187289	155.638906359
5270.00000000	-0.00655604505947	0.00296860721309	0.00719682955248	155.638764711
5270.00000000	-0.00655605347742	0.00296863262328	0.00719684770235	155.638608071
5270.00000000	-0.00655604906439	0.00296864721838	0.00719684970261	155.638487729
5270.00000000	-0.00655605210460	0.00296864626228	0.00719685207773	155.638504647
5270.00000000	-0.00655606389777	0.00296863346737	0.00719685754307	155.638636169
5270.00000000	-0.00655606960419	0.00296861862521	0.00719685661917	155.638762549
5270.00000000	-0.00655606088355	0.00296860688339	0.00719684383164	155.638819067
5270.00000000	-0.00655604130359	0.00296859139122	0.00719681960469	155.638867124
5270.00000000	-0.00655602097072	0.00296856175996	0.00719678885970	155.639015252
5270.00000000	-0.00655600855159	0.00296852173808	0.00719676103799	155.639264726
5270.00000000	-0.00655599986878	0.00296848542858	0.00719673815136	155.639499549
5270.00000000	-0.00655598072484	0.00296846264761	0.00719671131522	155.639601903
5270.00000000	-0.00655594735351	0.00296844668676	0.00719667433153	155.639608073
5270.00000000	-0.00655591965311	0.00296843048866	0.00719664241601	155.639634587
5270.00000000	-0.00655592075823	0.00296841404528	0.00719663664029	155.639757474
5270.00000000	-0.00655594939843	0.00296839291497	0.00719665401505	155.640004775
5270.00000000	-0.00655598971267	0.00296835703023	0.00719667593904	155.640397419
5270.00000000	-0.00655603812649	0.00296831036607	0.00719670079587	155.640894837
5270.00000000	-0.00655608886509	0.00296827143580	0.00719673096090	155.641343794
5270.00000000	-0.00655611900825	0.00296824927264	0.00719674927970	155.641603515
5270.00000000	-0.00655611017503	0.00296823603497	0.00719673577300	155.641670518
5270.00000000	-0.00655607182915	0.00296822392381	0.00719669584537	155.641632444
5270.00000000	-0.00655602772220	0.00296821021466	0.00719665001044	155.641587041
5270.00000000	-0.00655598534265	0.00296819381068	0.00719660463766	155.641566856
5270.00000000	-0.00655594478535	0.00296817946390	0.00719656177341	155.641537733
5274.00000000	0.000867665342194	-0.0111159915832	0.0111498032281	-85.5367934230
5274.00000000	0.000867622552929	-0.0111160281824	0.0111498363865	-85.5370272735
5274.00000000	0.000867575700189	-0.0111160900528	0.0111498944236	-85.5372920447
5274.00000000	0.000867512090417	-0.0111161503767	0.0111499496153	-85.5376420425
5274.00000000	0.000867431006180	-0.0111161880986	0.0111499809145	-85.5380725239
5274.00000000	0.000867336269728	-0.0111162118871	0.0111499972612	-85.5385673746
5274.00000000	0.000867228065887	-0.0111162284676	0.0111500053749	-85.5391283372
5274.00000000	0.000867114604308	-0.0111162324057	0.0111500004768	-85.5397111825
5274.00000000	0.000867013437407	-0.0111162166705	0.0111499769223	-85.5402231809
5274.00000000	0.000866930564567	-0.0111161745840	0.0111499285193	-85.5406309306
5274.00000000	0.000866859741218	-0.0111161129476	0.0111498615630	-85.5409691421
5274.00000000	0.000866791422442	-0.0111160579710	0.0111498014415	-85.5412971870
5274.00000000	0.000866712085111	-0.0111160383344	0.0111497756968	-85.5416958023
5274.00000000	0.000866610143415	-0.0111160646019	0.0111497939611	-85.5422285607
5274.00000000	0.000866486360801	-0.0111161151359	0.0111498347220	-85.5428829030
5274.00000000	0.000866355085221	-0.0111161546497	0.0111498639153	-85.5435712280
5274.00000000	0.000866230933739	-0.0111161731522	0.0111498727158	-85.5442146633
5274.00000000	0.000866118912823	-0.0111161847093	0.0111498755357	-85.5447931784
5274.00000000	0.000866022642768	-0.0111161960671	0.0111498793814	-85.5452909193
5274.00000000	0.000865946947731	-0.0111162065478	0.0111498839514	-85.5456829006
5274.00000000	0.000865891674198	-0.0111162208334	0.0111498939012	-85.5459717771
5274.00000000	0.000865853049056	-0.0111162465784	0.0111499165690	-85.5461799336
5274.00000000	0.000865826953324	-0.0111162890117	0.0111499568477	-85.5463305585
5274.00000000	0.000865806984386	-0.0111163389200	0.0111500050546	-85.5464527766
5274.00000000	0.000865786924203	-0.0111163704716	0.0111500349533	-85.5465681366
5274.00000000	0.000865762181012	-0.0111163694885	0.0111500320519	-85.5466945063
5274.00000000	0.000865737143853	-0.0111163423681	0.0111500030694	-85.5468119537
5274.00000000	0.000865717061261	-0.0111163045341	0.0111499637903	-85.5468997443
5274.00000000	0.000865704950838	-0.0111162636703	0.0111499221096	-85.5469454840
5274.00000000	0.000865697270298	-0.0111162134973	0.0111498714917	-85.5469648148
5274.00000000	0.000865687427236	-0.0111161636598	0.0111498210404	-85.5469953586
5274.00000000	0.000865682560579	-0.0111161404327	0.0111497975055	-85.5470110245
5274.00000000	0.000865691714791	-0.0111161455561	0.0111498033243	-85.5469661696
5274.00000000	0.000865713444695	-0.0111161625772	0.0111498219811	-85.5468616339
5274.00000000	0.000865744409225	-0.0111161835090	0.0111498452540	-85.5467113482
5274.00000000	0.000865781169525	-0.0111161996390	0.0111498641896	-85.5465294543
5274.00000000	0.000865822076497	-0.0111161981465	0.0111498658782	-85.5463192849
5274.00000000	0.000865866880799	-0.0111161749830	0.0111498462638	-85.5460805009
5274.00000000	0.000865912468995	-0.0111161311500	0.0111498061036	-85.5458294513
5274.00000000	0.000865957671230	-0.0111160687471	0.0111497473998	-85.5455729658
5274.00000000	0.000865998202590	-0.0111160014988	0.0111496835026	-85.5453384737
5274.00000000	0.000866029580969	-0.0111159449043	0.0111496295163	-85.5451551247
5274.00000000	0.000866046860365	-0.0111159141073	0.0111496001545	-85.5450543047
5274.00000000	0.000866041568262	-0.0111159182403	0.0111496038639	-85.5450830674
5274.00000000	0.000866016148569	-0.0111159524082	0.0111496359542	-85.5452269378
5274.00000000	0.000865986437681	-0.0111160000416	0.0111496811360	-85.5453981668
5274.00000000	0.000865966031217	-0.0111160451517	0.0111497245249	-85.5455207184
5274.00000000	0.000865946308108	-0.0111160798893	0.0111497576258	-85.5456356285
5274.00000000	0.000865908958769	-0.0111161080732	0.0111497828239	-85.5458382253
5274.00000000	0.000865843604553	-0.0111161377692	0.0111498073549	-85.5461848994
5274.00000000	0.000865760039152	-0.0111161704017	0.0111498333999	-85.5466260432
5274.00000000	0.000865678589098	-0.0111162029441	0.0111498595199	-85.5470563115
5274.00000000	0.000865615548739	-0.0111162242463	0.0111498758635	-85.5473877776
5274.00000000	0.000865581858234	-0.0111162219105	0.0111498709193	-85.5475594485
5274.00000000	0.000865574678789	-0.0111161962544	0.0111498447833	-85.5475859953
5274.00000000	0.000865578419590	-0.0111161539042	0.0111498028513	-85.5475499359
5274.00000000	0.000865577197243	-0.0111161191619	0.0111497681189	-85.5475423385
5274.00000000	0.000865559046650	-0.0111161200827	0.0111497676279	-85.5476356955
5274.00000000	0.000865521586922	-0.0111161561089	0.0111498006374	-85.5478419815
5274.00000000	0.000865483419931	-0.0111162006953	0.0111498421266	-85.5480553043
5274.00000000	0.000865463271697	-0.0111162255958	0.0111498653881	-85.5481684599
5274.00000000	0.000865460009512	-0.0111162337117	0.0111498732262	-85.5481884099
5274.00000000	0.000865455201448	-0.0111162445544	0.0111498836630	-85.5482173673
5274.00000000	0.000865431415434	-0.0111162559726	0.0111498932005	-85.5483437817
5274.00000000	0.000865391421230	-0.0111162528485	0.0111498869817	-85.5485474333
5274.00000000	0.000865348664402	-0.0111162423197	0.0111498731662	-85.5487622855
5274.00000000	0.000865308523571	-0.0111162490029	0.0111498767140	-85.5489706000
5274.00000000	0.000865271492054	-0.0111162833299	0.0111499080636	-85.5491740087
5274.00000000	0.000865240338415	-0.0111163473093	0.0111499694324	-85.5493591270
5274.00000000	0.000865216796410	-0.0111164333083	0.0111500533453	-85.5495140281
5274.00000000	0.000865196929867	-0.0111165204417	0.0111501386744	-85.5496505496
5274.00000000	0.000865177341877	-0.0111165866857	0.0111502031988	-85.5497773130
5274.00000000	0.000865159726798	-0.0111166172265	0.0111502322807	-85.5498797327
5274.00000000	0.000865141210085	-0.0111166137924	0.0111502274203	-85.5499732254
5274.00000000	0.000865115902208	-0.0111165936991	0.0111502054239	-85.5500948678
5274.00000000	0.000865084094244	-0.0111165672507	0.0111501765874	-85.5502472773
5274.00000000	0.000865048921146	-0.0111165347049	0.0111501414108	-85.5504144968
5274.00000000	0.000865013412276	-0.0111165052031	0.0111501092431	-85.5505846509
5274.00000000	0.000864976967177	-0.0111164928753	0.0111500941252	-85.5507664486
5274.00000000	0.000864935175020	-0.0111165053977	0.0111501033678	-85.5509855458
5274.00000000	0.000864881247444	-0.0111165299586	0.0111501236716	-85.5512716121
5274.00000000	0.000864811574824	-0.0111165411043	0.0111501293796	-85.5516329939
5274.00000000	0.000864741108604	-0.0111165145671	0.0111500974572	-85.5519834237
5274.00000000	0.000864682582538	-0.0111164494189	0.0111500279664	-85.5522572982
5274.00000000	0.000864635032528	-0.0111163600103	0.0111499351397	-85.5524652763
5274.00000000	0.000864603973541	-0.0111162456835	0.0111498187486	-85.5525788412
5274.00000000	0.000864601916985	-0.0111161111090	0.0111496844198	-85.5525357520
5274.00000000	0.000864625765678	-0.0111160013424	0.0111495768332	-85.5523698257
5274.00000000	0.000864652627088	-0.0111159587525	0.0111495364546	-85.5522152323
5274.00000000	0.000864659794953	-0.0111159720078	0.0111495502259	-85.5521837912
5274.00000000	0.000864647619781	-0.0111160073213	0.0111495844888	-85.5522602421
5274.00000000	0.000864630156165	-0.0111160432425	0.0111496189476	-85.5523640291
5274.00000000	0.000864617289057	-0.0111160703044	0.0111496449301	-85.5524407357
5274.00000000	0.000864614021323	-0.0111160927571	0.0111496670619	-85.5524664247
5274.00000000	0.000864626282904	-0.0111161081445	0.0111496833538	-85.5524097366
5274.00000000	0.000864655760506	-0.0111161017691	0.0111496792835	-85.5522561732
5274.00000000	0.000864685944336	-0.0111160698176	0.0111496497691	-85.5520887986
5274.00000000	0.000864697667459	-0.0111160279081	0.0111496088950	-85.5520120350
5274.00000000	0.000864690128603	-0.0111159827972	0.0111495633353	-85.5520326808
5274.00000000	0.000864678841149	-0.0111159385155	0.0111495183115	-85.5520728628
