DevNumber	X [V]	Y [V]	R [V]	Theta [°]
4253.00000000	0.0213144127264	-0.00879969018091	0.0230594609033	-22.4333629625
4253.00000000	0.0213146637338	-0.00879981108243	0.0230597390525	-22.4334026317
4253.00000000	0.0213149452978	-0.00879994812699	0.0230600516063	-22.4334504015
4253.00000000	0.0213151937371	-0.00880007432726	0.0230603294039	-22.4335046724
4253.00000000	0.0213153177414	-0.00880013615025	0.0230604676163	-22.4335290786
4253.00000000	0.0213152897565	-0.00880011811270	0.0230604348658	-22.4335141880
4253.00000000	0.0213151708109	-0.00880005587223	0.0230603011700	-22.4334840266
4253.00000000	0.0213150343323	-0.00879998500717	0.0230601479768	-22.4334506816
4253.00000000	0.0213149095640	-0.00879991690624	0.0230600066626	-22.4334125810
4253.00000000	0.0213148052821	-0.00879986386491	0.0230598900313	-22.4333896417
4253.00000000	0.0213147009433	-0.00879982946573	0.0230597804614	-22.4334095704
4253.00000000	0.0213145859731	-0.00879981414380	0.0230596683447	-22.4334833933
4253.00000000	0.0213144979975	-0.00879982795805	0.0230595922986	-22.4335985366
4253.00000000	0.0213144566547	-0.00879985994946	0.0230595662929	-22.4337112104
4253.00000000	0.0213144214573	-0.00879987591191	0.0230595398506	-22.4337812445
4253.00000000	0.0213143571071	-0.00879985529639	0.0230594725032	-22.4337949145
4253.00000000	0.0213142628741	-0.00879979916444	0.0230593639808	-22.4337553501
4253.00000000	0.0213141583045	-0.00879972263791	0.0230592381213	-22.4336787466
4253.00000000	0.0213140694023	-0.00879964951561	0.0230591280425	-22.4335951050
4253.00000000	0.0213140010635	-0.00879959518137	0.0230590441409	-22.4335351148
4253.00000000	0.0213139444051	-0.00879955126494	0.0230589750112	-22.4334879755
4253.00000000	0.0213138676332	-0.00879949112547	0.0230588810993	-22.4334226478
4253.00000000	0.0213137447691	-0.00879940194428	0.0230587335008	-22.4333343236
4253.00000000	0.0213136213210	-0.00879931400611	0.0230585858368	-22.4332494070
4253.00000000	0.0213135622032	-0.00879926231540	0.0230585114672	-22.4331867422
4253.00000000	0.0213135838924	-0.00879925137090	0.0230585273387	-22.4331410392
4253.00000000	0.0213136661565	-0.00879926561342	0.0230586088125	-22.4330957473
4253.00000000	0.0213137807781	-0.00879928953530	0.0230587238889	-22.4330420054
4253.00000000	0.0213138987174	-0.00879931398704	0.0230588422342	-22.4329863350
4253.00000000	0.0213139776673	-0.00879933441334	0.0230589230044	-22.4329583892
4253.00000000	0.0213139770251	-0.00879934130020	0.0230589250388	-22.4329748153
4253.00000000	0.0213138992468	-0.00879933069953	0.0230588491010	-22.4330242172
4253.00000000	0.0213138001639	-0.00879931657695	0.0230587521269	-22.4330857315
4253.00000000	0.0213137443342	-0.00879931841101	0.0230587012219	-22.4331428817
4253.00000000	0.0213137347232	-0.00879933365905	0.0230586981570	-22.4331870157
4253.00000000	0.0213137424119	-0.00879935573913	0.0230587136898	-22.4332304375
4253.00000000	0.0213137722986	-0.00879939419357	0.0230587559892	-22.4332904185
4253.00000000	0.0213138440890	-0.00879944992106	0.0230588436129	-22.4333503374
4253.00000000	0.0213139520465	-0.00879950088327	0.0230589628482	-22.4333650176
4253.00000000	0.0213140616151	-0.00879953251760	0.0230590761970	-22.4333337796
4253.00000000	0.0213141387465	-0.00879955091955	0.0230591545138	-22.4333029078
4253.00000000	0.0213141913282	-0.00879957503856	0.0230592123203	-22.4333084442
4253.00000000	0.0213142464732	-0.00879961749241	0.0230592794929	-22.4333536596
4253.00000000	0.0213142913482	-0.00879965841896	0.0230593365899	-22.4334051048
4253.00000000	0.0213143001686	-0.00879967037102	0.0230593493039	-22.4334241914
4253.00000000	0.0213142876176	-0.00879966704529	0.0230593364335	-22.4334284540
4253.00000000	0.0213142906260	-0.00879967785234	0.0230593433383	-22.4334504218
4253.00000000	0.0213143200171	-0.00879970331692	0.0230593802227	-22.4334810372
4253.00000000	0.0213143701752	-0.00879972437715	0.0230594346218	-22.4334818462
4253.00000000	0.0213144271444	-0.00879973047085	0.0230594896052	-22.4334418240
4253.00000000	0.0213144606844	-0.00879972996743	0.0230595204149	-22.4334088657
4253.00000000	0.0213144372747	-0.00879972714860	0.0230594977011	-22.4334245885
4253.00000000	0.0213143470524	-0.00879971117259	0.0230594082099	-22.4334734445
4253.00000000	0.0213142258517	-0.00879968495006	0.0230592861745	-22.4335281415
4253.00000000	0.0213141123968	-0.00879965453218	0.0230591696977	-22.4335658590
4253.00000000	0.0213140211148	-0.00879962153710	0.0230590727324	-22.4335766333
4253.00000000	0.0213139627734	-0.00879959510730	0.0230590087202	-22.4335712516
4253.00000000	0.0213139416995	-0.00879958640768	0.0230589859213	-22.4335712536
4253.00000000	0.0213139647703	-0.00879960386809	0.0230590139092	-22.4335894791
4253.00000000	0.0213140182798	-0.00879964858163	0.0230590804325	-22.4336414346
4253.00000000	0.0213140440186	-0.00879969606872	0.0230591223451	-22.4337260923
4253.00000000	0.0213140042781	-0.00879971529225	0.0230590929481	-22.4338079253
4253.00000000	0.0213139242241	-0.00879969613817	0.0230590116430	-22.4338398427
4253.00000000	0.0213138623306	-0.00879965715969	0.0230589395588	-22.4338090093
4253.00000000	0.0213138761413	-0.00879963979613	0.0230589456981	-22.4337560346
4253.00000000	0.0213139791684	-0.00879966640465	0.0230590510824	-22.4337194547
4253.00000000	0.0213141360926	-0.00879973519420	0.0230592223820	-22.4337286459
4253.00000000	0.0213142979130	-0.00879983182498	0.0230594088318	-22.4337971365
4253.00000000	0.0213144218578	-0.00879992753300	0.0230595599204	-22.4338994202
4253.00000000	0.0213144979006	-0.00880000370329	0.0230596592762	-22.4340022523
4253.00000000	0.0213145490360	-0.00880005246284	0.0230597251492	-22.4340657485
4253.00000000	0.0213145838615	-0.00880005419117	0.0230597579987	-22.4340366963
4253.00000000	0.0213145882907	-0.00880000406433	0.0230597429633	-22.4339173740
4253.00000000	0.0213145766746	-0.00879993897085	0.0230597073855	-22.4337788925
4253.00000000	0.0213145619159	-0.00879988542490	0.0230596733099	-22.4336699109
4253.00000000	0.0213145120790	-0.00879983350545	0.0230596074314	-22.4335979251
4253.00000000	0.0213143952752	-0.00879976990801	0.0230594751974	-22.4335626158
4253.00000000	0.0213142339383	-0.00879970100637	0.0230592997764	-22.4335573500
4253.00000000	0.0213140798276	-0.00879964518202	0.0230591360251	-22.4335752668
4253.00000000	0.0213139657931	-0.00879961916837	0.0230590206934	-22.4336236495
4253.00000000	0.0213138846829	-0.00879961126598	0.0230589427058	-22.4336824098
4253.00000000	0.0213138196318	-0.00879959566122	0.0230588766226	-22.4337082528
4253.00000000	0.0213137764111	-0.00879957465587	0.0230588286569	-22.4337009921
4253.00000000	0.0213137528683	-0.00879956649835	0.0230588037827	-22.4337045803
4253.00000000	0.0213137188377	-0.00879956018964	0.0230587699200	-22.4337223596
4253.00000000	0.0213136506970	-0.00879953151130	0.0230586959920	-22.4337211060
4253.00000000	0.0213135627462	-0.00879948448787	0.0230585967523	-22.4336965029
4253.00000000	0.0213134863087	-0.00879944233719	0.0230585100142	-22.4336721738
4253.00000000	0.0213134563163	-0.00879942244825	0.0230584747017	-22.4336549336
4253.00000000	0.0213134615442	-0.00879941629248	0.0230584771849	-22.4336358379
4253.00000000	0.0213134527997	-0.00879940345532	0.0230584642033	-22.4336146459
4253.00000000	0.0213133999603	-0.00879937253018	0.0230584035612	-22.4335937223
4253.00000000	0.0213133026931	-0.00879931673378	0.0230582923624	-22.4335578029
4253.00000000	0.0213132020985	-0.00879924784282	0.0230581730909	-22.4334949630
4253.00000000	0.0213131483383	-0.00879919645005	0.0230581037871	-22.4334279019
4253.00000000	0.0213131506107	-0.00879916949182	0.0230580956000	-22.4333638294
4253.00000000	0.0213131775569	-0.00879915122104	0.0230581135347	-22.4332963137
4253.00000000	0.0213131939651	-0.00879913054602	0.0230581208115	-22.4332332685
4253.00000000	0.0213131907115	-0.00879910952406	0.0230581097820	-22.4331880704
4253.00000000	0.0213131795908	-0.00879909418654	0.0230580936500	-22.4331633881
5260.00000000	0.0224563429642	0.104194585206	0.106587048583	77.8374741517
5260.00000000	0.0224568641859	0.104195710350	0.106588258286	77.8373276869
5260.00000000	0.0224573457395	0.104196849601	0.106589473422	77.8372036675
5260.00000000	0.0224576934980	0.104197675378	0.106590353933	77.8371144537
5260.00000000	0.0224578342130	0.104197939027	0.106590641311	77.8370703719
5260.00000000	0.0224577767059	0.104197617801	0.106590315179	77.8370642098
5260.00000000	0.0224575835926	0.104196936090	0.106589608083	77.8370884780
5260.00000000	0.0224573295262	0.104196250878	0.106588884723	77.8371443792
5260.00000000	0.0224570854025	0.104195760244	0.106588353668	77.8372170934
5260.00000000	0.0224569180056	0.104195490765	0.106588054969	77.8372745369
5260.00000000	0.0224568434439	0.104195352754	0.106587904346	77.8372980870
5260.00000000	0.0224568337523	0.104195213664	0.106587766336	77.8372874272
5260.00000000	0.0224568566412	0.104195033717	0.106587595251	77.8372550197
5260.00000000	0.0224568870140	0.104194868329	0.106587439975	77.8372203282
5260.00000000	0.0224568966280	0.104194705519	0.106587282845	77.8371968370
5260.00000000	0.0224568637806	0.104194471451	0.106587047110	77.8371875881
5260.00000000	0.0224567754220	0.104194140978	0.106586705439	77.8371965909
5260.00000000	0.0224566491245	0.104193810125	0.106586355404	77.8372254871
5260.00000000	0.0224565238572	0.104193561550	0.106586086016	77.8372631605
5260.00000000	0.0224563889484	0.104193307214	0.106585808965	77.8373052483
5260.00000000	0.0224562003417	0.104192873634	0.106585345380	77.8373552535
5260.00000000	0.0224559359056	0.104192215668	0.106584646471	77.8374196938
5260.00000000	0.0224556324041	0.104191499238	0.106583882178	77.8374980422
5260.00000000	0.0224554101753	0.104191083063	0.106583428524	77.8375676887
5260.00000000	0.0224553394166	0.104191082524	0.106583413089	77.8376048116
5260.00000000	0.0224553771983	0.104191298156	0.106583631842	77.8376093789
5260.00000000	0.0224554469273	0.104191531355	0.106583874498	77.8375991476
5260.00000000	0.0224554870349	0.104191676186	0.106584024528	77.8375944741
5260.00000000	0.0224554711064	0.104191708652	0.106584052909	77.8376065214
5260.00000000	0.0224554086610	0.104191642977	0.106583975552	77.8376318983
5260.00000000	0.0224553198610	0.104191472719	0.106583790407	77.8376592800
5260.00000000	0.0224552111983	0.104191155941	0.106583457846	77.8376805054
5260.00000000	0.0224551117652	0.104190708683	0.106582999678	77.8376821031
5260.00000000	0.0224550813980	0.104190304825	0.106582598486	77.8376523216
5260.00000000	0.0224551438923	0.104190094517	0.106582406065	77.8375956616
5260.00000000	0.0224553000550	0.104190127997	0.106582471695	77.8375173890
5260.00000000	0.0224555100942	0.104190444447	0.106582825294	77.8374428529
5260.00000000	0.0224556915782	0.104191002006	0.106583408574	77.8374106309
5260.00000000	0.0224558040930	0.104191663115	0.106584078549	77.8374263802
5260.00000000	0.0224558687843	0.104192247175	0.106584663128	77.8374585340
5260.00000000	0.0224559152804	0.104192660368	0.106585076843	77.8374808972
5260.00000000	0.0224559791357	0.104192957505	0.106585380764	77.8374809942
5260.00000000	0.0224560903492	0.104193235678	0.106585676124	77.8374540572
5260.00000000	0.0224562133738	0.104193473279	0.106585934311	77.8374163186
5260.00000000	0.0224562893468	0.104193629413	0.106586102947	77.8373940788
5260.00000000	0.0224563528626	0.104193793097	0.106586276340	77.8373792402
5260.00000000	0.0224564789050	0.104194048185	0.106586552257	77.8373418968
5260.00000000	0.0224566082728	0.104194243750	0.106586770688	77.8372960648
5260.00000000	0.0224566380106	0.104194244145	0.106586777339	77.8372804827
5260.00000000	0.0224565944662	0.104194167494	0.106586693235	77.8372946835
5260.00000000	0.0224565721523	0.104194177075	0.106586697900	77.8373074942
5260.00000000	0.0224565938684	0.104194223330	0.106586747692	77.8373013214
5260.00000000	0.0224566172049	0.104194176995	0.106586707314	77.8372838108
5260.00000000	0.0224565947674	0.104194001971	0.106586531491	77.8372757788
5260.00000000	0.0224564903675	0.104193671534	0.106586186476	77.8372932155
5260.00000000	0.0224562833899	0.104193112327	0.106585596213	77.8373386460
5260.00000000	0.0224560217605	0.104192394945	0.106584839811	77.8373948818
5260.00000000	0.0224558044512	0.104191778457	0.106584191378	77.8374392553
5260.00000000	0.0224557142043	0.104191517732	0.106583917491	77.8374571509
5260.00000000	0.0224557557947	0.104191612304	0.106584018703	77.8374460062
5260.00000000	0.0224558326671	0.104191776339	0.106584195252	77.8374241881
5260.00000000	0.0224558300053	0.104191764937	0.106584183544	77.8374242954
5260.00000000	0.0224557321372	0.104191595111	0.106583996911	77.8374564909
5260.00000000	0.0224556335834	0.104191451204	0.106583835471	77.8374919823
5260.00000000	0.0224556581002	0.104191499620	0.106583887965	77.8374845822
5260.00000000	0.0224558245405	0.104191763369	0.106584180861	77.8374269896
5260.00000000	0.0224560753827	0.104192194286	0.106584654954	77.8373439775
5260.00000000	0.0224563438381	0.104192692440	0.106585198487	77.8372593258
5260.00000000	0.0224565568449	0.104193143228	0.106585684035	77.8371984480
5260.00000000	0.0224567155426	0.104193608051	0.106586171859	77.8371676989
5260.00000000	0.0224568470943	0.104194143776	0.106586723276	77.8371592452
5260.00000000	0.0224569102241	0.104194554506	0.106587138086	77.8371725894
5260.00000000	0.0224568444035	0.104194565271	0.106587134742	77.8372083962
5260.00000000	0.0224566827725	0.104194216322	0.106586759572	77.8372538100
5260.00000000	0.0224565272972	0.104193733417	0.106586254750	77.8372808180
5260.00000000	0.0224564241834	0.104193211151	0.106585722482	77.8372758529
5260.00000000	0.0224563706299	0.104192692605	0.106585204293	77.8372452656
5260.00000000	0.0224563385092	0.104192228587	0.106584743923	77.8372095909
5260.00000000	0.0224562946824	0.104191886386	0.106584400170	77.8371938643
5260.00000000	0.0224562148703	0.104191707572	0.106584208554	77.8372155530
5260.00000000	0.0224560816797	0.104191627939	0.106584102647	77.8372765251
5260.00000000	0.0224559053387	0.104191616139	0.106584053958	77.8373678554
5260.00000000	0.0224557284258	0.104191693974	0.106584092774	77.8374696382
5260.00000000	0.0224555782460	0.104191847087	0.106584210809	77.8375658984
5260.00000000	0.0224554106984	0.104191900209	0.106584227440	77.8376599606
5260.00000000	0.0224551745988	0.104191659142	0.106583942041	77.8377567285
5260.00000000	0.0224549217216	0.104191150100	0.106583391148	77.8378319643
5260.00000000	0.0224547399328	0.104190527653	0.106582744372	77.8378570000
5260.00000000	0.0224546634529	0.104189986202	0.106582198962	77.8378358685
5260.00000000	0.0224546673355	0.104189651447	0.106581872539	77.8377959152
5260.00000000	0.0224546932761	0.104189442646	0.106581673890	77.8377586351
5260.00000000	0.0224546919360	0.104189206836	0.106581443089	77.8377326321
5260.00000000	0.0224546677592	0.104188967870	0.106581204393	77.8377182726
5260.00000000	0.0224546477646	0.104188877918	0.106581112248	77.8377185922
5260.00000000	0.0224546539225	0.104189026325	0.106581258621	77.8377321645
5260.00000000	0.0224546715582	0.104189345652	0.106581574497	77.8377590628
5260.00000000	0.0224546618773	0.104189632431	0.106581852800	77.8377966299
5260.00000000	0.0224545930180	0.104189726964	0.106581930703	77.8378435225
5260.00000000	0.0224544888222	0.104189639142	0.106581822901	77.8378883320
5260.00000000	0.0224544015876	0.104189464382	0.106581633685	77.8379143823
5270.00000000	0.00444076406457	-0.00298224743715	0.00534922286446	-33.8838003213
5270.00000000	0.00444072993190	-0.00298228776424	0.00534921701156	-33.8843627339
5270.00000000	0.00444071128397	-0.00298232567462	0.00534922266662	-33.8848111885
5270.00000000	0.00444073129835	-0.00298236079179	0.00534925886050	-33.8850039256
5270.00000000	0.00444078767390	-0.00298238093108	0.00534931688935	-33.8848463460
5270.00000000	0.00444085527665	-0.00298238032539	0.00534937267289	-33.8844372695
5270.00000000	0.00444091861019	-0.00298236892627	0.00534941889505	-33.8839577232
5270.00000000	0.00444098101920	-0.00298236129821	0.00534946645246	-33.8835172365
5270.00000000	0.00444103135371	-0.00298236601606	0.00534951086908	-33.8832586303
5270.00000000	0.00444105578994	-0.00298238444025	0.00534954142696	-33.8832765386
5270.00000000	0.00444106046853	-0.00298240757391	0.00534955820812	-33.8834542951
5270.00000000	0.00444105633890	-0.00298242401018	0.00534956394314	-33.8836250959
5270.00000000	0.00444104770869	-0.00298242101692	0.00534955510982	-33.8836500135
5270.00000000	0.00444102169448	-0.00298238590473	0.00534951393826	-33.8834931480
5270.00000000	0.00444095906209	-0.00298232581885	0.00534942844432	-33.8833328768
5270.00000000	0.00444085850744	-0.00298226181292	0.00534930928288	-33.8833641900
5270.00000000	0.00444074142067	-0.00298221121800	0.00534918387364	-33.8836134781
5270.00000000	0.00444063792910	-0.00298218580219	0.00534908378848	-33.8840054897
5270.00000000	0.00444056201358	-0.00298218866570	0.00534902236248	-33.8844843034
5270.00000000	0.00444050326708	-0.00298220828609	0.00534898453228	-33.8850096019
5270.00000000	0.00444044901237	-0.00298223307479	0.00534895331292	-33.8855540403
5270.00000000	0.00444039826733	-0.00298225992749	0.00534892615837	-33.8860958783
5270.00000000	0.00444036167538	-0.00298228749330	0.00534891115096	-33.8865595362
5270.00000000	0.00444035243956	-0.00298231362726	0.00534891805498	-33.8868470838
5270.00000000	0.00444037662437	-0.00298233838843	0.00534895193747	-33.8869228243
5270.00000000	0.00444042190826	-0.00298235735630	0.00534900010506	-33.8868210404
5270.00000000	0.00444046331700	-0.00298235835814	0.00534903503877	-33.8865826476
5270.00000000	0.00444048440897	-0.00298234416125	0.00534904463269	-33.8863304444
5270.00000000	0.00444049092118	-0.00298233818556	0.00534904670704	-33.8862384168
5270.00000000	0.00444049385359	-0.00298235624546	0.00534905921061	-33.8863814930
5270.00000000	0.00444048266396	-0.00298238672732	0.00534906691678	-33.8867193626
5270.00000000	0.00444044283574	-0.00298240686662	0.00534904508259	-33.8871363019
5270.00000000	0.00444038246072	-0.00298241307453	0.00534899842443	-33.8875520797
5270.00000000	0.00444032562357	-0.00298240985021	0.00534894944433	-33.8878628635
5270.00000000	0.00444028991612	-0.00298239600236	0.00534891208136	-33.8879529900
5270.00000000	0.00444027966061	-0.00298238111602	0.00534889526777	-33.8878818705
5270.00000000	0.00444029800452	-0.00298238588507	0.00534891315468	-33.8878147183
5270.00000000	0.00444034025310	-0.00298241816864	0.00534896622685	-33.8878494570
5270.00000000	0.00444040139258	-0.00298245987231	0.00534904023327	-33.8878551342
5270.00000000	0.00444047318666	-0.00298248721709	0.00534911507836	-33.8876695033
5270.00000000	0.00444052854421	-0.00298249505504	0.00534916540269	-33.8874085904
5270.00000000	0.00444055369978	-0.00298249560067	0.00534918658944	-33.8872632098
5270.00000000	0.00444056433249	-0.00298249522048	0.00534919520406	-33.8871963298
5270.00000000	0.00444057913246	-0.00298248640264	0.00534920257362	-33.8870295380
5270.00000000	0.00444060605131	-0.00298247137398	0.00534921654072	-33.8867351481
5270.00000000	0.00444065420280	-0.00298247180994	0.00534925675640	-33.8864514668
5270.00000000	0.00444072562391	-0.00298249005177	0.00534932621699	-33.8861871511
5270.00000000	0.00444079563260	-0.00298250293832	0.00534939151938	-33.8858836602
5270.00000000	0.00444082732445	-0.00298249789758	0.00534941501798	-33.8856495888
5270.00000000	0.00444080421843	-0.00298247735149	0.00534938438127	-33.8856048832
5270.00000000	0.00444073182196	-0.00298244310726	0.00534930518877	-33.8857327256
5270.00000000	0.00444063253282	-0.00298240118065	0.00534919938812	-33.8859528608
5270.00000000	0.00444053550541	-0.00298236877798	0.00534910077515	-33.8862441841
5270.00000000	0.00444046840306	-0.00298236845195	0.00534904488875	-33.8866420269
5270.00000000	0.00444044591513	-0.00298240049147	0.00534904408439	-33.8870612235
5270.00000000	0.00444046356098	-0.00298243612017	0.00534907859798	-33.8872726457
5270.00000000	0.00444050566255	-0.00298244548714	0.00534911877068	-33.8871044970
5270.00000000	0.00444054557248	-0.00298242094364	0.00534913821717	-33.8866479142
5270.00000000	0.00444055962004	-0.00298237828088	0.00534912609211	-33.8861846702
5270.00000000	0.00444054686219	-0.00298233776358	0.00534909291108	-33.8859005824
5270.00000000	0.00444051105988	-0.00298230386002	0.00534904428720	-33.8858129227
5270.00000000	0.00444046029644	-0.00298227303184	0.00534898495798	-33.8858419574
5270.00000000	0.00444041602832	-0.00298224522754	0.00534893270679	-33.8858590907
5270.00000000	0.00444039749665	-0.00298222176503	0.00534890424144	-33.8857611297
5270.00000000	0.00444039990228	-0.00298219818047	0.00534889308921	-33.8855370410
5270.00000000	0.00444040715106	-0.00298217900985	0.00534888841854	-33.8853232780
5270.00000000	0.00444040558181	-0.00298218685239	0.00534889148829	-33.8854023886
5270.00000000	0.00444038813923	-0.00298223330725	0.00534890290862	-33.8859196509
5270.00000000	0.00444035582535	-0.00298230313399	0.00534891501510	-33.8867335546
5270.00000000	0.00444031479038	-0.00298237241891	0.00534891958088	-33.8875947229
5270.00000000	0.00444027883949	-0.00298241893987	0.00534891567566	-33.8882231072
5270.00000000	0.00444026448871	-0.00298243092737	0.00534891044664	-33.8884154114
5270.00000000	0.00444027620440	-0.00298241786851	0.00534891289084	-33.8882293187
5270.00000000	0.00444030192349	-0.00298240363200	0.00534892630309	-33.8879491191
5270.00000000	0.00444033520423	-0.00298240257032	0.00534895333849	-33.8877409107
5270.00000000	0.00444036649081	-0.00298240300180	0.00534897955108	-33.8875578912
5270.00000000	0.00444038513703	-0.00298239012391	0.00534898784971	-33.8873320192
5270.00000000	0.00444039222667	-0.00298236881916	0.00534898185641	-33.8871002352
5270.00000000	0.00444039659185	-0.00298235102415	0.00534897555838	-33.8869159307
5270.00000000	0.00444040266220	-0.00298233798102	0.00534897332537	-33.8867636963
5270.00000000	0.00444039981153	-0.00298231837836	0.00534896002940	-33.8866064121
5270.00000000	0.00444037743943	-0.00298228120805	0.00534892073305	-33.8864094991
5270.00000000	0.00444034317808	-0.00298223342798	0.00534886565153	-33.8861892436
5270.00000000	0.00444031089158	-0.00298218843830	0.00534881376526	-33.8859820028
5270.00000000	0.00444027719582	-0.00298215197794	0.00534876546459	-33.8858590217
5270.00000000	0.00444023397525	-0.00298211603614	0.00534870954605	-33.8857975357
5270.00000000	0.00444018088056	-0.00298207451808	0.00534864232151	-33.8857454330
5270.00000000	0.00444012790027	-0.00298203924243	0.00534857867233	-33.8857481587
5270.00000000	0.00444008832784	-0.00298201727271	0.00534853357228	-33.8857891334
5270.00000000	0.00444005954204	-0.00298201110835	0.00534850623886	-33.8859062409
5270.00000000	0.00444002418310	-0.00298202551917	0.00534848492038	-33.8862455835
5270.00000000	0.00443997556747	-0.00298205458415	0.00534846076761	-33.8867944275
5270.00000000	0.00443992983495	-0.00298208053398	0.00534843727181	-33.8872983530
5270.00000000	0.00443990045475	-0.00298209446871	0.00534842065178	-33.8875977607
5270.00000000	0.00443987759793	-0.00298209933320	0.00534840438988	-33.8877775447
5270.00000000	0.00443985553942	-0.00298209824528	0.00534838547185	-33.8878996269
5270.00000000	0.00443983293379	-0.00298208335150	0.00534835840190	-33.8879022027
5270.00000000	0.00443979906071	-0.00298205177889	0.00534831267892	-33.8878237549
5270.00000000	0.00443974645470	-0.00298201684172	0.00534824952917	-33.8878272800
5270.00000000	0.00443969074687	-0.00298199327710	0.00534819014551	-33.8879504726
5274.00000000	-0.00164203261470	0.00870466240204	0.00885818371007	100.682646383
5274.00000000	-0.00164202694720	0.00870476224047	0.00885828076765	100.682490657
5274.00000000	-0.00164201552376	0.00870485587043	0.00885837065747	100.682305794
5274.00000000	-0.00164199430064	0.00870492226206	0.00885843196462	100.682091305
5274.00000000	-0.00164196209344	0.00870493933011	0.00885844276706	100.681866138
5274.00000000	-0.00164192147874	0.00870491199944	0.00885840838189	100.681640762
5274.00000000	-0.00164187926870	0.00870486269419	0.00885835210734	100.681431588
5274.00000000	-0.00164184242082	0.00870480977858	0.00885829327896	100.681260822
5274.00000000	-0.00164182255849	0.00870475968275	0.00885824036973	100.681194633
5274.00000000	-0.00164182746811	0.00870471882111	0.00885820112606	100.681274824
5274.00000000	-0.00164184886731	0.00870469028304	0.00885817704874	100.681445051
5274.00000000	-0.00164187391092	0.00870466457730	0.00885815643025	100.681635048
5274.00000000	-0.00164190049682	0.00870463178511	0.00885812913407	100.681843344
5274.00000000	-0.00164193694042	0.00870458726268	0.00885809213826	100.682128361
5274.00000000	-0.00164198405879	0.00870454002728	0.00885805445546	100.682484484
5274.00000000	-0.00164203055360	0.00870450836450	0.00885803196012	100.682817975
5274.00000000	-0.00164206315391	0.00870449279739	0.00885802270607	100.683043852
5274.00000000	-0.00164207365303	0.00870448456600	0.00885801656364	100.683120456
5274.00000000	-0.00164206585489	0.00870448084982	0.00885801146627	100.683075346
5274.00000000	-0.00164204993184	0.00870447489481	0.00885800266273	100.682981277
5274.00000000	-0.00164202425220	0.00870445067036	0.00885797409781	100.682847100
5274.00000000	-0.00164198752550	0.00870439892905	0.00885791644519	100.682675697
5274.00000000	-0.00164194404421	0.00870433013485	0.00885784078322	100.682481806
5274.00000000	-0.00164189816647	0.00870427396606	0.00885777708374	100.682257540
5274.00000000	-0.00164185703331	0.00870425469305	0.00885775052027	100.682019192
5274.00000000	-0.00164182980894	0.00870426727508	0.00885775783805	100.681831059
5274.00000000	-0.00164182680144	0.00870428415431	0.00885777386734	100.681791705
5274.00000000	-0.00164184867579	0.00870428397956	0.00885777775015	100.681930955
5274.00000000	-0.00164188217665	0.00870426660273	0.00885776688412	100.682164732
5274.00000000	-0.00164191635280	0.00870424037671	0.00885774744759	100.682413412
5274.00000000	-0.00164194942433	0.00870421028399	0.00885772400676	100.682659709
5274.00000000	-0.00164197651025	0.00870418856038	0.00885770768060	100.682857924
5274.00000000	-0.00164199106879	0.00870419005081	0.00885771184396	100.682948676
5274.00000000	-0.00164199365327	0.00870421521138	0.00885773704754	100.682934935
5274.00000000	-0.00164198719419	0.00870424720160	0.00885776728597	100.682855520
5274.00000000	-0.00164197169562	0.00870427356033	0.00885779031487	100.682725401
5274.00000000	-0.00164194789073	0.00870429705653	0.00885780899118	100.682545917
5274.00000000	-0.00164191583331	0.00870431785234	0.00885782348426	100.682317216
5274.00000000	-0.00164187999392	0.00870433192770	0.00885783067246	100.682072535
5274.00000000	-0.00164185014809	0.00870433810033	0.00885783120598	100.681875425
5274.00000000	-0.00164183585611	0.00870433216977	0.00885782272909	100.681791692
5274.00000000	-0.00164183951003	0.00870432259066	0.00885781399325	100.681826402
5274.00000000	-0.00164185431862	0.00870433006671	0.00885782408461	100.681911566
5274.00000000	-0.00164186987312	0.00870436515114	0.00885786144420	100.681968370
5274.00000000	-0.00164188094119	0.00870442636244	0.00885792364633	100.681965332
5274.00000000	-0.00164188676808	0.00870450547566	0.00885800246867	100.681907517
5274.00000000	-0.00164188790196	0.00870458256144	0.00885807842884	100.681822304
5274.00000000	-0.00164189509877	0.00870463802583	0.00885813426609	100.681801551
5274.00000000	-0.00164192041911	0.00870465974117	0.00885816029841	100.681936454
5274.00000000	-0.00164196338082	0.00870465060357	0.00885815928251	100.682220476
5274.00000000	-0.00164200726354	0.00870462408655	0.00885814135932	100.682531190
5274.00000000	-0.00164203002840	0.00870458415239	0.00885810633714	100.682723766
5274.00000000	-0.00164202333403	0.00870453151881	0.00885805337484	100.682744324
5274.00000000	-0.00164198934914	0.00870448637865	0.00885800271725	100.682582435
5274.00000000	-0.00164193578696	0.00870446687660	0.00885797362462	100.682265368
5274.00000000	-0.00164187073126	0.00870445343202	0.00885794835435	100.681867981
5274.00000000	-0.00164179831236	0.00870441740467	0.00885789952829	100.681450864
5274.00000000	-0.00164173215992	0.00870435687417	0.00885782778551	100.681102949
5274.00000000	-0.00164168760967	0.00870429423799	0.00885775797757	100.680894865
5274.00000000	-0.00164166387892	0.00870425283174	0.00885771289048	100.680793663
5274.00000000	-0.00164166255858	0.00870423775701	0.00885769783221	100.680803343
5274.00000000	-0.00164168808597	0.00870424202784	0.00885770676027	100.680960485
5274.00000000	-0.00164173483883	0.00870425446162	0.00885772764391	100.681242758
5274.00000000	-0.00164179261797	0.00870427885796	0.00885776232677	100.681580774
5274.00000000	-0.00164185062536	0.00870432524113	0.00885781865808	100.681893877
5274.00000000	-0.00164190591124	0.00870438281230	0.00885788547930	100.682176263
5274.00000000	-0.00164195942049	0.00870443969512	0.00885795129500	100.682448177
5274.00000000	-0.00164199818684	0.00870449102242	0.00885800891877	100.682633041
5274.00000000	-0.00164200710300	0.00870453108602	0.00885804994080	100.682641677
5274.00000000	-0.00164198005650	0.00870456806631	0.00885808126667	100.682425427
5274.00000000	-0.00164193014991	0.00870461961314	0.00885812266943	100.682046414
5274.00000000	-0.00164188499667	0.00870468092220	0.00885817454669	100.681685914
5274.00000000	-0.00164186378708	0.00870471848052	0.00885820752300	100.681506077
5274.00000000	-0.00164187113142	0.00870471389670	0.00885820437987	100.681558253
5274.00000000	-0.00164189284370	0.00870468068231	0.00885817576543	100.681736077
5274.00000000	-0.00164191407879	0.00870464229449	0.00885814197883	100.681917072
5274.00000000	-0.00164193220154	0.00870461499661	0.00885811851319	100.682064990
5274.00000000	-0.00164194897130	0.00870459351053	0.00885810050790	100.682197340
5274.00000000	-0.00164196878942	0.00870455758382	0.00885806887733	100.682366381
5274.00000000	-0.00164199687492	0.00870450323954	0.00885802068097	100.682610054
5274.00000000	-0.00164203637941	0.00870444819719	0.00885797391557	100.682927148
5274.00000000	-0.00164208526510	0.00870441374509	0.00885794912288	100.683279184
5274.00000000	-0.00164213134002	0.00870440303817	0.00885794714303	100.683584883
5274.00000000	-0.00164216890064	0.00870440279182	0.00885795386421	100.683823919
5274.00000000	-0.00164219911859	0.00870438574093	0.00885794271103	100.684036436
5274.00000000	-0.00164222123365	0.00870433230132	0.00885789429786	100.684241088
5274.00000000	-0.00164223387628	0.00870425205828	0.00885781778987	100.684417676
5274.00000000	-0.00164223577306	0.00870417497484	0.00885774239448	100.684522175
5274.00000000	-0.00164223312766	0.00870412590588	0.00885769368577	100.684564206
5274.00000000	-0.00164222875199	0.00870410689442	0.00885767419266	100.684559193
5274.00000000	-0.00164222119225	0.00870409540788	0.00885766150368	100.684524916
5274.00000000	-0.00164220703736	0.00870406707683	0.00885763103948	100.684468919
5274.00000000	-0.00164218079530	0.00870401415061	0.00885757416557	100.684365586
5274.00000000	-0.00164214771300	0.00870395926372	0.00885751409684	100.684221124
5274.00000000	-0.00164211817759	0.00870392628761	0.00885747621670	100.684072929
5274.00000000	-0.00164209155872	0.00870391500148	0.00885746019129	100.683917261
5274.00000000	-0.00164206537690	0.00870391735926	0.00885745765437	100.683748008
5274.00000000	-0.00164204009441	0.00870392859148	0.00885746400485	100.683573830
5274.00000000	-0.00164201178788	0.00870394438150	0.00885747427362	100.683374964
5274.00000000	-0.00164197840144	0.00870396071464	0.00885748413449	100.683143157
