DevNumber	X [V]	Y [V]	R [V]	Theta [°]
4253.00000000	-0.00571978126569	0.00484860727396	0.00749832582811	139.712354603
4253.00000000	-0.00571981328895	0.00484859451583	0.00749834200603	139.712587191
4253.00000000	-0.00571982288582	0.00484858681146	0.00749834434481	139.712679515
4253.00000000	-0.00571980640250	0.00484859647044	0.00749833801687	139.712541773
4253.00000000	-0.00571976647698	0.00484862374461	0.00749832519754	139.712185529
4253.00000000	-0.00571971943007	0.00484865560605	0.00749830991256	139.711767360
4253.00000000	-0.00571968448410	0.00484868669542	0.00749830335929	139.711413481
4253.00000000	-0.00571966672447	0.00484872775538	0.00749831636335	139.711086405
4253.00000000	-0.00571965940375	0.00484878163516	0.00749834562022	139.710736189
4253.00000000	-0.00571966068221	0.00484883431176	0.00749838065869	139.710435478
4253.00000000	-0.00571966965822	0.00484886651278	0.00749840832830	139.710292146
4253.00000000	-0.00571967676763	0.00484887094157	0.00749841661514	139.710301462
4253.00000000	-0.00571967617074	0.00484885063018	0.00749840302544	139.710416897
4253.00000000	-0.00571967567375	0.00484881990404	0.00749838277729	139.710593529
4253.00000000	-0.00571967795641	0.00484879545464	0.00749836870833	139.710747312
4253.00000000	-0.00571966711260	0.00484878209011	0.00749835179464	139.710771628
4253.00000000	-0.00571962867625	0.00484876844257	0.00749831365067	139.710661255
4253.00000000	-0.00571957163759	0.00484874004238	0.00749825177732	139.710544951
4253.00000000	-0.00571952076435	0.00484869312603	0.00749818263342	139.710567035
4253.00000000	-0.00571949549773	0.00484864290258	0.00749813088345	139.710734924
4253.00000000	-0.00571950865375	0.00484861659799	0.00749812390899	139.710953254
4253.00000000	-0.00571955431515	0.00484862690003	0.00749816540093	139.711118829
4253.00000000	-0.00571961256395	0.00484866540581	0.00749823473220	139.711182206
4253.00000000	-0.00571966452291	0.00484870218731	0.00749829815064	139.711224554
4253.00000000	-0.00571969953399	0.00484870484855	0.00749832657781	139.711382035
4253.00000000	-0.00571971858647	0.00484867042151	0.00749831884924	139.711676837
4253.00000000	-0.00571972495472	0.00484862598237	0.00749829497116	139.711967325
4253.00000000	-0.00571972216855	0.00484859971000	0.00749827585737	139.712106693
4253.00000000	-0.00571972065646	0.00484860503581	0.00749827814776	139.712068179
4253.00000000	-0.00571973069602	0.00484864527231	0.00749831182412	139.711883257
4253.00000000	-0.00571974679402	0.00484870962654	0.00749836571729	139.711587699
4253.00000000	-0.00571975969841	0.00484877499212	0.00749841782857	139.711270470
4253.00000000	-0.00571977521735	0.00484882003525	0.00749845879306	139.711084614
4253.00000000	-0.00571979513689	0.00484883141329	0.00749848134508	139.711116719
4253.00000000	-0.00571980610727	0.00484880822823	0.00749847472083	139.711306058
4253.00000000	-0.00571980101531	0.00484876200865	0.00749844094938	139.711550291
4253.00000000	-0.00571978403724	0.00484870496063	0.00749839110929	139.711798913
4253.00000000	-0.00571976550424	0.00484865738963	0.00749834621136	139.711984617
4253.00000000	-0.00571975470748	0.00484864039608	0.00749832698702	139.712030320
4253.00000000	-0.00571975498582	0.00484865775292	0.00749833842279	139.711930528
4253.00000000	-0.00571976293881	0.00484869648590	0.00749836953534	139.711744062
4253.00000000	-0.00571978009228	0.00484873808555	0.00749840951978	139.711586349
4253.00000000	-0.00571981291927	0.00484876984637	0.00749845509785	139.711563426
4253.00000000	-0.00571985334654	0.00484878922911	0.00749849846931	139.711650201
4253.00000000	-0.00571988477956	0.00484880900570	0.00749853523464	139.711690240
4253.00000000	-0.00571990391752	0.00484884504222	0.00749857313555	139.711574760
4253.00000000	-0.00571991728342	0.00484888710613	0.00749861053110	139.711395633
4253.00000000	-0.00571992581954	0.00484890773625	0.00749863038266	139.711317568
4253.00000000	-0.00571991812588	0.00484889958080	0.00749861924033	139.711327087
4253.00000000	-0.00571988489840	0.00484888094314	0.00749858184270	139.711271542
4253.00000000	-0.00571982915906	0.00484886598114	0.00749852965000	139.711083344
4253.00000000	-0.00571976281570	0.00484885426683	0.00749847146882	139.710823819
4253.00000000	-0.00571969573070	0.00484883974648	0.00749841090757	139.710576980
4253.00000000	-0.00571963499802	0.00484882191233	0.00749835304904	139.710380840
4253.00000000	-0.00571959547897	0.00484881126872	0.00749831602179	139.710247607
4253.00000000	-0.00571958891070	0.00484881830985	0.00749831556480	139.710174112
4253.00000000	-0.00571960185981	0.00484883136460	0.00749833388408	139.710162006
4253.00000000	-0.00571961501637	0.00484882578636	0.00749834031249	139.710259528
4253.00000000	-0.00571963472472	0.00484879420858	0.00749833492593	139.710540962
4253.00000000	-0.00571967088041	0.00484874480546	0.00749833055878	139.711007562
4253.00000000	-0.00571971662566	0.00484869184310	0.00749833120548	139.711542290
4253.00000000	-0.00571976463740	0.00484864782719	0.00749833936677	139.712036070
4253.00000000	-0.00571981222970	0.00484861867644	0.00749835682083	139.712441132
4253.00000000	-0.00571985523867	0.00484860715746	0.00749838218009	139.712720776
4253.00000000	-0.00571988768225	0.00484861254370	0.00749841041131	139.712849681
4253.00000000	-0.00571991193547	0.00484862836566	0.00749843914277	139.712877291
4253.00000000	-0.00571992747793	0.00484864784773	0.00749846359624	139.712840529
4253.00000000	-0.00571991970054	0.00484866195158	0.00749846678337	139.712719896
4253.00000000	-0.00571988250289	0.00484866078774	0.00749843765604	139.712542891
4253.00000000	-0.00571983114285	0.00484865372607	0.00749839391190	139.712330287
4253.00000000	-0.00571978000128	0.00484866205629	0.00749836028736	139.712029046
4253.00000000	-0.00571972820836	0.00484869198901	0.00749834013512	139.711598670
4253.00000000	-0.00571969004534	0.00484873036698	0.00749833584114	139.711186413
4253.00000000	-0.00571968554350	0.00484876762364	0.00749835649890	139.710947015
4253.00000000	-0.00571970606858	0.00484880123612	0.00749839389058	139.710852519
4253.00000000	-0.00571972968360	0.00484883086836	0.00749843106546	139.710796490
4253.00000000	-0.00571975091241	0.00484886281747	0.00749846791836	139.710715167
4253.00000000	-0.00571977621017	0.00484889475792	0.00749850786942	139.710654000
4253.00000000	-0.00571980755370	0.00484891630160	0.00749854570909	139.710683303
4253.00000000	-0.00571983852281	0.00484892669606	0.00749857605354	139.710775737
4253.00000000	-0.00571985832804	0.00484893687211	0.00749859774108	139.710814284
4253.00000000	-0.00571985379597	0.00484894889254	0.00749860205703	139.710721832
4253.00000000	-0.00571981790673	0.00484896276096	0.00749858364915	139.710463674
4253.00000000	-0.00571976761500	0.00484898767129	0.00749856139576	139.710069996
4253.00000000	-0.00571973004178	0.00484901978360	0.00749855350134	139.709697184
4253.00000000	-0.00571971277319	0.00484903249450	0.00749854854892	139.709537775
4253.00000000	-0.00571970420440	0.00484900739330	0.00749852578085	139.709641734
4253.00000000	-0.00571969459311	0.00484895210408	0.00749848269626	139.709916489
4253.00000000	-0.00571969204006	0.00484888390396	0.00749843664687	139.710301373
4253.00000000	-0.00571970861371	0.00484882860054	0.00749841352709	139.710705600
4253.00000000	-0.00571974019697	0.00484880394915	0.00749842167781	139.711005336
4253.00000000	-0.00571977081209	0.00484879967777	0.00749844226876	139.711181502
4253.00000000	-0.00571978552162	0.00484879339685	0.00749844942763	139.711290790
4253.00000000	-0.00571977568521	0.00484876987239	0.00749842671262	139.711379302
4253.00000000	-0.00571975053194	0.00484873741951	0.00749838654051	139.711444174
4253.00000000	-0.00571972336218	0.00484871831671	0.00749835346290	139.711421270
4253.00000000	-0.00571969777555	0.00484871495336	0.00749833177064	139.711314449
4253.00000000	-0.00571968105507	0.00484871428368	0.00749831858329	139.711235735
4253.00000000	-0.00571968162949	0.00484871030470	0.00749831644849	139.711261766
4253.00000000	-0.00571969528368	0.00484870396754	0.00749832276599	139.711366169
5260.00000000	-0.00213987143124	-0.0206705498893	0.0207810173588	-95.9103609327
5260.00000000	-0.00213983544928	-0.0206705085148	0.0207809724992	-95.9102739998
5260.00000000	-0.00213979148936	-0.0206704570884	0.0207809168196	-95.9101680409
5260.00000000	-0.00213976708421	-0.0206704125810	0.0207808700358	-95.9101137458
5260.00000000	-0.00213978295536	-0.0206703892052	0.0207808484184	-95.9101639086
5260.00000000	-0.00213983063958	-0.0206703775668	0.0207808417520	-95.9102979861
5260.00000000	-0.00213987941332	-0.0206703781655	0.0207808473699	-95.9104315775
5260.00000000	-0.00213989952312	-0.0206704203133	0.0207808913643	-95.9104747620
5260.00000000	-0.00213987280943	-0.0206705036243	0.0207809714817	-95.9103778474
5260.00000000	-0.00213980725767	-0.0206705920795	0.0207810527167	-95.9101729612
5260.00000000	-0.00213973274068	-0.0206706443617	0.0207810970483	-95.9099537589
5260.00000000	-0.00213967824014	-0.0206706410744	0.0207810881668	-95.9098052267
5260.00000000	-0.00213965517551	-0.0206705903935	0.0207810353805	-95.9097563601
5260.00000000	-0.00213965684443	-0.0206705271601	0.0207809726551	-95.9097788877
5260.00000000	-0.00213966753587	-0.0206704745537	0.0207809214290	-95.9098231427
5260.00000000	-0.00213967381188	-0.0206704172332	0.0207808650594	-95.9098566270
5260.00000000	-0.00213967243751	-0.0206703287071	0.0207807768623	-95.9098779891
5260.00000000	-0.00213967192210	-0.0206702204197	0.0207806690973	-95.9099073172
5260.00000000	-0.00213968186189	-0.0206701372328	0.0207805873760	-95.9099581934
5260.00000000	-0.00213971231642	-0.0206701117316	0.0207805651461	-95.9100489554
5260.00000000	-0.00213977071361	-0.0206701465314	0.0207806057741	-95.9101992313
5260.00000000	-0.00213985404391	-0.0206702384530	0.0207807057876	-95.9104016683
5260.00000000	-0.00213994492935	-0.0206703801600	0.0207808561003	-95.9106106880
5260.00000000	-0.00214000864807	-0.0206705127975	0.0207809945942	-95.9107477761
5260.00000000	-0.00214001767057	-0.0206705655616	0.0207810480069	-95.9107575389
5260.00000000	-0.00213997760560	-0.0206705232943	0.0207810018385	-95.9106596629
5260.00000000	-0.00213990853804	-0.0206704235894	0.0207808955514	-95.9104985551
5260.00000000	-0.00213982839514	-0.0206703263988	0.0207807906248	-95.9103063578
5260.00000000	-0.00213976359784	-0.0206702769236	0.0207807347405	-95.9101426975
5260.00000000	-0.00213973653738	-0.0206702967482	0.0207807516733	-95.9100628559
5260.00000000	-0.00213975178033	-0.0206703726548	0.0207808287460	-95.9100831100
5260.00000000	-0.00213979009127	-0.0206704490314	0.0207809086614	-95.9101664940
5260.00000000	-0.00213982303994	-0.0206704716126	0.0207809345154	-95.9102504442
5260.00000000	-0.00213983043950	-0.0206704292124	0.0207808931024	-95.9102827749
5260.00000000	-0.00213980734138	-0.0206703444935	0.0207808064554	-95.9102434808
5260.00000000	-0.00213976050069	-0.0206702428577	0.0207807005367	-95.9101438749
5260.00000000	-0.00213970532568	-0.0206701492378	0.0207806017332	-95.9100191352
5260.00000000	-0.00213966325419	-0.0206700870237	0.0207805355178	-95.9099214153
5260.00000000	-0.00213965550156	-0.0206700717815	0.0207805195584	-95.9099044806
5260.00000000	-0.00213969265840	-0.0206701095253	0.0207805609274	-95.9099956691
5260.00000000	-0.00213976239042	-0.0206701932501	0.0207806513874	-95.9101631412
5260.00000000	-0.00213983669938	-0.0206702935930	0.0207807588486	-95.9103384460
5260.00000000	-0.00213989706842	-0.0206703802290	0.0207808512404	-95.9104794106
5260.00000000	-0.00213994476282	-0.0206704432555	0.0207809188432	-95.9105923172
5260.00000000	-0.00213999023403	-0.0206705065293	0.0207809864631	-95.9106990559
5260.00000000	-0.00214003859124	-0.0206706039397	0.0207810883354	-95.9108040163
5260.00000000	-0.00214007479883	-0.0206707160321	0.0207812035606	-95.9108714874
5260.00000000	-0.00214007480536	-0.0206707861236	0.0207812732801	-95.9108516044
5260.00000000	-0.00214003642932	-0.0206707844800	0.0207812676932	-95.9107468275
5260.00000000	-0.00213997677043	-0.0206707272406	0.0207812046146	-95.9105994682
5260.00000000	-0.00213991603461	-0.0206706592319	0.0207811307132	-95.9104522122
5260.00000000	-0.00213987557659	-0.0206706171568	0.0207810846957	-95.9103532035
5260.00000000	-0.00213987563198	-0.0206706015275	0.0207810691551	-95.9103577927
5260.00000000	-0.00213991388546	-0.0206705919126	0.0207810635304	-95.9104654310
5260.00000000	-0.00213996074370	-0.0206705777493	0.0207810542677	-95.9105979589
5260.00000000	-0.00213998769779	-0.0206705641078	0.0207810434743	-95.9106757525
5260.00000000	-0.00213999000381	-0.0206705652735	0.0207810448713	-95.9106817457
5260.00000000	-0.00213997296166	-0.0206705941891	0.0207810718782	-95.9106267986
5260.00000000	-0.00213994087529	-0.0206706453669	0.0207811194798	-95.9105242730
5260.00000000	-0.00213989866229	-0.0206706694580	0.0207811390960	-95.9104016663
5260.00000000	-0.00213986005639	-0.0206706464744	0.0207811122592	-95.9103023167
5260.00000000	-0.00213984816753	-0.0206706195390	0.0207810842428	-95.9102773590
5260.00000000	-0.00213986530374	-0.0206706198780	0.0207810863445	-95.9103242581
5260.00000000	-0.00213988997631	-0.0206706443913	0.0207811132681	-95.9103849620
5260.00000000	-0.00213990764177	-0.0206706794547	0.0207811499642	-95.9104234539
5260.00000000	-0.00213991485985	-0.0206707115128	0.0207811825952	-95.9104341475
5260.00000000	-0.00213990912545	-0.0206707326152	0.0207812029949	-95.9104124301
5260.00000000	-0.00213988693890	-0.0206707347686	0.0207812028522	-95.9103509735
5260.00000000	-0.00213984912090	-0.0206707158313	0.0207811801214	-95.9102526361
5260.00000000	-0.00213981353822	-0.0206707054741	0.0207811661554	-95.9101579929
5260.00000000	-0.00213980896698	-0.0206707379445	0.0207811979825	-95.9101362384
5260.00000000	-0.00213984311755	-0.0206707863944	0.0207812496913	-95.9102161395
5260.00000000	-0.00213988491603	-0.0206707923536	0.0207812599228	-95.9103290773
5260.00000000	-0.00213990571843	-0.0206707514530	0.0207812213817	-95.9103977384
5260.00000000	-0.00213991342679	-0.0206707140973	0.0207811850184	-95.9104294836
5260.00000000	-0.00213993357510	-0.0206707237829	0.0207811967272	-95.9104819894
5260.00000000	-0.00213997686202	-0.0206707824710	0.0207812595608	-95.9105840387
5260.00000000	-0.00214001594390	-0.0206708441596	0.0207813249460	-95.9106737035
5260.00000000	-0.00214002084590	-0.0206708638203	0.0207813450070	-95.9106815648
5260.00000000	-0.00214000945421	-0.0206708580002	0.0207813380447	-95.9106519764
5260.00000000	-0.00214001027843	-0.0206708699402	0.0207813500061	-95.9106508468
5260.00000000	-0.00214001509066	-0.0206709001115	0.0207813805125	-95.9106554778
5260.00000000	-0.00214000157986	-0.0206709182201	0.0207813971336	-95.9106132843
5260.00000000	-0.00213997051567	-0.0206709122822	0.0207813880284	-95.9105297793
5260.00000000	-0.00213993993634	-0.0206708835337	0.0207813562838	-95.9104540800
5260.00000000	-0.00213991734099	-0.0206708187347	0.0207812895025	-95.9104105108
5260.00000000	-0.00213989741260	-0.0206707259233	0.0207811951324	-95.9103822082
5260.00000000	-0.00213986682680	-0.0206706312314	0.0207810977944	-95.9103252117
5260.00000000	-0.00213981952609	-0.0206705407032	0.0207810028768	-95.9102211926
5260.00000000	-0.00213976953379	-0.0206704777567	0.0207809351172	-95.9101019606
5260.00000000	-0.00213973378305	-0.0206704816931	0.0207809353516	-95.9100027974
5260.00000000	-0.00213971078836	-0.0206705394870	0.0207809904706	-95.9099233280
5260.00000000	-0.00213969127773	-0.0206705939593	0.0207810426445	-95.9098543569
5260.00000000	-0.00213967020737	-0.0206705877429	0.0207810342917	-95.9097983369
5260.00000000	-0.00213965379826	-0.0206705231628	0.0207809683654	-95.9097716684
5260.00000000	-0.00213966198725	-0.0206704619280	0.0207809082991	-95.9098115099
5260.00000000	-0.00213970593239	-0.0206704539380	0.0207809048764	-95.9099342970
5260.00000000	-0.00213977021097	-0.0206705000756	0.0207809573873	-95.9100974814
5260.00000000	-0.00213982796478	-0.0206705651713	0.0207810280838	-95.9102373889
5260.00000000	-0.00213986188701	-0.0206706092574	0.0207810754285	-95.9103179031
5270.00000000	-0.00696620371896	-0.0108186394282	0.0128674377143	-122.777791335
5270.00000000	-0.00696628464228	-0.0108187272854	0.0128675553930	-122.777882501
5270.00000000	-0.00696629404586	-0.0108187531196	0.0128675822048	-122.777855429
5270.00000000	-0.00696625316957	-0.0108187185175	0.0128675309824	-122.777785811
5270.00000000	-0.00696621193777	-0.0108186644899	0.0128674632351	-122.777761690
5270.00000000	-0.00696619577136	-0.0108186294440	0.0128674250171	-122.777785650
5270.00000000	-0.00696620142095	-0.0108186219550	0.0128674217791	-122.777824854
5270.00000000	-0.00696622861146	-0.0108186351118	0.0128674475616	-122.777894933
5270.00000000	-0.00696626561948	-0.0108186576022	0.0128674865065	-122.777979266
5270.00000000	-0.00696628718116	-0.0108186857921	0.0128675218810	-122.777992031
5270.00000000	-0.00696627692754	-0.0108187249254	0.0128675492322	-122.777859308
5270.00000000	-0.00696623338783	-0.0108187682294	0.0128675620696	-122.777591916
5270.00000000	-0.00696616750972	-0.0108188044426	0.0128675568521	-122.777257988
5270.00000000	-0.00696609820463	-0.0108188307323	0.0128675414361	-122.776935151
5270.00000000	-0.00696603463016	-0.0108188420552	0.0128675165391	-122.776669846
5270.00000000	-0.00696598066338	-0.0108188321752	0.0128674790164	-122.776491621
5270.00000000	-0.00696593871998	-0.0108187940958	0.0128674242930	-122.776426384
5270.00000000	-0.00696591277698	-0.0108187271173	0.0128673539337	-122.776490714
5270.00000000	-0.00696590361660	-0.0108186358957	0.0128672722766	-122.776676317
5270.00000000	-0.00696590697729	-0.0108185401502	0.0128671935945	-122.776919706
5270.00000000	-0.00696593275214	-0.0108184753402	0.0128671530570	-122.777172439
5270.00000000	-0.00696599922296	-0.0108184681678	0.0128671830123	-122.777438588
5270.00000000	-0.00696609785547	-0.0108185122968	0.0128672735126	-122.777701473
5270.00000000	-0.00696617460119	-0.0108185669448	0.0128673610081	-122.777857057
5270.00000000	-0.00696618318496	-0.0108186007304	0.0128673940613	-122.777807747
5270.00000000	-0.00696613172091	-0.0108186141043	0.0128673774442	-122.777582836
5270.00000000	-0.00696605465811	-0.0108186166512	0.0128673378656	-122.777288187
5270.00000000	-0.00696597603315	-0.0108186153607	0.0128672942151	-122.776996938
5270.00000000	-0.00696591454012	-0.0108186307209	0.0128672738393	-122.776729688
5270.00000000	-0.00696589383599	-0.0108186907807	0.0128673131283	-122.776507394
5270.00000000	-0.00696593240331	-0.0108187799608	0.0128674089889	-122.776436809
5270.00000000	-0.00696600686114	-0.0108188509113	0.0128675089520	-122.776544536
5270.00000000	-0.00696606234554	-0.0108188777518	0.0128675615565	-122.776687558
5270.00000000	-0.00696606927998	-0.0108188671831	0.0128675564245	-122.776738996
5270.00000000	-0.00696603094464	-0.0108188358597	0.0128675093348	-122.776670983
5270.00000000	-0.00696595377336	-0.0108187994202	0.0128674369191	-122.776469907
5270.00000000	-0.00696583278382	-0.0108187624965	0.0128673403750	-122.776105945
5270.00000000	-0.00696566969891	-0.0108187299558	0.0128672247284	-122.775573811
5270.00000000	-0.00696548870614	-0.0108187112894	0.0128671110541	-122.774941175
5270.00000000	-0.00696533306369	-0.0108187138835	0.0128670289804	-122.774352192
5270.00000000	-0.00696524314452	-0.0108187353592	0.0128669983615	-122.773963762
5270.00000000	-0.00696522018851	-0.0108187620760	0.0128670083986	-122.773813413
5270.00000000	-0.00696523628375	-0.0108187857587	0.0128670370242	-122.773816588
5270.00000000	-0.00696526544162	-0.0108188012840	0.0128670658619	-122.773888334
5270.00000000	-0.00696530426806	-0.0108188103318	0.0128670944872	-122.774011893
5270.00000000	-0.00696536133523	-0.0108188288004	0.0128671409078	-122.774181036
5270.00000000	-0.00696542346205	-0.0108188601976	0.0128672009380	-122.774337958
5270.00000000	-0.00696544757355	-0.0108188847741	0.0128672346546	-122.774368990
5270.00000000	-0.00696539902484	-0.0108188774980	0.0128672022558	-122.774204763
5270.00000000	-0.00696528404248	-0.0108188327093	0.0128671023538	-122.773882227
5270.00000000	-0.00696514369591	-0.0108187707439	0.0128669742797	-122.773506124
5270.00000000	-0.00696504202367	-0.0108187286366	0.0128668838381	-122.773226949
5270.00000000	-0.00696502713862	-0.0108187239836	0.0128668718683	-122.773182433
5270.00000000	-0.00696509868194	-0.0108187454590	0.0128669286527	-122.773398535
5270.00000000	-0.00696521234950	-0.0108187782323	0.0128670177397	-122.773745119
5270.00000000	-0.00696531431326	-0.0108188215995	0.0128671093990	-122.774022342
5270.00000000	-0.00696537928326	-0.0108188840568	0.0128671970838	-122.774115040
5270.00000000	-0.00696538920069	-0.0108189596587	0.0128672660194	-122.773969937
5270.00000000	-0.00696532381321	-0.0108190278462	0.0128672879567	-122.773560765
5270.00000000	-0.00696518254014	-0.0108190733284	0.0128672497257	-122.772922205
5270.00000000	-0.00696499646247	-0.0108191001089	0.0128671715186	-122.772160966
5270.00000000	-0.00696480955154	-0.0108191190622	0.0128670862813	-122.771415464
5270.00000000	-0.00696465158722	-0.0108191348638	0.0128670140643	-122.770785931
5270.00000000	-0.00696453150207	-0.0108191506484	0.0128669623376	-122.770298260
5270.00000000	-0.00696444820713	-0.0108191680671	0.0128669318991	-122.769944399
5270.00000000	-0.00696438339972	-0.0108191800614	0.0128669069064	-122.769672834
5270.00000000	-0.00696431657418	-0.0108191854997	0.0128668753092	-122.769409512
5270.00000000	-0.00696424209325	-0.0108191941008	0.0128668422282	-122.769109901
5270.00000000	-0.00696416612027	-0.0108192187753	0.0128668218554	-122.768765963
5270.00000000	-0.00696410135797	-0.0108192757095	0.0128668346769	-122.768386249
5270.00000000	-0.00696405668539	-0.0108193663588	0.0128668867223	-122.768000502
5270.00000000	-0.00696402707745	-0.0108194657906	0.0128669543067	-122.767649999
5270.00000000	-0.00696398590858	-0.0108195590174	0.0128670104168	-122.767271166
5270.00000000	-0.00696392884517	-0.0108196615211	0.0128670657258	-122.766810464
5270.00000000	-0.00696390039431	-0.0108197877135	0.0128671564406	-122.766399812
5270.00000000	-0.00696393741502	-0.0108199345032	0.0128672999100	-122.766184676
5270.00000000	-0.00696402981081	-0.0108200889885	0.0128674798202	-122.766158338
5270.00000000	-0.00696412596467	-0.0108202364124	0.0128676558266	-122.766163089
5270.00000000	-0.00696417482716	-0.0108203556371	0.0128677825260	-122.766058727
5270.00000000	-0.00696418791545	-0.0108204400435	0.0128678605858	-122.765904329
5270.00000000	-0.00696421976104	-0.0108205137613	0.0128679398094	-122.765845919
5270.00000000	-0.00696427046944	-0.0108205804587	0.0128680233383	-122.765875053
5270.00000000	-0.00696429059646	-0.0108206158731	0.0128680640107	-122.765865070
5270.00000000	-0.00696426571394	-0.0108206244062	0.0128680577196	-122.765751345
5270.00000000	-0.00696421548110	-0.0108206292108	0.0128680345735	-122.765551689
5270.00000000	-0.00696415596674	-0.0108206410890	0.0128680123525	-122.765300236
5270.00000000	-0.00696409435185	-0.0108206691499	0.0128680026031	-122.765001921
5270.00000000	-0.00696403421937	-0.0108207142744	0.0128680080050	-122.764668039
5270.00000000	-0.00696396162392	-0.0108207728032	0.0128680179343	-122.764255193
5270.00000000	-0.00696386951925	-0.0108208598600	0.0128680412958	-122.763700560
5270.00000000	-0.00696376669859	-0.0108209839895	0.0128680900344	-122.763016476
5270.00000000	-0.00696365130244	-0.0108211253645	0.0128681464717	-122.762243758
5270.00000000	-0.00696351853340	-0.0108212483661	0.0128681780593	-122.761450269
5270.00000000	-0.00696337313942	-0.0108213201544	0.0128681597504	-122.760732905
5270.00000000	-0.00696324109871	-0.0108213432284	0.0128681077033	-122.760182909
5270.00000000	-0.00696315030631	-0.0108213407313	0.0128680564737	-122.759848968
5270.00000000	-0.00696309318109	-0.0108213167381	0.0128680053853	-122.759692878
5270.00000000	-0.00696304624774	-0.0108212791181	0.0128679483524	-122.759607781
5270.00000000	-0.00696301030483	-0.0108212554845	0.0128679090285	-122.759530138
5270.00000000	-0.00696299642764	-0.0108212614196	0.0128679065105	-122.759463876
5274.00000000	-0.00310839877901	-0.0286697975160	0.0288378125484	-96.1878763396
5274.00000000	-0.00310806362213	-0.0286697174452	0.0288376968197	-96.1872314654
5274.00000000	-0.00310770801355	-0.0286696415165	0.0288375830087	-96.1865453014
5274.00000000	-0.00310735154108	-0.0286695901479	0.0288374935258	-96.1858521674
5274.00000000	-0.00310704112372	-0.0286696064016	0.0288374762378	-96.1852355255
5274.00000000	-0.00310678014849	-0.0286696735484	0.0288375148767	-96.1847056515
5274.00000000	-0.00310654688732	-0.0286697560254	0.0288375717445	-96.1842272409
5274.00000000	-0.00310633873182	-0.0286698623297	0.0288376550073	-96.1837933235
5274.00000000	-0.00310614157794	-0.0286699758997	0.0288377466802	-96.1833795849
5274.00000000	-0.00310594016475	-0.0286700806432	0.0288378291207	-96.1829593244
5274.00000000	-0.00310573572116	-0.0286701724742	0.0288378983990	-96.1825358434
5274.00000000	-0.00310554728743	-0.0286702310642	0.0288379363552	-96.1821511003
5274.00000000	-0.00310539414254	-0.0286702318101	0.0288379206051	-96.1818484387
5274.00000000	-0.00310528213123	-0.0286701799973	0.0288378570319	-96.1816382713
5274.00000000	-0.00310521100708	-0.0286701102491	0.0288377800306	-96.1815127035
5274.00000000	-0.00310519547320	-0.0286700612224	0.0288377296163	-96.1814925084
5274.00000000	-0.00310526115433	-0.0286700499408	0.0288377254728	-96.1816246608
5274.00000000	-0.00310541841396	-0.0286700565137	0.0288377489417	-96.1819338864
5274.00000000	-0.00310564806045	-0.0286700399397	0.0288377571947	-96.1823910482
5274.00000000	-0.00310591152329	-0.0286699827807	0.0288377287427	-96.1829236911
5274.00000000	-0.00310618847672	-0.0286699075059	0.0288376837359	-96.1834868595
5274.00000000	-0.00310647958444	-0.0286698599822	0.0288376678462	-96.1840720489
5274.00000000	-0.00310677597971	-0.0286698653971	0.0288377051597	-96.1846563519
5274.00000000	-0.00310704312694	-0.0286698862624	0.0288377546854	-96.1851795732
5274.00000000	-0.00310726774183	-0.0286698567517	0.0288377495479	-96.1856295648
5274.00000000	-0.00310748262703	-0.0286697584540	0.0288376749771	-96.1860750650
5274.00000000	-0.00310772150053	-0.0286696203328	0.0288375634018	-96.1865764776
5274.00000000	-0.00310799711521	-0.0286694869012	0.0288374604507	-96.1871494640
5274.00000000	-0.00310830815135	-0.0286694110531	0.0288374185685	-96.1877800900
5274.00000000	-0.00310864797891	-0.0286694254183	0.0288374694811	-96.1884482669
5274.00000000	-0.00310900778247	-0.0286694980767	0.0288375805047	-96.1891434128
5274.00000000	-0.00310935041153	-0.0286695647118	0.0288376836924	-96.1898059197
5274.00000000	-0.00310963729969	-0.0286695956469	0.0288377453816	-96.1903659685
5274.00000000	-0.00310986998357	-0.0286695881017	0.0288377629721	-96.1908271930
5274.00000000	-0.00311007079662	-0.0286695309395	0.0288377277997	-96.1912360961
5274.00000000	-0.00311024561715	-0.0286694167543	0.0288376331350	-96.1916058778
5274.00000000	-0.00311038827160	-0.0286692558634	0.0288374885689	-96.1919221347
5274.00000000	-0.00311051924227	-0.0286690914245	0.0288373392161	-96.1922160766
5274.00000000	-0.00311066783951	-0.0286689804328	0.0288372449007	-96.1925333839
5274.00000000	-0.00311084520096	-0.0286689428602	0.0288372266799	-96.1928917742
5274.00000000	-0.00311105026185	-0.0286689724103	0.0288372781793	-96.1932904913
5274.00000000	-0.00311126837600	-0.0286690495987	0.0288373784488	-96.1937047787
5274.00000000	-0.00311147952817	-0.0286691433872	0.0288374944718	-96.1941017529
5274.00000000	-0.00311167047525	-0.0286692288788	0.0288376000675	-96.1944605928
5274.00000000	-0.00311184503059	-0.0286693113230	0.0288377008659	-96.1947877058
5274.00000000	-0.00311201263258	-0.0286694020527	0.0288378091519	-96.1950993057
5274.00000000	-0.00311216414690	-0.0286694863634	0.0288379093212	-96.1953805028
5274.00000000	-0.00311227131195	-0.0286695363541	0.0288379705853	-96.1955814579
5274.00000000	-0.00311231942438	-0.0286695548512	0.0288379941668	-96.1956725239
5274.00000000	-0.00311232869489	-0.0286695640742	0.0288380043364	-96.1956888575
5274.00000000	-0.00311233617155	-0.0286695580877	0.0288379991918	-96.1957049091
5274.00000000	-0.00311236607093	-0.0286695018465	0.0288379465060	-96.1957760265
5274.00000000	-0.00311241918970	-0.0286693693573	0.0288378205237	-96.1959093576
5274.00000000	-0.00311248998381	-0.0286691765890	0.0288376365223	-96.1960905291
5274.00000000	-0.00311257919667	-0.0286689752763	0.0288374460147	-96.1963099168
5274.00000000	-0.00311268135224	-0.0286688147763	0.0288372974788	-96.1965461199
5274.00000000	-0.00311277200441	-0.0286687095482	0.0288372026506	-96.1967477491
5274.00000000	-0.00311281568028	-0.0286686509106	0.0288371490702	-96.1968465964
5274.00000000	-0.00311279772720	-0.0286686325266	0.0288371288556	-96.1968150772
5274.00000000	-0.00311273595546	-0.0286686409160	0.0288371305282	-96.1966912623
5274.00000000	-0.00311267778331	-0.0286686867213	0.0288371697867	-96.1965665333
5274.00000000	-0.00311266558348	-0.0286687914497	0.0288372725863	-96.1965199752
5274.00000000	-0.00311269370079	-0.0286689382055	0.0288374215197	-96.1965440408
5274.00000000	-0.00311272498805	-0.0286690836010	0.0288375694429	-96.1965746591
5274.00000000	-0.00311274567006	-0.0286691821037	0.0288376696025	-96.1965943860
5274.00000000	-0.00311276447519	-0.0286692020385	0.0288376914507	-96.1966272553
5274.00000000	-0.00311280288007	-0.0286691545263	0.0288376483615	-96.1967133033
5274.00000000	-0.00311287648603	-0.0286690633881	0.0288375657012	-96.1968782384
5274.00000000	-0.00311298021388	-0.0286689515068	0.0288374656708	-96.1971071214
5274.00000000	-0.00311310369871	-0.0286688835324	0.0288374114240	-96.1973656133
5274.00000000	-0.00311324730264	-0.0286689233196	0.0288374664815	-96.1976407318
5274.00000000	-0.00311339512529	-0.0286690269349	0.0288375854502	-96.1979104907
5274.00000000	-0.00311350884943	-0.0286690962919	0.0288376666801	-96.1981202440
5274.00000000	-0.00311358073971	-0.0286690969857	0.0288376751316	-96.1982620945
5274.00000000	-0.00311365504375	-0.0286690488512	0.0288376353012	-96.1984191875
5274.00000000	-0.00311377031591	-0.0286689887714	0.0288375880190	-96.1986597648
5274.00000000	-0.00311392612505	-0.0286689533265	0.0288375696054	-96.1989751276
5274.00000000	-0.00311409527080	-0.0286689452124	0.0288375798040	-96.1993109697
5274.00000000	-0.00311424064916	-0.0286689426854	0.0288375929911	-96.1995986668
5274.00000000	-0.00311435841786	-0.0286689529042	0.0288376158685	-96.1998290935
5274.00000000	-0.00311448189269	-0.0286689926143	0.0288376686814	-96.2000644626
5274.00000000	-0.00311462454868	-0.0286690398360	0.0288377310342	-96.2003361057
5274.00000000	-0.00311477218740	-0.0286690661671	0.0288377731573	-96.2006220726
5274.00000000	-0.00311492217394	-0.0286690856710	0.0288378087475	-96.2009141413
5274.00000000	-0.00311507745224	-0.0286691096711	0.0288378493800	-96.2012156966
5274.00000000	-0.00311522473861	-0.0286690907925	0.0288378465223	-96.2015106684
5274.00000000	-0.00311534476636	-0.0286689991546	0.0288377683869	-96.2017674158
5274.00000000	-0.00311541811891	-0.0286688635555	0.0288376415058	-96.2019414075
5274.00000000	-0.00311542606380	-0.0286687297656	0.0288375093573	-96.2019858178
5274.00000000	-0.00311538086750	-0.0286686506623	0.0288374258343	-96.2019135242
5274.00000000	-0.00311531699945	-0.0286686543253	0.0288374225760	-96.2017865840
5274.00000000	-0.00311525498614	-0.0286687316394	0.0288374927384	-96.2016474993
5274.00000000	-0.00311520562083	-0.0286688383669	0.0288375935086	-96.2015270847
5274.00000000	-0.00311517112487	-0.0286689157055	0.0288376666682	-96.2014423487
5274.00000000	-0.00311516016976	-0.0286689646061	0.0288377140992	-96.2014102147
5274.00000000	-0.00311518016754	-0.0286690180147	0.0288377693555	-96.2014382516
5274.00000000	-0.00311521346642	-0.0286690668321	0.0288378214844	-96.2014935461
5274.00000000	-0.00311522940946	-0.0286690836904	0.0288378399662	-96.2015214186
5274.00000000	-0.00311521544135	-0.0286690786724	0.0288378334687	-96.2014949057
5274.00000000	-0.00311518856533	-0.0286690643293	0.0288378163063	-96.2014448986
