DevNumber	X [V]	Y [V]	R [V]	Theta [°]
4253.00000000	-0.0223807827212	0.00640865524036	0.0232802555227	164.021128733
4253.00000000	-0.0223806459353	0.00640859890047	0.0232801085123	164.021169362
4253.00000000	-0.0223805246747	0.00640854300505	0.0232799765499	164.021219459
4253.00000000	-0.0223804467018	0.00640849369572	0.0232798880156	164.021283301
4253.00000000	-0.0223804130296	0.00640844863289	0.0232798432395	164.021367110
4253.00000000	-0.0223804063120	0.00640840957932	0.0232798260308	164.021454963
4253.00000000	-0.0223803985165	0.00640838722654	0.0232798123833	164.021502570
4253.00000000	-0.0223803729929	0.00640837296686	0.0232797839204	164.021519017
4253.00000000	-0.0223803429396	0.00640834849635	0.0232797482921	164.021556556
4253.00000000	-0.0223803200812	0.00640830672362	0.0232797148179	164.021639908
4253.00000000	-0.0223803076026	0.00640825701084	0.0232796891368	164.021749079
4253.00000000	-0.0223802999458	0.00640821280990	0.0232796696085	164.021848476
4253.00000000	-0.0223802852034	0.00640818265788	0.0232796471357	164.021909831
4253.00000000	-0.0223802738044	0.00640817946716	0.0232796352988	164.021909658
4253.00000000	-0.0223802803747	0.00640820355120	0.0232796482448	164.021857124
4253.00000000	-0.0223802975511	0.00640823266615	0.0232796727722	164.021799871
4253.00000000	-0.0223803350210	0.00640825185094	0.0232797140755	164.021779864
4253.00000000	-0.0223803964098	0.00640825782649	0.0232797747375	164.021807316
4253.00000000	-0.0223804600421	0.00640824807031	0.0232798332259	164.021873510
4253.00000000	-0.0223804866518	0.00640822197084	0.0232798516232	164.021953291
4253.00000000	-0.0223804602435	0.00640820153458	0.0232798206097	164.021983754
4253.00000000	-0.0223804102171	0.00640822065873	0.0232797777802	164.021904613
4253.00000000	-0.0223803690019	0.00640826940089	0.0232797515746	164.021761361
4253.00000000	-0.0223803533172	0.00640830081950	0.0232797451446	164.021676395
4253.00000000	-0.0223803642815	0.00640829529285	0.0232797541639	164.021696900
4253.00000000	-0.0223804018983	0.00640827481005	0.0232797846891	164.021770849
4253.00000000	-0.0223804573547	0.00640826026088	0.0232798339980	164.021842845
4253.00000000	-0.0223805039985	0.00640825020268	0.0232798760712	164.021898245
4253.00000000	-0.0223805284412	0.00640824209116	0.0232798973366	164.021933997
4253.00000000	-0.0223805605054	0.00640825150207	0.0232799307527	164.021933453
4253.00000000	-0.0223806413453	0.00640829841923	0.0232800213844	164.021877211
4253.00000000	-0.0223807760259	0.00640838594448	0.0232801749549	164.021761364
4253.00000000	-0.0223809002960	0.00640848524523	0.0232803217589	164.021610605
4253.00000000	-0.0223809265447	0.00640855056613	0.0232803649747	164.021473836
4253.00000000	-0.0223808470163	0.00640856232160	0.0232802917549	164.021392142
4253.00000000	-0.0223807266945	0.00640853472819	0.0232801684860	164.021375912
4253.00000000	-0.0223806492466	0.00640850459698	0.0232800857359	164.021394733
4253.00000000	-0.0223806631587	0.00640850462985	0.0232800991195	164.021404081
4253.00000000	-0.0223807544777	0.00640854568912	0.0232801982131	164.021368801
4253.00000000	-0.0223808731271	0.00640861298598	0.0232803308038	164.021289958
4253.00000000	-0.0223809650136	0.00640867174287	0.0232804353148	164.021213191
4253.00000000	-0.0223810041641	0.00640869348698	0.0232804789384	164.021188268
4253.00000000	-0.0223810074106	0.00640868746375	0.0232804804014	164.021204719
4253.00000000	-0.0223809913201	0.00640867509781	0.0232804615285	164.021223075
4253.00000000	-0.0223809566456	0.00640866953356	0.0232804266620	164.021212749
4253.00000000	-0.0223809024201	0.00640866751280	0.0232803739752	164.021180792
4253.00000000	-0.0223808351717	0.00640866295215	0.0232803080696	164.021146022
4253.00000000	-0.0223807923023	0.00640866057809	0.0232802662030	164.021122595
4253.00000000	-0.0223808022154	0.00640865730286	0.0232802748315	164.021137060
4253.00000000	-0.0223808469099	0.00640863441697	0.0232803114991	164.021221490
4253.00000000	-0.0223808974153	0.00640858723191	0.0232803470640	164.021367349
4253.00000000	-0.0223809380602	0.00640853412923	0.0232803715207	164.021520528
4253.00000000	-0.0223809700996	0.00640849665189	0.0232803920057	164.021630907
4253.00000000	-0.0223809922690	0.00640847733018	0.0232804079998	164.021691642
4253.00000000	-0.0223809984353	0.00640846383044	0.0232804102117	164.021727760
4253.00000000	-0.0223810008332	0.00640845528489	0.0232804101647	164.021749604
4253.00000000	-0.0223809899036	0.00640844818693	0.0232803977034	164.021758993
4253.00000000	-0.0223809140203	0.00640842711764	0.0232803189520	164.021757435
4253.00000000	-0.0223807550679	0.00640838066996	0.0232801533547	164.021759645
4253.00000000	-0.0223805742543	0.00640832361609	0.0232799638213	164.021772140
4253.00000000	-0.0223804445040	0.00640828872056	0.0232798294779	164.021766801
4253.00000000	-0.0223803871577	0.00640828909690	0.0232797744508	164.021727058
4253.00000000	-0.0223803817877	0.00640831209901	0.0232797756201	164.021668995
4253.00000000	-0.0223803942083	0.00640834365136	0.0232797962464	164.021602754
4253.00000000	-0.0223803910592	0.00640837024267	0.0232798005389	164.021537703
4253.00000000	-0.0223803529154	0.00640837636216	0.0232797655533	164.021497381
4253.00000000	-0.0223802909465	0.00640835942453	0.0232797013161	164.021495473
4253.00000000	-0.0223802357159	0.00640832889564	0.0232796398154	164.021530288
4253.00000000	-0.0223801909442	0.00640829322837	0.0232795869551	164.021584348
4253.00000000	-0.0223801365623	0.00640825965065	0.0232795254311	164.021626953
4253.00000000	-0.0223800690747	0.00640823341115	0.0232794533278	164.021643315
4253.00000000	-0.0223800121202	0.00640822142004	0.0232793952728	164.021633100
4253.00000000	-0.0223799961234	0.00640823625636	0.0232793839781	164.021587158
4253.00000000	-0.0223800329133	0.00640829083446	0.0232794343707	164.021482944
4253.00000000	-0.0223801180830	0.00640839038710	0.0232795436545	164.021305095
4253.00000000	-0.0223802296532	0.00640851248690	0.0232796845258	164.021091785
4253.00000000	-0.0223803253886	0.00640861246103	0.0232798040837	164.020920100
4253.00000000	-0.0223803820307	0.00640865155215	0.0232798692985	164.020865984
4253.00000000	-0.0223803952876	0.00640861958940	0.0232798732443	164.020950592
4253.00000000	-0.0223803546208	0.00640853570852	0.0232798110576	164.021121509
4253.00000000	-0.0223802576394	0.00640843162204	0.0232796891702	164.021302080
4253.00000000	-0.0223801429373	0.00640834706627	0.0232795556233	164.021424436
4253.00000000	-0.0223800434247	0.00640830677766	0.0232794488648	164.021452342
4253.00000000	-0.0223799841130	0.00640830529289	0.0232793914359	164.021415671
4253.00000000	-0.0223799917083	0.00640832763691	0.0232794048885	164.021367948
4253.00000000	-0.0223800590654	0.00640835950556	0.0232794784160	164.021338178
4253.00000000	-0.0223801650312	0.00640840182171	0.0232795919366	164.021309847
4253.00000000	-0.0223802928828	0.00640845950572	0.0232797307278	164.021259983
4253.00000000	-0.0223804242293	0.00640852279891	0.0232798744230	164.021199215
4253.00000000	-0.0223805377842	0.00640857437982	0.0232799977898	164.021154106
4253.00000000	-0.0223806147353	0.00640860311561	0.0232800796782	164.021138250
4253.00000000	-0.0223806629294	0.00640860245854	0.0232801258294	164.021172457
4253.00000000	-0.0223806885318	0.00640856813558	0.0232801409941	164.021271013
4253.00000000	-0.0223806835912	0.00640850948257	0.0232801200984	164.021406442
4253.00000000	-0.0223806336454	0.00640844341277	0.0232800538948	164.021528929
4253.00000000	-0.0223805284016	0.00640837915970	0.0232799350298	164.021609654
4253.00000000	-0.0223803977827	0.00640832826772	0.0232797954480	164.021641575
4253.00000000	-0.0223802837585	0.00640831225009	0.0232796814197	164.021602223
4253.00000000	-0.0223802023228	0.00640833676127	0.0232796098776	164.021489053
4253.00000000	-0.0223801484238	0.00640837064929	0.0232795673896	164.021372353
5260.00000000	-0.0189271153156	0.0430347566166	0.0470130404379	113.740372273
5260.00000000	-0.0189270457883	0.0430345168159	0.0470127929382	113.740412367
5260.00000000	-0.0189269787962	0.0430342507234	0.0470125223922	113.740468190
5260.00000000	-0.0189269241027	0.0430339795048	0.0470122521052	113.740540249
5260.00000000	-0.0189268714722	0.0430337209162	0.0470119942101	113.740608414
5260.00000000	-0.0189268175128	0.0430335192336	0.0470117878706	113.740647174
5260.00000000	-0.0189267671072	0.0430334243062	0.0470116806831	113.740637518
5260.00000000	-0.0189267155068	0.0430334106904	0.0470116474453	113.740586633
5260.00000000	-0.0189266748389	0.0430333973885	0.0470116188964	113.740547789
5260.00000000	-0.0189266607910	0.0430333194904	0.0470115419346	113.740570339
5260.00000000	-0.0189266719653	0.0430331725632	0.0470114119394	113.740654898
5260.00000000	-0.0189267019474	0.0430330103728	0.0470112755448	113.740767930
5260.00000000	-0.0189267407977	0.0430329064078	0.0470111960189	113.740862285
5260.00000000	-0.0189267741978	0.0430329132957	0.0470112157708	113.740896168
5260.00000000	-0.0189267846123	0.0430330188483	0.0470113165840	113.740855994
5260.00000000	-0.0189267647004	0.0430331848080	0.0470114604830	113.740752348
5260.00000000	-0.0189267402899	0.0430334005185	0.0470116481118	113.740619272
5260.00000000	-0.0189267315368	0.0430336149293	0.0470118408547	113.740504303
5260.00000000	-0.0189267289981	0.0430337326239	0.0470119475677	113.740443723
5260.00000000	-0.0189267058012	0.0430336958742	0.0470119045889	113.740435875
5260.00000000	-0.0189266420516	0.0430335472488	0.0470117428752	113.740437680
5260.00000000	-0.0189265590986	0.0430334131728	0.0470115867485	113.740410922
5260.00000000	-0.0189264843215	0.0430333619035	0.0470115097129	113.740352655
5260.00000000	-0.0189264193343	0.0430333524084	0.0470114748580	113.740284812
5260.00000000	-0.0189263670062	0.0430333489278	0.0470114506051	113.740228141
5260.00000000	-0.0189263610699	0.0430333912510	0.0470114869570	113.740200752
5260.00000000	-0.0189264162599	0.0430334812979	0.0470115916031	113.740218141
5260.00000000	-0.0189265026389	0.0430335514895	0.0470116906306	113.740280067
5260.00000000	-0.0189265907626	0.0430335916472	0.0470117628680	113.740358676
5260.00000000	-0.0189266686347	0.0430336608111	0.0470118575299	113.740411616
5260.00000000	-0.0189267352171	0.0430337988309	0.0470120106759	113.740418176
5260.00000000	-0.0189268003235	0.0430340026162	0.0470122234281	113.740390820
5260.00000000	-0.0189268438281	0.0430341993455	0.0470124210247	113.740342828
5260.00000000	-0.0189268218803	0.0430342725270	0.0470124791775	113.740282436
5260.00000000	-0.0189267400075	0.0430341845456	0.0470123656798	113.740234266
5260.00000000	-0.0189266438003	0.0430340143281	0.0470121711340	113.740210454
5260.00000000	-0.0189265720748	0.0430338857554	0.0470120245651	113.740193521
5260.00000000	-0.0189265671293	0.0430339156436	0.0470120499332	113.740173339
5260.00000000	-0.0189266519654	0.0430341520636	0.0470123005016	113.740151983
5260.00000000	-0.0189268010443	0.0430345194199	0.0470126967900	113.740138053
5260.00000000	-0.0189269614914	0.0430348455196	0.0470130598897	113.740157048
5260.00000000	-0.0189270867589	0.0430350104610	0.0470132613053	113.740215868
5260.00000000	-0.0189271768456	0.0430350838763	0.0470133647763	113.740280347
5260.00000000	-0.0189272375892	0.0430351492175	0.0470134490431	113.740316052
5260.00000000	-0.0189272366706	0.0430351487473	0.0470134482429	113.740315258
5260.00000000	-0.0189271616896	0.0430350248546	0.0470133046473	113.740292398
5260.00000000	-0.0189270470551	0.0430348341246	0.0470130839061	113.740258093
5260.00000000	-0.0189269519132	0.0430347253146	0.0470129460003	113.740205341
5260.00000000	-0.0189269019209	0.0430347617267	0.0470129592048	113.740131704
5260.00000000	-0.0189268805055	0.0430348794166	0.0470130583143	113.740050069
5260.00000000	-0.0189268639605	0.0430350064920	0.0470131679761	113.739969264
5260.00000000	-0.0189268614397	0.0430351171712	0.0470132682750	113.739912148
5260.00000000	-0.0189269079430	0.0430352299551	0.0470133902369	113.739908691
5260.00000000	-0.0189270135518	0.0430353598446	0.0470135516521	113.739962778
5260.00000000	-0.0189271325960	0.0430354800111	0.0470137095760	113.740036624
5260.00000000	-0.0189272161369	0.0430355688969	0.0470138245729	113.740086209
5260.00000000	-0.0189272510420	0.0430355949070	0.0470138624344	113.740112387
5260.00000000	-0.0189272303820	0.0430354930077	0.0470137608403	113.740139335
5260.00000000	-0.0189271447808	0.0430352148411	0.0470134717498	113.740180319
5260.00000000	-0.0189270168969	0.0430348311701	0.0470130690601	113.740225899
5260.00000000	-0.0189268953823	0.0430344837547	0.0470127021224	113.740260796
5260.00000000	-0.0189268088877	0.0430342166318	0.0470124227815	113.740295366
5260.00000000	-0.0189267485831	0.0430339619079	0.0470121653343	113.740353072
5260.00000000	-0.0189267072384	0.0430337151946	0.0470119228530	113.740427999
5260.00000000	-0.0189266868813	0.0430335298903	0.0470117450338	113.740496210
5260.00000000	-0.0189266715143	0.0430333728870	0.0470115951297	113.740556102
5260.00000000	-0.0189266385915	0.0430331768894	0.0470114024633	113.740615543
5260.00000000	-0.0189265797505	0.0430329410243	0.0470111628686	113.740665630
5260.00000000	-0.0189264998976	0.0430326937940	0.0470109044111	113.740697853
5260.00000000	-0.0189264208346	0.0430324604241	0.0470106589591	113.740724157
5260.00000000	-0.0189263654560	0.0430322823000	0.0470104736131	113.740749776
5260.00000000	-0.0189263390842	0.0430322028239	0.0470103902452	113.740759352
5260.00000000	-0.0189263403240	0.0430322314094	0.0470104169109	113.740746709
5260.00000000	-0.0189263864201	0.0430323855484	0.0470105765643	113.740722502
5260.00000000	-0.0189264671058	0.0430326468057	0.0470108481971	113.740684326
5260.00000000	-0.0189265496497	0.0430329226940	0.0470111339710	113.740641043
5260.00000000	-0.0189266145283	0.0430331129085	0.0470113342089	113.740620091
5260.00000000	-0.0189266444868	0.0430331810244	0.0470114086218	113.740620091
5260.00000000	-0.0189266251367	0.0430331380973	0.0470113615370	113.740619566
5260.00000000	-0.0189265631902	0.0430329984613	0.0470112087780	113.740618972
5260.00000000	-0.0189264725786	0.0430327687635	0.0470109620379	113.740630589
5260.00000000	-0.0189263663307	0.0430324909697	0.0470106649765	113.740648362
5260.00000000	-0.0189262596059	0.0430322442905	0.0470103962050	113.740650335
5260.00000000	-0.0189261760438	0.0430321108732	0.0470102404360	113.740622574
5260.00000000	-0.0189261471748	0.0430321599809	0.0470102737654	113.740566270
5260.00000000	-0.0189261778515	0.0430323830038	0.0470104902660	113.740491062
5260.00000000	-0.0189262487804	0.0430327103762	0.0470108184913	113.740409560
5260.00000000	-0.0189263471680	0.0430330691210	0.0470111864889	113.740343300
5260.00000000	-0.0189264641637	0.0430334075851	0.0470115434135	113.740307752
5260.00000000	-0.0189265848345	0.0430336881817	0.0470118488471	113.740304697
5260.00000000	-0.0189266880085	0.0430338676562	0.0470120546714	113.740331739
5260.00000000	-0.0189267801529	0.0430339447390	0.0470121623280	113.740396715
5260.00000000	-0.0189268795461	0.0430339244433	0.0470121837649	113.740517558
5260.00000000	-0.0189269735689	0.0430337895406	0.0470120981313	113.740688642
5260.00000000	-0.0189270265406	0.0430335400811	0.0470118911083	113.740870140
5260.00000000	-0.0189270063390	0.0430331780169	0.0470115515505	113.741025258
5260.00000000	-0.0189269194733	0.0430327545689	0.0470111289647	113.741136126
5260.00000000	-0.0189268187369	0.0430324115222	0.0470107743918	113.741192069
5260.00000000	-0.0189267524738	0.0430322681323	0.0470106164586	113.741188503
5260.00000000	-0.0189267257573	0.0430322992638	0.0470106341993	113.741143421
5270.00000000	-0.00260810599075	-0.00630032556723	0.00681882094735	-112.487778683
5270.00000000	-0.00260806541185	-0.00630024892771	0.00681873461454	-112.487709951
5270.00000000	-0.00260803015394	-0.00630017216571	0.00681865020377	-112.487682923
5270.00000000	-0.00260800983039	-0.00630010450669	0.00681857991598	-112.487742586
5270.00000000	-0.00260800555432	-0.00630004163130	0.00681852018604	-112.487911469
5270.00000000	-0.00260800795373	-0.00629998075915	0.00681846486039	-112.488125745
5270.00000000	-0.00260800185870	-0.00629993433709	0.00681841963703	-112.488227629
5270.00000000	-0.00260797658369	-0.00629991085741	0.00681838827528	-112.488106857
5270.00000000	-0.00260793499548	-0.00629990772005	0.00681836946944	-112.487794043
5270.00000000	-0.00260788886837	-0.00629992609435	0.00681836880376	-112.487376847
5270.00000000	-0.00260784848962	-0.00629996070637	0.00681838534014	-112.486952095
5270.00000000	-0.00260781969155	-0.00629999502101	0.00681840603136	-112.486618215
5270.00000000	-0.00260780465476	-0.00630002005436	0.00681842341034	-112.486421012
5270.00000000	-0.00260780841711	-0.00630004646291	0.00681844925002	-112.486365350
5270.00000000	-0.00260783862083	-0.00630008005693	0.00681849184175	-112.486491889
5270.00000000	-0.00260789550973	-0.00630012170526	0.00681855208169	-112.486799727
5270.00000000	-0.00260796678583	-0.00630018001233	0.00681863321669	-112.487165721
5270.00000000	-0.00260802781913	-0.00630025103212	0.00681872218037	-112.487411326
5270.00000000	-0.00260806231258	-0.00630030824988	0.00681878824057	-112.487495235
5270.00000000	-0.00260807316285	-0.00630033204255	0.00681881437415	-112.487503007
5270.00000000	-0.00260807187113	-0.00630033082211	0.00681881275245	-112.487496901
5270.00000000	-0.00260806729544	-0.00630032681015	0.00681880729543	-112.487474270
5270.00000000	-0.00260806541742	-0.00630033273585	0.00681881205225	-112.487440646
5270.00000000	-0.00260807222093	-0.00630034988518	0.00681883049983	-112.487438351
5270.00000000	-0.00260809025125	-0.00630037619361	0.00681886170410	-112.487493782
5270.00000000	-0.00260811050419	-0.00630040844696	0.00681889925139	-112.487547361
5270.00000000	-0.00260811975179	-0.00630044619942	0.00681893767030	-112.487497827
5270.00000000	-0.00260811873993	-0.00630049140496	0.00681897905156	-112.487344692
5270.00000000	-0.00260811760811	-0.00630054354300	0.00681902679236	-112.487168348
5270.00000000	-0.00260812409152	-0.00630059112741	0.00681907323846	-112.487065760
5270.00000000	-0.00260814312880	-0.00630062277092	0.00681910975728	-112.487111863
5270.00000000	-0.00260817847375	-0.00630064011763	0.00681913930367	-112.487330512
5270.00000000	-0.00260822399585	-0.00630064800995	0.00681916400725	-112.487658551
5270.00000000	-0.00260825492446	-0.00630064381425	0.00681917196036	-112.487912142
5270.00000000	-0.00260825267104	-0.00630062153324	0.00681915051169	-112.487966253
5270.00000000	-0.00260822491145	-0.00630057617022	0.00681909798034	-112.487896532
5270.00000000	-0.00260818824792	-0.00630051938390	0.00681903148867	-112.487794397
5270.00000000	-0.00260815499399	-0.00630046781721	0.00681897112389	-112.487701956
5270.00000000	-0.00260812616178	-0.00630043281659	0.00681892775677	-112.487590601
5270.00000000	-0.00260809377881	-0.00630042965830	0.00681891245275	-112.487349344
5270.00000000	-0.00260805056816	-0.00630046454027	0.00681892815545	-112.486901772
5270.00000000	-0.00260800606199	-0.00630052599482	0.00681896791536	-112.486358750
5270.00000000	-0.00260797532072	-0.00630059914621	0.00681902374793	-112.485885011
5270.00000000	-0.00260795647825	-0.00630066299449	0.00681907553577	-112.485533552
5270.00000000	-0.00260794674606	-0.00630069692251	0.00681910316241	-112.485348970
5270.00000000	-0.00260795230333	-0.00630070175016	0.00681910974841	-112.485376601
5270.00000000	-0.00260797746943	-0.00630069454562	0.00681911271635	-112.485595128
5270.00000000	-0.00260801929104	-0.00630069962072	0.00681913340044	-112.485903499
5270.00000000	-0.00260806627394	-0.00630073054351	0.00681917994126	-112.486168876
5270.00000000	-0.00260810309212	-0.00630077939027	0.00681923915580	-112.486297738
5270.00000000	-0.00260812654653	-0.00630083726301	0.00681930159896	-112.486293849
5270.00000000	-0.00260814540826	-0.00630089231370	0.00681935967812	-112.486263374
5270.00000000	-0.00260816625776	-0.00630092824500	0.00681940085174	-112.486309769
5270.00000000	-0.00260818501154	-0.00630094278669	0.00681942146048	-112.486408628
5270.00000000	-0.00260819411047	-0.00630095579219	0.00681943695718	-112.486437471
5270.00000000	-0.00260819013939	-0.00630098498368	0.00681946241047	-112.486312840
5270.00000000	-0.00260817613773	-0.00630102294416	0.00681949212979	-112.486082164
5270.00000000	-0.00260815863618	-0.00630104708732	0.00681950774383	-112.485868720
5270.00000000	-0.00260814444129	-0.00630104165893	0.00681949729923	-112.485775968
5270.00000000	-0.00260813345460	-0.00630100262389	0.00681945702994	-112.485816109
5270.00000000	-0.00260811950575	-0.00630093410889	0.00681938838906	-112.485927985
5270.00000000	-0.00260810153471	-0.00630085383366	0.00681930734375	-112.486046428
5270.00000000	-0.00260808539997	-0.00630077840213	0.00681923147622	-112.486163565
5270.00000000	-0.00260807227172	-0.00630071162716	0.00681916475700	-112.486276226
5270.00000000	-0.00260805563557	-0.00630064736047	0.00681909901374	-112.486353596
5270.00000000	-0.00260803537644	-0.00630057674127	0.00681902601531	-112.486423255
5270.00000000	-0.00260802511780	-0.00630049543326	0.00681894696559	-112.486604905
5270.00000000	-0.00260803477469	-0.00630040932113	0.00681887109423	-112.486956617
5270.00000000	-0.00260805256037	-0.00630033734323	0.00681881139174	-112.487326020
5270.00000000	-0.00260806021641	-0.00630029270965	0.00681877308023	-112.487528905
5270.00000000	-0.00260805344856	-0.00630027086475	0.00681875030777	-112.487546568
5270.00000000	-0.00260803989630	-0.00630026406060	0.00681873883749	-112.487463219
5270.00000000	-0.00260802776569	-0.00630026669574	0.00681873663255	-112.487360570
5270.00000000	-0.00260802315728	-0.00630026955384	0.00681873751071	-112.487315606
5270.00000000	-0.00260803127404	-0.00630026801947	0.00681873919750	-112.487383554
5270.00000000	-0.00260805015952	-0.00630027187245	0.00681874998085	-112.487517794
5270.00000000	-0.00260806602143	-0.00630028632178	0.00681876939840	-112.487594503
5270.00000000	-0.00260807047542	-0.00630030398900	0.00681878742582	-112.487572303
5270.00000000	-0.00260806759058	-0.00630031775686	0.00681879904341	-112.487505658
5270.00000000	-0.00260806250255	-0.00630032441906	0.00681880325297	-112.487444744
5270.00000000	-0.00260805343123	-0.00630032207051	0.00681879761338	-112.487381865
5270.00000000	-0.00260803766506	-0.00630031708609	0.00681878697773	-112.487275480
5270.00000000	-0.00260801889847	-0.00630031664670	0.00681877939396	-112.487131193
5270.00000000	-0.00260800943720	-0.00630031754670	0.00681877660683	-112.487054846
5270.00000000	-0.00260801763216	-0.00630031458729	0.00681877700680	-112.487127980
5270.00000000	-0.00260804197669	-0.00630031204187	0.00681878396615	-112.487325166
5270.00000000	-0.00260808110527	-0.00630032119208	0.00681880738656	-112.487599541
5270.00000000	-0.00260813087693	-0.00630034804393	0.00681885123359	-112.487899653
5270.00000000	-0.00260817587452	-0.00630038857788	0.00681890589646	-112.488118725
5270.00000000	-0.00260820262791	-0.00630043377255	0.00681895788743	-112.488181176
5270.00000000	-0.00260820841313	-0.00630046939844	0.00681899301708	-112.488111593
5270.00000000	-0.00260819982700	-0.00630048180731	0.00681900119826	-112.488005054
5270.00000000	-0.00260818760088	-0.00630046082844	0.00681897713826	-112.487977560
5270.00000000	-0.00260818422620	-0.00630040839773	0.00681892740363	-112.488119865
5270.00000000	-0.00260819403209	-0.00630034603022	0.00681887352937	-112.488396437
5270.00000000	-0.00260820791243	-0.00630028758345	0.00681882483633	-112.488692044
5270.00000000	-0.00260821532003	-0.00630023650986	0.00681878048010	-112.488913706
5270.00000000	-0.00260821137772	-0.00630020453156	0.00681874942569	-112.488985879
5270.00000000	-0.00260819626729	-0.00630019909230	0.00681873862025	-112.488886049
5270.00000000	-0.00260817551984	-0.00630020701897	0.00681873800818	-112.488699495
5274.00000000	0.00308007952977	-0.00274945183894	0.00412872562958	-41.7538902815
5274.00000000	0.00308006127066	-0.00274948263433	0.00412873251586	-41.7543778346
5274.00000000	0.00308003825193	-0.00274952522669	0.00412874370790	-41.7550314999
5274.00000000	0.00308001690003	-0.00274958260715	0.00412876599216	-41.7558228482
5274.00000000	0.00308000244684	-0.00274964193927	0.00412879472325	-41.7565706356
5274.00000000	0.00307999606137	-0.00274967837355	0.00412881422397	-41.7570068164
5274.00000000	0.00307999570168	-0.00274967722047	0.00412881318772	-41.7569982039
5274.00000000	0.00307999794349	-0.00274964552885	0.00412879375438	-41.7566494140
5274.00000000	0.00307999416047	-0.00274960457455	0.00412876365816	-41.7562604114
5274.00000000	0.00307997601418	-0.00274957688037	0.00412873167801	-41.7561414179
5274.00000000	0.00307994270407	-0.00274957511704	0.00412870565487	-41.7564310095
5274.00000000	0.00307990671931	-0.00274959817220	0.00412869416502	-41.7570022522
5274.00000000	0.00307988232727	-0.00274963360667	0.00412869956775	-41.7575945094
5274.00000000	0.00307987238135	-0.00274966539063	0.00412871331602	-41.7580154614
5274.00000000	0.00307987058114	-0.00274968325256	0.00412872386894	-41.7582170061
5274.00000000	0.00307986730471	-0.00274968460952	0.00412872232858	-41.7582613346
5274.00000000	0.00307985903336	-0.00274968306350	0.00412871512884	-41.7583217756
5274.00000000	0.00307985495968	-0.00274969974062	0.00412872319686	-41.7585320662
5274.00000000	0.00307985992852	-0.00274973525730	0.00412875055732	-41.7588538072
5274.00000000	0.00307986396024	-0.00274977550858	0.00412878037211	-41.7592332160
5274.00000000	0.00307985884170	-0.00274980977455	0.00412879937524	-41.7596352310
5274.00000000	0.00307985387069	-0.00274983581115	0.00412881300776	-41.7599506928
5274.00000000	0.00307986301086	-0.00274985423442	0.00412883209591	-41.7600569244
5274.00000000	0.00307988579932	-0.00274986958161	0.00412885931617	-41.7600051731
5274.00000000	0.00307991050832	-0.00274988540070	0.00412888828333	-41.7599405573
5274.00000000	0.00307992591474	-0.00274989216661	0.00412890428180	-41.7598682058
5274.00000000	0.00307992514000	-0.00274988159832	0.00412889666531	-41.7597659707
5274.00000000	0.00307990547445	-0.00274985853490	0.00412886663547	-41.7597089840
5274.00000000	0.00307987458711	-0.00274983382446	0.00412882713788	-41.7597386615
5274.00000000	0.00307984455195	-0.00274981771167	0.00412879400208	-41.7598494624
5274.00000000	0.00307982550317	-0.00274982009183	0.00412878137801	-41.7600501559
5274.00000000	0.00307981909490	-0.00274984306994	0.00412879190158	-41.7603472415
5274.00000000	0.00307981952627	-0.00274987257884	0.00412881187683	-41.7606487135
5274.00000000	0.00307982382014	-0.00274988783251	0.00412882523903	-41.7607669238
5274.00000000	0.00307983442661	-0.00274988316991	0.00412883004536	-41.7606206307
5274.00000000	0.00307984900432	-0.00274986395468	0.00412882812171	-41.7602869950
5274.00000000	0.00307986846213	-0.00274983541345	0.00412882362727	-41.7598117182
5274.00000000	0.00307989567298	-0.00274980156128	0.00412882137938	-41.7592098092
5274.00000000	0.00307992473641	-0.00274976899643	0.00412882137125	-41.7586041039
5274.00000000	0.00307995065265	-0.00274974390596	0.00412882399372	-41.7581048576
5274.00000000	0.00307997314349	-0.00274972868952	0.00412883063719	-41.7577394830
5274.00000000	0.00307998734021	-0.00274972455894	0.00412883847661	-41.7575655207
5274.00000000	0.00307999002684	-0.00274973074373	0.00412884459970	-41.7576047149
5274.00000000	0.00307997997373	-0.00274974377537	0.00412884577924	-41.7578325242
5274.00000000	0.00307995310158	-0.00274976423795	0.00412883936140	-41.7582926958
5274.00000000	0.00307991130226	-0.00274979580801	0.00412882920639	-41.7590058064
5274.00000000	0.00307986182402	-0.00274983349453	0.00412881739759	-41.7598532056
5274.00000000	0.00307981592640	-0.00274986410771	0.00412880354962	-41.7605942971
5274.00000000	0.00307978396038	-0.00274987754384	0.00412878865391	-41.7610288246
5274.00000000	0.00307976494779	-0.00274988103035	0.00412877679401	-41.7612406397
5274.00000000	0.00307975505645	-0.00274989570740	0.00412877919116	-41.7614839886
5274.00000000	0.00307975578573	-0.00274993172497	0.00412880372405	-41.7618500751
5274.00000000	0.00307976373890	-0.00274997907349	0.00412884119240	-41.7622666767
5274.00000000	0.00307977110217	-0.00275001695802	0.00412887191751	-41.7625907623
5274.00000000	0.00307977969186	-0.00275002467068	0.00412888346163	-41.7625912040
5274.00000000	0.00307979891514	-0.00274999954520	0.00412888106589	-41.7621534601
5274.00000000	0.00307982958968	-0.00274996198975	0.00412887893338	-41.7614812150
5274.00000000	0.00307986296654	-0.00274993651023	0.00412888686003	-41.7609089935
5274.00000000	0.00307988738948	-0.00274992665675	0.00412889851527	-41.7605812759
5274.00000000	0.00307989727478	-0.00274992207259	0.00412890283592	-41.7604424628
5274.00000000	0.00307989060487	-0.00274991926118	0.00412889598815	-41.7604750059
5274.00000000	0.00307986986729	-0.00274991670687	0.00412887881805	-41.7606402270
5274.00000000	0.00307983998993	-0.00274991179239	0.00412885325842	-41.7608654917
5274.00000000	0.00307980997867	-0.00274990128828	0.00412882387612	-41.7610341371
5274.00000000	0.00307978563782	-0.00274988508173	0.00412879492560	-41.7610913481
5274.00000000	0.00307976693325	-0.00274986909799	0.00412877032774	-41.7610987726
5274.00000000	0.00307975099274	-0.00274985225871	0.00412874722186	-41.7610717936
5274.00000000	0.00307973444975	-0.00274982508444	0.00412871678321	-41.7609434000
5274.00000000	0.00307971948549	-0.00274979464511	0.00412868534761	-41.7607666139
5274.00000000	0.00307971166218	-0.00274977819575	0.00412866855632	-41.7606686438
5274.00000000	0.00307971813352	-0.00274977632932	0.00412867214044	-41.7605895102
5274.00000000	0.00307974007364	-0.00274978359763	0.00412869334717	-41.7604619644
5274.00000000	0.00307976674309	-0.00274979391947	0.00412872011541	-41.7603223178
5274.00000000	0.00307979019777	-0.00274978588548	0.00412873226042	-41.7600223725
5274.00000000	0.00307980732733	-0.00274974162074	0.00412871555745	-41.7594058367
5274.00000000	0.00307981824729	-0.00274967776826	0.00412868117752	-41.7586439151
5274.00000000	0.00307982152127	-0.00274962878984	0.00412865100061	-41.7581066265
5274.00000000	0.00307981025432	-0.00274960916426	0.00412862952549	-41.7580075910
5274.00000000	0.00307977950862	-0.00274960922474	0.00412860663063	-41.7582923808
5274.00000000	0.00307973386245	-0.00274961058221	0.00412857348455	-41.7587283190
5274.00000000	0.00307968685613	-0.00274959718685	0.00412852949871	-41.7590241100
5274.00000000	0.00307964953018	-0.00274957026938	0.00412848372832	-41.7590904462
5274.00000000	0.00307962921635	-0.00274954775724	0.00412845358210	-41.7590451481
5274.00000000	0.00307963011744	-0.00274954681414	0.00412845362616	-41.7590270561
5274.00000000	0.00307964762057	-0.00274956744939	0.00412848042573	-41.7590789027
5274.00000000	0.00307967765985	-0.00274959810474	0.00412852325004	-41.7591186114
5274.00000000	0.00307971083796	-0.00274963477367	0.00412857242083	-41.7591915618
5274.00000000	0.00307973398253	-0.00274968028655	0.00412861999722	-41.7594487996
5274.00000000	0.00307974493917	-0.00274973232081	0.00412866282548	-41.7598861878
5274.00000000	0.00307975088632	-0.00274978344844	0.00412870131337	-41.7603604826
5274.00000000	0.00307976046305	-0.00274982921582	0.00412873893894	-41.7607457349
5274.00000000	0.00307977301369	-0.00274986585936	0.00412877270630	-41.7610090493
5274.00000000	0.00307977528658	-0.00274988850592	0.00412878948493	-41.7612224648
5274.00000000	0.00307976166209	-0.00274989862609	0.00412878606240	-41.7614531474
5274.00000000	0.00307973864475	-0.00274990614746	0.00412877390273	-41.7617437445
5274.00000000	0.00307971266148	-0.00274991547576	0.00412876073430	-41.7620804607
5274.00000000	0.00307968819573	-0.00274992393022	0.00412874811595	-41.7623941075
5274.00000000	0.00307966790152	-0.00274992687155	0.00412873493730	-41.7626121313
5274.00000000	0.00307965214188	-0.00274992025288	0.00412871877369	-41.7626892855
5274.00000000	0.00307963529199	-0.00274990246982	0.00412869436084	-41.7626609512
