DevNumber	X [V]	Y [V]	R [V]	Theta [°]
4253.00000000	-0.0213396103433	-0.0200401718931	0.0292743481415	-136.798653258
4253.00000000	-0.0213395726755	-0.0200401111758	0.0292742791186	-136.798689415
4253.00000000	-0.0213395791932	-0.0200400896229	0.0292742691153	-136.798728898
4253.00000000	-0.0213396281934	-0.0200400900723	0.0292743051419	-136.798793908
4253.00000000	-0.0213396699715	-0.0200400554439	0.0292743118909	-136.798899289
4253.00000000	-0.0213396546149	-0.0200399631681	0.0292742375283	-136.799010365
4253.00000000	-0.0213395850075	-0.0200398586238	0.0292741152207	-136.799066259
4253.00000000	-0.0213394886994	-0.0200397852541	0.0292739947903	-136.799041901
4253.00000000	-0.0213393697013	-0.0200397262344	0.0292738676433	-136.798966668
4253.00000000	-0.0213392396594	-0.0200396522353	0.0292737221917	-136.798898009
4253.00000000	-0.0213391177546	-0.0200395606840	0.0292735706560	-136.798865295
4253.00000000	-0.0213390050815	-0.0200394661203	0.0292734237877	-136.798849247
4253.00000000	-0.0213388934082	-0.0200393884186	0.0292732891913	-136.798810481
4253.00000000	-0.0213387774658	-0.0200393432469	0.0292731737517	-136.798719581
4253.00000000	-0.0213386688884	-0.0200393339840	0.0292730882630	-136.798587316
4253.00000000	-0.0213385911343	-0.0200393505531	0.0292730429267	-136.798459494
4253.00000000	-0.0213385457601	-0.0200393784863	0.0292730289733	-136.798358843
4253.00000000	-0.0213385159013	-0.0200393999459	0.0292730218983	-136.798288218
4253.00000000	-0.0213384878981	-0.0200394064122	0.0292730059121	-136.798241470
4253.00000000	-0.0213384800171	-0.0200394105994	0.0292730030337	-136.798224936
4253.00000000	-0.0213385271146	-0.0200394448774	0.0292730608310	-136.798239136
4253.00000000	-0.0213386318134	-0.0200395232484	0.0292731908013	-136.798267605
4253.00000000	-0.0213387655486	-0.0200396313176	0.0292733622682	-136.798292607
4253.00000000	-0.0213388996614	-0.0200397447168	0.0292735376590	-136.798310511
4253.00000000	-0.0213390224850	-0.0200398462597	0.0292736967041	-136.798330204
4253.00000000	-0.0213391248957	-0.0200399104702	0.0292738153128	-136.798375809
4253.00000000	-0.0213391829404	-0.0200398918563	0.0292738448820	-136.798480138
4253.00000000	-0.0213391723239	-0.0200397516751	0.0292737411799	-136.798665914
4253.00000000	-0.0213390991561	-0.0200395014354	0.0292735165393	-136.798924908
4253.00000000	-0.0213389924487	-0.0200392075213	0.0292732375525	-136.799201281
4253.00000000	-0.0213388974116	-0.0200389640086	0.0292730015763	-136.799421383
4253.00000000	-0.0213388485068	-0.0200388376562	0.0292728794314	-136.799536135
4253.00000000	-0.0213388303488	-0.0200388240372	0.0292728568720	-136.799531238
4253.00000000	-0.0213388194779	-0.0200388819076	0.0292728885629	-136.799434103
4253.00000000	-0.0213388214721	-0.0200389671993	0.0292729484035	-136.799315081
4253.00000000	-0.0213388420947	-0.0200390472816	0.0292730182573	-136.799228452
4253.00000000	-0.0213388593076	-0.0200391024375	0.0292730685622	-136.799172820
4253.00000000	-0.0213388575622	-0.0200391280652	0.0292730848336	-136.799133916
4253.00000000	-0.0213388611085	-0.0200391452390	0.0292730991752	-136.799114165
4253.00000000	-0.0213388859351	-0.0200391701979	0.0292731343585	-136.799111818
4253.00000000	-0.0213389164707	-0.0200392041322	0.0292731798477	-136.799104315
4253.00000000	-0.0213389227808	-0.0200392408256	0.0292732095663	-136.799060417
4253.00000000	-0.0213388811502	-0.0200392617285	0.0292731935287	-136.798974814
4253.00000000	-0.0213387987567	-0.0200392376856	0.0292731170086	-136.798898720
4253.00000000	-0.0213387110266	-0.0200391600826	0.0292729999333	-136.798891894
4253.00000000	-0.0213386609191	-0.0200390564384	0.0292728924564	-136.798972633
4253.00000000	-0.0213386499939	-0.0200389395974	0.0292728045078	-136.799124702
4253.00000000	-0.0213386434646	-0.0200388127439	0.0292727129097	-136.799296948
4253.00000000	-0.0213386252945	-0.0200387200031	0.0292726361782	-136.799404925
4253.00000000	-0.0213386058147	-0.0200387059971	0.0292726123903	-136.799398808
4253.00000000	-0.0213385908940	-0.0200387614328	0.0292726394625	-136.799299720
4253.00000000	-0.0213385874468	-0.0200388493539	0.0292726971366	-136.799169655
4253.00000000	-0.0213386063694	-0.0200389371911	0.0292727710601	-136.799069684
4253.00000000	-0.0213386407137	-0.0200389932666	0.0292728344826	-136.799035693
4253.00000000	-0.0213386693635	-0.0200389959698	0.0292728572176	-136.799070224
4253.00000000	-0.0213386870519	-0.0200389688446	0.0292728515429	-136.799132626
4253.00000000	-0.0213386949864	-0.0200389555593	0.0292728482323	-136.799162213
4253.00000000	-0.0213386894687	-0.0200389849315	0.0292728643170	-136.799112912
4253.00000000	-0.0213386715013	-0.0200390633233	0.0292729048835	-136.798976989
4253.00000000	-0.0213386400613	-0.0200391614160	0.0292729491156	-136.798794906
4253.00000000	-0.0213385850475	-0.0200392230669	0.0292729512170	-136.798633232
4253.00000000	-0.0213385097741	-0.0200392281574	0.0292728998312	-136.798525110
4253.00000000	-0.0213384409145	-0.0200392020278	0.0292728317484	-136.798470126
4253.00000000	-0.0213383963679	-0.0200391519918	0.0292727650232	-136.798481828
4253.00000000	-0.0213383822501	-0.0200390786542	0.0292727045277	-136.798567548
4253.00000000	-0.0213384129297	-0.0200390250053	0.0292726901654	-136.798685202
4253.00000000	-0.0213384873572	-0.0200390457425	0.0292727586155	-136.798755340
4253.00000000	-0.0213385830761	-0.0200391495288	0.0292728994384	-136.798735513
4253.00000000	-0.0213386935183	-0.0200393013012	0.0292730838435	-136.798666948
4253.00000000	-0.0213388210023	-0.0200394606069	0.0292732858283	-136.798610470
4253.00000000	-0.0213389449847	-0.0200395928408	0.0292734667282	-136.798587926
4253.00000000	-0.0213390246094	-0.0200396775471	0.0292735827577	-136.798573759
4253.00000000	-0.0213390345896	-0.0200397170485	0.0292736170741	-136.798530772
4253.00000000	-0.0213389998854	-0.0200397293883	0.0292736002239	-136.798466668
4253.00000000	-0.0213389512119	-0.0200397280114	0.0292735638007	-136.798403416
4253.00000000	-0.0213388862107	-0.0200397085787	0.0292735031152	-136.798344048
4253.00000000	-0.0213387998018	-0.0200396602018	0.0292734070102	-136.798297292
4253.00000000	-0.0213386975271	-0.0200395797439	0.0292732773783	-136.798275049
4253.00000000	-0.0213385934228	-0.0200394797174	0.0292731330166	-136.798278274
4253.00000000	-0.0213385175124	-0.0200393746154	0.0292730057324	-136.798326517
4253.00000000	-0.0213385030301	-0.0200392878587	0.0292729357846	-136.798430894
4253.00000000	-0.0213385547248	-0.0200392453323	0.0292729443553	-136.798560835
4253.00000000	-0.0213386368133	-0.0200392332969	0.0292729959549	-136.798687996
4253.00000000	-0.0213387038989	-0.0200392220584	0.0292730371637	-136.798793918
4253.00000000	-0.0213387146731	-0.0200391984925	0.0292730288854	-136.798841978
4253.00000000	-0.0213386621878	-0.0200391667516	0.0292729688974	-136.798816941
4253.00000000	-0.0213385855430	-0.0200391312689	0.0292728887366	-136.798764871
4253.00000000	-0.0213385302529	-0.0200390903423	0.0292728204159	-136.798749181
4253.00000000	-0.0213385114606	-0.0200390534193	0.0292727814411	-136.798776683
4253.00000000	-0.0213385215836	-0.0200390483862	0.0292727853748	-136.798797428
4253.00000000	-0.0213385530600	-0.0200390827853	0.0292728318680	-136.798790523
4253.00000000	-0.0213385918363	-0.0200391395743	0.0292728990097	-136.798761453
4253.00000000	-0.0213386229906	-0.0200392036797	0.0292729656040	-136.798711732
4253.00000000	-0.0213386452027	-0.0200392589916	0.0292730196600	-136.798662577
4253.00000000	-0.0213386635823	-0.0200392928062	0.0292730562062	-136.798638958
4253.00000000	-0.0213386828498	-0.0200393097767	0.0292730818686	-136.798640561
4253.00000000	-0.0213386989801	-0.0200393184785	0.0292730995839	-136.798649758
4253.00000000	-0.0213386945679	-0.0200393235287	0.0292730998247	-136.798636641
4253.00000000	-0.0213386602031	-0.0200393391230	0.0292730854498	-136.798568347
4253.00000000	-0.0213386021120	-0.0200393614187	0.0292730583671	-136.798458700
5260.00000000	-0.0197312445673	0.0668204037435	0.0696727232754	106.451223333
5260.00000000	-0.0197312282642	0.0668204489588	0.0696727620227	106.451199945
5260.00000000	-0.0197312620103	0.0668205050477	0.0696728253723	106.451213498
5260.00000000	-0.0197312872968	0.0668204271579	0.0696727578323	106.451251581
5260.00000000	-0.0197312675365	0.0668201220325	0.0696724596023	106.451307057
5260.00000000	-0.0197312366376	0.0668196700953	0.0696720174165	106.451387941
5260.00000000	-0.0197312628991	0.0668192523353	0.0696716241970	106.451505948
5260.00000000	-0.0197313443246	0.0668189423853	0.0696713499966	106.451642356
5260.00000000	-0.0197314103629	0.0668186951279	0.0696711315647	106.451752027
5260.00000000	-0.0197314127672	0.0668184791506	0.0696709251108	106.451804225
5260.00000000	-0.0197313440459	0.0668182613010	0.0696706967178	106.451800762
5260.00000000	-0.0197312341924	0.0668179851096	0.0696704007227	106.451778446
5260.00000000	-0.0197311198647	0.0668176622729	0.0696700587248	106.451763465
5260.00000000	-0.0197310131130	0.0668173667457	0.0696697450641	106.451748098
5260.00000000	-0.0197309328151	0.0668171726432	0.0696695361674	106.451729973
5260.00000000	-0.0197308939355	0.0668170905820	0.0696694464549	106.451718421
5260.00000000	-0.0197308898934	0.0668170627196	0.0696694185885	106.451721722
5260.00000000	-0.0197309104008	0.0668170596726	0.0696694214741	106.451738606
5260.00000000	-0.0197309687793	0.0668171521308	0.0696695266802	106.451763116
5260.00000000	-0.0197310681788	0.0668174116529	0.0696698037278	106.451781070
5260.00000000	-0.0197311819427	0.0668177957152	0.0696702042849	106.451781347
5260.00000000	-0.0197312801222	0.0668181977169	0.0696706176333	106.451765154
5260.00000000	-0.0197313609462	0.0668185613349	0.0696709892542	106.451744212
5260.00000000	-0.0197314098069	0.0668188432892	0.0696712735026	106.451717081
5260.00000000	-0.0197314121524	0.0668190544015	0.0696714766359	106.451669763
5260.00000000	-0.0197313835204	0.0668192800627	0.0696716849496	106.451594624
5260.00000000	-0.0197313621951	0.0668195366375	0.0696719249808	106.451518049
5260.00000000	-0.0197313567725	0.0668196928898	0.0696720733003	106.451477382
5260.00000000	-0.0197313431465	0.0668196250710	0.0696720043991	106.451482430
5260.00000000	-0.0197312949299	0.0668193151284	0.0696716934905	106.451516586
5260.00000000	-0.0197312215713	0.0668188548893	0.0696712313183	106.451565917
5260.00000000	-0.0197311628177	0.0668183394934	0.0696707203838	106.451639614
5260.00000000	-0.0197311395977	0.0668178333530	0.0696702283892	106.451739183
5260.00000000	-0.0197311524749	0.0668174344965	0.0696698495095	106.451842236
5260.00000000	-0.0197311815658	0.0668172043795	0.0696696370528	106.451918777
5260.00000000	-0.0197311897165	0.0668171337365	0.0696695716105	106.451941659
5260.00000000	-0.0197311538421	0.0668171405609	0.0696695679954	106.451911774
5260.00000000	-0.0197310890061	0.0668171444378	0.0696695533514	106.451859734
5260.00000000	-0.0197310337415	0.0668171560256	0.0696695488134	106.451813446
5260.00000000	-0.0197310089468	0.0668172033413	0.0696695871698	106.451782870
5260.00000000	-0.0197310237788	0.0668173161398	0.0696696995507	106.451768297
5260.00000000	-0.0197311012024	0.0668175262266	0.0696699229632	106.451780431
5260.00000000	-0.0197312555371	0.0668178079953	0.0696702369048	106.451836532
5260.00000000	-0.0197314265347	0.0668180252964	0.0696704937373	106.451920789
5260.00000000	-0.0197315293850	0.0668180512609	0.0696705477672	106.451995861
5260.00000000	-0.0197315332781	0.0668179041452	0.0696704077774	106.452033196
5260.00000000	-0.0197314520314	0.0668176589913	0.0696701496506	106.452026214
5260.00000000	-0.0197313177612	0.0668173297677	0.0696697958794	106.451996993
5260.00000000	-0.0197311820629	0.0668169597918	0.0696694026200	106.451976136
5260.00000000	-0.0197310701594	0.0668166239104	0.0696690487980	106.451966106
5260.00000000	-0.0197309712671	0.0668164210341	0.0696688262206	106.451935359
5260.00000000	-0.0197309056314	0.0668164517078	0.0696688370497	106.451876446
5260.00000000	-0.0197309051397	0.0668166490485	0.0696690261716	106.451830095
5260.00000000	-0.0197309756616	0.0668168542399	0.0696692429345	106.451837926
5260.00000000	-0.0197311063500	0.0668169827480	0.0696694031935	106.451911073
5260.00000000	-0.0197312485947	0.0668170362082	0.0696694947503	106.452010813
5260.00000000	-0.0197313577045	0.0668170395771	0.0696695288825	106.452096086
5260.00000000	-0.0197314267444	0.0668170627790	0.0696695706876	106.452145135
5260.00000000	-0.0197314539552	0.0668171533946	0.0696696652995	106.452145491
5260.00000000	-0.0197314108971	0.0668172420805	0.0696697381596	106.452090874
5260.00000000	-0.0197312752990	0.0668172081108	0.0696696671777	106.451991837
5260.00000000	-0.0197310793156	0.0668170064171	0.0696694182371	106.451884237
5260.00000000	-0.0197309046028	0.0668167767486	0.0696691484914	106.451799929
5260.00000000	-0.0197308023517	0.0668166731628	0.0696690201882	106.451743407
5260.00000000	-0.0197307603915	0.0668167294252	0.0696690622637	106.451697207
5260.00000000	-0.0197307632095	0.0668169532276	0.0696692777015	106.451647304
5260.00000000	-0.0197308220261	0.0668173895736	0.0696697128404	106.451592067
5260.00000000	-0.0197309538778	0.0668179983776	0.0696703340606	106.451554268
5260.00000000	-0.0197311524768	0.0668186786777	0.0696710427530	106.451552462
5260.00000000	-0.0197313687948	0.0668193064121	0.0696717060500	106.451576873
5260.00000000	-0.0197315433870	0.0668197509757	0.0696721818583	106.451611036
5260.00000000	-0.0197316492334	0.0668199680813	0.0696724200517	106.451643953
5260.00000000	-0.0197317116946	0.0668200330830	0.0696725000815	106.451678077
5260.00000000	-0.0197317506330	0.0668200133647	0.0696724921981	106.451713379
5260.00000000	-0.0197317541026	0.0668199329566	0.0696724160647	106.451734843
5260.00000000	-0.0197316893758	0.0668197899520	0.0696722605837	106.451717099
5260.00000000	-0.0197315558528	0.0668195524529	0.0696719949935	106.451667103
5260.00000000	-0.0197313872458	0.0668192185226	0.0696716269841	106.451611895
5260.00000000	-0.0197312217609	0.0668188616748	0.0696712378798	106.451564487
5260.00000000	-0.0197311169909	0.0668185639103	0.0696709226345	106.451551203
5260.00000000	-0.0197311110631	0.0668183924314	0.0696707564973	106.451586466
5260.00000000	-0.0197311710905	0.0668183359859	0.0696707193628	106.451646956
5260.00000000	-0.0197312243297	0.0668182844046	0.0696706849710	106.451700960
5260.00000000	-0.0197312399879	0.0668181811858	0.0696705904126	106.451737350
5260.00000000	-0.0197312402245	0.0668180909426	0.0696705039311	106.451758554
5260.00000000	-0.0197312449774	0.0668180698500	0.0696704850481	106.451767216
5260.00000000	-0.0197312465987	0.0668180950166	0.0696705096435	106.451762633
5260.00000000	-0.0197312297364	0.0668181408257	0.0696705488016	106.451738664
5260.00000000	-0.0197311969931	0.0668182381658	0.0696706328833	106.451690168
5260.00000000	-0.0197311843746	0.0668184178383	0.0696708016262	106.451638370
5260.00000000	-0.0197312122533	0.0668186248817	0.0696710080885	106.451612137
5260.00000000	-0.0197312662952	0.0668187824785	0.0696711745382	106.451618056
5260.00000000	-0.0197313122917	0.0668188331879	0.0696712361979	106.451642523
5260.00000000	-0.0197313117032	0.0668187821872	0.0696711871186	106.451653937
5260.00000000	-0.0197312632258	0.0668187111811	0.0696711052904	106.451632240
5260.00000000	-0.0197312032996	0.0668187371842	0.0696711132575	106.451578920
5260.00000000	-0.0197311579527	0.0668189118814	0.0696712679602	106.451502468
5260.00000000	-0.0197311091013	0.0668191692655	0.0696715009721	106.451403994
5260.00000000	-0.0197310674411	0.0668194005473	0.0696717109871	106.451317272
5260.00000000	-0.0197310771498	0.0668195506591	0.0696718577029	106.451289969
5270.00000000	-0.217068226758	-0.215658416273	0.305985567596	-135.186667279
5270.00000000	-0.217068256239	-0.215657866749	0.305985201206	-135.186744166
5270.00000000	-0.217068579738	-0.215657636227	0.305985268228	-135.186817482
5270.00000000	-0.217068547928	-0.215657229110	0.305984958727	-135.186867364
5270.00000000	-0.217067480687	-0.215656043381	0.305983365918	-135.186884025
5270.00000000	-0.217065673242	-0.215654321032	0.305980869794	-135.186874282
5270.00000000	-0.217064027697	-0.215652860670	0.305978673170	-135.186851104
5270.00000000	-0.217062889216	-0.215651903380	0.305977190827	-135.186828018
5270.00000000	-0.217061936446	-0.215651109316	0.305975955269	-135.186807757
5270.00000000	-0.217060984656	-0.215650290315	0.305974702832	-135.186790940
5270.00000000	-0.217060138761	-0.215649578652	0.305973601168	-135.186773838
5270.00000000	-0.217059456085	-0.215649099341	0.305972779055	-135.186747412
5270.00000000	-0.217059038880	-0.215648948299	0.305972376632	-135.186712414
5270.00000000	-0.217059162131	-0.215649280522	0.305972698218	-135.186684548
5270.00000000	-0.217059829597	-0.215650001932	0.305973680172	-135.186676806
5270.00000000	-0.217060485418	-0.215650607671	0.305974572340	-135.186682893
5270.00000000	-0.217060598485	-0.215650680208	0.305974703674	-135.186688179
5270.00000000	-0.217060130426	-0.215650158744	0.305974004103	-135.186695678
5270.00000000	-0.217059423468	-0.215649266622	0.305972873816	-135.186720885
5270.00000000	-0.217058890139	-0.215648346150	0.305971846721	-135.186772775
5270.00000000	-0.217058730310	-0.215647642507	0.305971237411	-135.186845154
5270.00000000	-0.217058981051	-0.215647195921	0.305971100536	-135.186937573
5270.00000000	-0.217059661395	-0.215646931039	0.305971396492	-135.187062552
5270.00000000	-0.217060778332	-0.215646804953	0.305972099997	-135.187226713
5270.00000000	-0.217062350154	-0.215646923451	0.305973298587	-135.187418417
5270.00000000	-0.217064193921	-0.215647318700	0.305974885154	-135.187609245
5270.00000000	-0.217065827620	-0.215647695386	0.305976309615	-135.187774813
5270.00000000	-0.217066558148	-0.215647490926	0.305976683767	-135.187898385
5270.00000000	-0.217065937521	-0.215646296825	0.305975401897	-135.187975107
5270.00000000	-0.217064245964	-0.215644294013	0.305972790321	-135.188017925
5270.00000000	-0.217062257407	-0.215642107496	0.305969838572	-135.188045951
5270.00000000	-0.217060710164	-0.215640356509	0.305967506857	-135.188074363
5270.00000000	-0.217059945592	-0.215639321294	0.305966234851	-135.188110982
5270.00000000	-0.217059830203	-0.215638818314	0.305965798500	-135.188162573
5270.00000000	-0.217060035068	-0.215638435871	0.305965674298	-135.188240418
5270.00000000	-0.217060387642	-0.215637967782	0.305965594524	-135.188349135
5270.00000000	-0.217060834969	-0.215637529141	0.305965602726	-135.188466446
5270.00000000	-0.217061539830	-0.215637370629	0.305965991059	-135.188580530
5270.00000000	-0.217062648923	-0.215637547237	0.305966902353	-135.188703443
5270.00000000	-0.217063974083	-0.215637817984	0.305968033281	-135.188842364
5270.00000000	-0.217065225948	-0.215637940236	0.305969007557	-135.188991339
5270.00000000	-0.217066293955	-0.215637920878	0.305969751596	-135.189134861
5270.00000000	-0.217067219381	-0.215637872230	0.305970373843	-135.189263457
5270.00000000	-0.217067827046	-0.215637614596	0.305970623373	-135.189377879
5270.00000000	-0.217068009411	-0.215636975161	0.305970302099	-135.189486895
5270.00000000	-0.217067980096	-0.215636059057	0.305969635664	-135.189604730
5270.00000000	-0.217067718638	-0.215634783050	0.305968550893	-135.189739743
5270.00000000	-0.217066855060	-0.215632900808	0.305966611702	-135.189875831
5270.00000000	-0.217065528667	-0.215630706085	0.305964123946	-135.189992356
5270.00000000	-0.217064475860	-0.215628821333	0.305962048741	-135.190103808
5270.00000000	-0.217064192002	-0.215627563033	0.305960960564	-135.190233517
5270.00000000	-0.217064741756	-0.215627051462	0.305960990056	-135.190374036
5270.00000000	-0.217065939724	-0.215627234671	0.305961969075	-135.190507798
5270.00000000	-0.217067421989	-0.215627722092	0.305963364185	-135.190638662
5270.00000000	-0.217068726386	-0.215628030811	0.305964507168	-135.190769793
5270.00000000	-0.217069776742	-0.215628044218	0.305965261800	-135.190906631
5270.00000000	-0.217070722664	-0.215627851520	0.305965797091	-135.191057067
5270.00000000	-0.217071694361	-0.215627677716	0.305966363985	-135.191208394
5270.00000000	-0.217072648712	-0.215627600547	0.305966986677	-135.191344593
5270.00000000	-0.217073352057	-0.215627339434	0.305967301659	-135.191472104
5270.00000000	-0.217073659233	-0.215626657885	0.305967039276	-135.191603190
5270.00000000	-0.217073665586	-0.215625628477	0.305966318321	-135.191740792
5270.00000000	-0.217073655848	-0.215624517324	0.305965528343	-135.191887131
5270.00000000	-0.217073858524	-0.215623576920	0.305965009402	-135.192038818
5270.00000000	-0.217074435012	-0.215622906121	0.305964945672	-135.192204017
5270.00000000	-0.217075681707	-0.215622629923	0.305965635527	-135.192405238
5270.00000000	-0.217077785256	-0.215622998013	0.305967387354	-135.192633936
5270.00000000	-0.217080536541	-0.215624049987	0.305970080691	-135.192857252
5270.00000000	-0.217083765686	-0.215625685253	0.305973524124	-135.193066129
5270.00000000	-0.217087408118	-0.215627714066	0.305977538125	-135.193277256
5270.00000000	-0.217091030517	-0.215629616834	0.305981449090	-135.193502479
5270.00000000	-0.217093931273	-0.215630795229	0.305984337584	-135.193728705
5270.00000000	-0.217095696040	-0.215631025224	0.305985751757	-135.193931023
5270.00000000	-0.217096332899	-0.215630350165	0.305985727887	-135.194104744
5270.00000000	-0.217096008193	-0.215628894008	0.305984471346	-135.194255353
5270.00000000	-0.217094891206	-0.215626788536	0.305982195106	-135.194387682
5270.00000000	-0.217093193278	-0.215624200611	0.305979166704	-135.194507449
5270.00000000	-0.217091335114	-0.215621574441	0.305975997664	-135.194611156
5270.00000000	-0.217089904757	-0.215619504790	0.305973524334	-135.194697379
5270.00000000	-0.217089298103	-0.215618232245	0.305972197148	-135.194786396
5270.00000000	-0.217089420347	-0.215617505010	0.305971771399	-135.194899149
5270.00000000	-0.217089867935	-0.215616952044	0.305971699294	-135.195031680
5270.00000000	-0.217090372622	-0.215616482656	0.305971726599	-135.195160643
5270.00000000	-0.217090940058	-0.215616273492	0.305971981805	-135.195263311
5270.00000000	-0.217091741600	-0.215616421171	0.305972654578	-135.195349461
5270.00000000	-0.217092873602	-0.215616764077	0.305973699393	-135.195453280
5270.00000000	-0.217094093464	-0.215616999082	0.305974730510	-135.195583027
5270.00000000	-0.217095093420	-0.215616953805	0.305975408089	-135.195720994
5270.00000000	-0.217095892281	-0.215616660801	0.305975768420	-135.195865338
5270.00000000	-0.217096605745	-0.215616227973	0.305975969630	-135.196016991
5270.00000000	-0.217097122503	-0.215615614335	0.305975903861	-135.196166709
5270.00000000	-0.217097359894	-0.215614855720	0.305975537715	-135.196298826
5270.00000000	-0.217097303989	-0.215614119897	0.305974979530	-135.196389213
5270.00000000	-0.217097113806	-0.215613603442	0.305974480655	-135.196432735
5270.00000000	-0.217097143301	-0.215613506936	0.305974433576	-135.196449449
5270.00000000	-0.217097723841	-0.215613916471	0.305975134076	-135.196471642
5270.00000000	-0.217098663271	-0.215614594658	0.305976278531	-135.196505499
5270.00000000	-0.217099487208	-0.215615228885	0.305977310063	-135.196529956
5270.00000000	-0.217100027543	-0.215615757378	0.305978065863	-135.196531038
5270.00000000	-0.217100113327	-0.215616007868	0.305978303243	-135.196509077
5274.00000000	-0.192265797575	-0.215352270503	0.288691422331	-131.758372854
5274.00000000	-0.192265428646	-0.215351788976	0.288690817429	-131.758381881
5274.00000000	-0.192265333589	-0.215351689294	0.288690679763	-131.758380984
5274.00000000	-0.192265009355	-0.215351570796	0.288690375431	-131.758348644
5274.00000000	-0.192264088699	-0.215351037521	0.288689364481	-131.758282829
5274.00000000	-0.192262765734	-0.215350056217	0.288687751386	-131.758216670
5274.00000000	-0.192261658839	-0.215349117951	0.288686314295	-131.758176812
5274.00000000	-0.192261108496	-0.215348554577	0.288685527518	-131.758169799
5274.00000000	-0.192260725832	-0.215348117298	0.288684946475	-131.758170944
5274.00000000	-0.192259952073	-0.215347424808	0.288683914589	-131.758147920
5274.00000000	-0.192258627375	-0.215346391498	0.288682261546	-131.758088378
5274.00000000	-0.192257006265	-0.215345272051	0.288680346842	-131.757996335
5274.00000000	-0.192255440195	-0.215344307569	0.288678584393	-131.757891956
5274.00000000	-0.192254362964	-0.215343734665	0.288677439607	-131.757808192
5274.00000000	-0.192254012875	-0.215343668676	0.288677157229	-131.757765082
5274.00000000	-0.192254107224	-0.215343843502	0.288677350478	-131.757755942
5274.00000000	-0.192254235906	-0.215344000549	0.288677553329	-131.757754235
5274.00000000	-0.192254252461	-0.215344100193	0.288677638685	-131.757743515
5274.00000000	-0.192254428516	-0.215344267429	0.288677880688	-131.757747476
5274.00000000	-0.192255070459	-0.215344569776	0.288678533753	-131.757802555
5274.00000000	-0.192256042853	-0.215344897293	0.288679425668	-131.757903232
5274.00000000	-0.192256954078	-0.215345157664	0.288680226757	-131.758003728
5274.00000000	-0.192257656164	-0.215345400636	0.288680875585	-131.758075559
5274.00000000	-0.192258230581	-0.215345638015	0.288681435216	-131.758129227
5274.00000000	-0.192258851961	-0.215345849954	0.288682007146	-131.758193210
5274.00000000	-0.192259648194	-0.215346012626	0.288682658775	-131.758289593
5274.00000000	-0.192260329180	-0.215345862171	0.288683000072	-131.758410303
5274.00000000	-0.192260200092	-0.215344954547	0.288682237050	-131.758511162
5274.00000000	-0.192258804375	-0.215343168312	0.288679975056	-131.758540630
5274.00000000	-0.192256477768	-0.215340997801	0.288676806443	-131.758483070
5274.00000000	-0.192254138858	-0.215339171518	0.288673886416	-131.758378186
5274.00000000	-0.192252471656	-0.215338009982	0.288671909615	-131.758284881
5274.00000000	-0.192251607987	-0.215337355713	0.288670846362	-131.758243493
5274.00000000	-0.192251464112	-0.215337003505	0.288670487809	-131.758268748
5274.00000000	-0.192251867465	-0.215336872691	0.288670658855	-131.758345760
5274.00000000	-0.192252566262	-0.215336897809	0.288671142985	-131.758445903
5274.00000000	-0.192253315320	-0.215337076142	0.288671774881	-131.758533234
5274.00000000	-0.192254166498	-0.215337506918	0.288672663100	-131.758602315
5274.00000000	-0.192255270246	-0.215338207146	0.288673920530	-131.758673172
5274.00000000	-0.192256464881	-0.215338971042	0.288675285984	-131.758749069
5274.00000000	-0.192257532353	-0.215339632062	0.288676490008	-131.758819737
5274.00000000	-0.192258455629	-0.215340184136	0.288677516728	-131.758883457
5274.00000000	-0.192259281445	-0.215340623017	0.288678394105	-131.758947709
5274.00000000	-0.192259754606	-0.215340582714	0.288678679166	-131.759023090
5274.00000000	-0.192259573353	-0.215339672247	0.288677879286	-131.759116605
5274.00000000	-0.192259000216	-0.215338112987	0.288676334445	-131.759237862
5274.00000000	-0.192258487741	-0.215336364578	0.288674688911	-131.759393104
5274.00000000	-0.192258066033	-0.215334605128	0.288673095595	-131.759563247
5274.00000000	-0.192257753113	-0.215333010415	0.288671697619	-131.759727722
5274.00000000	-0.192257867836	-0.215331790563	0.288670864085	-131.759905959
5274.00000000	-0.192258648961	-0.215331106953	0.288670874391	-131.760111976
5274.00000000	-0.192259931593	-0.215331018802	0.288671662888	-131.760313529
5274.00000000	-0.192261280122	-0.215331370883	0.288672823661	-131.760466642
5274.00000000	-0.192262255841	-0.215331765529	0.288673767889	-131.760558931
5274.00000000	-0.192262620096	-0.215331784919	0.288674024953	-131.760610297
5274.00000000	-0.192262480821	-0.215331218804	0.288673509909	-131.760664512
5274.00000000	-0.192262272693	-0.215330252778	0.288672650701	-131.760761399
5274.00000000	-0.192262526542	-0.215329405114	0.288672187470	-131.760911037
5274.00000000	-0.192263440864	-0.215329008156	0.288672500329	-131.761098879
5274.00000000	-0.192264779115	-0.215328871784	0.288673289918	-131.761315037
5274.00000000	-0.192266042985	-0.215328586441	0.288673918849	-131.761539874
5274.00000000	-0.192266979966	-0.215328031242	0.288674128775	-131.761751988
5274.00000000	-0.192267725027	-0.215327356486	0.288674121698	-131.761951493
5274.00000000	-0.192268370596	-0.215326677308	0.288674045062	-131.762136852
5274.00000000	-0.192269095239	-0.215326163501	0.288674144447	-131.762312057
5274.00000000	-0.192270433227	-0.215326153866	0.288675028418	-131.762511417
5274.00000000	-0.192272696852	-0.215326896685	0.288677090173	-131.762748342
5274.00000000	-0.192275410982	-0.215328078531	0.288679779465	-131.762993921
5274.00000000	-0.192278150009	-0.215329384734	0.288682578104	-131.763226743
5274.00000000	-0.192281058175	-0.215330857218	0.288685613433	-131.763462617
5274.00000000	-0.192284055290	-0.215332254796	0.288688652140	-131.763721557
5274.00000000	-0.192286530295	-0.215333001287	0.288690857452	-131.763989268
5274.00000000	-0.192288091368	-0.215332832075	0.288691771015	-131.764242731
5274.00000000	-0.192288851482	-0.215331858197	0.288691550896	-131.764483994
5274.00000000	-0.192289065413	-0.215330326927	0.288690551234	-131.764718087
5274.00000000	-0.192288897473	-0.215328497334	0.288689074707	-131.764935088
5274.00000000	-0.192288417741	-0.215326575742	0.288687321887	-131.765118098
5274.00000000	-0.192287706180	-0.215324778733	0.288685507576	-131.765250321
5274.00000000	-0.192286927297	-0.215323299821	0.288683885687	-131.765330528
5274.00000000	-0.192286311594	-0.215322209075	0.288682662014	-131.765383577
5274.00000000	-0.192286190529	-0.215321518682	0.288682066425	-131.765456925
5274.00000000	-0.192286604908	-0.215320991988	0.288681949588	-131.765587897
5274.00000000	-0.192287184709	-0.215320282162	0.288681806343	-131.765767568
5274.00000000	-0.192287574168	-0.215319327627	0.288681353795	-131.765951413
5274.00000000	-0.192287915250	-0.215318438437	0.288680917766	-131.766119458
5274.00000000	-0.192288543706	-0.215317880679	0.288680920361	-131.766286229
5274.00000000	-0.192289540489	-0.215317605025	0.288681378712	-131.766470230
5274.00000000	-0.192290830119	-0.215317441328	0.288682115636	-131.766682782
5274.00000000	-0.192292300140	-0.215317192836	0.288682909477	-131.766933246
5274.00000000	-0.192293865191	-0.215316845922	0.288683693214	-131.767210788
5274.00000000	-0.192295345045	-0.215316412698	0.288684355834	-131.767487127
5274.00000000	-0.192296502424	-0.215315908726	0.288684750887	-131.767725082
5274.00000000	-0.192297193880	-0.215315433357	0.288684856922	-131.767890284
5274.00000000	-0.192297443454	-0.215314990569	0.288684692914	-131.767985768
5274.00000000	-0.192297466204	-0.215314506531	0.288684347049	-131.768053128
5274.00000000	-0.192297673228	-0.215314025539	0.288684126205	-131.768147363
5274.00000000	-0.192298318423	-0.215313684765	0.288684301817	-131.768287924
5274.00000000	-0.192299226958	-0.215313428649	0.288684715989	-131.768456273
5274.00000000	-0.192300225914	-0.215313161311	0.288685182024	-131.768639491
5274.00000000	-0.192301120805	-0.215312775492	0.288685490374	-131.768822968
