DevNumber	X [V]	Y [V]	R [V]	Theta [°]
4253.00000000	0.0141835378636	-0.00308039403098	0.0145141852584	-12.2532639323
4253.00000000	0.0141834629064	-0.00308036562495	0.0145141059801	-12.2532171514
4253.00000000	0.0141833268572	-0.00308030676033	0.0145139605372	-12.2531040535
4253.00000000	0.0141831605866	-0.00308024063482	0.0145137840205	-12.2529882623
4253.00000000	0.0141830016793	-0.00308019370037	0.0145136187722	-12.2529403346
4253.00000000	0.0141828551170	-0.00308016638384	0.0145134697513	-12.2529577455
4253.00000000	0.0141827347948	-0.00308016503289	0.0145133518833	-12.2530533438
4253.00000000	0.0141826724629	-0.00308020583410	0.0145132996307	-12.2532629743
4253.00000000	0.0141826722011	-0.00308027772002	0.0145133146316	-12.2535405204
4253.00000000	0.0141827098567	-0.00308035685201	0.0145133682243	-12.2538142495
4253.00000000	0.0141827468339	-0.00308043809698	0.0145134216029	-12.2540966966
4253.00000000	0.0141827612461	-0.00308052394296	0.0145134539075	-12.2544157993
4253.00000000	0.0141827644491	-0.00308061089166	0.0145134754929	-12.2547485473
4253.00000000	0.0141827908214	-0.00308069768490	0.0145135196871	-12.2550612794
4253.00000000	0.0141828742838	-0.00308078298352	0.0145136193536	-12.2553204033
4253.00000000	0.0141830040855	-0.00308085097994	0.0145137606309	-12.2554739449
4253.00000000	0.0141831116927	-0.00308087847348	0.0145138716218	-12.2554898347
4253.00000000	0.0141831448011	-0.00308085101273	0.0145138981467	-12.2553561558
4253.00000000	0.0141831326774	-0.00308077769970	0.0145138707374	-12.2550834957
4253.00000000	0.0141831493591	-0.00308070094957	0.0145138707478	-12.2547734385
4253.00000000	0.0141832330453	-0.00308065781946	0.0145139433724	-12.2545369336
4253.00000000	0.0141833630740	-0.00308065097604	0.0145140689859	-12.2544015832
4253.00000000	0.0141834936534	-0.00308066123321	0.0145141987670	-12.2543317414
4253.00000000	0.0141835815284	-0.00308066269535	0.0145142849501	-12.2542637537
4253.00000000	0.0141836060717	-0.00308064730753	0.0145143056682	-12.2541838297
4253.00000000	0.0141835720573	-0.00308061925893	0.0145142664755	-12.2541041287
4253.00000000	0.0141835093769	-0.00308058029249	0.0145141969527	-12.2540063283
4253.00000000	0.0141834804732	-0.00308054107369	0.0145141603836	-12.2538792536
4253.00000000	0.0141835381051	-0.00308052626932	0.0145142135604	-12.2537738571
4253.00000000	0.0141836855964	-0.00308055564472	0.0145143639260	-12.2537636027
4253.00000000	0.0141838896663	-0.00308063217540	0.0145145795897	-12.2538878487
4253.00000000	0.0141841081668	-0.00308073960090	0.0145148159125	-12.2541191766
4253.00000000	0.0141842770269	-0.00308083549884	0.0145150012796	-12.2543476206
4253.00000000	0.0141843397319	-0.00308088326055	0.0145150726934	-12.2544793202
4253.00000000	0.0141843104805	-0.00308087853923	0.0145150431064	-12.2544856161
4253.00000000	0.0141842504065	-0.00308084459089	0.0145149771955	-12.2544049959
4253.00000000	0.0141841903289	-0.00308080869284	0.0145149108674	-12.2543168571
4253.00000000	0.0141841127955	-0.00308077410307	0.0145148277588	-12.2542483892
4253.00000000	0.0141839901249	-0.00308072892042	0.0145146982933	-12.2541768762
4253.00000000	0.0141838287016	-0.00308067515816	0.0145145291370	-12.2541047344
4253.00000000	0.0141836896482	-0.00308063145426	0.0145143839757	-12.2540526494
4253.00000000	0.0141836383684	-0.00308061285019	0.0145143299156	-12.2540238474
4253.00000000	0.0141836880283	-0.00308061578084	0.0145143790661	-12.2539935452
4253.00000000	0.0141837946740	-0.00308062754358	0.0145144857786	-12.2539495687
4253.00000000	0.0141838993270	-0.00308064299865	0.0145145913275	-12.2539215057
4253.00000000	0.0141839649307	-0.00308066677399	0.0145146604827	-12.2539582549
4253.00000000	0.0141839760367	-0.00308070579713	0.0145146796181	-12.2540994819
4253.00000000	0.0141839352403	-0.00308076065682	0.0145146513952	-12.2543452841
4253.00000000	0.0141838672858	-0.00308081606616	0.0145145967500	-12.2546159625
4253.00000000	0.0141838016016	-0.00308085441029	0.0145145407013	-12.2548189113
4253.00000000	0.0141837516660	-0.00308087655981	0.0145144966051	-12.2549461946
4253.00000000	0.0141837185470	-0.00308089602055	0.0145144683716	-12.2550490157
4253.00000000	0.0141836955699	-0.00308091235485	0.0145144493853	-12.2551312788
4253.00000000	0.0141836713523	-0.00308091234389	0.0145144257173	-12.2551515289
4253.00000000	0.0141836467125	-0.00308090779944	0.0145144006743	-12.2551546446
4253.00000000	0.0141836131039	-0.00308091765565	0.0145143699237	-12.2552208270
4253.00000000	0.0141835576238	-0.00308093772912	0.0145143199689	-12.2553447504
4253.00000000	0.0141834970386	-0.00308094785590	0.0145142629140	-12.2554345823
4253.00000000	0.0141834542102	-0.00308093598675	0.0145142185421	-12.2554246839
4253.00000000	0.0141834212276	-0.00308089939497	0.0145141785439	-12.2553111648
4253.00000000	0.0141833786469	-0.00308083096988	0.0145141224091	-12.2550828867
4253.00000000	0.0141833431746	-0.00308074109717	0.0145140686686	-12.2547659131
4253.00000000	0.0141833571737	-0.00308066345956	0.0145140658697	-12.2544546842
4253.00000000	0.0141834199691	-0.00308062789451	0.0145141196855	-12.2542648713
4253.00000000	0.0141834692815	-0.00308062822954	0.0145141679454	-12.2542248461
4253.00000000	0.0141834548129	-0.00308063018566	0.0145141542217	-12.2542445150
4253.00000000	0.0141833848861	-0.00308060925105	0.0145140814448	-12.2542223466
4253.00000000	0.0141832906656	-0.00308057106980	0.0145139812671	-12.2541540012
4253.00000000	0.0141832021313	-0.00308053291076	0.0145138866507	-12.2540809763
4253.00000000	0.0141831479007	-0.00308050063928	0.0145138268063	-12.2540019205
4253.00000000	0.0141831333781	-0.00308047448290	0.0145138070630	-12.2539131844
4253.00000000	0.0141831389268	-0.00308045910146	0.0145138092206	-12.2538491978
4253.00000000	0.0141831505645	-0.00308046246511	0.0145138213071	-12.2538524231
4253.00000000	0.0141831722869	-0.00308048453855	0.0145138472195	-12.2539193758
4253.00000000	0.0141832109369	-0.00308052078595	0.0145138926823	-12.2540268243
4253.00000000	0.0141832710980	-0.00308056496606	0.0145139608498	-12.2541468501
4253.00000000	0.0141833551820	-0.00308059779762	0.0145140499864	-12.2542030516
4253.00000000	0.0141834563710	-0.00308060338365	0.0145141500556	-12.2541398171
4253.00000000	0.0141835545418	-0.00308059209457	0.0145142435935	-12.2540140146
4253.00000000	0.0141836189219	-0.00308058157937	0.0145143042751	-12.2539195103
4253.00000000	0.0141836566717	-0.00308058003407	0.0145143408368	-12.2538819209
4253.00000000	0.0141836893457	-0.00308058442845	0.0145143736990	-12.2538714971
4253.00000000	0.0141837178729	-0.00308059188108	0.0145144031580	-12.2538763451
4253.00000000	0.0141837411473	-0.00308059401493	0.0145144263551	-12.2538650765
4253.00000000	0.0141837564499	-0.00308056838001	0.0145144358683	-12.2537533670
4253.00000000	0.0141837574151	-0.00308050948837	0.0145144243123	-12.2535253797
4253.00000000	0.0141837500788	-0.00308043979622	0.0145144023520	-12.2532626831
4253.00000000	0.0141837547709	-0.00308038717355	0.0145143957691	-12.2530557556
4253.00000000	0.0141837752038	-0.00308036511959	0.0145144110560	-12.2529535623
4253.00000000	0.0141837904852	-0.00308036028039	0.0145144249623	-12.2529220924
4253.00000000	0.0141837938163	-0.00308035720883	0.0145144275656	-12.2529074529
4253.00000000	0.0141837937205	-0.00308035601474	0.0145144272186	-12.2529029269
4253.00000000	0.0141837789812	-0.00308034867019	0.0145144112563	-12.2528869427
4253.00000000	0.0141837277637	-0.00308032191596	0.0145143555276	-12.2528266441
4253.00000000	0.0141836458054	-0.00308027936577	0.0145142664060	-12.2527311637
4253.00000000	0.0141835533081	-0.00308021971682	0.0145141633568	-12.2525785503
4253.00000000	0.0141834611450	-0.00308013738622	0.0145140558208	-12.2523381559
4253.00000000	0.0141833994678	-0.00308005388361	0.0145139778279	-12.2520676975
4253.00000000	0.0141834060265	-0.00308001192285	0.0145139753327	-12.2519003304
4253.00000000	0.0141834742238	-0.00308002830203	0.0145140454525	-12.2519063859
5260.00000000	0.0146785925868	-0.00148713616501	0.0147537335716	-5.78508305073
5260.00000000	0.0146785914436	-0.00148713911651	0.0147537327318	-5.78509490189
5260.00000000	0.0146785755913	-0.00148711342744	0.0147537143709	-5.78500185228
5260.00000000	0.0146785456448	-0.00148706648029	0.0147536798448	-5.78483218423
5260.00000000	0.0146785225383	-0.00148700666713	0.0147536508273	-5.78461012745
5260.00000000	0.0146784944875	-0.00148693579669	0.0147536157766	-5.78434728251
5260.00000000	0.0146784508867	-0.00148686196114	0.0147535649564	-5.78407906596
5260.00000000	0.0146784125491	-0.00148679796509	0.0147535203647	-5.78384680515
5260.00000000	0.0146783916716	-0.00148674683881	0.0147534944412	-5.78365743576
5260.00000000	0.0146783706446	-0.00148670891941	0.0147534697001	-5.78351915268
5260.00000000	0.0146783265077	-0.00148668665089	0.0147534235438	-5.78345038465
5260.00000000	0.0146782596112	-0.00148667861215	0.0147533561778	-5.78344550401
5260.00000000	0.0146781972457	-0.00148667734183	0.0147532940017	-5.78346500214
5260.00000000	0.0146781683489	-0.00148667545580	0.0147532650620	-5.78346902353
5260.00000000	0.0146781925604	-0.00148667696003	0.0147532893019	-5.78346536052
5260.00000000	0.0146782689130	-0.00148669010266	0.0147533665902	-5.78348626091
5260.00000000	0.0146783434425	-0.00148671276055	0.0147534430236	-5.78354463945
5260.00000000	0.0146783536872	-0.00148673116377	0.0147534550706	-5.78361173622
5260.00000000	0.0146783103672	-0.00148673441232	0.0147534122984	-5.78364124141
5260.00000000	0.0146782673727	-0.00148672544233	0.0147533686189	-5.78362340927
5260.00000000	0.0146782464506	-0.00148670612403	0.0147533458566	-5.78355695505
5260.00000000	0.0146782359321	-0.00148667853833	0.0147533326118	-5.78345448547
5260.00000000	0.0146782268821	-0.00148665475657	0.0147533212114	-5.78336613876
5260.00000000	0.0146782147064	-0.00148665254438	0.0147533088748	-5.78336235608
5260.00000000	0.0146781900877	-0.00148667245294	0.0147532863876	-5.78344891356
5260.00000000	0.0146781355067	-0.00148669235809	0.0147532340902	-5.78354718400
5260.00000000	0.0146780533539	-0.00148669190538	0.0147531523100	-5.78357758577
5260.00000000	0.0146779914963	-0.00148667413029	0.0147530889761	-5.78353311358
5260.00000000	0.0146780054017	-0.00148665992819	0.0147531013795	-5.78347279647
5260.00000000	0.0146781237750	-0.00148666197002	0.0147532193560	-5.78343436054
5260.00000000	0.0146783293833	-0.00148667446278	0.0147534251766	-5.78340216702
5260.00000000	0.0146785463746	-0.00148668411349	0.0147536420359	-5.78335453893
5260.00000000	0.0146786930758	-0.00148668003210	0.0147537875792	-5.78328136170
5260.00000000	0.0146787506868	-0.00148666667735	0.0147538435512	-5.78320721889
5260.00000000	0.0146787522587	-0.00148666930016	0.0147538453794	-5.78321673748
5260.00000000	0.0146787376080	-0.00148671365311	0.0147538352726	-5.78339383630
5260.00000000	0.0146787255717	-0.00148679179260	0.0147538311718	-5.78370045275
5260.00000000	0.0146787043104	-0.00148686138149	0.0147538170316	-5.78397764291
5260.00000000	0.0146786517821	-0.00148688462722	0.0147537671133	-5.78408801527
5260.00000000	0.0146785538745	-0.00148686027358	0.0147536672499	-5.78403223851
5260.00000000	0.0146784135282	-0.00148680821004	0.0147535223712	-5.78388600603
5260.00000000	0.0146782653427	-0.00148675233278	0.0147533693091	-5.78372810314
5260.00000000	0.0146781572366	-0.00148671308674	0.0147532577984	-5.78361877197
5260.00000000	0.0146780977733	-0.00148669886944	0.0147531972051	-5.78358711000
5260.00000000	0.0146780782354	-0.00148670943713	0.0147531788315	-5.78363558833
5260.00000000	0.0146781026518	-0.00148674749272	0.0147532069587	-5.78377307365
5260.00000000	0.0146781765447	-0.00148680425611	0.0147532861958	-5.78396347816
5260.00000000	0.0146782729598	-0.00148685312626	0.0147533870451	-5.78411456774
5260.00000000	0.0146783484252	-0.00148687294779	0.0147534641239	-5.78416161762
5260.00000000	0.0146783815582	-0.00148686175899	0.0147534959606	-5.78410541883
5260.00000000	0.0146783754193	-0.00148683387119	0.0147534870424	-5.78400006947
5260.00000000	0.0146783489947	-0.00148680753664	0.0147534580984	-5.78390866063
5260.00000000	0.0146783157872	-0.00148679078038	0.0147534233713	-5.78385691453
5260.00000000	0.0146782641411	-0.00148677596651	0.0147533704952	-5.78381988948
5260.00000000	0.0146781966608	-0.00148676045695	0.0147533017955	-5.78378637308
5260.00000000	0.0146781411537	-0.00148674825203	0.0147532453411	-5.78376093908
5260.00000000	0.0146781136189	-0.00148674454701	0.0147532175731	-5.78375739970
5260.00000000	0.0146781213343	-0.00148675231982	0.0147532260325	-5.78378441307
5260.00000000	0.0146781720041	-0.00148676992182	0.0147532782181	-5.78383259357
5260.00000000	0.0146782487660	-0.00148678717654	0.0147533563281	-5.78386922020
5260.00000000	0.0146783134557	-0.00148679083077	0.0147534210568	-5.78385802171
5260.00000000	0.0146783540544	-0.00148678084211	0.0147534604422	-5.78380353869
5260.00000000	0.0146783868128	-0.00148676434668	0.0147534913715	-5.78372698366
5260.00000000	0.0146784257945	-0.00148674377139	0.0147535280813	-5.78363222986
5260.00000000	0.0146784607642	-0.00148671901009	0.0147535603778	-5.78352287294
5260.00000000	0.0146784687996	-0.00148669735841	0.0147535661905	-5.78343607158
5260.00000000	0.0146784455243	-0.00148669035845	0.0147535423282	-5.78341813395
5260.00000000	0.0146784047604	-0.00148669868346	0.0147535026108	-5.78346625228
5260.00000000	0.0146783665695	-0.00148671082135	0.0147534658374	-5.78352809615
5260.00000000	0.0146783521469	-0.00148671078113	0.0147534514842	-5.78353358496
5260.00000000	0.0146783545971	-0.00148669026495	0.0147534518545	-5.78345335602
5260.00000000	0.0146783508841	-0.00148665941123	0.0147534450514	-5.78333559694
5260.00000000	0.0146783501901	-0.00148663892430	0.0147534422964	-5.78325671141
5260.00000000	0.0146783721287	-0.00148663742342	0.0147534639722	-5.78324232718
5260.00000000	0.0146784121244	-0.00148665704504	0.0147535057414	-5.78330248928
5260.00000000	0.0146784543742	-0.00148669487380	0.0147535515882	-5.78343211684
5260.00000000	0.0146784770720	-0.00148673280878	0.0147535779931	-5.78356980568
5260.00000000	0.0146784739483	-0.00148674799376	0.0147535764155	-5.78362969906
5260.00000000	0.0146784588398	-0.00148672876914	0.0147535594466	-5.78356133262
5260.00000000	0.0146784487660	-0.00148668911338	0.0147535454280	-5.78341205470
5260.00000000	0.0146784671274	-0.00148665964877	0.0147535607269	-5.78329102521
5260.00000000	0.0146785231617	-0.00148665968530	0.0147536164797	-5.78326923864
5260.00000000	0.0146786129371	-0.00148668731528	0.0147537085822	-5.78334086195
5260.00000000	0.0146787204693	-0.00148672716175	0.0147538195824	-5.78345273633
5260.00000000	0.0146788050271	-0.00148676040111	0.0147539070593	-5.78354807208
5260.00000000	0.0146788363728	-0.00148677224124	0.0147539394385	-5.78358155159
5260.00000000	0.0146788205248	-0.00148675334946	0.0147539217675	-5.78351476211
5260.00000000	0.0146787777802	-0.00148669967128	0.0147538738314	-5.78332409464
5260.00000000	0.0146787283255	-0.00148662308122	0.0147538169108	-5.78304752733
5260.00000000	0.0146786857426	-0.00148654587529	0.0147537667655	-5.78276588943
5260.00000000	0.0146786577822	-0.00148648100217	0.0147537324110	-5.78252617884
5260.00000000	0.0146786377069	-0.00148642050918	0.0147537063431	-5.78230030558
5260.00000000	0.0146785971056	-0.00148634189958	0.0147536580288	-5.78201246441
5260.00000000	0.0146785125492	-0.00148623450530	0.0147535630836	-5.78163060020
5260.00000000	0.0146783880949	-0.00148611580911	0.0147534273056	-5.78122067058
5260.00000000	0.0146782406601	-0.00148601536553	0.0147532705032	-5.78089024794
5260.00000000	0.0146780923810	-0.00148595702739	0.0147531171023	-5.78072283931
5260.00000000	0.0146779891337	-0.00148595121651	0.0147530137947	-5.78074077373
5260.00000000	0.0146779737697	-0.00148599414046	0.0147530028323	-5.78091263833
5260.00000000	0.0146780404745	-0.00148607237067	0.0147530770778	-5.78118881833
5270.00000000	-0.00369549175759	0.00171759560519	0.00407514343225	155.071874249
5270.00000000	-0.00369547806146	0.00171757581288	0.00407512267002	155.072045438
5270.00000000	-0.00369547173102	0.00171755682356	0.00407510892577	155.072250040
5270.00000000	-0.00369547406174	0.00171754934422	0.00407510788701	155.072359214
5270.00000000	-0.00369548261449	0.00171755534600	0.00407511817259	155.072333373
5270.00000000	-0.00369549295868	0.00171756592535	0.00407513201204	155.072259784
5270.00000000	-0.00369550143169	0.00171757360526	0.00407514293260	155.072212075
5270.00000000	-0.00369550552037	0.00171757694733	0.00407514804898	155.072193693
5270.00000000	-0.00369550246503	0.00171757748680	0.00407514550565	155.072168709
5270.00000000	-0.00369549141818	0.00171757717305	0.00407513535570	155.072107247
5270.00000000	-0.00369547257973	0.00171757712870	0.00407511825357	155.071996177
5270.00000000	-0.00369544993802	0.00171758197839	0.00407509976527	155.071800169
5270.00000000	-0.00369543458505	0.00171759737088	0.00407509233035	155.071512930
5270.00000000	-0.00369543330629	0.00171762731532	0.00407510379200	155.071123559
5270.00000000	-0.00369544398161	0.00171767135672	0.00407513203601	155.070625298
5270.00000000	-0.00369546312168	0.00171771881290	0.00407516939573	155.070133671
5270.00000000	-0.00369548039631	0.00171775592583	0.00407520070429	155.069762869
5270.00000000	-0.00369548373834	0.00171777314081	0.00407521099130	155.069563192
5270.00000000	-0.00369547378638	0.00171776571188	0.00407519883524	155.069598928
5270.00000000	-0.00369546010799	0.00171773998857	0.00407517558862	155.069845827
5270.00000000	-0.00369545267329	0.00171770872723	0.00407515566968	155.070200340
5270.00000000	-0.00369545408170	0.00171768207919	0.00407514571458	155.070548443
5270.00000000	-0.00369546169312	0.00171766637493	0.00407514599749	155.070793777
5270.00000000	-0.00369546960419	0.00171765835314	0.00407514979033	155.070942936
5270.00000000	-0.00369547472093	0.00171764830008	0.00407515019304	155.071101433
5270.00000000	-0.00369548153821	0.00171763269283	0.00407514979684	155.071340824
5270.00000000	-0.00369549494605	0.00171761548940	0.00407515470451	155.071639621
5270.00000000	-0.00369551703320	0.00171760918563	0.00407517207701	155.071850881
5270.00000000	-0.00369554658629	0.00171762633348	0.00407520610434	155.071807377
5270.00000000	-0.00369557869269	0.00171766291372	0.00407525063757	155.071531249
5270.00000000	-0.00369560516347	0.00171770271174	0.00407529141660	155.071180706
5270.00000000	-0.00369562028080	0.00171773140481	0.00407531721943	155.070904471
5270.00000000	-0.00369562137809	0.00171774187264	0.00407532262664	155.070777516
5270.00000000	-0.00369560825799	0.00171773936215	0.00407530967079	155.070731774
5270.00000000	-0.00369558578545	0.00171773872778	0.00407528902466	155.070606690
5270.00000000	-0.00369556603269	0.00171774642439	0.00407527435647	155.070391507
5270.00000000	-0.00369556439411	0.00171775203719	0.00407527523639	155.070310237
5270.00000000	-0.00369557993488	0.00171774494692	0.00407528634058	155.070492729
5270.00000000	-0.00369559729719	0.00171772305996	0.00407529285987	155.070874663
5270.00000000	-0.00369560176731	0.00171768720956	0.00407528180282	155.071358225
5270.00000000	-0.00369558587352	0.00171764249084	0.00407524854149	155.071834185
5270.00000000	-0.00369555384570	0.00171759952860	0.00407520138976	155.072192152
5270.00000000	-0.00369551800934	0.00171757332392	0.00407515784730	155.072313899
5270.00000000	-0.00369548391475	0.00171757139232	0.00407512611484	155.072136487
5270.00000000	-0.00369545199851	0.00171758751539	0.00407510396755	155.071741782
5270.00000000	-0.00369543017166	0.00171761168465	0.00407509436122	155.071304274
5270.00000000	-0.00369542575223	0.00171763432295	0.00407509989542	155.070989445
5270.00000000	-0.00369543604060	0.00171764604475	0.00407511416591	155.070900963
5270.00000000	-0.00369545119590	0.00171764607895	0.00407512792361	155.070990340
5270.00000000	-0.00369546270245	0.00171764007174	0.00407513582611	155.071135121
5270.00000000	-0.00369547099874	0.00171763718597	0.00407514213312	155.071221079
5270.00000000	-0.00369548481492	0.00171764621889	0.00407515846938	155.071187786
5270.00000000	-0.00369550714181	0.00171767094508	0.00407518913803	155.071004843
5270.00000000	-0.00369553156313	0.00171770652381	0.00407522628035	155.070695949
5270.00000000	-0.00369555680554	0.00171774374813	0.00407526486099	155.070370947
5270.00000000	-0.00369558815803	0.00171777380745	0.00407530596242	155.070173507
5270.00000000	-0.00369562042875	0.00171778854219	0.00407534143712	155.070176889
5270.00000000	-0.00369563975972	0.00171777974966	0.00407535526083	155.070403542
5270.00000000	-0.00369564497308	0.00171775016340	0.00407534751781	155.070811637
5270.00000000	-0.00369564912286	0.00171771328173	0.00407533573556	155.071306442
5270.00000000	-0.00369565805875	0.00171768194018	0.00407533062889	155.071758978
5270.00000000	-0.00369566999629	0.00171766625698	0.00407533484414	155.072029666
5270.00000000	-0.00369568283465	0.00171767186060	0.00407534884826	155.072034299
5270.00000000	-0.00369569068428	0.00171769562523	0.00407536598293	155.071777831
5270.00000000	-0.00369568771671	0.00171772349700	0.00407537503938	155.071404902
5270.00000000	-0.00369567366876	0.00171774544500	0.00407537155113	155.071041838
5270.00000000	-0.00369565419103	0.00171776046408	0.00407536021864	155.070734936
5270.00000000	-0.00369563670731	0.00171776765474	0.00407534739477	155.070539654
5270.00000000	-0.00369562122651	0.00171776076326	0.00407533045158	155.070535776
5270.00000000	-0.00369559849705	0.00171773441472	0.00407529873394	155.070737007
5270.00000000	-0.00369556259795	0.00171769385982	0.00407524908582	155.071041323
5270.00000000	-0.00369551883135	0.00171765505635	0.00407519304150	155.071276693
5270.00000000	-0.00369548444937	0.00171763684888	0.00407515418851	155.071305086
5270.00000000	-0.00369547086045	0.00171764208918	0.00407514407438	155.071157744
5270.00000000	-0.00369547443989	0.00171765731149	0.00407515373644	155.070984874
5270.00000000	-0.00369548367786	0.00171766974649	0.00407516735501	155.070881075
5270.00000000	-0.00369548765172	0.00171766926868	0.00407517075723	155.070910717
5270.00000000	-0.00369548549331	0.00171765292756	0.00407516191222	155.071106272
5270.00000000	-0.00369548120175	0.00171763359131	0.00407514987044	155.071327374
5270.00000000	-0.00369547935895	0.00171762762569	0.00407514568487	155.071392515
5270.00000000	-0.00369548625012	0.00171764052159	0.00407515736950	155.071268931
5270.00000000	-0.00369549966108	0.00171766615049	0.00407518033338	155.071021642
5270.00000000	-0.00369551509761	0.00171769500251	0.00407520649272	155.070745265
5270.00000000	-0.00369553173455	0.00171772142616	0.00407523271716	155.070506967
5270.00000000	-0.00369554768288	0.00171774496272	0.00407525710028	155.070301399
5270.00000000	-0.00369556174067	0.00171776543253	0.00407527847641	155.070123730
5270.00000000	-0.00369557561062	0.00171777883683	0.00407529670405	155.070035029
5270.00000000	-0.00369559113401	0.00171777882359	0.00407531077546	155.070127191
5270.00000000	-0.00369560772688	0.00171776269270	0.00407531902302	155.070431178
5270.00000000	-0.00369561915464	0.00171773620181	0.00407531822011	155.070836639
5270.00000000	-0.00369562354316	0.00171771099082	0.00407531157346	155.071184068
5270.00000000	-0.00369562419124	0.00171769155409	0.00407530396877	155.071435715
5270.00000000	-0.00369561678029	0.00171767307052	0.00407528945769	155.071627455
5270.00000000	-0.00369559594175	0.00171764927279	0.00407526053020	155.071807380
5270.00000000	-0.00369556586844	0.00171762160736	0.00407522159815	155.071981897
5270.00000000	-0.00369553467052	0.00171759769112	0.00407518322650	155.072101951
5270.00000000	-0.00369550948407	0.00171758294736	0.00407515417229	155.072140681
5270.00000000	-0.00369549556102	0.00171758187145	0.00407514109286	155.072071892
5270.00000000	-0.00369549636347	0.00171759977183	0.00407514936519	155.071848418
5270.00000000	-0.00369551242110	0.00171763402982	0.00407517836602	155.071506790
5274.00000000	-0.00204072408826	0.00416371721290	0.00463692741299	116.110431426
5274.00000000	-0.00204074176996	0.00416369217972	0.00463691271636	116.110763745
5274.00000000	-0.00204074131411	0.00416366339067	0.00463688666477	116.110915248
5274.00000000	-0.00204072693170	0.00416364060477	0.00463685987447	116.110879583
5274.00000000	-0.00204070997510	0.00416362523850	0.00463683861366	116.110775006
5274.00000000	-0.00204069696808	0.00416360863510	0.00463681798023	116.110720979
5274.00000000	-0.00204068879863	0.00416358959877	0.00463679729122	116.110733858
5274.00000000	-0.00204068499846	0.00416357916518	0.00463678624994	116.110748434
5274.00000000	-0.00204068618056	0.00416358347593	0.00463679064101	116.110738107
5274.00000000	-0.00204069559014	0.00416359953855	0.00463680920559	116.110755159
5274.00000000	-0.00204070850284	0.00416361838844	0.00463683181473	116.110795923
5274.00000000	-0.00204071230926	0.00416363493730	0.00463684834993	116.110748160
5274.00000000	-0.00204069951917	0.00416365434818	0.00463686015087	116.110500686
5274.00000000	-0.00204067265965	0.00416368830295	0.00463687881963	116.110018015
5274.00000000	-0.00204064023601	0.00416374054347	0.00463691145982	116.109374173
5274.00000000	-0.00204061234662	0.00416379516070	0.00463694823019	116.108767727
5274.00000000	-0.00204059269613	0.00416382988498	0.00463697076361	116.108360875
5274.00000000	-0.00204057638664	0.00416383142147	0.00463696496603	116.108171558
5274.00000000	-0.00204056404380	0.00416379676083	0.00463692841031	116.108223079
5274.00000000	-0.00204056705104	0.00416374308719	0.00463688153676	116.108548308
5274.00000000	-0.00204059159056	0.00416369184373	0.00463684632148	116.109099246
5274.00000000	-0.00204063195499	0.00416365526798	0.00463683124195	116.109746017
5274.00000000	-0.00204067931207	0.00416364010922	0.00463683847183	116.110353911
5274.00000000	-0.00204072349554	0.00416364102952	0.00463685874358	116.110839147
5274.00000000	-0.00204075465478	0.00416364408779	0.00463687520328	116.111168243
5274.00000000	-0.00204076670826	0.00416364433311	0.00463688072848	116.111300647
5274.00000000	-0.00204076234563	0.00416364483387	0.00463687925808	116.111249519
5274.00000000	-0.00204075237017	0.00416365212182	0.00463688141188	116.111099203
5274.00000000	-0.00204074715775	0.00416367548485	0.00463690009651	116.110914315
5274.00000000	-0.00204074662113	0.00416371249643	0.00463693309469	116.110707085
5274.00000000	-0.00204074253616	0.00416374910918	0.00463696417315	116.110462657
5274.00000000	-0.00204073286580	0.00416377512510	0.00463698327816	116.110213887
5274.00000000	-0.00204072526238	0.00416378675826	0.00463699037790	116.110066264
5274.00000000	-0.00204072616212	0.00416378661893	0.00463699064877	116.110077005
5274.00000000	-0.00204072885460	0.00416377931639	0.00463698527640	116.110146589
5274.00000000	-0.00204072448472	0.00416377386273	0.00463697845612	116.110127761
5274.00000000	-0.00204071587668	0.00416378017204	0.00463698033319	116.109997942
5274.00000000	-0.00204071315493	0.00416379028878	0.00463698821970	116.109912729
5274.00000000	-0.00204072107740	0.00416378219736	0.00463698444064	116.110044632
5274.00000000	-0.00204073582249	0.00416374696749	0.00463695929533	116.110399814
5274.00000000	-0.00204074712714	0.00416370810370	0.00463692937295	116.110736588
5274.00000000	-0.00204075360289	0.00416369482765	0.00463692030183	116.110880636
5274.00000000	-0.00204076109423	0.00416371053865	0.00463693770644	116.110878316
5274.00000000	-0.00204076425033	0.00416373638041	0.00463696229993	116.110772803
5274.00000000	-0.00204075255170	0.00416375480568	0.00463697369618	116.110542805
5274.00000000	-0.00204072109319	0.00416377070015	0.00463697412367	116.110107329
5274.00000000	-0.00204067586129	0.00416379434077	0.00463697544560	116.109476909
5274.00000000	-0.00204063119032	0.00416381797007	0.00463697700477	116.108852775
5274.00000000	-0.00204060001300	0.00416383051699	0.00463697455107	116.108438623
5274.00000000	-0.00204059138024	0.00416383165057	0.00463697176996	116.108336674
5274.00000000	-0.00204060121793	0.00416382857565	0.00463697333808	116.108462548
5274.00000000	-0.00204061156493	0.00416382889707	0.00463697818013	116.108575605
5274.00000000	-0.00204061298425	0.00416383702067	0.00463698609942	116.108547180
5274.00000000	-0.00204060834189	0.00416385042362	0.00463699609179	116.108422790
5274.00000000	-0.00204060553744	0.00416386226881	0.00463700549418	116.108327264
5274.00000000	-0.00204061306850	0.00416386486918	0.00463701114341	116.108396685
5274.00000000	-0.00204063205603	0.00416385633641	0.00463701183720	116.108653757
5274.00000000	-0.00204065786239	0.00416384093216	0.00463700936161	116.109023851
5274.00000000	-0.00204068475344	0.00416382500331	0.00463700689250	116.109408833
5274.00000000	-0.00204070508849	0.00416381574970	0.00463700753241	116.109684776
5274.00000000	-0.00204071713314	0.00416381674499	0.00463701372689	116.109813003
5274.00000000	-0.00204072811687	0.00416383099509	0.00463703135666	116.109857380
5274.00000000	-0.00204074261031	0.00416385904944	0.00463706292659	116.109865632
5274.00000000	-0.00204075479650	0.00416389406113	0.00463709972846	116.109810453
5274.00000000	-0.00204075354096	0.00416391973269	0.00463712222777	116.109656927
5274.00000000	-0.00204073610230	0.00416392892049	0.00463712280343	116.109413484
5274.00000000	-0.00204071545174	0.00416392570248	0.00463711082580	116.109201864
5274.00000000	-0.00204070314447	0.00416391810443	0.00463709858685	116.109106628
5274.00000000	-0.00204069555583	0.00416391651293	0.00463709381814	116.109031086
5274.00000000	-0.00204068332889	0.00416392153151	0.00463709294379	116.108868137
5274.00000000	-0.00204066656244	0.00416391920922	0.00463708347995	116.108694738
5274.00000000	-0.00204065920526	0.00416389476896	0.00463705829583	116.108746004
5274.00000000	-0.00204067550307	0.00416385345847	0.00463702837305	116.109151465
5274.00000000	-0.00204071010858	0.00416381719567	0.00463701104012	116.109732613
5274.00000000	-0.00204074649674	0.00416379884898	0.00463701057996	116.110236116
5274.00000000	-0.00204077945673	0.00416379907518	0.00463702528886	116.110600583
5274.00000000	-0.00204081139088	0.00416380529704	0.00463704493021	116.110921062
5274.00000000	-0.00204084101912	0.00416380863100	0.00463706096368	116.111231658
5274.00000000	-0.00204085649423	0.00416380983773	0.00463706885811	116.111396792
5274.00000000	-0.00204084711435	0.00416380660962	0.00463706183121	116.111310277
5274.00000000	-0.00204081574516	0.00416380454247	0.00463704616902	116.110973476
5274.00000000	-0.00204077358801	0.00416381169991	0.00463703404234	116.110466816
5274.00000000	-0.00204073188247	0.00416382785163	0.00463703019121	116.109916254
5274.00000000	-0.00204069814172	0.00416384759165	0.00463703306783	116.109434550
5274.00000000	-0.00204067129460	0.00416386206699	0.00463703425106	116.109057960
5274.00000000	-0.00204064972374	0.00416386445531	0.00463702690279	116.108805638
5274.00000000	-0.00204063349034	0.00416385369970	0.00463701010075	116.108684008
5274.00000000	-0.00204062471536	0.00416382830186	0.00463698343283	116.108724752
5274.00000000	-0.00204062700493	0.00416379291270	0.00463695266237	116.108942592
5274.00000000	-0.00204063841838	0.00416376185015	0.00463692979237	116.109238143
5274.00000000	-0.00204065407125	0.00416374633310	0.00463692274735	116.109496199
5274.00000000	-0.00204066850359	0.00416374834360	0.00463693090421	116.109645400
5274.00000000	-0.00204067503014	0.00416375554586	0.00463694024377	116.109678650
5274.00000000	-0.00204066947069	0.00416374822341	0.00463693122189	116.109656784
5274.00000000	-0.00204065593822	0.00416371810789	0.00463689822404	116.109670401
5274.00000000	-0.00204064064912	0.00416367896826	0.00463685634990	116.109713601
5274.00000000	-0.00204062495053	0.00416364961797	0.00463682308590	116.109699023
5274.00000000	-0.00204061015302	0.00416363853736	0.00463680662379	116.109595090
5274.00000000	-0.00204060098889	0.00416365180352	0.00463681450317	116.109421265
5274.00000000	-0.00204059809564	0.00416369007475	0.00463684759578	116.109181044
