DevNumber	X [V]	Y [V]	R [V]	Theta [°]
4253.00000000	0.00954483576316	-0.00569902626687	0.0111167796657	-30.8405617349
4253.00000000	0.00954482145263	-0.00569905887790	0.0111167840969	-30.8407438564
4253.00000000	0.00954482182807	-0.00569909474483	0.0111168028066	-30.8409015822
4253.00000000	0.00954483175590	-0.00569912828362	0.0111168285244	-30.8410237655
4253.00000000	0.00954484753278	-0.00569915243090	0.0111168544496	-30.8410889350
4253.00000000	0.00954486723306	-0.00569916508170	0.0111168778497	-30.8410928641
4253.00000000	0.00954488841498	-0.00569916715424	0.0111168970989	-30.8410460683
4253.00000000	0.00954491099403	-0.00569916514284	0.0111169154539	-30.8409775092
4253.00000000	0.00954493225322	-0.00569916772219	0.0111169350292	-30.8409327522
4253.00000000	0.00954495211857	-0.00569918423058	0.0111169605486	-30.8409533158
4253.00000000	0.00954497953713	-0.00569922077477	0.0111170028247	-30.8410425827
4253.00000000	0.00954501385776	-0.00569927236597	0.0111170587408	-30.8411801964
4253.00000000	0.00954503346754	-0.00569932007568	0.0111171000365	-30.8413395017
4253.00000000	0.00954502723788	-0.00569934492291	0.0111171074260	-30.8414659115
4253.00000000	0.00954500964265	-0.00569934530392	0.0111170925143	-30.8415140875
4253.00000000	0.00954499376110	-0.00569932539827	0.0111170686737	-30.8414679664
4253.00000000	0.00954497990876	-0.00569929192730	0.0111170396208	-30.8413564561
4253.00000000	0.00954496851574	-0.00569925899772	0.0111170129572	-30.8412408431
4253.00000000	0.00954496425914	-0.00569924074774	0.0111169999464	-30.8411713322
4253.00000000	0.00954496777728	-0.00569924135332	0.0111170032775	-30.8411647163
4253.00000000	0.00954497544250	-0.00569925604815	0.0111170173923	-30.8412094891
4253.00000000	0.00954498083816	-0.00569927663610	0.0111170325796	-30.8412863360
4253.00000000	0.00954497099481	-0.00569929038875	0.0111170311787	-30.8413732004
4253.00000000	0.00954493257847	-0.00569928930084	0.0111169976371	-30.8414698903
4253.00000000	0.00954485667018	-0.00569927737751	0.0111169263504	-30.8416176957
4253.00000000	0.00954475065804	-0.00569926517920	0.0111168290761	-30.8418438290
4253.00000000	0.00954464880331	-0.00569926083303	0.0111167393970	-30.8420937279
4253.00000000	0.00954459926842	-0.00569927165507	0.0111167024154	-30.8422725049
4253.00000000	0.00954462570940	-0.00569930356519	0.0111167414767	-30.8423438456
4253.00000000	0.00954470562574	-0.00569933920825	0.0111168283648	-30.8422904049
4253.00000000	0.00954479271912	-0.00569935287617	0.0111169101489	-30.8421207595
4253.00000000	0.00954484875037	-0.00569934490289	0.0111169541687	-30.8419374272
4253.00000000	0.00954486544622	-0.00569932785059	0.0111169597613	-30.8418178549
4253.00000000	0.00954485923317	-0.00569930976615	0.0111169451556	-30.8417542463
4253.00000000	0.00954485013750	-0.00569930432054	0.0111169345543	-30.8417541820
4253.00000000	0.00954484329028	-0.00569931652491	0.0111169349322	-30.8418262795
4253.00000000	0.00954482873335	-0.00569932926420	0.0111169289649	-30.8419211151
4253.00000000	0.00954479658267	-0.00569931733802	0.0111168952466	-30.8419532916
4253.00000000	0.00954474731158	-0.00569926698785	0.0111168271301	-30.8418606748
4253.00000000	0.00954469238915	-0.00569918548073	0.0111167381883	-30.8416451148
4253.00000000	0.00954465018463	-0.00569909505256	0.0111166555926	-30.8413564694
4253.00000000	0.00954462988952	-0.00569901548469	0.0111165973761	-30.8410579885
4253.00000000	0.00954463527124	-0.00569896056307	0.0111165738409	-30.8408007260
4253.00000000	0.00954466735240	-0.00569893714053	0.0111165893780	-30.8406123082
4253.00000000	0.00954471590988	-0.00569893795108	0.0111166314849	-30.8404875947
4253.00000000	0.00954476808759	-0.00569895093687	0.0111166829417	-30.8404071953
4253.00000000	0.00954481515059	-0.00569897165376	0.0111167339704	-30.8403745225
4253.00000000	0.00954484477374	-0.00569899322734	0.0111167704645	-30.8403917204
4253.00000000	0.00954484462487	-0.00569899294526	0.0111167701921	-30.8403908655
4253.00000000	0.00954481378020	-0.00569895244440	0.0111167229462	-30.8402931375
4253.00000000	0.00954476876858	-0.00569888374765	0.0111166490821	-30.8401080661
4253.00000000	0.00954474558284	-0.00569882128647	0.0111165971545	-30.8398929184
4253.00000000	0.00954476986619	-0.00569879402870	0.0111166040309	-30.8397081333
4253.00000000	0.00954483258547	-0.00569881469504	0.0111166684764	-30.8396338736
4253.00000000	0.00954490013680	-0.00569887774845	0.0111167587998	-30.8397344214
4253.00000000	0.00954495041057	-0.00569896918980	0.0111168488416	-30.8400062396
4253.00000000	0.00954497959857	-0.00569906943214	0.0111169252912	-30.8403727108
4253.00000000	0.00954498481437	-0.00569915856467	0.0111169754633	-30.8407533532
4253.00000000	0.00954496816245	-0.00569922499253	0.0111169952207	-30.8410913006
4253.00000000	0.00954494461086	-0.00569926847167	0.0111169972896	-30.8413459275
4253.00000000	0.00954492926834	-0.00569929329532	0.0111169968428	-30.8414963122
4253.00000000	0.00954492268939	-0.00569930064261	0.0111169949609	-30.8415462075
4253.00000000	0.00954491557618	-0.00569928745707	0.0111169820938	-30.8415066553
4253.00000000	0.00954490899537	-0.00569925924690	0.0111169619813	-30.8413992108
4253.00000000	0.00954491434529	-0.00569922501812	0.0111169490269	-30.8412336095
4253.00000000	0.00954493817148	-0.00569918543760	0.0111169491925	-30.8409955078
4253.00000000	0.00954497358846	-0.00569914091623	0.0111169567773	-30.8407049174
4253.00000000	0.00954501026127	-0.00569909982242	0.0111169671977	-30.8404261768
4253.00000000	0.00954503361015	-0.00569906603545	0.0111169699242	-30.8402149739
4253.00000000	0.00954502173178	-0.00569903294843	0.0111169427635	-30.8400999430
4253.00000000	0.00954496197504	-0.00569898359300	0.0111168661545	-30.8400394217
4253.00000000	0.00954487050717	-0.00569891537307	0.0111167526476	-30.8399792054
4253.00000000	0.00954478732669	-0.00569884641709	0.0111166458789	-30.8398938339
4253.00000000	0.00954474404308	-0.00569879428200	0.0111165819889	-30.8397774836
4253.00000000	0.00954474646414	-0.00569876057621	0.0111165667888	-30.8396219277
4253.00000000	0.00954478231909	-0.00569873892027	0.0111165864725	-30.8394313583
4253.00000000	0.00954482997941	-0.00569872903177	0.0111166223249	-30.8392616729
4253.00000000	0.00954487098305	-0.00569872895005	0.0111166574891	-30.8391529745
4253.00000000	0.00954490020014	-0.00569873504306	0.0111166856986	-30.8391027431
4253.00000000	0.00954492516365	-0.00569875997280	0.0111167199122	-30.8391471085
4253.00000000	0.00954494669311	-0.00569881147175	0.0111167647976	-30.8393181225
4253.00000000	0.00954497107224	-0.00569888285099	0.0111168223211	-30.8395695811
4253.00000000	0.00954500322046	-0.00569895669102	0.0111168877769	-30.8398113997
4253.00000000	0.00954502925886	-0.00569900569545	0.0111169352552	-30.8399594567
4253.00000000	0.00954503385958	-0.00569901035150	0.0111169415923	-30.8399679049
4253.00000000	0.00954501501664	-0.00569897166176	0.0111169055798	-30.8398464812
4253.00000000	0.00954498696250	-0.00569890927475	0.0111168495104	-30.8396445283
4253.00000000	0.00954496216705	-0.00569884911100	0.0111167973788	-30.8394438021
4253.00000000	0.00954493146054	-0.00569881142317	0.0111167516939	-30.8393581537
4253.00000000	0.00954488058337	-0.00569880281526	0.0111167035976	-30.8394544849
4253.00000000	0.00954481605283	-0.00569881651245	0.0111166552130	-30.8396855979
4253.00000000	0.00954475428293	-0.00569883030413	0.0111166092473	-30.8399098370
4253.00000000	0.00954470608639	-0.00569882181346	0.0111165635129	-30.8399996079
4253.00000000	0.00954467297214	-0.00569878755096	0.0111165175166	-30.8399354800
4253.00000000	0.00954465375226	-0.00569874793241	0.0111164807042	-30.8398109372
4253.00000000	0.00954464846474	-0.00569873357325	0.0111164688033	-30.8397613635
4253.00000000	0.00954465301950	-0.00569875832171	0.0111164854011	-30.8398588496
4253.00000000	0.00954466641179	-0.00569880983276	0.0111165233064	-30.8400514182
4253.00000000	0.00954469272575	-0.00569886471302	0.0111165740337	-30.8402247533
4253.00000000	0.00954473984563	-0.00569891147063	0.0111166384609	-30.8403071681
5260.00000000	0.00637608670093	0.0158607425002	0.0170943743458	68.0996607243
5260.00000000	0.00637610426114	0.0158607688379	0.0170944053327	68.0996390414
5260.00000000	0.00637614522321	0.0158608354069	0.0170944823763	68.0995948786
5260.00000000	0.00637620135536	0.0158609366841	0.0170945972816	68.0995469310
5260.00000000	0.00637624992837	0.0158610509429	0.0170947214122	68.0995387205
5260.00000000	0.00637628681755	0.0158611648111	0.0170948408224	68.0995663558
5260.00000000	0.00637632356340	0.0158612587409	0.0170949416796	68.0995695107
5260.00000000	0.00637636931491	0.0158613139832	0.0170950100004	68.0994962958
5260.00000000	0.00637642906064	0.0158613444469	0.0170950605506	68.0993485869
5260.00000000	0.00637650808694	0.0158613755035	0.0170951188427	68.0991416630
5260.00000000	0.00637661160528	0.0158614099087	0.0170951893776	68.0988627642
5260.00000000	0.00637671886062	0.0158614199343	0.0170952386868	68.0985417682
5260.00000000	0.00637678670209	0.0158613718661	0.0170952193937	68.0982707097
5260.00000000	0.00637679367400	0.0158612762595	0.0170951332882	68.0981295025
5260.00000000	0.00637675990387	0.0158611797611	0.0170950311578	68.0981138744
5260.00000000	0.00637671537785	0.0158611101025	0.0170949499178	68.0981652492
5260.00000000	0.00637667939141	0.0158610716600	0.0170949008264	68.0982290956
5260.00000000	0.00637665894472	0.0158610648874	0.0170948869157	68.0982842120
5260.00000000	0.00637664923668	0.0158610784633	0.0170948958905	68.0983313742
5260.00000000	0.00637664429942	0.0158610878061	0.0170949027173	68.0983584081
5260.00000000	0.00637663856226	0.0158610708937	0.0170948848855	68.0983551052
5260.00000000	0.00637661776374	0.0158610209920	0.0170948308273	68.0983573955
5260.00000000	0.00637656776197	0.0158609447738	0.0170947414587	68.0984175995
5260.00000000	0.00637648973459	0.0158608623883	0.0170946359141	68.0985572470
5260.00000000	0.00637640045180	0.0158607943659	0.0170945394977	68.0987498554
5260.00000000	0.00637632474380	0.0158607425597	0.0170944631908	68.0989205243
5260.00000000	0.00637628210551	0.0158607125302	0.0170944194243	68.0990155789
5260.00000000	0.00637628085423	0.0158607330578	0.0170944380037	68.0990451338
5260.00000000	0.00637631551998	0.0158608259493	0.0170945371217	68.0990534625
5260.00000000	0.00637637009917	0.0158609636404	0.0170946852339	68.0990558725
5260.00000000	0.00637642670529	0.0158610934552	0.0170948267942	68.0990421322
5260.00000000	0.00637647414246	0.0158611863666	0.0170949306944	68.0990107698
5260.00000000	0.00637650867164	0.0158612478719	0.0170950006403	68.0989802852
5260.00000000	0.00637653802193	0.0158612986546	0.0170950587059	68.0989525008
5260.00000000	0.00637658801546	0.0158613593518	0.0170951336704	68.0988729171
5260.00000000	0.00637666509818	0.0158614244288	0.0170952228030	68.0987145707
5260.00000000	0.00637673509550	0.0158614674525	0.0170952888313	68.0985506890
5260.00000000	0.00637676435632	0.0158614713523	0.0170953033643	68.0984645732
5260.00000000	0.00637674454960	0.0158614296654	0.0170952572979	68.0984740495
5260.00000000	0.00637668732358	0.0158613497051	0.0170951617627	68.0985520395
5260.00000000	0.00637662509460	0.0158612553194	0.0170950509769	68.0986275537
5260.00000000	0.00637658741575	0.0158611683212	0.0170949562031	68.0986359605
5260.00000000	0.00637657889200	0.0158611032734	0.0170948926705	68.0985811449
5260.00000000	0.00637658236665	0.0158610581829	0.0170948521304	68.0985139675
5260.00000000	0.00637658512845	0.0158610266139	0.0170948238700	68.0984659113
5260.00000000	0.00637659443039	0.0158610098199	0.0170948117579	68.0984159887
5260.00000000	0.00637662285145	0.0158610108683	0.0170948233321	68.0983289173
5260.00000000	0.00637666422863	0.0158610208593	0.0170948480363	68.0982127360
5260.00000000	0.00637669038164	0.0158610102533	0.0170948479513	68.0981181472
5260.00000000	0.00637668139080	0.0158609587389	0.0170947968012	68.0980817017
5260.00000000	0.00637664596705	0.0158608756369	0.0170947064835	68.0980879640
5260.00000000	0.00637661292973	0.0158607959978	0.0170946202690	68.0980911345
5260.00000000	0.00637661112276	0.0158607545892	0.0170945811750	68.0980449829
5260.00000000	0.00637664601032	0.0158607632506	0.0170946022250	68.0979473192
5260.00000000	0.00637669081153	0.0158608039343	0.0170946566841	68.0978588627
5260.00000000	0.00637672767151	0.0158608534221	0.0170947163496	68.0978061094
5260.00000000	0.00637676280518	0.0158609046916	0.0170947770243	68.0977609523
5260.00000000	0.00637679745080	0.0158609627665	0.0170948438311	68.0977258217
5260.00000000	0.00637681415500	0.0158610281841	0.0170949107581	68.0977556641
5260.00000000	0.00637680106796	0.0158610893777	0.0170949626530	68.0978728672
5260.00000000	0.00637676356683	0.0158611234590	0.0170949802857	68.0980320939
5260.00000000	0.00637672038869	0.0158611150621	0.0170949563887	68.0981558676
5260.00000000	0.00637668379836	0.0158610799112	0.0170949101259	68.0982257070
5260.00000000	0.00637665262780	0.0158610464726	0.0170948674737	68.0982808336
5260.00000000	0.00637662823708	0.0158610276980	0.0170948409560	68.0983332101
5260.00000000	0.00637661901190	0.0158610252300	0.0170948352250	68.0983588124
5260.00000000	0.00637662457506	0.0158610279607	0.0170948398337	68.0983449264
5260.00000000	0.00637663092459	0.0158610227051	0.0170948373259	68.0983186104
5260.00000000	0.00637661817849	0.0158609946332	0.0170948065257	68.0983231516
5260.00000000	0.00637658011509	0.0158609280466	0.0170947305467	68.0983582716
5260.00000000	0.00637652945798	0.0158608178681	0.0170946094244	68.0983780560
5260.00000000	0.00637648375161	0.0158606892306	0.0170944730222	68.0983593667
5260.00000000	0.00637644528733	0.0158605659938	0.0170943443322	68.0983249076
5260.00000000	0.00637640837431	0.0158604545085	0.0170942271241	68.0983003162
5260.00000000	0.00637637858418	0.0158603657297	0.0170941336408	68.0982819625
5260.00000000	0.00637636465144	0.0158603146226	0.0170940810252	68.0982613938
5260.00000000	0.00637636531048	0.0158603028879	0.0170940703833	68.0982446728
5260.00000000	0.00637636736662	0.0158603135242	0.0170940810189	68.0982515767
5260.00000000	0.00637636178332	0.0158603346484	0.0170940985358	68.0982953510
5260.00000000	0.00637636412266	0.0158603863045	0.0170941473362	68.0983526598
5260.00000000	0.00637639798938	0.0158604850930	0.0170942516275	68.0983708503
5260.00000000	0.00637647061194	0.0158606206522	0.0170944044921	68.0983144891
5260.00000000	0.00637656018829	0.0158607616011	0.0170945686813	68.0982121445
5260.00000000	0.00637662730543	0.0158608611378	0.0170946860698	68.0981278699
5260.00000000	0.00637664409569	0.0158608804748	0.0170947102742	68.0980998319
5260.00000000	0.00637661912945	0.0158608265697	0.0170946509469	68.0981100770
5260.00000000	0.00637658941791	0.0158607460269	0.0170945651344	68.0981017753
5260.00000000	0.00637658303824	0.0158606738874	0.0170944958219	68.0980314223
5260.00000000	0.00637659628745	0.0158606208837	0.0170944515861	68.0979239517
5260.00000000	0.00637660474156	0.0158605972004	0.0170944327658	68.0978680507
5260.00000000	0.00637659089935	0.0158606087441	0.0170944383128	68.0979255299
5260.00000000	0.00637655861237	0.0158606434725	0.0170944584910	68.0980693555
5260.00000000	0.00637652066369	0.0158606782383	0.0170944765920	68.0982308344
5260.00000000	0.00637648131291	0.0158606988114	0.0170944810017	68.0983789287
5260.00000000	0.00637644433020	0.0158606955339	0.0170944641658	68.0984898403
5260.00000000	0.00637641609503	0.0158606718547	0.0170944316635	68.0985480419
5260.00000000	0.00637640745179	0.0158606510883	0.0170944091719	68.0985489581
5260.00000000	0.00637642497221	0.0158606523696	0.0170944168960	68.0984960746
5260.00000000	0.00637645946060	0.0158606659489	0.0170944423598	68.0984057994
5260.00000000	0.00637650763357	0.0158606943193	0.0170944866519	68.0982914606
5270.00000000	-0.00524666778996	0.00593665756255	0.00792284203510	131.469435392
5270.00000000	-0.00524664075369	0.00593668856885	0.00792284736454	131.469140400
5270.00000000	-0.00524660157389	0.00593672243929	0.00792284679874	131.468765887
5270.00000000	-0.00524655891099	0.00593675680035	0.00792284429438	131.468370151
5270.00000000	-0.00524652829174	0.00593679122209	0.00792284981119	131.468039387
5270.00000000	-0.00524653217293	0.00593682839655	0.00792288023711	131.467882396
5270.00000000	-0.00524657183435	0.00593686726089	0.00792293562301	131.467911203
5270.00000000	-0.00524662051987	0.00593689829348	0.00792299111615	131.468026413
5270.00000000	-0.00524665487953	0.00593691781163	0.00792302849465	131.468119133
5270.00000000	-0.00524665555702	0.00593693185563	0.00792303946680	131.468055551
5270.00000000	-0.00524661396151	0.00593694895616	0.00792302473612	131.467748264
5270.00000000	-0.00524655399115	0.00593696905025	0.00792300008114	131.467327070
5270.00000000	-0.00524651592866	0.00593698554449	0.00792298723621	131.467041828
5270.00000000	-0.00524652476848	0.00593699871833	0.00792300296148	131.467026645
5270.00000000	-0.00524657913755	0.00593701047696	0.00792304777532	131.467264955
5270.00000000	-0.00524664978749	0.00593701934593	0.00792310120511	131.467605322
5270.00000000	-0.00524670937124	0.00593701989717	0.00792314107445	131.467925552
5270.00000000	-0.00524676080435	0.00593700565499	0.00792316446159	131.468272453
5270.00000000	-0.00524681282302	0.00593697578807	0.00792317652889	131.468697348
5270.00000000	-0.00524685951442	0.00593694120900	0.00792318153794	131.469115940
5270.00000000	-0.00524690031560	0.00593690420506	0.00792318082981	131.469514228
5270.00000000	-0.00524694320929	0.00593686488124	0.00792317976949	131.469934964
5270.00000000	-0.00524697571146	0.00593683129292	0.00792317612559	131.470271927
5270.00000000	-0.00524697512532	0.00593681162501	0.00792316100030	131.470362938
5270.00000000	-0.00524695045613	0.00593680266002	0.00792313794611	131.470272200
5270.00000000	-0.00524692498346	0.00593679218054	0.00792311322505	131.470184361
5270.00000000	-0.00524690019154	0.00593678401881	0.00792309069152	131.470089110
5270.00000000	-0.00524686148905	0.00593680325091	0.00792307947236	131.469787297
5270.00000000	-0.00524680200737	0.00593686257589	0.00792308453505	131.469180889
5270.00000000	-0.00524673267338	0.00593694260228	0.00792309858633	131.468421962
5270.00000000	-0.00524668238317	0.00593700855547	0.00792311470431	131.467833622
5270.00000000	-0.00524667259511	0.00593703848950	0.00792313065310	131.467637239
5270.00000000	-0.00524668522441	0.00593703776554	0.00792313847370	131.467709141
5270.00000000	-0.00524668806522	0.00593703150451	0.00792313566331	131.467754517
5270.00000000	-0.00524666942770	0.00593704407415	0.00792313274040	131.467593333
5270.00000000	-0.00524662974246	0.00593707635291	0.00792313064860	131.467223717
5270.00000000	-0.00524656808640	0.00593710729867	0.00792311300949	131.466741428
5270.00000000	-0.00524648442576	0.00593711692782	0.00792306482646	131.466241972
5270.00000000	-0.00524639555769	0.00593710000745	0.00792299330091	131.465841425
5270.00000000	-0.00524632053972	0.00593706288069	0.00792291580510	131.465612685
5270.00000000	-0.00524626464458	0.00593701990942	0.00792284659235	131.465515556
5270.00000000	-0.00524622251946	0.00593698816327	0.00792279490928	131.465439295
5270.00000000	-0.00524617967689	0.00593697303056	0.00792275520054	131.465279588
5270.00000000	-0.00524613510220	0.00593696292943	0.00792271811539	131.465086399
5270.00000000	-0.00524609590491	0.00593694868234	0.00792268148422	131.464942203
5270.00000000	-0.00524607386412	0.00593693475025	0.00792265644948	131.464889474
5270.00000000	-0.00524608212833	0.00593693510117	0.00792266218469	131.464932580
5270.00000000	-0.00524611436672	0.00593695942376	0.00792270175812	131.464990816
5270.00000000	-0.00524615122711	0.00593699210272	0.00792275065400	131.465034083
5270.00000000	-0.00524617824224	0.00593700798266	0.00792278044221	131.465104441
5270.00000000	-0.00524620289331	0.00593701630094	0.00792280299865	131.465198197
5270.00000000	-0.00524622669224	0.00593704658203	0.00792284144885	131.465182163
5270.00000000	-0.00524624641010	0.00593709929415	0.00792289400561	131.465036601
5270.00000000	-0.00524627476225	0.00593714330213	0.00792294575717	131.464979511
5270.00000000	-0.00524632933464	0.00593715366783	0.00792298966067	131.465225606
5270.00000000	-0.00524640364812	0.00593713945317	0.00792302821687	131.465696379
5270.00000000	-0.00524647637254	0.00593712441230	0.00792306510227	131.466162493
5270.00000000	-0.00524653185499	0.00593712396048	0.00792310150304	131.466465309
5270.00000000	-0.00524656109218	0.00593714336645	0.00792313540511	131.466530815
5270.00000000	-0.00524655414728	0.00593718061400	0.00792315871756	131.466314821
5270.00000000	-0.00524650824986	0.00593721730705	0.00792315582119	131.465890405
5270.00000000	-0.00524644171776	0.00593723106444	0.00792312207469	131.465463997
5270.00000000	-0.00524637787175	0.00593722311624	0.00792307384197	131.465156078
5270.00000000	-0.00524632572540	0.00593721004707	0.00792302951907	131.464936077
5270.00000000	-0.00524627978018	0.00593720653677	0.00792299646549	131.464703906
5270.00000000	-0.00524622870485	0.00593721214632	0.00792296684923	131.464400262
5270.00000000	-0.00524616883521	0.00593720878002	0.00792292468379	131.464091938
5270.00000000	-0.00524611410045	0.00593718318602	0.00792286926179	131.463917875
5270.00000000	-0.00524607021935	0.00593713697541	0.00792280557702	131.463901350
5270.00000000	-0.00524602096197	0.00593708142103	0.00792273133038	131.463900432
5270.00000000	-0.00524594633103	0.00593701966236	0.00792263563338	131.463791714
5270.00000000	-0.00524586074093	0.00593695412264	0.00792252984643	131.463641707
5270.00000000	-0.00524580797886	0.00593689619681	0.00792245150208	131.463633149
5270.00000000	-0.00524580428449	0.00593684665099	0.00792241192747	131.463850388
5270.00000000	-0.00524581786628	0.00593679987319	0.00792238586667	131.464148002
5270.00000000	-0.00524581372574	0.00593676423741	0.00792235642065	131.464296214
5270.00000000	-0.00524579686787	0.00593675389000	0.00792233750413	131.464254403
5270.00000000	-0.00524578475139	0.00593677494333	0.00792234525792	131.464087917
5270.00000000	-0.00524577888098	0.00593681532223	0.00792237162966	131.463862737
5270.00000000	-0.00524577936461	0.00593685824124	0.00792240411230	131.463659830
5270.00000000	-0.00524578811153	0.00593689227403	0.00792243540741	131.463544262
5270.00000000	-0.00524580037953	0.00593691583805	0.00792246118892	131.463497909
5270.00000000	-0.00524580587231	0.00593694136497	0.00792248395524	131.463405438
5270.00000000	-0.00524580905397	0.00593696882291	0.00792250663836	131.463291195
5270.00000000	-0.00524581572935	0.00593697326966	0.00792251439071	131.463306079
5270.00000000	-0.00524580859730	0.00593694749200	0.00792249035104	131.463390866
5270.00000000	-0.00524578046106	0.00593690774177	0.00792244193289	131.463428730
5270.00000000	-0.00524575719827	0.00593686770185	0.00792239652457	131.463494394
5270.00000000	-0.00524576871479	0.00593683103586	0.00792237667354	131.463732392
5270.00000000	-0.00524581835563	0.00593679991480	0.00792238622188	131.464150455
5270.00000000	-0.00524589341125	0.00593678466886	0.00792242449548	131.464630229
5270.00000000	-0.00524596999312	0.00593678834827	0.00792247796216	131.465027641
5270.00000000	-0.00524602309965	0.00593680291257	0.00792252404128	131.465245700
5270.00000000	-0.00524604093535	0.00593681590439	0.00792254558699	131.465280143
5270.00000000	-0.00524603400253	0.00593681795504	0.00792254253299	131.465232751
5270.00000000	-0.00524602668792	0.00593681267178	0.00792253373045	131.465218411
5270.00000000	-0.00524603125832	0.00593681562130	0.00792253896706	131.465229055
5270.00000000	-0.00524603358905	0.00593683643716	0.00792255610892	131.465142004
5270.00000000	-0.00524601942771	0.00593686377769	0.00792256721971	131.464934332
5270.00000000	-0.00524598599907	0.00593688396590	0.00792256021290	131.464656494
5274.00000000	0.0415774136972	0.0188445020485	0.0456486208686	24.3818836096
5274.00000000	0.0415775563743	0.0188445225530	0.0456487592855	24.3818331232
5274.00000000	0.0415778736464	0.0188446062314	0.0456490828053	24.3817643927
5274.00000000	0.0415783235392	0.0188447286866	0.0456495431259	24.3816712773
5274.00000000	0.0415787528351	0.0188448140080	0.0456499693573	24.3815463851
5274.00000000	0.0415790701478	0.0188448060689	0.0456502550938	24.3813729032
5274.00000000	0.0415792423594	0.0188447021906	0.0456503690657	24.3811649274
5274.00000000	0.0415792365554	0.0188445371750	0.0456502956602	24.3809792933
5274.00000000	0.0415791165441	0.0188443797612	0.0456501213708	24.3808615206
5274.00000000	0.0415790151442	0.0188442904589	0.0456499921496	24.3808119681
5274.00000000	0.0415790266773	0.0188442693347	0.0456499939342	24.3807818439
5274.00000000	0.0415791150772	0.0188442677852	0.0456500738112	24.3807342720
5274.00000000	0.0415791389027	0.0188442395772	0.0456500838678	24.3806896810
5274.00000000	0.0415790369743	0.0188441933850	0.0456499719610	24.3806896845
5274.00000000	0.0415788604591	0.0188441530571	0.0456497945397	24.3807350362
5274.00000000	0.0415786754954	0.0188441338226	0.0456496181307	24.3808088793
5274.00000000	0.0415785435862	0.0188441513376	0.0456495052151	24.3808972464
5274.00000000	0.0415784977467	0.0188441936642	0.0456494809360	24.3809693841
5274.00000000	0.0415785084110	0.0188442120098	0.0456494982223	24.3809848313
5274.00000000	0.0415785133656	0.0188441762785	0.0456494879852	24.3809414165
5274.00000000	0.0415784818800	0.0188441001599	0.0456494278856	24.3808707113
5274.00000000	0.0415783946640	0.0188440077391	0.0456493102961	24.3808102442
5274.00000000	0.0415782078105	0.0188439258905	0.0456491063187	24.3808134868
5274.00000000	0.0415779312282	0.0188438842942	0.0456488372307	24.3809092369
5274.00000000	0.0415776378806	0.0188438983564	0.0456485758485	24.3810773043
5274.00000000	0.0415773780007	0.0188439433941	0.0456483577367	24.3812634445
5274.00000000	0.0415771966067	0.0188439888632	0.0456482112897	24.3814094130
5274.00000000	0.0415771712062	0.0188440544878	0.0456482152449	24.3814975975
5274.00000000	0.0415773436851	0.0188441652054	0.0456484180471	24.3815348032
5274.00000000	0.0415776231989	0.0188442873778	0.0456487230670	24.3815296450
5274.00000000	0.0415778718160	0.0188443742711	0.0456489853821	24.3815001644
5274.00000000	0.0415780332186	0.0188444238518	0.0456491528578	24.3814732170
5274.00000000	0.0415780969679	0.0188444539245	0.0456492233361	24.3814745655
5274.00000000	0.0415781387474	0.0188445115079	0.0456492851606	24.3815187473
5274.00000000	0.0415782791426	0.0188446324523	0.0456494629621	24.3815842667
5274.00000000	0.0415785182706	0.0188447805130	0.0456497418849	24.3816296283
5274.00000000	0.0415787298224	0.0188448846051	0.0456499775403	24.3816390134
5274.00000000	0.0415787834210	0.0188448948088	0.0456500305709	24.3816229073
5274.00000000	0.0415786124521	0.0188448070576	0.0456498386249	24.3816111756
5274.00000000	0.0415782471256	0.0188446612424	0.0456494456854	24.3816337682
5274.00000000	0.0415777845362	0.0188445018157	0.0456489585382	24.3816911963
5274.00000000	0.0415773091658	0.0188443486728	0.0456484623440	24.3817624316
5274.00000000	0.0415769220661	0.0188442183372	0.0456480559633	24.3818140047
5274.00000000	0.0415766989402	0.0188441280239	0.0456478154542	24.3818263695
5274.00000000	0.0415766240249	0.0188440797427	0.0456477272890	24.3818099907
5274.00000000	0.0415766549451	0.0188440660984	0.0456477498191	24.3817783707
5274.00000000	0.0415767736502	0.0188440883674	0.0456478671304	24.3817423219
5274.00000000	0.0415769430579	0.0188441405723	0.0456480429805	24.3817142252
5274.00000000	0.0415770741403	0.0188441941057	0.0456481844717	24.3817075056
5274.00000000	0.0415770922420	0.0188442351599	0.0456482179068	24.3817450602
5274.00000000	0.0415770047813	0.0188442712861	0.0456481531596	24.3818316780
5274.00000000	0.0415769171891	0.0188443053962	0.0456480874607	24.3819160593
5274.00000000	0.0415769575631	0.0188443241068	0.0456481319579	24.3819165298
5274.00000000	0.0415771905594	0.0188443317434	0.0456483473268	24.3818045331
5274.00000000	0.0415775769166	0.0188443516456	0.0456487074428	24.3816270971
5274.00000000	0.0415780175226	0.0188443886826	0.0456491240434	24.3814411443
5274.00000000	0.0415784236522	0.0188444440891	0.0456495168258	24.3812940577
5274.00000000	0.0415787533267	0.0188445357839	0.0456498549517	24.3812280705
5274.00000000	0.0415790020419	0.0188446655356	0.0456501350485	24.3812475361
5274.00000000	0.0415791745866	0.0188448057342	0.0456503500804	24.3813184091
5274.00000000	0.0415792395272	0.0188449135936	0.0456504537547	24.3814080637
5274.00000000	0.0415791667616	0.0188449594364	0.0456504064029	24.3814981707
5274.00000000	0.0415789812956	0.0188449484735	0.0456502329517	24.3815817319
5274.00000000	0.0415787688910	0.0188449078653	0.0456500227266	24.3816453614
5274.00000000	0.0415786107104	0.0188448719661	0.0456498638335	24.3816862799
5274.00000000	0.0415785268112	0.0188448776930	0.0456497897810	24.3817362973
5274.00000000	0.0415784657420	0.0188449218835	0.0456497524008	24.3818184568
5274.00000000	0.0415783774980	0.0188449670050	0.0456496906538	24.3819157609
5274.00000000	0.0415782719277	0.0188449959212	0.0456496064361	24.3820035171
5274.00000000	0.0415781302108	0.0188450019020	0.0456494798274	24.3820837832
5274.00000000	0.0415778607304	0.0188449540021	0.0456492146073	24.3821686540
5274.00000000	0.0415774496415	0.0188448327706	0.0456487901356	24.3822430676
5274.00000000	0.0415769922335	0.0188446768033	0.0456483091363	24.3823017730
5274.00000000	0.0415765756525	0.0188445344815	0.0456478709560	24.3823549244
5274.00000000	0.0415762216449	0.0188444118202	0.0456474978845	24.3823981295
5274.00000000	0.0415759418040	0.0188443067646	0.0456471996329	24.3824230319
5274.00000000	0.0415757667124	0.0188442299153	0.0456470084324	24.3824259025
5274.00000000	0.0415757011628	0.0188441885568	0.0456469316553	24.3824125858
5274.00000000	0.0415757596497	0.0188441941716	0.0456469872437	24.3823886985
5274.00000000	0.0415759947811	0.0188442588454	0.0456472281028	24.3823407975
5274.00000000	0.0415763956741	0.0188443613931	0.0456476355747	24.3822503037
5274.00000000	0.0415768745885	0.0188444608613	0.0456481128383	24.3821158636
5274.00000000	0.0415772990203	0.0188445221111	0.0456485247015	24.3819659648
5274.00000000	0.0415775612994	0.0188445496044	0.0456487749386	24.3818614964
5274.00000000	0.0415775860920	0.0188445599483	0.0456488017902	24.3818604755
5274.00000000	0.0415773718730	0.0188445427630	0.0456485995822	24.3819518258
5274.00000000	0.0415770193512	0.0188444851953	0.0456482547356	24.3820686731
5274.00000000	0.0415766930717	0.0188444210985	0.0456479310957	24.3821644603
5274.00000000	0.0415765111735	0.0188443913419	0.0456477531365	24.3822246944
5274.00000000	0.0415764826981	0.0188443994561	0.0456477305504	24.3822487257
5274.00000000	0.0415765990895	0.0188444390623	0.0456478529114	24.3822336948
5274.00000000	0.0415768140382	0.0188445032134	0.0456480751722	24.3821956559
5274.00000000	0.0415769834058	0.0188445634538	0.0456482543028	24.3821767646
5274.00000000	0.0415769741666	0.0188445782831	0.0456482520095	24.3821985050
5274.00000000	0.0415768169036	0.0188445354575	0.0456480910931	24.3822310331
5274.00000000	0.0415766714869	0.0188444695050	0.0456479314193	24.3822309841
5274.00000000	0.0415766494183	0.0188444051772	0.0456478847630	24.3821688782
5274.00000000	0.0415767660169	0.0188443525737	0.0456479692467	24.3820483242
5274.00000000	0.0415769846806	0.0188443407789	0.0456481635394	24.3819215386
5274.00000000	0.0415772799760	0.0188443972167	0.0456484557971	24.3818330521
