DevNumber	X [V]	Y [V]	R [V]	Theta [°]
4253.00000000	-0.000214369247985	-0.000624881535507	0.000660629327156	-108.934829818
4253.00000000	-0.000214386159211	-0.000624882932060	0.000660636135888	-108.936177831
4253.00000000	-0.000214396811452	-0.000624880451975	0.000660637246922	-108.937121482
4253.00000000	-0.000214395741391	-0.000624878650178	0.000660635195380	-108.937084413
4253.00000000	-0.000214390898155	-0.000624881144884	0.000660635983309	-108.936616887
4253.00000000	-0.000214393456423	-0.000624886623907	0.000660641996012	-108.936672544
4253.00000000	-0.000214405792980	-0.000624892406213	0.000660651468935	-108.937521800
4253.00000000	-0.000214420134060	-0.000624894912241	0.000660658493652	-108.938627681
4253.00000000	-0.000214424671638	-0.000624892247355	0.000660657445740	-108.939074911
4253.00000000	-0.000214412142819	-0.000624887252814	0.000660648655276	-108.938187740
4253.00000000	-0.000214388253609	-0.000624885048229	0.000660638817196	-108.936290085
4253.00000000	-0.000214368687932	-0.000624888023172	0.000660635282035	-108.934601293
4253.00000000	-0.000214363677040	-0.000624891782910	0.000660637212381	-108.934084417
4253.00000000	-0.000214370784595	-0.000624888525380	0.000660636437414	-108.934759160
4253.00000000	-0.000214384443145	-0.000624880248336	0.000660633040517	-108.936112586
4253.00000000	-0.000214397240054	-0.000624877358954	0.000660634460406	-108.937243698
4253.00000000	-0.000214403083525	-0.000624885134344	0.000660643711352	-108.937504211
4253.00000000	-0.000214402319099	-0.000624898047697	0.000660655677680	-108.937078050
4253.00000000	-0.000214395751750	-0.000624908528893	0.000660663460358	-108.936244335
4253.00000000	-0.000214383935506	-0.000624915132927	0.000660665872559	-108.935089179
4253.00000000	-0.000214369334694	-0.000624915554671	0.000660661533712	-108.933879578
4253.00000000	-0.000214358599315	-0.000624907257040	0.000660650201696	-108.933232414
4253.00000000	-0.000214358053493	-0.000624895655309	0.000660639050557	-108.933514113
4253.00000000	-0.000214367299898	-0.000624890078572	0.000660636775818	-108.934429582
4253.00000000	-0.000214380889919	-0.000624894231025	0.000660645113454	-108.935427572
4253.00000000	-0.000214391598330	-0.000624901335878	0.000660655308778	-108.936106061
4253.00000000	-0.000214392216840	-0.000624903722453	0.000660657766910	-108.936089631
4253.00000000	-0.000214383204341	-0.000624901483913	0.000660652724886	-108.935413315
4253.00000000	-0.000214372563480	-0.000624898352377	0.000660646309894	-108.934628537
4253.00000000	-0.000214363688008	-0.000624897704953	0.000660642817559	-108.933918662
4253.00000000	-0.000214356550146	-0.000624902424039	0.000660644965288	-108.933200312
4253.00000000	-0.000214353109952	-0.000624911488537	0.000660652423179	-108.932663027
4253.00000000	-0.000214356683754	-0.000624917137816	0.000660658926380	-108.932797236
4253.00000000	-0.000214368654486	-0.000624914167202	0.000660660000602	-108.933862823
4253.00000000	-0.000214386360055	-0.000624905854862	0.000660657883339	-108.935549175
4253.00000000	-0.000214403321869	-0.000624899414197	0.000660657295648	-108.937121848
4253.00000000	-0.000214410402472	-0.000624900808548	0.000660660912430	-108.937663433
4253.00000000	-0.000214402632345	-0.000624909313516	0.000660666435408	-108.936786674
4253.00000000	-0.000214384514647	-0.000624916427400	0.000660667284914	-108.935100258
4253.00000000	-0.000214367199074	-0.000624915573338	0.000660660858413	-108.933703863
4253.00000000	-0.000214358702557	-0.000624907479834	0.000660650445935	-108.933234614
4253.00000000	-0.000214358786199	-0.000624896353108	0.000660639948344	-108.933554584
4253.00000000	-0.000214362428155	-0.000624886196575	0.000660631523071	-108.934139172
4253.00000000	-0.000214362090881	-0.000624876492814	0.000660622234926	-108.934384589
4253.00000000	-0.000214353981105	-0.000624867038311	0.000660610660512	-108.933985353
4253.00000000	-0.000214342401188	-0.000624862583086	0.000660602688980	-108.933160723
4253.00000000	-0.000214334477524	-0.000624865967678	0.000660603319563	-108.932415417
4253.00000000	-0.000214332327310	-0.000624873714863	0.000660609950013	-108.932021006
4253.00000000	-0.000214332998389	-0.000624880089860	0.000660616197881	-108.931896672
4253.00000000	-0.000214337136873	-0.000624878020430	0.000660615583119	-108.932294422
4253.00000000	-0.000214346215864	-0.000624861657142	0.000660603050872	-108.933499737
4253.00000000	-0.000214352860553	-0.000624836295965	0.000660581218006	-108.934758626
4253.00000000	-0.000214348999491	-0.000624814417543	0.000660559270583	-108.935057633
4253.00000000	-0.000214337564262	-0.000624804141567	0.000660545840024	-108.934408651
4253.00000000	-0.000214327512813	-0.000624803670507	0.000660542132969	-108.933597217
4253.00000000	-0.000214322000826	-0.000624808018910	0.000660544457650	-108.933022589
4253.00000000	-0.000214319697839	-0.000624815158745	0.000660550463991	-108.932632695
4253.00000000	-0.000214321727339	-0.000624824452338	0.000660559913293	-108.932537660
4253.00000000	-0.000214330625376	-0.000624836008937	0.000660573731720	-108.932942465
4253.00000000	-0.000214345423286	-0.000624849307453	0.000660591112193	-108.933782266
4253.00000000	-0.000214359258133	-0.000624859679826	0.000660605412497	-108.934625366
4253.00000000	-0.000214364141841	-0.000624862865562	0.000660610010570	-108.934936360
4253.00000000	-0.000214361436203	-0.000624859495768	0.000660605945162	-108.934809233
4253.00000000	-0.000214359376158	-0.000624855465464	0.000660601464476	-108.934753657
4253.00000000	-0.000214361337750	-0.000624858430307	0.000660604905407	-108.934831142
4253.00000000	-0.000214362221520	-0.000624869208967	0.000660615387597	-108.934600295
4253.00000000	-0.000214357948750	-0.000624882843251	0.000660626897713	-108.933866066
4253.00000000	-0.000214350161802	-0.000624891515057	0.000660632573717	-108.932983219
4253.00000000	-0.000214343930984	-0.000624891566035	0.000660630600299	-108.932470628
4253.00000000	-0.000214345070561	-0.000624884684340	0.000660624460640	-108.932757765
4253.00000000	-0.000214352410869	-0.000624876179062	0.000660618797192	-108.933599294
4253.00000000	-0.000214360401682	-0.000624870179949	0.000660615715525	-108.934423673
4253.00000000	-0.000214364921039	-0.000624866565486	0.000660613763128	-108.934896154
4253.00000000	-0.000214365528593	-0.000624865512395	0.000660612964170	-108.934975635
4253.00000000	-0.000214360935759	-0.000624867007318	0.000660612887865	-108.934556775
4253.00000000	-0.000214349160705	-0.000624866759305	0.000660608832502	-108.933597745
4253.00000000	-0.000214337544182	-0.000624859281158	0.000660597989776	-108.932855173
4253.00000000	-0.000214335082504	-0.000624847709990	0.000660586245900	-108.932978846
4253.00000000	-0.000214338896777	-0.000624840093126	0.000660580278731	-108.933506137
4253.00000000	-0.000214343830858	-0.000624838311504	0.000660580194488	-108.933961084
4253.00000000	-0.000214348789741	-0.000624840772733	0.000660584131608	-108.934298653
4253.00000000	-0.000214352905710	-0.000624848033546	0.000660592335115	-108.934431984
4253.00000000	-0.000214355115030	-0.000624862522632	0.000660606757102	-108.934205463
4253.00000000	-0.000214355135645	-0.000624881287665	0.000660624513510	-108.933679064
4253.00000000	-0.000214353529464	-0.000624897549737	0.000660639374592	-108.933089672
4253.00000000	-0.000214352808529	-0.000624908994577	0.000660649966342	-108.932708478
4253.00000000	-0.000214354676015	-0.000624917044936	0.000660658187099	-108.932635148
4253.00000000	-0.000214357171072	-0.000624920533283	0.000660662296267	-108.932741668
4253.00000000	-0.000214361102882	-0.000624916187996	0.000660659461787	-108.933186478
4253.00000000	-0.000214367771735	-0.000624904027388	0.000660650122988	-108.934075748
4253.00000000	-0.000214374131842	-0.000624889772084	0.000660638702816	-108.934998666
4253.00000000	-0.000214376263236	-0.000624879280891	0.000660629470979	-108.935468773
4253.00000000	-0.000214374572268	-0.000624874570616	0.000660624466878	-108.935462618
4253.00000000	-0.000214372738414	-0.000624873222942	0.000660622597044	-108.935350104
4253.00000000	-0.000214371783674	-0.000624872254172	0.000660621370884	-108.935299045
4253.00000000	-0.000214368358727	-0.000624872415123	0.000660620411738	-108.935013544
4253.00000000	-0.000214358793335	-0.000624875793738	0.000660620503678	-108.934133741
4253.00000000	-0.000214345290109	-0.000624884572135	0.000660624425740	-108.932778934
4253.00000000	-0.000214333457795	-0.000624899978229	0.000660635159464	-108.931374731
4253.00000000	-0.000214328590185	-0.000624918223781	0.000660650838934	-108.930462040
5260.00000000	-0.0792346340498	-0.144711469504	0.164983443530	-118.702259863
5260.00000000	-0.0792347720549	-0.144711246246	0.164983313982	-118.702339137
5260.00000000	-0.0792346820617	-0.144711083972	0.164983128428	-118.702338789
5260.00000000	-0.0792345011873	-0.144711049800	0.164983011588	-118.702289392
5260.00000000	-0.0792343820156	-0.144711104560	0.164983002387	-118.702243957
5260.00000000	-0.0792344072082	-0.144711209327	0.164983106379	-118.702234158
5260.00000000	-0.0792344635999	-0.144711252257	0.164983171117	-118.702244175
5260.00000000	-0.0792342953357	-0.144711029366	0.164982894803	-118.702230095
5260.00000000	-0.0792337777203	-0.144710429388	0.164982119957	-118.702172491
5260.00000000	-0.0792331011797	-0.144709654218	0.164981115121	-118.702095694
5260.00000000	-0.0792326080346	-0.144709057423	0.164980354819	-118.702045012
5260.00000000	-0.0792325408639	-0.144708869922	0.164980158097	-118.702055823
5260.00000000	-0.0792329088400	-0.144709079038	0.164980518241	-118.702133037
5260.00000000	-0.0792335407195	-0.144709538727	0.164981224912	-118.702248847
5260.00000000	-0.0792342056209	-0.144710064382	0.164982005303	-118.702363713
5260.00000000	-0.0792347269578	-0.144710483022	0.164982622880	-118.702452695
5260.00000000	-0.0792351156260	-0.144710823113	0.164983107845	-118.702514365
5260.00000000	-0.0792354361755	-0.144711170501	0.164983566496	-118.702554068
5260.00000000	-0.0792356781817	-0.144711490434	0.164983963343	-118.702574424
5260.00000000	-0.0792358389323	-0.144711701002	0.164984225241	-118.702588270
5260.00000000	-0.0792359678291	-0.144711781271	0.164984357550	-118.702614146
5260.00000000	-0.0792360008699	-0.144711690286	0.164984293614	-118.702639385
5260.00000000	-0.0792358441316	-0.144711391990	0.164983956696	-118.702641393
5260.00000000	-0.0792355696453	-0.144711032268	0.164983509349	-118.702617779
5260.00000000	-0.0792354116159	-0.144710947290	0.164983358917	-118.702583815
5260.00000000	-0.0792355283804	-0.144711328778	0.164983749607	-118.702555756
5260.00000000	-0.0792358050546	-0.144711944688	0.164984422713	-118.702537308
5260.00000000	-0.0792360060075	-0.144712400077	0.164984918656	-118.702522567
5260.00000000	-0.0792360089065	-0.144712490632	0.164984999477	-118.702508347
5260.00000000	-0.0792358549931	-0.144712256692	0.164984720363	-118.702500482
5260.00000000	-0.0792356421361	-0.144711894909	0.164984300808	-118.702495984
5260.00000000	-0.0792355032506	-0.144711650338	0.164984019587	-118.702494469
5260.00000000	-0.0792355104342	-0.144711598042	0.164983977166	-118.702505379
5260.00000000	-0.0792355749371	-0.144711588793	0.164984000032	-118.702526570
5260.00000000	-0.0792355422529	-0.144711410489	0.164983827940	-118.702546353
5260.00000000	-0.0792353133439	-0.144711020508	0.164983375942	-118.702541669
5260.00000000	-0.0792349538508	-0.144710619601	0.164982851645	-118.702499029
5260.00000000	-0.0792345864721	-0.144710358438	0.164982446135	-118.702430680
5260.00000000	-0.0792342019042	-0.144710122884	0.164982054831	-118.702352823
5260.00000000	-0.0792337327044	-0.144709741029	0.164981494559	-118.702273587
5260.00000000	-0.0792331654391	-0.144709186783	0.164980735981	-118.702193231
5260.00000000	-0.0792325802405	-0.144708559044	0.164979904328	-118.702119669
5260.00000000	-0.0792321165777	-0.144708032807	0.164979220074	-118.702066199
5260.00000000	-0.0792319110173	-0.144707760945	0.164978882894	-118.702048924
5260.00000000	-0.0792320726950	-0.144707904281	0.164979086265	-118.702074268
5260.00000000	-0.0792324976782	-0.144708470443	0.164979786963	-118.702109296
5260.00000000	-0.0792329888640	-0.144709270396	0.164980724519	-118.702125498
5260.00000000	-0.0792332958406	-0.144709947650	0.164981465985	-118.702106051
5260.00000000	-0.0792331162661	-0.144710079419	0.164981495322	-118.702029372
5260.00000000	-0.0792323376037	-0.144709503216	0.164980615962	-118.701888282
5260.00000000	-0.0792310885990	-0.144708376227	0.164979027609	-118.701695778
5260.00000000	-0.0792297148696	-0.144707090757	0.164977240351	-118.701491709
5260.00000000	-0.0792286250193	-0.144706091741	0.164975840684	-118.701326336
5260.00000000	-0.0792280608980	-0.144705607617	0.164975145127	-118.701235235
5260.00000000	-0.0792280979479	-0.144705687310	0.164975232821	-118.701233229
5260.00000000	-0.0792285475790	-0.144706110780	0.164975820193	-118.701299570
5260.00000000	-0.0792291103998	-0.144706540676	0.164976467562	-118.701399319
5260.00000000	-0.0792297383622	-0.144706926207	0.164977107300	-118.701526310
5260.00000000	-0.0792305481365	-0.144707395429	0.164977907763	-118.701694726
5260.00000000	-0.0792315254994	-0.144707949078	0.164978862766	-118.701900110
5260.00000000	-0.0792324751812	-0.144708428870	0.164979739694	-118.702109377
5260.00000000	-0.0792332320784	-0.144708730152	0.164980367462	-118.702289691
5260.00000000	-0.0792337614715	-0.144708913051	0.164980782133	-118.702420447
5260.00000000	-0.0792341170043	-0.144709135185	0.164981147721	-118.702491698
5260.00000000	-0.0792343375441	-0.144709453582	0.164981532912	-118.702505772
5260.00000000	-0.0792344038832	-0.144709772216	0.164981844254	-118.702472836
5260.00000000	-0.0792343623286	-0.144710008175	0.164982031263	-118.702420822
5260.00000000	-0.0792343967170	-0.144710233330	0.164982245268	-118.702393745
5260.00000000	-0.0792345986799	-0.144710503687	0.164982579399	-118.702410173
5260.00000000	-0.0792349118417	-0.144710765284	0.164982959253	-118.702461935
5260.00000000	-0.0792352118312	-0.144710920273	0.164983239271	-118.702527465
5260.00000000	-0.0792354103110	-0.144710957819	0.164983367526	-118.702581661
5260.00000000	-0.0792354891604	-0.144710914435	0.164983367341	-118.702612916
5260.00000000	-0.0792353876345	-0.144710708780	0.164983138197	-118.702616290
5260.00000000	-0.0792350588821	-0.144710263788	0.164982589995	-118.702590368
5260.00000000	-0.0792346215718	-0.144709772268	0.164981948848	-118.702539138
5260.00000000	-0.0792342484455	-0.144709528686	0.164981555997	-118.702466105
5260.00000000	-0.0792340688969	-0.144709673673	0.164981596939	-118.702387230
5260.00000000	-0.0792340830442	-0.144710077685	0.164981958103	-118.702324156
5260.00000000	-0.0792341213092	-0.144710438821	0.164982293242	-118.702275579
5260.00000000	-0.0792339829156	-0.144710504533	0.164982284416	-118.702222463
5260.00000000	-0.0792336867279	-0.144710307244	0.164981969121	-118.702165145
5260.00000000	-0.0792334807172	-0.144710112391	0.164981699272	-118.702134890
5260.00000000	-0.0792335561866	-0.144710118729	0.164981741076	-118.702156822
5260.00000000	-0.0792338353466	-0.144710293743	0.164982028655	-118.702212668
5260.00000000	-0.0792341313312	-0.144710483265	0.164982337038	-118.702271219
5260.00000000	-0.0792343564086	-0.144710583664	0.164982533196	-118.702323035
5260.00000000	-0.0792345620334	-0.144710669579	0.164982707308	-118.702371342
5260.00000000	-0.0792348768782	-0.144710915196	0.164983073952	-118.702426281
5260.00000000	-0.0792352744089	-0.144711249028	0.164983557683	-118.702491695
5260.00000000	-0.0792355575096	-0.144711435057	0.164983856817	-118.702546903
5260.00000000	-0.0792355870459	-0.144711385789	0.164983827787	-118.702564117
5260.00000000	-0.0792354191951	-0.144711202370	0.164983586294	-118.702543580
5260.00000000	-0.0792351071485	-0.144710915599	0.164983184896	-118.702496357
5260.00000000	-0.0792346981185	-0.144710560687	0.164982677152	-118.702430956
5260.00000000	-0.0792343095643	-0.144710241009	0.164982210147	-118.702365916
5260.00000000	-0.0792339588840	-0.144709907663	0.164981749343	-118.702314692
5260.00000000	-0.0792336164701	-0.144709524386	0.164981248714	-118.702274314
5260.00000000	-0.0792332498289	-0.144709082181	0.164980684760	-118.702236384
5260.00000000	-0.0792328448344	-0.144708554229	0.164980027178	-118.702201072
5270.00000000	-0.0259937697748	0.0722997947889	0.0768305693954	109.774910236
5270.00000000	-0.0259937781411	0.0722998159372	0.0768305921271	109.774910772
5270.00000000	-0.0259937016880	0.0722997802343	0.0768305326636	109.774866128
5270.00000000	-0.0259935976157	0.0722998229954	0.0768305376929	109.774782304
5270.00000000	-0.0259935463812	0.0723000009744	0.0768306878426	109.774701445
5270.00000000	-0.0259935613952	0.0723002631242	0.0768309396131	109.774645841
5270.00000000	-0.0259935850554	0.0723004708979	0.0768311431393	109.774610024
5270.00000000	-0.0259935476916	0.0723004612508	0.0768311214201	109.774586238
5270.00000000	-0.0259934574725	0.0723002026346	0.0768308475313	109.774588174
5270.00000000	-0.0259933828736	0.0722998285157	0.0768304702355	109.774630213
5270.00000000	-0.0259933413325	0.0722994696756	0.0768301185017	109.774691597
5270.00000000	-0.0259933165458	0.0722992315990	0.0768298860786	109.774734270
5270.00000000	-0.0259932993873	0.0722991867793	0.0768298380969	109.774733536
5270.00000000	-0.0259932854292	0.0722993435186	0.0768299808709	109.774684195
5270.00000000	-0.0259932845952	0.0722996694450	0.0768302872954	109.774601378
5270.00000000	-0.0259932876422	0.0723000392908	0.0768306363627	109.774510204
5270.00000000	-0.0259932793536	0.0723003507747	0.0768309266748	109.774425801
5270.00000000	-0.0259932715810	0.0723006279387	0.0768311848654	109.774350419
5270.00000000	-0.0259932726890	0.0723008724882	0.0768314153693	109.774289498
5270.00000000	-0.0259932863325	0.0723010259376	0.0768315643860	109.774260358
5270.00000000	-0.0259932958318	0.0723010794275	0.0768316179355	109.774253530
5270.00000000	-0.0259932761045	0.0723010309446	0.0768315656374	109.774251918
5270.00000000	-0.0259932405187	0.0723008879022	0.0768314189906	109.774263034
5270.00000000	-0.0259932324933	0.0723007159640	0.0768312544760	109.774300781
5270.00000000	-0.0259932762318	0.0723006126526	0.0768311720541	109.774357539
5270.00000000	-0.0259933702986	0.0723006016115	0.0768311934884	109.774426338
5270.00000000	-0.0259934827135	0.0723006219269	0.0768312506379	109.774500100
5270.00000000	-0.0259935507030	0.0723006051974	0.0768312578971	109.774552034
5270.00000000	-0.0259935537639	0.0723005485492	0.0768312056250	109.774568474
5270.00000000	-0.0259935209692	0.0723004516614	0.0768311033554	109.774569904
5270.00000000	-0.0259934836227	0.0723002966057	0.0768309448082	109.774582816
5270.00000000	-0.0259934555296	0.0723001555961	0.0768308026093	109.774598678
5270.00000000	-0.0259934272772	0.0723001374042	0.0768307759317	109.774583441
5270.00000000	-0.0259933868615	0.0723002523322	0.0768308704092	109.774526083
5270.00000000	-0.0259933212859	0.0723003911794	0.0768309788833	109.774445033
5270.00000000	-0.0259932063354	0.0723004128084	0.0768309603471	109.774358909
5270.00000000	-0.0259930533111	0.0723002412531	0.0768307471374	109.774294804
5270.00000000	-0.0259929147853	0.0722999159572	0.0768303941579	109.774279662
5270.00000000	-0.0259928176000	0.0722995002678	0.0768299701013	109.774316338
5270.00000000	-0.0259927595985	0.0722990224914	0.0768295008754	109.774396177
5270.00000000	-0.0259927338337	0.0722985180956	0.0768290175062	109.774505356
5270.00000000	-0.0259927281371	0.0722980575387	0.0768285821806	109.774617559
5270.00000000	-0.0259927462607	0.0722977685738	0.0768283163874	109.774703186
5270.00000000	-0.0259927862887	0.0722977791883	0.0768283399184	109.774728599
5270.00000000	-0.0259928320863	0.0722981242548	0.0768286801307	109.774673676
5270.00000000	-0.0259928869794	0.0722986675369	0.0768292099474	109.774575126
5270.00000000	-0.0259929374192	0.0722992002635	0.0768297283246	109.774476115
5270.00000000	-0.0259929224793	0.0722995137637	0.0768300182837	109.774386534
5270.00000000	-0.0259928223933	0.0722994506237	0.0768299250062	109.774332227
5270.00000000	-0.0259926874770	0.0722990037756	0.0768294588632	109.774350285
5270.00000000	-0.0259925861667	0.0722983103653	0.0768287720669	109.774454137
5270.00000000	-0.0259925931984	0.0722976263759	0.0768281307905	109.774631646
5270.00000000	-0.0259927353195	0.0722972201376	0.0768277965909	109.774833884
5270.00000000	-0.0259929276007	0.0722971893849	0.0768278327054	109.774976584
5270.00000000	-0.0259930609241	0.0722974351212	0.0768281090572	109.775008146
5270.00000000	-0.0259931007244	0.0722978074391	0.0768284728846	109.774942137
5270.00000000	-0.0259930707981	0.0722981939813	0.0768288265072	109.774823607
5270.00000000	-0.0259930159362	0.0722985833900	0.0768291743914	109.774686855
5270.00000000	-0.0259929775255	0.0722990402775	0.0768295913414	109.774544625
5270.00000000	-0.0259929591066	0.0722995170513	0.0768300337692	109.774411409
5270.00000000	-0.0259929421457	0.0722998810174	0.0768303705348	109.774307678
5270.00000000	-0.0259929111500	0.0723000642362	0.0768305324634	109.774239701
5270.00000000	-0.0259928472969	0.0723000729918	0.0768305191003	109.774192682
5270.00000000	-0.0259927399414	0.0722999359396	0.0768303538097	109.774151920
5270.00000000	-0.0259926114816	0.0722997356022	0.0768301218259	109.774112315
5270.00000000	-0.0259925091719	0.0722996055574	0.0768299648367	109.774073327
5270.00000000	-0.0259924818457	0.0722996055189	0.0768299555557	109.774054160
5270.00000000	-0.0259925737571	0.0722997532555	0.0768301256755	109.774081387
5270.00000000	-0.0259927679770	0.0723000453848	0.0768304662862	109.774143983
5270.00000000	-0.0259929799352	0.0723004096399	0.0768308807707	109.774200828
5270.00000000	-0.0259931260981	0.0723007066562	0.0768312097220	109.774228465
5270.00000000	-0.0259931641848	0.0723008433849	0.0768313512735	109.774220697
5270.00000000	-0.0259931088803	0.0723008182238	0.0768313088857	109.774188234
5270.00000000	-0.0259930111035	0.0723006282215	0.0768310970080	109.774167554
5270.00000000	-0.0259929003165	0.0723003173029	0.0768307669424	109.774168251
5270.00000000	-0.0259928028879	0.0723000074197	0.0768304423705	109.774178060
5270.00000000	-0.0259927694507	0.0722997839619	0.0768302207771	109.774210973
5270.00000000	-0.0259928294677	0.0722997242781	0.0768301849173	109.774268149
5270.00000000	-0.0259929495417	0.0722998495913	0.0768303434641	109.774320797
5270.00000000	-0.0259930594519	0.0723000198750	0.0768305408909	109.774354966
5270.00000000	-0.0259930963173	0.0723000565428	0.0768305878687	109.774371586
5270.00000000	-0.0259930425227	0.0722999296233	0.0768304502338	109.774365856
5270.00000000	-0.0259929462393	0.0722997739358	0.0768302711525	109.774337567
5270.00000000	-0.0259928730598	0.0722997082457	0.0768301845782	109.774302785
5270.00000000	-0.0259928705750	0.0722997243000	0.0768301988451	109.774296991
5270.00000000	-0.0259929378525	0.0722998155342	0.0768303074605	109.774321186
5270.00000000	-0.0259930092934	0.0722999587926	0.0768304664410	109.774335178
5270.00000000	-0.0259930379806	0.0723001274879	0.0768306348940	109.774312748
5270.00000000	-0.0259930337950	0.0723003465069	0.0768308395821	109.774254553
5270.00000000	-0.0259930055644	0.0723005626081	0.0768310333896	109.774180221
5270.00000000	-0.0259929387775	0.0723006392237	0.0768310828925	109.774114023
5270.00000000	-0.0259928406683	0.0723005096092	0.0768309277294	109.774077874
5270.00000000	-0.0259927408586	0.0723002478896	0.0768306476755	109.774073861
5270.00000000	-0.0259926636050	0.0722999518284	0.0768303429361	109.774094341
5270.00000000	-0.0259926257067	0.0722997239302	0.0768301156547	109.774125243
5270.00000000	-0.0259926327630	0.0722996432147	0.0768300420859	109.774150559
5270.00000000	-0.0259926680379	0.0722996476320	0.0768300581767	109.774174200
5270.00000000	-0.0259926910582	0.0722996104851	0.0768300310084	109.774199727
5270.00000000	-0.0259927095049	0.0722995083927	0.0768299411768	109.774238430
5270.00000000	-0.0259927615427	0.0722993670756	0.0768298257980	109.774310602
5274.00000000	0.0212802124120	-0.0724484384767	0.0755090966574	-73.6309530812
5274.00000000	0.0212802870411	-0.0724486123186	0.0755092844850	-73.6309359239
5274.00000000	0.0212803850705	-0.0724485851851	0.0755092860784	-73.6308587527
5274.00000000	0.0212804921130	-0.0724484527948	0.0755091892218	-73.6307525108
5274.00000000	0.0212805691499	-0.0724483136209	0.0755090774004	-73.6306666631
5274.00000000	0.0212805981097	-0.0724482588681	0.0755090330287	-73.6306338705
5274.00000000	0.0212805966851	-0.0724483277966	0.0755090987617	-73.6306496480
5274.00000000	0.0212805652888	-0.0724484360641	0.0755091937922	-73.6306956585
5274.00000000	0.0212805140577	-0.0724484380199	0.0755091812304	-73.6307333747
5274.00000000	0.0212805119377	-0.0724483146927	0.0755090623047	-73.6307085449
5274.00000000	0.0212805873454	-0.0724481629961	0.0755089380092	-73.6306212051
5274.00000000	0.0212806978928	-0.0724481044939	0.0755089130339	-73.6305282118
5274.00000000	0.0212807765803	-0.0724482099349	0.0755090363773	-73.6304934731
5274.00000000	0.0212807796190	-0.0724484661424	0.0755092830557	-73.6305460510
5274.00000000	0.0212807022815	-0.0724488121629	0.0755095932542	-73.6306763513
5274.00000000	0.0212805554762	-0.0724491409773	0.0755098673666	-73.6308535455
5274.00000000	0.0212803860469	-0.0724493641783	0.0755100337713	-73.6310246249
5274.00000000	0.0212802400696	-0.0724494857271	0.0755101092539	-73.6311568925
5274.00000000	0.0212801175874	-0.0724495307740	0.0755101179571	-73.6312556957
5274.00000000	0.0212800249528	-0.0724495245149	0.0755100858457	-73.6313217978
5274.00000000	0.0212799635186	-0.0724494877870	0.0755100332933	-73.6313586699
5274.00000000	0.0212799170602	-0.0724494281074	0.0755099629398	-73.6313797313
5274.00000000	0.0212798999128	-0.0724493780343	0.0755099100639	-73.6313815075
5274.00000000	0.0212799218853	-0.0724493609947	0.0755098999071	-73.6313618672
5274.00000000	0.0212799555528	-0.0724493590648	0.0755099075435	-73.6313369436
5274.00000000	0.0212799809409	-0.0724493578104	0.0755099134947	-73.6313181920
5274.00000000	0.0212800031465	-0.0724493308064	0.0755098938431	-73.6312962512
5274.00000000	0.0212800288815	-0.0724492778558	0.0755098502914	-73.6312661924
5274.00000000	0.0212800666207	-0.0724492296360	0.0755098146616	-73.6312284058
5274.00000000	0.0212801105786	-0.0724491452012	0.0755097460373	-73.6311783475
5274.00000000	0.0212801439847	-0.0724489838720	0.0755096006617	-73.6311195280
5274.00000000	0.0212801282758	-0.0724488129831	0.0755094322723	-73.6310944213
5274.00000000	0.0212800290327	-0.0724487155017	0.0755093107734	-73.6311458280
5274.00000000	0.0212798706755	-0.0724486501532	0.0755092034456	-73.6312471435
5274.00000000	0.0212797009124	-0.0724484915293	0.0755090034088	-73.6313368171
5274.00000000	0.0212795363518	-0.0724481929630	0.0755086705681	-73.6313927782
5274.00000000	0.0212793825846	-0.0724478453851	0.0755082937440	-73.6314304009
5274.00000000	0.0212792617740	-0.0724475393989	0.0755079661136	-73.6314529241
5274.00000000	0.0212792099043	-0.0724473036998	0.0755077253499	-73.6314402853
5274.00000000	0.0212792391559	-0.0724471384954	0.0755075750851	-73.6313836607
5274.00000000	0.0212793332315	-0.0724470590225	0.0755075253454	-73.6312981738
5274.00000000	0.0212794597718	-0.0724470519048	0.0755075541776	-73.6312045237
5274.00000000	0.0212795707914	-0.0724470955656	0.0755076273561	-73.6311330324
5274.00000000	0.0212796337069	-0.0724472159158	0.0755077605591	-73.6311129634
5274.00000000	0.0212796544959	-0.0724474258843	0.0755079678758	-73.6311427290
5274.00000000	0.0212796929451	-0.0724476455807	0.0755081895031	-73.6311617173
5274.00000000	0.0212797737157	-0.0724478053993	0.0755083656065	-73.6311370892
5274.00000000	0.0212798481169	-0.0724478318732	0.0755084119752	-73.6310885831
5274.00000000	0.0212798606470	-0.0724475848077	0.0755081784552	-73.6310266266
5274.00000000	0.0212797820107	-0.0724469928044	0.0755075882864	-73.6309572787
5274.00000000	0.0212796472309	-0.0724461861777	0.0755067763711	-73.6308829076
5274.00000000	0.0212795397296	-0.0724454489841	0.0755060387625	-73.6308035230
5274.00000000	0.0212794989781	-0.0724449930508	0.0755055898254	-73.6307356883
5274.00000000	0.0212794990022	-0.0724448051628	0.0755054095603	-73.6306954893
5274.00000000	0.0212795216879	-0.0724448269475	0.0755054368554	-73.6306836313
5274.00000000	0.0212795735503	-0.0724449947339	0.0755056124568	-73.6306817545
5274.00000000	0.0212796420250	-0.0724452320132	0.0755058594160	-73.6306826444
5274.00000000	0.0212797063226	-0.0724455753274	0.0755062069349	-73.6307092519
5274.00000000	0.0212797356942	-0.0724460658717	0.0755066858729	-73.6307927732
5274.00000000	0.0212797054647	-0.0724466291665	0.0755072178156	-73.6309352441
5274.00000000	0.0212796227616	-0.0724471069421	0.0755076529178	-73.6310976284
5274.00000000	0.0212795100407	-0.0724473933725	0.0755078959715	-73.6312409469
5274.00000000	0.0212793878397	-0.0724475142932	0.0755079775527	-73.6313557734
5274.00000000	0.0212792745074	-0.0724475483306	0.0755079782716	-73.6314455636
5274.00000000	0.0212791875035	-0.0724475373635	0.0755079432302	-73.6315065615
5274.00000000	0.0212791567969	-0.0724475112104	0.0755079094835	-73.6315233247
5274.00000000	0.0212791873422	-0.0724475026392	0.0755079098678	-73.6314992534
5274.00000000	0.0212792576655	-0.0724475618821	0.0755079865276	-73.6314607231
5274.00000000	0.0212793422008	-0.0724477229622	0.0755081649022	-73.6314336230
5274.00000000	0.0212794270559	-0.0724479805375	0.0755084359512	-73.6314269250
5274.00000000	0.0212795182904	-0.0724482652346	0.0755087348204	-73.6314213822
5274.00000000	0.0212796118102	-0.0724484594615	0.0755089475303	-73.6313948296
5274.00000000	0.0212796662055	-0.0724484946994	0.0755089966694	-73.6313627629
5274.00000000	0.0212796564717	-0.0724483694421	0.0755088737459	-73.6313430644
5274.00000000	0.0212796095603	-0.0724481331972	0.0755086338560	-73.6313266988
5274.00000000	0.0212795593634	-0.0724478262488	0.0755083252024	-73.6312976057
5274.00000000	0.0212795082762	-0.0724474368181	0.0755079371589	-73.6312515222
5274.00000000	0.0212794585893	-0.0724470334697	0.0755075361564	-73.6312014424
5274.00000000	0.0212794342139	-0.0724467504872	0.0755072577744	-73.6311586739
5274.00000000	0.0212794203568	-0.0724466052115	0.0755071144820	-73.6311376956
5274.00000000	0.0212793829899	-0.0724464822951	0.0755069860169	-73.6311386154
5274.00000000	0.0212793236140	-0.0724463602950	0.0755068522285	-73.6311557548
5274.00000000	0.0212792820555	-0.0724463426439	0.0755068235809	-73.6311822372
5274.00000000	0.0212792774808	-0.0724464424323	0.0755069180354	-73.6312069075
5274.00000000	0.0212792874100	-0.0724465795630	0.0755070524061	-73.6312290036
5274.00000000	0.0212792996282	-0.0724467410725	0.0755072108126	-73.6312546464
5274.00000000	0.0212793606856	-0.0724469903933	0.0755074672349	-73.6312635097
5274.00000000	0.0212795030883	-0.0724473621215	0.0755078640278	-73.6312393257
5274.00000000	0.0212796799000	-0.0724478285651	0.0755083613943	-73.6312103450
5274.00000000	0.0212798208437	-0.0724482670906	0.0755088218659	-73.6312015080
5274.00000000	0.0212798937336	-0.0724484928071	0.0755090589753	-73.6311967092
5274.00000000	0.0212799208726	-0.0724484443693	0.0755090201491	-73.6311665929
5274.00000000	0.0212799377925	-0.0724482251137	0.0755088145489	-73.6311073881
5274.00000000	0.0212799809117	-0.0724478961765	0.0755085110964	-73.6310056538
5274.00000000	0.0212800774046	-0.0724475325260	0.0755081893800	-73.6308576370
5274.00000000	0.0212802030232	-0.0724472597985	0.0755079631100	-73.6307078579
5274.00000000	0.0212802711595	-0.0724471000676	0.0755078290565	-73.6306240927
5274.00000000	0.0212802230519	-0.0724470353904	0.0755077534429	-73.6306452859
5274.00000000	0.0212801018641	-0.0724470528514	0.0755077360421	-73.6307372506
5274.00000000	0.0212799789553	-0.0724470788509	0.0755077263488	-73.6308322942
