DevNumber	X [V]	Y [V]	R [V]	Theta [°]
4253.00000000	-0.00448005772075	0.00128155442568	0.00465975309724	164.036421434
4253.00000000	-0.00448003028546	0.00128156172824	0.00465972872836	164.036242326
4253.00000000	-0.00448003026426	0.00128157426339	0.00465973215553	164.036094067
4253.00000000	-0.00448005027059	0.00128158806650	0.00465975518662	164.035998548
4253.00000000	-0.00448007461198	0.00128159937323	0.00465978169900	164.035947200
4253.00000000	-0.00448009004590	0.00128160583508	0.00465979831494	164.035923005
4253.00000000	-0.00448009044266	0.00128160631299	0.00465979882784	164.035918697
4253.00000000	-0.00448008047027	0.00128160318113	0.00465978837866	164.035921996
4253.00000000	-0.00448006881361	0.00128160411554	0.00465977742856	164.035871530
4253.00000000	-0.00448005350371	0.00128161528613	0.00465976578142	164.035687700
4253.00000000	-0.00448002830982	0.00128162682729	0.00465974473348	164.035466062
4253.00000000	-0.00448000004397	0.00128162319699	0.00465971655930	164.035413386
4253.00000000	-0.00447998340848	0.00128160276958	0.00465969494702	164.035598614
4253.00000000	-0.00447998189063	0.00128157489483	0.00465968582110	164.035923012
4253.00000000	-0.00447997998472	0.00128154930203	0.00465967694985	164.036219121
4253.00000000	-0.00447996198702	0.00128153031526	0.00465965442432	164.036382717
4253.00000000	-0.00447993373318	0.00128151911952	0.00465962418091	164.036419525
4253.00000000	-0.00447991378016	0.00128151696054	0.00465960440358	164.036377572
4253.00000000	-0.00447990677766	0.00128152163665	0.00465959895718	164.036298609
4253.00000000	-0.00447990212857	0.00128152578647	0.00465959562869	164.036233827
4253.00000000	-0.00447989023914	0.00128152386268	0.00465958366867	164.036216362
4253.00000000	-0.00447986609171	0.00128151962493	0.00465955928697	164.036184798
4253.00000000	-0.00447983042782	0.00128152383173	0.00465952615545	164.036014452
4253.00000000	-0.00447979400219	0.00128154427844	0.00465949675819	164.035649534
4253.00000000	-0.00447977048174	0.00128157670367	0.00465948306322	164.035186645
4253.00000000	-0.00447976363695	0.00128160377083	0.00465948392725	164.034843498
4253.00000000	-0.00447976287562	0.00128160967296	0.00465948481869	164.034771146
4253.00000000	-0.00447976009882	0.00128159955213	0.00465947936523	164.034881406
4253.00000000	-0.00447976032055	0.00128159128966	0.00465947730580	164.034979837
4253.00000000	-0.00447977081810	0.00128159387271	0.00465948810894	164.034984804
4253.00000000	-0.00447978695539	0.00128160422038	0.00465950646994	164.034917051
4253.00000000	-0.00447980176545	0.00128161877112	0.00465952471098	164.034795119
4253.00000000	-0.00447982150396	0.00128163786328	0.00465954893954	164.034636168
4253.00000000	-0.00447985898065	0.00128165786050	0.00465959047105	164.034526513
4253.00000000	-0.00447991739844	0.00128166940745	0.00465964981161	164.034587585
4253.00000000	-0.00447998208763	0.00128166906746	0.00465971191212	164.034810389
4253.00000000	-0.00448003437402	0.00128166621439	0.00465976139706	164.035020951
4253.00000000	-0.00448006505527	0.00128166748338	0.00465979124397	164.035109712
4253.00000000	-0.00448007454775	0.00128167205253	0.00465980162707	164.035087800
4253.00000000	-0.00448006423631	0.00128167585331	0.00465979275874	164.035007997
4253.00000000	-0.00448003523606	0.00128167375515	0.00465976429994	164.034934722
4253.00000000	-0.00447999830357	0.00128166740654	0.00465972704576	164.034884867
4253.00000000	-0.00447996949795	0.00128166614358	0.00465969900382	164.034802376
4253.00000000	-0.00447995285260	0.00128167761380	0.00465968615545	164.034610481
4253.00000000	-0.00447994758630	0.00128169742779	0.00465968654229	164.034358434
4253.00000000	-0.00447995276583	0.00128171739558	0.00465969701442	164.034139898
4253.00000000	-0.00447996509044	0.00128173284126	0.00465971311220	164.033998988
4253.00000000	-0.00447998202690	0.00128173758766	0.00465973070090	164.034000160
4253.00000000	-0.00448000323442	0.00128172506023	0.00465974764450	164.034219982
4253.00000000	-0.00448002045012	0.00128169797562	0.00465975674624	164.034598391
4253.00000000	-0.00448002310482	0.00128166638541	0.00465975060955	164.034980817
4253.00000000	-0.00448001968488	0.00128163770320	0.00465973943254	164.035308322
4253.00000000	-0.00448002364044	0.00128161912218	0.00465973812497	164.035541358
4253.00000000	-0.00448003137905	0.00128161631767	0.00465974479377	164.035600683
4253.00000000	-0.00448003437614	0.00128162727761	0.00465975068969	164.035481254
4253.00000000	-0.00448003240269	0.00128164172523	0.00465975276609	164.035303785
4253.00000000	-0.00448002923378	0.00128165125406	0.00465975234026	164.035180422
4253.00000000	-0.00448002447448	0.00128165505594	0.00465974881022	164.035119382
4253.00000000	-0.00448001300594	0.00128165049748	0.00465973653022	164.035134484
4253.00000000	-0.00447999401427	0.00128163607508	0.00465971430421	164.035240752
4253.00000000	-0.00447997430204	0.00128161946734	0.00465969078438	164.035370419
4253.00000000	-0.00447995373555	0.00128161290999	0.00465966920754	164.035378384
4253.00000000	-0.00447992961234	0.00128162424272	0.00465964913175	164.035162826
4253.00000000	-0.00447990754011	0.00128165024450	0.00465963506266	164.034780785
4253.00000000	-0.00447989499365	0.00128168171030	0.00465963165505	164.034366365
4253.00000000	-0.00447989387726	0.00128170810107	0.00465963784085	164.034050601
4253.00000000	-0.00447990380041	0.00128172461399	0.00465965192338	164.033888950
4253.00000000	-0.00447991827476	0.00128173529960	0.00465966877865	164.033811584
4253.00000000	-0.00447992266136	0.00128174460408	0.00465967555543	164.033716425
4253.00000000	-0.00447990652307	0.00128175047454	0.00465966165450	164.033592441
4253.00000000	-0.00447987619485	0.00128175020318	0.00465963242161	164.033493068
4253.00000000	-0.00447984922719	0.00128174813108	0.00465960592431	164.033426349
4253.00000000	-0.00447983888271	0.00128174654912	0.00465959554374	164.033410061
4253.00000000	-0.00447984816490	0.00128173873378	0.00465960231803	164.033533850
4253.00000000	-0.00447987422345	0.00128172292248	0.00465962302208	164.033808909
4253.00000000	-0.00447990675490	0.00128170445574	0.00465964921903	164.034137251
4253.00000000	-0.00447993281249	0.00128169065764	0.00465967047615	164.034388501
4253.00000000	-0.00447994992657	0.00128168681798	0.00465968587395	164.034491775
4253.00000000	-0.00447996213608	0.00128168788777	0.00465969790677	164.034520423
4253.00000000	-0.00447996856893	0.00128168434808	0.00465970311787	164.034584025
4253.00000000	-0.00447996872210	0.00128167181033	0.00465969981655	164.034732761
4253.00000000	-0.00447996716684	0.00128165437083	0.00465969352449	164.034933666
4253.00000000	-0.00447996506575	0.00128163710778	0.00465968675625	164.035130641
4253.00000000	-0.00447996314005	0.00128162294146	0.00465968100842	164.035291600
4253.00000000	-0.00447996794537	0.00128161545364	0.00465968356893	164.035396371
4253.00000000	-0.00447998078270	0.00128161584117	0.00465969601774	164.035435205
4253.00000000	-0.00447999291356	0.00128162243143	0.00465970949333	164.035398322
4253.00000000	-0.00447999830100	0.00128163511590	0.00465971816179	164.035266589
4253.00000000	-0.00447999874193	0.00128164640733	0.00465972169138	164.035134596
4253.00000000	-0.00447999620247	0.00128163746837	0.00465971679123	164.035231682
4253.00000000	-0.00447998893731	0.00128160296781	0.00465970031713	164.035614969
4253.00000000	-0.00447997222756	0.00128155790771	0.00465967185867	164.036091153
4253.00000000	-0.00447994842751	0.00128151884834	0.00465963823400	164.036472424
4253.00000000	-0.00447993136765	0.00128149103981	0.00465961418403	164.036743486
4253.00000000	-0.00447993545974	0.00128147478453	0.00465961364781	164.036949495
4253.00000000	-0.00447995688785	0.00128147346543	0.00465963388686	164.037037553
4253.00000000	-0.00447997994685	0.00128149284129	0.00465966138539	164.036886469
4253.00000000	-0.00447999489509	0.00128153244169	0.00465968664817	164.036468866
4253.00000000	-0.00447999919894	0.00128158136196	0.00465970424060	164.035905093
4253.00000000	-0.00447999309809	0.00128162608636	0.00465971067602	164.035355738
5260.00000000	-0.00277245214536	0.00139021902330	0.00310148348876	153.368971880
5260.00000000	-0.00277245861192	0.00139019757513	0.00310147965538	153.369379620
5260.00000000	-0.00277246900716	0.00139019109154	0.00310148604166	153.369572767
5260.00000000	-0.00277248120602	0.00139020111558	0.00310150143955	153.369508245
5260.00000000	-0.00277249579620	0.00139022198443	0.00310152383610	153.369284436
5260.00000000	-0.00277250890205	0.00139024557208	0.00310154612454	153.369003443
5260.00000000	-0.00277251413987	0.00139026700112	0.00310156041214	153.368692947
5260.00000000	-0.00277251088904	0.00139028657175	0.00310156627874	153.368342852
5260.00000000	-0.00277250616979	0.00139030425621	0.00310156998734	153.368011745
5260.00000000	-0.00277250284224	0.00139031371194	0.00310157125145	153.367828046
5260.00000000	-0.00277249728499	0.00139030642682	0.00310156301818	153.367902329
5260.00000000	-0.00277248589343	0.00139028215478	0.00310154195509	153.368208810
5260.00000000	-0.00277247331755	0.00139024906965	0.00310151588295	153.368651024
5260.00000000	-0.00277246661701	0.00139021389232	0.00310149412523	153.369176447
5260.00000000	-0.00277246561191	0.00139018394723	0.00310147980428	153.369662633
5260.00000000	-0.00277246115607	0.00139016840689	0.00310146885546	153.369882370
5260.00000000	-0.00277244726827	0.00139017573008	0.00310145972339	153.369646436
5260.00000000	-0.00277242926008	0.00139020536349	0.00310145690843	153.369007950
5260.00000000	-0.00277241580738	0.00139024380727	0.00310146211531	153.368261693
5260.00000000	-0.00277241005387	0.00139027326302	0.00310147017601	153.367727622
5260.00000000	-0.00277240735897	0.00139028374529	0.00310147246587	153.367532205
5260.00000000	-0.00277239833851	0.00139027983936	0.00310146265158	153.367522006
5260.00000000	-0.00277237569363	0.00139027013444	0.00310143805892	153.367494744
5260.00000000	-0.00277233764416	0.00139025617291	0.00310139778802	153.367410205
5260.00000000	-0.00277229053411	0.00139023626794	0.00310134675363	153.367348780
5260.00000000	-0.00277224622882	0.00139021372800	0.00310129704522	153.367354096
5260.00000000	-0.00277221707156	0.00139019821880	0.00310126402930	153.367368754
5260.00000000	-0.00277221204306	0.00139019420066	0.00310125773312	153.367393468
5260.00000000	-0.00277222836702	0.00139019435130	0.00310127239263	153.367526170
5260.00000000	-0.00277224869498	0.00139018957625	0.00310128842334	153.367773377
5260.00000000	-0.00277225614648	0.00139018122114	0.00310129133899	153.367973069
5260.00000000	-0.00277224773994	0.00139018086426	0.00310128366438	153.367909344
5260.00000000	-0.00277223299258	0.00139019743189	0.00310127790835	153.367513602
5260.00000000	-0.00277222368850	0.00139022937583	0.00310128391098	153.366909005
5260.00000000	-0.00277222375700	0.00139026822151	0.00310130138597	153.366268056
5260.00000000	-0.00277223101724	0.00139030344027	0.00310132366401	153.365746572
5260.00000000	-0.00277224335673	0.00139032557909	0.00310134461884	153.365483164
5260.00000000	-0.00277226055428	0.00139033067454	0.00310136227574	153.365541449
5260.00000000	-0.00277227964160	0.00139032145037	0.00310137520249	153.365851857
5260.00000000	-0.00277228787814	0.00139030157062	0.00310137365317	153.366248364
5260.00000000	-0.00277227862387	0.00139027679055	0.00310135427236	153.366580943
5260.00000000	-0.00277226339622	0.00139025540666	0.00310133107452	153.366807971
5260.00000000	-0.00277225780972	0.00139023927220	0.00310131884810	153.367028155
5260.00000000	-0.00277226584902	0.00139022550852	0.00310131986454	153.367322034
5260.00000000	-0.00277227912383	0.00139021327336	0.00310132624627	153.367634027
5260.00000000	-0.00277228971199	0.00139020222899	0.00310133076029	153.367904104
5260.00000000	-0.00277230259723	0.00139019221250	0.00310133778849	153.368176229
5260.00000000	-0.00277232414035	0.00139018057603	0.00310135182995	153.368546803
5260.00000000	-0.00277235208159	0.00139016357333	0.00310136918552	153.369058977
5260.00000000	-0.00277237958584	0.00139014392006	0.00310138496263	153.369611299
5260.00000000	-0.00277239753076	0.00139012976352	0.00310139465854	153.369993683
5260.00000000	-0.00277240401394	0.00139012814157	0.00310139972698	153.370074153
5260.00000000	-0.00277240848109	0.00139014001580	0.00310140904260	153.369915048
5260.00000000	-0.00277241781884	0.00139016130099	0.00310142693046	153.369640861
5260.00000000	-0.00277242913719	0.00139018700217	0.00310144856829	153.369310152
5260.00000000	-0.00277243944204	0.00139021091975	0.00310146850076	153.369000508
5260.00000000	-0.00277244915205	0.00139022610286	0.00310148398638	153.368830183
5260.00000000	-0.00277245284363	0.00139022925794	0.00310148870057	153.368808649
5260.00000000	-0.00277244308647	0.00139022126019	0.00310147639359	153.368859926
5260.00000000	-0.00277242357528	0.00139020388857	0.00310145116560	153.368985232
5260.00000000	-0.00277240782011	0.00139017903318	0.00310142594064	153.369265231
5260.00000000	-0.00277240150345	0.00139015179043	0.00310140808292	153.369662819
5260.00000000	-0.00277239785191	0.00139013375654	0.00310139673540	153.369930400
5260.00000000	-0.00277238535690	0.00139013285612	0.00310138516228	153.369841803
5260.00000000	-0.00277235739193	0.00139014323208	0.00310136481477	153.369438877
5260.00000000	-0.00277232071610	0.00139015389260	0.00310133680822	153.368959111
5260.00000000	-0.00277228753543	0.00139016338937	0.00310131140459	153.368527500
5260.00000000	-0.00277226386438	0.00139017754019	0.00310129658804	153.368097775
5260.00000000	-0.00277224854223	0.00139019593160	0.00310129113566	153.367667156
5260.00000000	-0.00277223951865	0.00139021129035	0.00310128995429	153.367338781
5260.00000000	-0.00277223567340	0.00139022077074	0.00310129076680	153.367150371
5260.00000000	-0.00277223455190	0.00139023143941	0.00310129454678	153.366964895
5260.00000000	-0.00277223765610	0.00139025053098	0.00310130587992	153.366675316
5260.00000000	-0.00277225204362	0.00139027429177	0.00310132939232	153.366402077
5260.00000000	-0.00277228189923	0.00139029510569	0.00310136541054	153.366305610
5260.00000000	-0.00277232172385	0.00139030385541	0.00310140493178	153.366490933
5260.00000000	-0.00277235727526	0.00139029664774	0.00310143347993	153.366904380
5260.00000000	-0.00277237644027	0.00139027908535	0.00310144273874	153.367353114
5260.00000000	-0.00277238081814	0.00139026002812	0.00310143810943	153.367704076
5260.00000000	-0.00277237925500	0.00139024664187	0.00310143071158	153.367912191
5260.00000000	-0.00277238090672	0.00139024341501	0.00310143074159	153.367979157
5260.00000000	-0.00277239307410	0.00139024965057	0.00310144441321	153.367976943
5260.00000000	-0.00277241173442	0.00139025638335	0.00310146411177	153.368020286
5260.00000000	-0.00277242557372	0.00139025478561	0.00310147576659	153.368161274
5260.00000000	-0.00277242824771	0.00139024335467	0.00310147303291	153.368372185
5260.00000000	-0.00277241938995	0.00139022683332	0.00310145770919	153.368571666
5260.00000000	-0.00277240614530	0.00139021008484	0.00310143836219	153.368738572
5260.00000000	-0.00277239620459	0.00139019445409	0.00310142246968	153.368914382
5260.00000000	-0.00277239214120	0.00139017819340	0.00310141154863	153.369149266
5260.00000000	-0.00277239263312	0.00139016176972	0.00310140462665	153.369424565
5260.00000000	-0.00277239152577	0.00139015041540	0.00310139854737	153.369602904
5260.00000000	-0.00277238747861	0.00139014505000	0.00310139252460	153.369657997
5260.00000000	-0.00277238715591	0.00139014393981	0.00310139173850	153.369673659
5260.00000000	-0.00277239389030	0.00139014560861	0.00310139850650	153.369701865
5260.00000000	-0.00277240378247	0.00139014982639	0.00310140923982	153.369714125
5260.00000000	-0.00277241018486	0.00139015912203	0.00310141912963	153.369613631
5260.00000000	-0.00277241067762	0.00139017292081	0.00310142575522	153.369389835
5260.00000000	-0.00277240445085	0.00139018451870	0.00310142538765	153.369146743
5260.00000000	-0.00277238895394	0.00139018943337	0.00310141373773	153.368937253
5260.00000000	-0.00277236782968	0.00139019061791	0.00310139538550	153.368742763
5270.00000000	0.00778730559702	-0.00300963207640	0.00834865340619	-21.1304830156
5270.00000000	0.00778731573838	-0.00300966773495	0.00834867572038	-21.1306861909
5270.00000000	0.00778734578153	-0.00300969316468	0.00834871291078	-21.1307746486
5270.00000000	0.00778737642126	-0.00300969641542	0.00834874266219	-21.1307196543
5270.00000000	0.00778739423303	-0.00300968546129	0.00834875532738	-21.1306054665
5270.00000000	0.00778739566666	-0.00300967973716	0.00834875460110	-21.1305652776
5270.00000000	0.00778738075766	-0.00300968765251	0.00834874354801	-21.1306528314
5270.00000000	0.00778735489192	-0.00300970098983	0.00834872422953	-21.1308022008
5270.00000000	0.00778732719162	-0.00300971339584	0.00834870286418	-21.1309501481
5270.00000000	0.00778730118319	-0.00300972470847	0.00834868268282	-21.1310869111
5270.00000000	0.00778727546063	-0.00300972784321	0.00834865981999	-21.1311706176
5270.00000000	0.00778725688632	-0.00300971643172	0.00834863838078	-21.1311435227
5270.00000000	0.00778725862579	-0.00300969470378	0.00834863217029	-21.1310001295
5270.00000000	0.00778728374556	-0.00300967270136	0.00834864766912	-21.1307971346
5270.00000000	0.00778731886072	-0.00300965657830	0.00834867461085	-21.1306070479
5270.00000000	0.00778735113941	-0.00300964808649	0.00834870165792	-21.1304728304
5270.00000000	0.00778738123394	-0.00300964421155	0.00834872833207	-21.1303735717
5270.00000000	0.00778740928131	-0.00300964018313	0.00834875304142	-21.1302783958
5270.00000000	0.00778742987149	-0.00300963445377	0.00834877018181	-21.1301907808
5270.00000000	0.00778743647728	-0.00300962292268	0.00834877218664	-21.1301006238
5270.00000000	0.00778742638678	-0.00300960114283	0.00834875492325	-21.1299861663
5270.00000000	0.00778740058985	-0.00300956529508	0.00834871793823	-21.1298205107
5270.00000000	0.00778736254305	-0.00300951626959	0.00834866477671	-21.1296008021
5270.00000000	0.00778731816450	-0.00300946677185	0.00834860553901	-21.1293937317
5270.00000000	0.00778727563131	-0.00300943260018	0.00834855354735	-21.1292802040
5270.00000000	0.00778724127735	-0.00300941789189	0.00834851620108	-21.1292710367
5270.00000000	0.00778720668967	-0.00300941529359	0.00834848300213	-21.1293399711
5270.00000000	0.00778717073313	-0.00300941707671	0.00834845010577	-21.1294403408
5270.00000000	0.00778714706942	-0.00300942375256	0.00834843043951	-21.1295416205
5270.00000000	0.00778714154513	-0.00300943574345	0.00834842960908	-21.1296320489
5270.00000000	0.00778714583932	-0.00300944817942	0.00834843809748	-21.1297010355
5270.00000000	0.00778715121731	-0.00300945991923	0.00834844734587	-21.1297628843
5270.00000000	0.00778715827138	-0.00300947645557	0.00834845988672	-21.1298512917
5270.00000000	0.00778717360761	-0.00300949956146	0.00834848252113	-21.1299612643
5270.00000000	0.00778721129742	-0.00300952631141	0.00834852731981	-21.1300392609
5270.00000000	0.00778727569199	-0.00300955676320	0.00834859836224	-21.1300748864
5270.00000000	0.00778735013117	-0.00300959120561	0.00834868021249	-21.1301112069
5270.00000000	0.00778741416568	-0.00300962135707	0.00834875081080	-21.1301457995
5270.00000000	0.00778745120530	-0.00300963548307	0.00834879045227	-21.1301445909
5270.00000000	0.00778744474248	-0.00300962988202	0.00834878240487	-21.1301247254
5270.00000000	0.00778739783385	-0.00300961472088	0.00834873318479	-21.1301437230
5270.00000000	0.00778734024480	-0.00300961005484	0.00834867778576	-21.1302563275
5270.00000000	0.00778729193999	-0.00300962687053	0.00834863879075	-21.1304834784
5270.00000000	0.00778724885949	-0.00300965990260	0.00834861051486	-21.1308015145
5270.00000000	0.00778721101559	-0.00300969798335	0.00834858894379	-21.1311389158
5270.00000000	0.00778719003354	-0.00300973379099	0.00834858228150	-21.1314200488
5270.00000000	0.00778718928010	-0.00300976559613	0.00834859304481	-21.1316255114
5270.00000000	0.00778719991026	-0.00300979100514	0.00834861212040	-21.1317618643
5270.00000000	0.00778721377107	-0.00300980540331	0.00834863023987	-21.1318197386
5270.00000000	0.00778722552797	-0.00300980389617	0.00834864066282	-21.1317810022
5270.00000000	0.00778723102867	-0.00300978705771	0.00834863972313	-21.1316596031
5270.00000000	0.00778723750587	-0.00300976523381	0.00834863789702	-21.1315038742
5270.00000000	0.00778725474244	-0.00300974806263	0.00834864778417	-21.1313513092
5270.00000000	0.00778728225789	-0.00300973513627	0.00834866878937	-21.1312004863
5270.00000000	0.00778731176259	-0.00300972042076	0.00834869100512	-21.1310332896
5270.00000000	0.00778733641825	-0.00300970470532	0.00834870833748	-21.1308716897
5270.00000000	0.00778735118600	-0.00300969925758	0.00834872014833	-21.1308002807
5270.00000000	0.00778734961687	-0.00300970530509	0.00834872086483	-21.1308428751
5270.00000000	0.00778732722760	-0.00300970454248	0.00834869970610	-21.1308933854
5270.00000000	0.00778729709511	-0.00300968319095	0.00834866390253	-21.1308312553
5270.00000000	0.00778728551986	-0.00300964907894	0.00834864080831	-21.1306415277
5270.00000000	0.00778730019364	-0.00300961954261	0.00834864384778	-21.1304161494
5270.00000000	0.00778732536181	-0.00300960638193	0.00834866257941	-21.1302696360
5270.00000000	0.00778734469432	-0.00300960745827	0.00834868100007	-21.1302286978
5270.00000000	0.00778735639941	-0.00300961138592	0.00834869333403	-21.1302248821
5270.00000000	0.00778736898297	-0.00300961139558	0.00834870507500	-21.1301938125
5270.00000000	0.00778739059132	-0.00300960555038	0.00834872312337	-21.1301029367
5270.00000000	0.00778741595422	-0.00300958967645	0.00834874105867	-21.1299385751
5270.00000000	0.00778742343505	-0.00300956068913	0.00834873758711	-21.1297345090
5270.00000000	0.00778739624521	-0.00300952056968	0.00834869776308	-21.1295449528
5270.00000000	0.00778733773457	-0.00300947449531	0.00834862657748	-21.1293947589
5270.00000000	0.00778726477507	-0.00300942922067	0.00834854220276	-21.1292854273
5270.00000000	0.00778719316206	-0.00300939729862	0.00834846389728	-21.1292582407
5270.00000000	0.00778713235164	-0.00300939688243	0.00834840702517	-21.1294060186
5270.00000000	0.00778709245450	-0.00300943532960	0.00834838366978	-21.1297508500
5270.00000000	0.00778707277379	-0.00300949128980	0.00834838548509	-21.1301577789
5270.00000000	0.00778706595379	-0.00300953400548	0.00834839452223	-21.1304481026
5270.00000000	0.00778707790517	-0.00300955358895	0.00834841272974	-21.1305438996
5270.00000000	0.00778711478636	-0.00300955963993	0.00834844931244	-21.1304913882
5270.00000000	0.00778716466531	-0.00300956049649	0.00834849614641	-21.1303734676
5270.00000000	0.00778721782903	-0.00300956222464	0.00834854635855	-21.1302530013
5270.00000000	0.00778728147416	-0.00300957578458	0.00834861061261	-21.1301823464
5270.00000000	0.00778735587200	-0.00300960686985	0.00834869121409	-21.1301972777
5270.00000000	0.00778742436481	-0.00300964915847	0.00834877034627	-21.1302985340
5270.00000000	0.00778747040055	-0.00300968811885	0.00834882733155	-21.1304340412
5270.00000000	0.00778749162731	-0.00300971771224	0.00834885779929	-21.1305709627
5270.00000000	0.00778749912271	-0.00300974349570	0.00834887408553	-21.1307174659
5270.00000000	0.00778751101705	-0.00300977455828	0.00834889637810	-21.1308868784
5270.00000000	0.00778753459804	-0.00300981249105	0.00834893204829	-21.1310713546
5270.00000000	0.00778755577291	-0.00300984128516	0.00834896217970	-21.1312032841
5270.00000000	0.00778755290251	-0.00300984322784	0.00834896020265	-21.1312228209
5270.00000000	0.00778752317947	-0.00300981653598	0.00834892285573	-21.1311254967
5270.00000000	0.00778748762896	-0.00300977066580	0.00834887315941	-21.1309198238
5270.00000000	0.00778747206686	-0.00300971969049	0.00834884026721	-21.1306320180
5270.00000000	0.00778748472361	-0.00300967989653	0.00834883772749	-21.1303459731
5270.00000000	0.00778750702969	-0.00300965896122	0.00834885098683	-21.1301567762
5270.00000000	0.00778751759809	-0.00300965432428	0.00834885917310	-21.1301009484
5270.00000000	0.00778750740059	-0.00300966237487	0.00834885256337	-21.1301777104
5270.00000000	0.00778748046800	-0.00300968138373	0.00834883429415	-21.1303660213
5270.00000000	0.00778745198667	-0.00300970543837	0.00834881639937	-21.1305904642
5274.00000000	0.00792616671455	0.000927137989251	0.00798020699217	6.67167253736
5274.00000000	0.00792610818558	0.000927128090136	0.00798014770948	6.67165076678
5274.00000000	0.00792608907752	0.000927124299748	0.00798012829045	6.67163967571
5274.00000000	0.00792609566638	0.000927129602138	0.00798013545072	6.67167199196
5274.00000000	0.00792611331448	0.000927133951081	0.00798015348457	6.67168828391
5274.00000000	0.00792613170263	0.000927130111707	0.00798017130213	6.67164556639
5274.00000000	0.00792613637270	0.000927121293953	0.00798017491615	6.67157879020
5274.00000000	0.00792611785350	0.000927115321019	0.00798015582843	6.67155164371
5274.00000000	0.00792608399966	0.000927117569597	0.00798012246507	6.67159591738
5274.00000000	0.00792604605760	0.000927122597656	0.00798008536410	6.67166342269
5274.00000000	0.00792601355607	0.000927119203909	0.00798005268838	6.67166633232
5274.00000000	0.00792599573542	0.000927103759847	0.00798003319413	6.67157106173
5274.00000000	0.00792599481468	0.000927081258112	0.00798002966545	6.67141136367
5274.00000000	0.00792600753099	0.000927053399987	0.00798003905929	6.67120209287
5274.00000000	0.00792603787147	0.000927018947522	0.00798006519203	6.67093109687
5274.00000000	0.00792609538716	0.000926984939944	0.00798011836787	6.67064061048
5274.00000000	0.00792618209193	0.000926967562645	0.00798020246714	6.67044437782
5274.00000000	0.00792628111847	0.000926973482782	0.00798030151102	6.67040400878
5274.00000000	0.00792636402788	0.000926989624327	0.00798038573416	6.67044997036
5274.00000000	0.00792641332624	0.000927003057172	0.00798043625916	6.67050464600
5274.00000000	0.00792642566099	0.000927012893873	0.00798044965303	6.67056450390
5274.00000000	0.00792640035268	0.000927025340480	0.00798042596187	6.67067436646
5274.00000000	0.00792633834820	0.000927047415475	0.00798036694149	6.67088349463
5274.00000000	0.00792626172540	0.000927075804391	0.00798029413534	6.67114984329
5274.00000000	0.00792620639285	0.000927095355518	0.00798024144875	6.67133541546
5274.00000000	0.00792618362161	0.000927094513760	0.00798021873390	6.67134840620
5274.00000000	0.00792617505038	0.000927074025832	0.00798020784057	6.67120945358
5274.00000000	0.00792616797968	0.000927048411428	0.00798019784211	6.67103269145
5274.00000000	0.00792616600967	0.000927032932678	0.00798019408731	6.67092395348
5274.00000000	0.00792617112971	0.000927035420467	0.00798019946168	6.67093742387
5274.00000000	0.00792617732269	0.000927059043285	0.00798020835696	6.67110071592
5274.00000000	0.00792617570863	0.000927099817167	0.00798021149062	6.67139282563
5274.00000000	0.00792615916692	0.000927143631140	0.00798020015113	6.67171906614
5274.00000000	0.00792612711855	0.000927179654773	0.00798017250513	6.67200268905
5274.00000000	0.00792610018461	0.000927207218894	0.00798014895621	6.67222172124
5274.00000000	0.00792610425437	0.000927224344372	0.00798015498822	6.67234045063
5274.00000000	0.00792614173375	0.000927224473149	0.00798019222870	6.67231010275
5274.00000000	0.00792619625745	0.000927211356810	0.00798024485914	6.67217108469
5274.00000000	0.00792624174011	0.000927199707401	0.00798028868024	6.67205007102
5274.00000000	0.00792625076296	0.000927194229785	0.00798029700557	6.67200348332
5274.00000000	0.00792622142973	0.000927182714238	0.00798026653307	6.67194583431
5274.00000000	0.00792618098456	0.000927154641374	0.00798022310020	6.67177938219
5274.00000000	0.00792614425222	0.000927111457476	0.00798018159953	6.67150207236
5274.00000000	0.00792610310790	0.000927063505302	0.00798013516301	6.67119443617
5274.00000000	0.00792605969696	0.000927022219096	0.00798008724981	6.67093622346
5274.00000000	0.00792602826244	0.000926992209779	0.00798005254206	6.67074843747
5274.00000000	0.00792600908622	0.000926969445486	0.00798003085130	6.67060209255
5274.00000000	0.00792599297351	0.000926948077560	0.00798001236557	6.67046314977
5274.00000000	0.00792598444323	0.000926924534927	0.00798000115839	6.67030237411
5274.00000000	0.00792599525673	0.000926899667786	0.00798000901026	6.67011602039
5274.00000000	0.00792602025457	0.000926877324286	0.00798003124368	6.66993583498
5274.00000000	0.00792605018083	0.000926862056622	0.00798005919408	6.66980200042
5274.00000000	0.00792608655766	0.000926861409127	0.00798009524951	6.66976704766
5274.00000000	0.00792613255898	0.000926879940289	0.00798014309184	6.66986083619
5274.00000000	0.00792617983030	0.000926915004645	0.00798019411594	6.67007146524
5274.00000000	0.00792620893783	0.000926954864893	0.00798022765638	6.67033143962
5274.00000000	0.00792620501947	0.000926985331541	0.00798022730350	6.67055196867
5274.00000000	0.00792617443524	0.000927001429858	0.00798019879632	6.67069227530
5274.00000000	0.00792613623424	0.000927008979230	0.00798016173090	6.67077797165
5274.00000000	0.00792611162347	0.000927014963470	0.00798013798191	6.67084117265
5274.00000000	0.00792611623725	0.000927023264608	0.00798014352875	6.67089652152
5274.00000000	0.00792614425421	0.000927033429124	0.00798017253681	6.67094563885
5274.00000000	0.00792618080709	0.000927043225444	0.00798020998023	6.67098501074
5274.00000000	0.00792621424185	0.000927056605933	0.00798024474301	6.67105254198
5274.00000000	0.00792623438436	0.000927078034223	0.00798026723847	6.67118854866
5274.00000000	0.00792623790448	0.000927108349361	0.00798027425656	6.67140179180
5274.00000000	0.00792622595804	0.000927145093350	0.00798026665984	6.67167378017
5274.00000000	0.00792619354436	0.000927183659775	0.00798023894640	6.67197583816
5274.00000000	0.00792613642024	0.000927221915838	0.00798018665404	6.67229629889
5274.00000000	0.00792606119913	0.000927258944034	0.00798011624487	6.67262310538
5274.00000000	0.00792598672756	0.000927288881087	0.00798004575641	6.67289872364
5274.00000000	0.00792592583980	0.000927300737881	0.00797998665891	6.67303407752
5274.00000000	0.00792586819735	0.000927286766957	0.00797992778350	6.67298253932
5274.00000000	0.00792580463035	0.000927248077795	0.00797986015142	6.67275966757
5274.00000000	0.00792574949862	0.000927197842012	0.00797979955594	6.67244741022
5274.00000000	0.00792571580555	0.000927163985282	0.00797976215723	6.67223407040
5274.00000000	0.00792569929455	0.000927172357758	0.00797974673086	6.67230755330
5274.00000000	0.00792569343433	0.000927219536139	0.00797974639216	6.67264889579
5274.00000000	0.00792569928088	0.000927274220784	0.00797975855346	6.67303400167
5274.00000000	0.00792571792881	0.000927310157434	0.00797978125109	6.67327472410
5274.00000000	0.00792574966318	0.000927315056258	0.00797981333973	6.67328318127
5274.00000000	0.00792580213422	0.000927276795174	0.00797986100917	6.67296654551
5274.00000000	0.00792587746884	0.000927194514700	0.00797992627279	6.67231692086
5274.00000000	0.00792596570851	0.000927092941237	0.00798000211367	6.67151895786
5274.00000000	0.00792604883914	0.000927010300264	0.00798007508092	6.67086028345
5274.00000000	0.00792611247248	0.000926969049665	0.00798013349170	6.67051304429
5274.00000000	0.00792615367858	0.000926967217107	0.00798017420600	6.67046561019
5274.00000000	0.00792617814160	0.000926984949752	0.00798020056323	6.67057166224
5274.00000000	0.00792619031206	0.000926995227873	0.00798021384522	6.67063480664
5274.00000000	0.00792618261227	0.000926979997144	0.00798020442834	6.67053261598
5274.00000000	0.00792614969375	0.000926941644756	0.00798016727773	6.67028657274
5274.00000000	0.00792609942512	0.000926895133802	0.00798011194696	6.66999681571
5274.00000000	0.00792605236437	0.000926858688189	0.00798006097161	6.66977615829
5274.00000000	0.00792603541339	0.000926842252218	0.00798004222638	6.66967308437
5274.00000000	0.00792605595195	0.000926842734024	0.00798006268190	6.66965939304
5274.00000000	0.00792609345550	0.000926848967627	0.00798010065563	6.66967257215
5274.00000000	0.00792612909928	0.000926847453433	0.00798013588233	6.66963205083
5274.00000000	0.00792615839218	0.000926827779946	0.00798016269205	6.66946732848
5274.00000000	0.00792618025398	0.000926789412514	0.00798017994996	6.66917549385
5274.00000000	0.00792619730511	0.000926733142612	0.00798019035094	6.66876000600
