DevNumber	X [V]	Y [V]	R [V]	Theta [°]
4253.00000000	0.194897033515	0.154983054611	0.249007230597	38.4918883294
4253.00000000	0.194895939171	0.154982461476	0.249006004888	38.4919382330
4253.00000000	0.194894873941	0.154981795956	0.249004756914	38.4919709310
4253.00000000	0.194894145748	0.154981261588	0.249003854368	38.4919789808
4253.00000000	0.194893849724	0.154980902172	0.249003398970	38.4919566458
4253.00000000	0.194893633768	0.154980621545	0.249003055278	38.4919370334
4253.00000000	0.194893218280	0.154980411451	0.249002599314	38.4919587003
4253.00000000	0.194892640659	0.154980306121	0.249002081655	38.4920224551
4253.00000000	0.194892057758	0.154980242951	0.249001586104	38.4920945594
4253.00000000	0.194891802747	0.154980264671	0.249001400027	38.4921349931
4253.00000000	0.194892153671	0.154980541901	0.249001847243	38.4921346637
4253.00000000	0.194892975275	0.154981118441	0.249002849150	38.4921208306
4253.00000000	0.194893688594	0.154981712660	0.249003777307	38.4921256895
4253.00000000	0.194893731241	0.154981911685	0.249003934561	38.4921554257
4253.00000000	0.194893035936	0.154981580942	0.249003184493	38.4921954386
4253.00000000	0.194892029420	0.154980934261	0.249001994200	38.4922231224
4253.00000000	0.194891426609	0.154980443557	0.249001216967	38.4922210800
4253.00000000	0.194891590125	0.154980431483	0.249001337434	38.4921954872
4253.00000000	0.194892269737	0.154980769096	0.249002079495	38.4921589588
4253.00000000	0.194893129512	0.154981161661	0.249002996771	38.4921065251
4253.00000000	0.194893917597	0.154981455627	0.249003796566	38.4920466016
4253.00000000	0.194894490989	0.154981653668	0.249004368619	38.4920001497
4253.00000000	0.194894798192	0.154981771878	0.249004682640	38.4919774430
4253.00000000	0.194894807574	0.154981780138	0.249004695125	38.4919775870
4253.00000000	0.194894728801	0.154981705006	0.249004586706	38.4919753374
4253.00000000	0.194894697582	0.154981564310	0.249004474701	38.4919544694
4253.00000000	0.194894528603	0.154981297939	0.249004176652	38.4919306968
4253.00000000	0.194894055149	0.154980836199	0.249003518693	38.4919153441
4253.00000000	0.194893257820	0.154980194892	0.249002495474	38.4919140354
4253.00000000	0.194892009617	0.154979438961	0.249001048016	38.4919566555
4253.00000000	0.194890507916	0.154978838674	0.248999499021	38.4920636134
4253.00000000	0.194889308084	0.154978740697	0.248998498938	38.4922178060
4253.00000000	0.194888781607	0.154979180240	0.248998360445	38.4923723700
4253.00000000	0.194888785966	0.154979769139	0.248998730394	38.4924778069
4253.00000000	0.194888975828	0.154980050432	0.248999054077	38.4925012761
4253.00000000	0.194889319129	0.154979987090	0.248999283350	38.4924407005
4253.00000000	0.194889963995	0.154979938405	0.248999757779	38.4923395753
4253.00000000	0.194890993970	0.154980270066	0.249000770361	38.4922517959
4253.00000000	0.194892395984	0.154981035298	0.249002343993	38.4921888207
4253.00000000	0.194893948974	0.154981917717	0.249004108733	38.4921253293
4253.00000000	0.194895495550	0.154982656926	0.249005779318	38.4920369657
4253.00000000	0.194896971796	0.154983166211	0.249007251749	38.4919172671
4253.00000000	0.194898138366	0.154983368524	0.249008290740	38.4917866351
4253.00000000	0.194898840322	0.154983315777	0.249008807330	38.4916766072
4253.00000000	0.194899253332	0.154983193334	0.249009054384	38.4915954081
4253.00000000	0.194899679178	0.154983117460	0.249009340470	38.4915207577
4253.00000000	0.194900132091	0.154983046650	0.249009650893	38.4914431431
4253.00000000	0.194900214654	0.154982869944	0.249009605534	38.4913994954
4253.00000000	0.194899467224	0.154982474948	0.249008774675	38.4914353982
4253.00000000	0.194898028882	0.154981949720	0.249007321983	38.4915467935
4253.00000000	0.194896775826	0.154981626719	0.249006140181	38.4916680754
4253.00000000	0.194896290105	0.154981660803	0.249005781222	38.4917437755
4253.00000000	0.194896272914	0.154981885300	0.249005907494	38.4917866688
4253.00000000	0.194895999239	0.154981992897	0.249005760257	38.4918452407
4253.00000000	0.194895183514	0.154981770343	0.249004983275	38.4919219828
4253.00000000	0.194894247451	0.154981283215	0.249003947432	38.4919683103
4253.00000000	0.194893691460	0.154980798443	0.249003210536	38.4919606301
4253.00000000	0.194893521367	0.154980460113	0.249002866826	38.4919240572
4253.00000000	0.194893386642	0.154980184199	0.249002589647	38.4918936601
4253.00000000	0.194892912741	0.154979784746	0.249001970106	38.4918895892
4253.00000000	0.194892210846	0.154979243120	0.249001083625	38.4918925651
4253.00000000	0.194891807552	0.154978815079	0.249000501554	38.4918732333
4253.00000000	0.194891998029	0.154978775081	0.249000625745	38.4918387499
4253.00000000	0.194892706332	0.154979140181	0.249001407371	38.4918030642
4253.00000000	0.194893705519	0.154979725971	0.249002554029	38.4917654655
4253.00000000	0.194894699613	0.154980280745	0.249003677397	38.4917230105
4253.00000000	0.194895739192	0.154980801065	0.249004814921	38.4916678368
4253.00000000	0.194896970592	0.154981393077	0.249006147205	38.4915981041
4253.00000000	0.194898199632	0.154982000821	0.249007487434	38.4915315432
4253.00000000	0.194899163605	0.154982515666	0.249008562375	38.4914862128
4253.00000000	0.194899715242	0.154982829349	0.249009189377	38.4914637054
4253.00000000	0.194899759751	0.154982793025	0.249009201607	38.4914507894
4253.00000000	0.194899355796	0.154982362649	0.249008617566	38.4914311312
4253.00000000	0.194898774322	0.154981744649	0.249007777804	38.4914031052
4253.00000000	0.194898114886	0.154981193956	0.249006918913	38.4913983658
4253.00000000	0.194897174644	0.154980699879	0.249005875471	38.4914440377
4253.00000000	0.194896054047	0.154980187613	0.249004679546	38.4915122636
4253.00000000	0.194895316182	0.154979773708	0.249003844405	38.4915433921
4253.00000000	0.194895308670	0.154979550953	0.249003699882	38.4915043499
4253.00000000	0.194895832870	0.154979481946	0.249004067224	38.4914168490
4253.00000000	0.194896344479	0.154979463351	0.249004456089	38.4913402309
4253.00000000	0.194896440521	0.154979444518	0.249004519539	38.4913230848
4253.00000000	0.194896270363	0.154979514615	0.249004429984	38.4913600779
4253.00000000	0.194896119267	0.154979729620	0.249004445540	38.4914204391
4253.00000000	0.194895976761	0.154979972031	0.249004484876	38.4914845058
4253.00000000	0.194895589491	0.154980033545	0.249004220046	38.4915510469
4253.00000000	0.194895003754	0.154979928530	0.249003696228	38.4916160196
4253.00000000	0.194894457566	0.154979833072	0.249003209315	38.4916770497
4253.00000000	0.194894127902	0.154979799356	0.249002930303	38.4917181903
4253.00000000	0.194894208493	0.154979788950	0.249002986904	38.4917047745
4253.00000000	0.194894693211	0.154979822441	0.249003387137	38.4916413873
4253.00000000	0.194895383627	0.154979965209	0.249004016384	38.4915682223
4253.00000000	0.194896005530	0.154980207005	0.249004653641	38.4915227045
4253.00000000	0.194896192874	0.154980417339	0.249004931187	38.4915337550
4253.00000000	0.194895723782	0.154980411420	0.249004560344	38.4915998694
4253.00000000	0.194894842764	0.154980119576	0.249003689129	38.4916734830
4253.00000000	0.194893918033	0.154979682811	0.249002693500	38.4917272571
4253.00000000	0.194893226067	0.154979379279	0.249001962982	38.4917716913
4253.00000000	0.194892806668	0.154979331527	0.249001604998	38.4918231557
4253.00000000	0.194892433596	0.154979428386	0.249001373281	38.4918940302
5260.00000000	0.614652356567	-0.211239202876	0.649938089563	-18.9664441162
5260.00000000	0.614648818540	-0.211238462634	0.649934503029	-18.9664837738
5260.00000000	0.614646366454	-0.211238081935	0.649932060338	-18.9665222924
5260.00000000	0.614645596065	-0.211238232619	0.649931380749	-18.9665569284
5260.00000000	0.614646473776	-0.211238940197	0.649932440782	-18.9665907711
5260.00000000	0.614647596080	-0.211239760315	0.649933768706	-18.9666269878
5260.00000000	0.614647345372	-0.211240016953	0.649933615021	-18.9666555672
5260.00000000	0.614645150791	-0.211239441438	0.649931352537	-18.9666704664
5260.00000000	0.614641755044	-0.211238514526	0.649927839889	-18.9666904861
5260.00000000	0.614638911739	-0.211237952784	0.649924968377	-18.9667251217
5260.00000000	0.614638044328	-0.211238033805	0.649924174394	-18.9667567303
5260.00000000	0.614638974492	-0.211238560259	0.649925225164	-18.9667739696
5260.00000000	0.614640203126	-0.211239151308	0.649926579195	-18.9667880420
5260.00000000	0.614640678172	-0.211239621293	0.649927181204	-18.9668136137
5260.00000000	0.614640077221	-0.211239960079	0.649926722993	-18.9668590776
5260.00000000	0.614638617077	-0.211240163139	0.649925408124	-18.9669178445
5260.00000000	0.614637377874	-0.211240220806	0.649924254945	-18.9669581594
5260.00000000	0.614637325441	-0.211240315418	0.649924236110	-18.9669675497
5260.00000000	0.614638313002	-0.211240581057	0.649925256391	-18.9669613995
5260.00000000	0.614639537959	-0.211240848756	0.649926501849	-18.9669486189
5260.00000000	0.614640339223	-0.211240893457	0.649927274138	-18.9669293870
5260.00000000	0.614640573307	-0.211240634450	0.649927411330	-18.9669010862
5260.00000000	0.614640497209	-0.211240257041	0.649927216697	-18.9668718017
5260.00000000	0.614640410684	-0.211240026602	0.649927059972	-18.9668550690
5260.00000000	0.614640766517	-0.211240031987	0.649927398237	-18.9668453222
5260.00000000	0.614641443502	-0.211240141417	0.649928074033	-18.9668350480
5260.00000000	0.614641754639	-0.211240146095	0.649928369798	-18.9668265230
5260.00000000	0.614641380288	-0.211239948705	0.649927951616	-18.9668207926
5260.00000000	0.614640602403	-0.211239650000	0.649927118879	-18.9668181780
5260.00000000	0.614639129370	-0.211239274967	0.649925603928	-18.9668291178
5260.00000000	0.614636579322	-0.211238822006	0.649923045109	-18.9668644207
5260.00000000	0.614633817223	-0.211238494109	0.649920326399	-18.9669162265
5260.00000000	0.614632196079	-0.211238391928	0.649918760062	-18.9669541588
5260.00000000	0.614631974962	-0.211238343713	0.649918535280	-18.9669564748
5260.00000000	0.614632545602	-0.211238208597	0.649919031022	-18.9669288591
5260.00000000	0.614633694723	-0.211238125558	0.649920090763	-18.9668890098
5260.00000000	0.614635494141	-0.211238251288	0.649921833350	-18.9668479329
5260.00000000	0.614637141970	-0.211238323395	0.649923415149	-18.9668067291
5260.00000000	0.614637687788	-0.211237923502	0.649923801361	-18.9667577502
5260.00000000	0.614637222743	-0.211236989824	0.649923058100	-18.9666932330
5260.00000000	0.614637374533	-0.211236110258	0.649922915775	-18.9666155530
5260.00000000	0.614639488485	-0.211236054077	0.649924896697	-18.9665502987
5260.00000000	0.614642891100	-0.211237020528	0.649928428691	-18.9665333793
5260.00000000	0.614646293570	-0.211238499902	0.649932127257	-18.9665592268
5260.00000000	0.614649367477	-0.211239890473	0.649935486235	-18.9665870846
5260.00000000	0.614652489826	-0.211241007470	0.649938802109	-18.9665907463
5260.00000000	0.614655659007	-0.211242015552	0.649942126873	-18.9665839861
5260.00000000	0.614657699166	-0.211242946594	0.649944358872	-18.9666031518
5260.00000000	0.614657103807	-0.211243427820	0.649943952244	-18.9666603292
5260.00000000	0.614653984058	-0.211243168284	0.649940917519	-18.9667280791
5260.00000000	0.614650413156	-0.211242496505	0.649937322149	-18.9667743878
5260.00000000	0.614648347047	-0.211241902898	0.649935175281	-18.9667840980
5260.00000000	0.614647717463	-0.211241326354	0.649934392491	-18.9667540707
5260.00000000	0.614646996093	-0.211240492991	0.649933439426	-18.9667052622
5260.00000000	0.614645514923	-0.211239530889	0.649931725972	-18.9666674907
5260.00000000	0.614644105039	-0.211238837152	0.649930167157	-18.9666500502
5260.00000000	0.614643509856	-0.211238634119	0.649929538299	-18.9666501767
5260.00000000	0.614643542698	-0.211238781135	0.649929617140	-18.9666614926
5260.00000000	0.614643639570	-0.211239056702	0.649929798317	-18.9666816911
5260.00000000	0.614642796936	-0.211239218408	0.649929053988	-18.9667193163
5260.00000000	0.614640783946	-0.211239195508	0.649927142847	-18.9667750848
5260.00000000	0.614638789651	-0.211239124140	0.649925233631	-18.9668262772
5260.00000000	0.614638057396	-0.211239066724	0.649924522472	-18.9668424717
5260.00000000	0.614638677331	-0.211239059126	0.649925106279	-18.9668240752
5260.00000000	0.614640023321	-0.211239125450	0.649926400748	-18.9667910381
5260.00000000	0.614641995401	-0.211239385018	0.649928350123	-18.9667561729
5260.00000000	0.614645234564	-0.211240017271	0.649931618918	-18.9667160736
5260.00000000	0.614649538035	-0.211240935494	0.649935987183	-18.9666693210
5260.00000000	0.614653752383	-0.211241815749	0.649940258823	-18.9666219572
5260.00000000	0.614657106505	-0.211242436776	0.649943632688	-18.9665776296
5260.00000000	0.614659381844	-0.211242669993	0.649945860295	-18.9665318802
5260.00000000	0.614660310372	-0.211242385302	0.649946645883	-18.9664815421
5260.00000000	0.614659936448	-0.211241676340	0.649946061837	-18.9664331504
5260.00000000	0.614658690552	-0.211240839872	0.649944611718	-18.9663991119
5260.00000000	0.614656591266	-0.211240154376	0.649942403608	-18.9664021106
5260.00000000	0.614653439812	-0.211239690159	0.649939272372	-18.9664537038
5260.00000000	0.614649985520	-0.211239410640	0.649935914769	-18.9665293726
5260.00000000	0.614647646545	-0.211239329278	0.649933676338	-18.9665896063
5260.00000000	0.614647190439	-0.211239393520	0.649933265873	-18.9666080307
5260.00000000	0.614648217775	-0.211239409369	0.649934242585	-18.9665799164
5260.00000000	0.614649485129	-0.211239185477	0.649935368364	-18.9665249381
5260.00000000	0.614649723977	-0.211238755068	0.649935454355	-18.9664822114
5260.00000000	0.614648878681	-0.211238409986	0.649934542794	-18.9664776614
5260.00000000	0.614647424256	-0.211238287073	0.649933127383	-18.9665090865
5260.00000000	0.614645815079	-0.211238221152	0.649931584145	-18.9665496971
5260.00000000	0.614644511889	-0.211238083336	0.649930306915	-18.9665755469
5260.00000000	0.614643713783	-0.211237966868	0.649929514286	-18.9665887045
5260.00000000	0.614643198177	-0.211238072477	0.649929060998	-18.9666122826
5260.00000000	0.614642988452	-0.211238530751	0.649929011606	-18.9666564984
5260.00000000	0.614643487398	-0.211239332588	0.649929744074	-18.9667090520
5260.00000000	0.614644422525	-0.211240106416	0.649930879941	-18.9667467727
5260.00000000	0.614645377935	-0.211240526678	0.649931920071	-18.9667544351
5260.00000000	0.614646471265	-0.211240666548	0.649932999502	-18.9667347693
5260.00000000	0.614647071632	-0.211240696468	0.649933576998	-18.9667200617
5260.00000000	0.614646360496	-0.211240643097	0.649932887125	-18.9667359880
5260.00000000	0.614645046276	-0.211240583610	0.649931624924	-18.9667686844
5260.00000000	0.614644161827	-0.211240624808	0.649930801884	-18.9667974609
5260.00000000	0.614643740483	-0.211240758542	0.649930446882	-18.9668206830
5260.00000000	0.614643159364	-0.211240874712	0.649929935071	-18.9668470189
5260.00000000	0.614641666442	-0.211240817981	0.649928504766	-18.9668850657
5270.00000000	0.0163314836707	-0.0458164855115	0.0486401860966	-70.3811717152
5270.00000000	0.0163314460632	-0.0458165556221	0.0486402395100	-70.3812411727
5270.00000000	0.0163314030661	-0.0458166323072	0.0486402973067	-70.3813192103
5270.00000000	0.0163313582603	-0.0458167192172	0.0486403641274	-70.3814032988
5270.00000000	0.0163313153944	-0.0458167904443	0.0486404168273	-70.3814790319
5270.00000000	0.0163312868465	-0.0458168049218	0.0486404208792	-70.3815164335
5270.00000000	0.0163312721206	-0.0458167486808	0.0486403629587	-70.3815105295
5270.00000000	0.0163312577156	-0.0458166402631	0.0486402559982	-70.3814836332
5270.00000000	0.0163312146940	-0.0458165201970	0.0486401284573	-70.3814838821
5270.00000000	0.0163311341760	-0.0458164400987	0.0486400259745	-70.3815415434
5270.00000000	0.0163310447646	-0.0458164289533	0.0486399854558	-70.3816363441
5270.00000000	0.0163309698901	-0.0458164602197	0.0486399897679	-70.3817317889
5270.00000000	0.0163309125148	-0.0458164849225	0.0486399937728	-70.3818052211
5270.00000000	0.0163308681661	-0.0458164790886	0.0486399733874	-70.3818521221
5270.00000000	0.0163308348675	-0.0458164467631	0.0486399317584	-70.3818762849
5270.00000000	0.0163308217104	-0.0458164081379	0.0486398909579	-70.3818756075
5270.00000000	0.0163308425329	-0.0458163957565	0.0486398862863	-70.3818476064
5270.00000000	0.0163308835785	-0.0458164267903	0.0486399292997	-70.3818143370
5270.00000000	0.0163308975397	-0.0458164833997	0.0486399873105	-70.3818212349
5270.00000000	0.0163308513769	-0.0458165492892	0.0486400338761	-70.3818985153
5270.00000000	0.0163307692207	-0.0458166249387	0.0486400775505	-70.3820195930
5270.00000000	0.0163306955198	-0.0458167155176	0.0486401381266	-70.3821371931
5270.00000000	0.0163306505366	-0.0458167988339	0.0486402015038	-70.3822200561
5270.00000000	0.0163306462077	-0.0458168672769	0.0486402645205	-70.3822519278
5270.00000000	0.0163306947247	-0.0458169815351	0.0486403884357	-70.3822432825
5270.00000000	0.0163307809462	-0.0458171657746	0.0486405909291	-70.3822204783
5270.00000000	0.0163308592394	-0.0458173434997	0.0486407846243	-70.3822038948
5270.00000000	0.0163308724823	-0.0458174088397	0.0486408506177	-70.3822150419
5270.00000000	0.0163308087069	-0.0458173233763	0.0486407487030	-70.3822520052
5270.00000000	0.0163306962820	-0.0458170918137	0.0486404928359	-70.3822851683
5270.00000000	0.0163305790718	-0.0458167798608	0.0486401596382	-70.3822918481
5270.00000000	0.0163305048370	-0.0458165270285	0.0486398965582	-70.3822742249
5270.00000000	0.0163304870005	-0.0458164294924	0.0486397986951	-70.3822554412
5270.00000000	0.0163304961762	-0.0458164468482	0.0486398181241	-70.3822521241
5270.00000000	0.0163304813118	-0.0458165020239	0.0486398651065	-70.3822904389
5270.00000000	0.0163304073648	-0.0458165818685	0.0486399154894	-70.3824040669
5270.00000000	0.0163302920137	-0.0458167124925	0.0486399998034	-70.3825837185
5270.00000000	0.0163301876215	-0.0458169097636	0.0486401505758	-70.3827775673
5270.00000000	0.0163301243194	-0.0458171567735	0.0486403619960	-70.3829454926
5270.00000000	0.0163300865013	-0.0458174053665	0.0486405834634	-70.3830857663
5270.00000000	0.0163300443782	-0.0458176212890	0.0486407727116	-70.3832178953
5270.00000000	0.0163299836343	-0.0458177964807	0.0486409173418	-70.3833545767
5270.00000000	0.0163299114914	-0.0458179131364	0.0486410030066	-70.3834807568
5270.00000000	0.0163298381232	-0.0458179432229	0.0486410067156	-70.3835740615
5270.00000000	0.0163297623503	-0.0458179207298	0.0486409600894	-70.3836492416
5270.00000000	0.0163296868861	-0.0458179261952	0.0486409399028	-70.3837351356
5270.00000000	0.0163296120560	-0.0458179862997	0.0486409713972	-70.3838419333
5270.00000000	0.0163295335157	-0.0458180236463	0.0486409802090	-70.3839438479
5270.00000000	0.0163294556197	-0.0458179514095	0.0486408860137	-70.3840017129
5270.00000000	0.0163294017145	-0.0458178156598	0.0486407400456	-70.3840078424
5270.00000000	0.0163293842971	-0.0458177724419	0.0486406934886	-70.3840100778
5270.00000000	0.0163293793342	-0.0458178776129	0.0486407908899	-70.3840571745
5270.00000000	0.0163293644235	-0.0458180488241	0.0486409471590	-70.3841414240
5270.00000000	0.0163293395263	-0.0458181530082	0.0486410369384	-70.3842102484
5270.00000000	0.0163293045805	-0.0458181240647	0.0486409979430	-70.3842375776
5270.00000000	0.0163292659269	-0.0458180451820	0.0486409106618	-70.3842492728
5270.00000000	0.0163292426175	-0.0458180260423	0.0486408848077	-70.3842675677
5270.00000000	0.0163292289240	-0.0458180367747	0.0486408903202	-70.3842870057
5270.00000000	0.0163291971324	-0.0458179880874	0.0486408337857	-70.3843030277
5270.00000000	0.0163291396628	-0.0458178569539	0.0486406909693	-70.3843149386
5270.00000000	0.0163290729147	-0.0458177175803	0.0486405372763	-70.3843338862
5270.00000000	0.0163290244269	-0.0458176522401	0.0486404594502	-70.3843618489
5270.00000000	0.0163290080868	-0.0458176430612	0.0486404453185	-70.3843763498
5270.00000000	0.0163290136801	-0.0458176301620	0.0486404350456	-70.3843650426
5270.00000000	0.0163290299708	-0.0458176289669	0.0486404393888	-70.3843464941
5270.00000000	0.0163290676993	-0.0458176881733	0.0486405078250	-70.3843280443
5270.00000000	0.0163291454114	-0.0458178632344	0.0486406988152	-70.3843110436
5270.00000000	0.0163292464790	-0.0458181504633	0.0486410033043	-70.3843124845
5270.00000000	0.0163293225183	-0.0458184642728	0.0486413244291	-70.3843522070
5270.00000000	0.0163293428155	-0.0458187206436	0.0486415727357	-70.3844310646
5270.00000000	0.0163293070669	-0.0458188619982	0.0486416938859	-70.3845266263
5270.00000000	0.0163292302338	-0.0458188717531	0.0486416772815	-70.3846157345
5270.00000000	0.0163291293808	-0.0458187916042	0.0486415679271	-70.3846959435
5270.00000000	0.0163290200772	-0.0458186731990	0.0486414196997	-70.3847704016
5270.00000000	0.0163289247184	-0.0458185421940	0.0486412642850	-70.3848244052
5270.00000000	0.0163288745548	-0.0458184165434	0.0486411290861	-70.3848303791
5270.00000000	0.0163288850088	-0.0458183571708	0.0486410766685	-70.3847953017
5270.00000000	0.0163289332515	-0.0458184361092	0.0486411672211	-70.3847729878
5270.00000000	0.0163289760682	-0.0458186524881	0.0486413854167	-70.3848110428
5270.00000000	0.0163289881944	-0.0458189108477	0.0486416328541	-70.3848997507
5270.00000000	0.0163289797371	-0.0458190796525	0.0486417890240	-70.3849758842
5270.00000000	0.0163289644351	-0.0458190787202	0.0486417830090	-70.3849924940
5270.00000000	0.0163289373738	-0.0458189385121	0.0486416418528	-70.3849670784
5270.00000000	0.0163288922010	-0.0458187411066	0.0486414407384	-70.3849391412
5270.00000000	0.0163288300012	-0.0458185627843	0.0486412518838	-70.3849376425
5270.00000000	0.0163287642870	-0.0458184357609	0.0486411101715	-70.3849603283
5270.00000000	0.0163287118720	-0.0458183357693	0.0486409983869	-70.3849789471
5270.00000000	0.0163286809018	-0.0458182316699	0.0486408899318	-70.3849721468
5270.00000000	0.0163286739935	-0.0458181337957	0.0486407954181	-70.3849411095
5270.00000000	0.0163286883971	-0.0458181062155	0.0486407742737	-70.3849142214
5270.00000000	0.0163287154113	-0.0458181714312	0.0486408447735	-70.3849100355
5270.00000000	0.0163287485871	-0.0458182904502	0.0486409680228	-70.3849202882
5270.00000000	0.0163287824005	-0.0458184077932	0.0486410899075	-70.3849291708
5270.00000000	0.0163288121161	-0.0458184431878	0.0486411332236	-70.3849101953
5270.00000000	0.0163288296677	-0.0458183556235	0.0486410566328	-70.3848560949
5270.00000000	0.0163288256370	-0.0458182145170	0.0486409223618	-70.3848047691
5270.00000000	0.0163287994224	-0.0458180937000	0.0486407997557	-70.3847860810
5270.00000000	0.0163287669327	-0.0458180244260	0.0486407235950	-70.3847947375
5270.00000000	0.0163287550928	-0.0458180055027	0.0486407017951	-70.3848003919
5270.00000000	0.0163287835130	-0.0458179877994	0.0486406946599	-70.3847618569
5274.00000000	-0.0511262021126	0.404975072334	0.408189536556	97.1952586471
5274.00000000	-0.0511258944110	0.404973639331	0.408188076298	97.1952409899
5274.00000000	-0.0511254377183	0.404972330421	0.408186720495	97.1952004023
5274.00000000	-0.0511247139480	0.404971595496	0.408185900705	97.1951125297
5274.00000000	-0.0511237475079	0.404971294155	0.408185480693	97.1949832394
5274.00000000	-0.0511227093153	0.404970671692	0.408184733103	97.1948496019
5274.00000000	-0.0511218079467	0.404969384212	0.408183342871	97.1947467092
5274.00000000	-0.0511212584317	0.404967870798	0.408181772550	97.1946967880
5274.00000000	-0.0511210788544	0.404966841760	0.408180729124	97.1946898699
5274.00000000	-0.0511211460428	0.404966897805	0.408180793142	97.1946982415
5274.00000000	-0.0511213210034	0.404968258612	0.408182165147	97.1946986841
5274.00000000	-0.0511214443794	0.404970212735	0.408184119336	97.1946815126
5274.00000000	-0.0511214312016	0.404971571457	0.408185465709	97.1946557915
5274.00000000	-0.0511213206879	0.404971691895	0.408185571358	97.1946382839
5274.00000000	-0.0511211150385	0.404970500050	0.408184363142	97.1946305970
5274.00000000	-0.0511207679437	0.404968383899	0.408182220182	97.1946194609
5274.00000000	-0.0511204031163	0.404966414218	0.408180220318	97.1946032803
5274.00000000	-0.0511202106088	0.404965642044	0.408179430114	97.1945900456
5274.00000000	-0.0511201421343	0.404966165427	0.408179940801	97.1945713087
5274.00000000	-0.0511200256606	0.404967258785	0.408181010964	97.1945358673
5274.00000000	-0.0511199316594	0.404968108354	0.408181842072	97.1945078414
5274.00000000	-0.0511198884568	0.404968367691	0.408182093956	97.1944972659
5274.00000000	-0.0511196977874	0.404968193083	0.408181896843	97.1944737822
5274.00000000	-0.0511192302933	0.404967848460	0.408181496386	97.1944147357
5274.00000000	-0.0511185119711	0.404967756494	0.408181315185	97.1943163164
5274.00000000	-0.0511176307541	0.404968176161	0.408181621189	97.1941862180
5274.00000000	-0.0511167040906	0.404968843723	0.408182167449	97.1940454331
5274.00000000	-0.0511157899681	0.404969279838	0.408182485656	97.1939104635
5274.00000000	-0.0511149316417	0.404969248889	0.408182347466	97.1937914743
5274.00000000	-0.0511142703888	0.404968312073	0.408181335218	97.1937158530
5274.00000000	-0.0511139149864	0.404966322915	0.408179317213	97.1937013229
5274.00000000	-0.0511137316563	0.404964340427	0.408177327373	97.1937106390
5274.00000000	-0.0511134404844	0.404963583497	0.408176539940	97.1936833940
5274.00000000	-0.0511129124849	0.404963905566	0.408176793356	97.1936042009
5274.00000000	-0.0511121667933	0.404964533178	0.408177322650	97.1934893204
5274.00000000	-0.0511113057125	0.404965235597	0.408177911717	97.1933570556
5274.00000000	-0.0511105445085	0.404966341762	0.408178913860	97.1932316041
5274.00000000	-0.0511100023953	0.404967831838	0.408180324328	97.1931299171
5274.00000000	-0.0511096551366	0.404969217003	0.408181655110	97.1930572107
5274.00000000	-0.0511093723554	0.404970451708	0.408182844689	97.1929961287
5274.00000000	-0.0511089462253	0.404972056308	0.408184383306	97.1929085827
5274.00000000	-0.0511082767468	0.404974336449	0.408186561677	97.1927752755
5274.00000000	-0.0511074099518	0.404976738550	0.408188836347	97.1926123477
5274.00000000	-0.0511064466779	0.404978418934	0.408190382902	97.1924486696
5274.00000000	-0.0511054394907	0.404979229752	0.408191061240	97.1922941587
5274.00000000	-0.0511044517197	0.404979655834	0.408191360302	97.1921491134
5274.00000000	-0.0511036172116	0.404979867616	0.408191465940	97.1920291776
5274.00000000	-0.0511030139408	0.404979436994	0.408190963180	97.1919527330
5274.00000000	-0.0511025683196	0.404977827830	0.408189310887	97.1919189529
5274.00000000	-0.0511021716824	0.404975439147	0.408186891341	97.1919056925
5274.00000000	-0.0511016585685	0.404973659705	0.408185061661	97.1918655050
5274.00000000	-0.0511008918939	0.404973329841	0.408184638411	97.1917645323
5274.00000000	-0.0510999692167	0.404974044282	0.408185231722	97.1916234831
5274.00000000	-0.0510991802146	0.404974606663	0.408185690907	97.1915037222
5274.00000000	-0.0510987488268	0.404974437511	0.408185469081	97.1914466183
5274.00000000	-0.0510986673979	0.404974200545	0.408185223785	97.1914394422
5274.00000000	-0.0510988058683	0.404974584232	0.408185621788	97.1914519839
5274.00000000	-0.0510989746808	0.404975329690	0.408186382516	97.1914623940
5274.00000000	-0.0510988760423	0.404975515388	0.408186554405	97.1914453943
5274.00000000	-0.0510983912532	0.404974718687	0.408185703282	97.1913918808
5274.00000000	-0.0510976562881	0.404973542579	0.408184444420	97.1913101935
5274.00000000	-0.0510968572683	0.404972747597	0.408183555669	97.1912128883
5274.00000000	-0.0510961735398	0.404972727013	0.408183449658	97.1911180316
5274.00000000	-0.0510956952892	0.404973453012	0.408184110080	97.1910386721
5274.00000000	-0.0510953682522	0.404974788005	0.408185393635	97.1909696710
5274.00000000	-0.0510951185758	0.404976666858	0.408187226455	97.1909018879
5274.00000000	-0.0510949093753	0.404979302276	0.408189814959	97.1908264491
5274.00000000	-0.0510946840302	0.404982566973	0.408193025771	97.1907377066
5274.00000000	-0.0510943624148	0.404985776456	0.408196169754	97.1906365290
5274.00000000	-0.0510938568266	0.404988162072	0.408198473324	97.1905242078
5274.00000000	-0.0510932372502	0.404989294026	0.408199518825	97.1904180393
5274.00000000	-0.0510927460546	0.404989274923	0.408199438390	97.1903499719
5274.00000000	-0.0510924818069	0.404988384068	0.408198521466	97.1903288242
5274.00000000	-0.0510923100088	0.404986686291	0.408196815538	97.1903347274
5274.00000000	-0.0510921564953	0.404984086843	0.408194217317	97.1903590182
5274.00000000	-0.0510920979642	0.404980860598	0.408191009118	97.1904075489
5274.00000000	-0.0510921705135	0.404978122705	0.408188301838	97.1904657549
5274.00000000	-0.0510921513013	0.404977215010	0.408187398877	97.1904790270
5274.00000000	-0.0510918035113	0.404978593950	0.408188723441	97.1904063660
5274.00000000	-0.0510911910242	0.404981353472	0.408191384598	97.1902725881
5274.00000000	-0.0510906025741	0.404983598788	0.408193538604	97.1901511931
5274.00000000	-0.0510902498100	0.404983992139	0.408193884710	97.1900951565
5274.00000000	-0.0510901771469	0.404982857316	0.408192749716	97.1901049743
5274.00000000	-0.0510903003390	0.404981258315	0.408191178708	97.1901502220
5274.00000000	-0.0510905152996	0.404979889196	0.408189847261	97.1902042112
5274.00000000	-0.0510908327500	0.404978891719	0.408188897361	97.1902659443
5274.00000000	-0.0510912146343	0.404978084642	0.408188144430	97.1903333058
5274.00000000	-0.0510914644675	0.404977068356	0.408187167407	97.1903859535
5274.00000000	-0.0510914765857	0.404976095902	0.408186204118	97.1904047264
5274.00000000	-0.0510912738135	0.404975851372	0.408185936130	97.1903807839
5274.00000000	-0.0510909019233	0.404976071678	0.408186108155	97.1903251228
5274.00000000	-0.0510905270262	0.404976229651	0.408186217962	97.1902701381
5274.00000000	-0.0510903520668	0.404976261668	0.408186227829	97.1902452102
5274.00000000	-0.0510904389787	0.404975871289	0.408185851398	97.1902641724
5274.00000000	-0.0510907193315	0.404974903454	0.408184926264	97.1903202192
5274.00000000	-0.0510910471586	0.404973982204	0.408184053292	97.1903820592
5274.00000000	-0.0510914014318	0.404973470926	0.408183590379	97.1904403794
5274.00000000	-0.0510918197585	0.404973198834	0.408183372788	97.1905034177
5274.00000000	-0.0510922663073	0.404973105726	0.408183336306	97.1905672417
5274.00000000	-0.0510926386244	0.404972847429	0.408183126643	97.1906236303
