DevNumber	X [V]	Y [V]	R [V]	Theta [°]
4253.00000000	-0.0160233532269	0.00830378697221	0.0180471805752	152.605441180
4253.00000000	-0.0160232961708	0.00830374738889	0.0180471117045	152.605469410
4253.00000000	-0.0160232688580	0.00830372819319	0.0180470786224	152.605483621
4253.00000000	-0.0160232776465	0.00830374291322	0.0180470931983	152.605454967
4253.00000000	-0.0160232853613	0.00830376527482	0.0180471103368	152.605403204
4253.00000000	-0.0160232418159	0.00830374029585	0.0180470601814	152.605410004
4253.00000000	-0.0160231334363	0.00830364434715	0.0180469198081	152.605522144
4253.00000000	-0.0160229845472	0.00830351548405	0.0180467283238	152.605667890
4253.00000000	-0.0160228354163	0.00830340945388	0.0180465471306	152.605748923
4253.00000000	-0.0160227213665	0.00830335291392	0.0180464198555	152.605741698
4253.00000000	-0.0160226568274	0.00830333066885	0.0180463523186	152.605710124
4253.00000000	-0.0160226304108	0.00830330196328	0.0180463156565	152.605752453
4253.00000000	-0.0160226177236	0.00830324765585	0.0180462794046	152.605887006
4253.00000000	-0.0160226121661	0.00830319159472	0.0180462486763	152.606036919
4253.00000000	-0.0160226392086	0.00830317980087	0.0180462672599	152.606109669
4253.00000000	-0.0160227128113	0.00830323296958	0.0180463570723	152.606067310
4253.00000000	-0.0160228041123	0.00830332586531	0.0180464808771	152.605938820
4253.00000000	-0.0160228858453	0.00830341960462	0.0180465965751	152.605793976
4253.00000000	-0.0160229467607	0.00830347475427	0.0180466760344	152.605727503
4253.00000000	-0.0160229753726	0.00830347435214	0.0180467012528	152.605770432
4253.00000000	-0.0160229742235	0.00830344433249	0.0180466864202	152.605853374
4253.00000000	-0.0160229559358	0.00830341745390	0.0180466578162	152.605902426
4253.00000000	-0.0160229294653	0.00830339212912	0.0180466226619	152.605935146
4253.00000000	-0.0160229135960	0.00830336531782	0.0180465962360	152.605987541
4253.00000000	-0.0160229263337	0.00830335833807	0.0180466043339	152.606025823
4253.00000000	-0.0160229568527	0.00830338720317	0.0180466447117	152.605989038
4253.00000000	-0.0160229842817	0.00830344106787	0.0180466938484	152.605877269
4253.00000000	-0.0160230101954	0.00830349959806	0.0180467437865	152.605750137
4253.00000000	-0.0160230465478	0.00830354985450	0.0180467991859	152.605661576
4253.00000000	-0.0160231060867	0.00830359742172	0.0180468739345	152.605614466
4253.00000000	-0.0160231958119	0.00830365397319	0.0180469796180	152.605586127
4253.00000000	-0.0160232987908	0.00830370866260	0.0180470962122	152.605582398
4253.00000000	-0.0160233941321	0.00830374425550	0.0180471972388	152.605621341
4253.00000000	-0.0160234704882	0.00830376537570	0.0180472747500	152.605673345
4253.00000000	-0.0160235200029	0.00830378436479	0.0180473274493	152.605692148
4253.00000000	-0.0160235332298	0.00830380628750	0.0180473492798	152.605649675
4253.00000000	-0.0160235159779	0.00830383312818	0.0180473463123	152.605548818
4253.00000000	-0.0160234989700	0.00830387295403	0.0180473495361	152.605411715
4253.00000000	-0.0160234974902	0.00830392412418	0.0180473717665	152.605265319
4253.00000000	-0.0160235010787	0.00830397224873	0.0180473970956	152.605134911
4253.00000000	-0.0160234971709	0.00830400040596	0.0180474065818	152.605049836
4253.00000000	-0.0160234663738	0.00830399180073	0.0180473752790	152.605029104
4253.00000000	-0.0160233915785	0.00830393629952	0.0180472833341	152.605076288
4253.00000000	-0.0160232933233	0.00830385150008	0.0180471570798	152.605171787
4253.00000000	-0.0160232046626	0.00830377106224	0.0180470413507	152.605269008
4253.00000000	-0.0160231385640	0.00830372259230	0.0180469603626	152.605309078
4253.00000000	-0.0160230960232	0.00830370563758	0.0180469147913	152.605294726
4253.00000000	-0.0160230798435	0.00830369887061	0.0180468973125	152.605290166
4253.00000000	-0.0160230839689	0.00830368761724	0.0180468957973	152.605327913
4253.00000000	-0.0160230810633	0.00830366052833	0.0180468807535	152.605400027
4253.00000000	-0.0160230377635	0.00830360704290	0.0180468176999	152.605487540
4253.00000000	-0.0160229629967	0.00830353918816	0.0180467200965	152.605569592
4253.00000000	-0.0160229023791	0.00830348336669	0.0180466405924	152.605638393
4253.00000000	-0.0160228818855	0.00830344940370	0.0180466067701	152.605704193
4253.00000000	-0.0160228895576	0.00830342357267	0.0180466016968	152.605788214
4253.00000000	-0.0160228925392	0.00830339647182	0.0180465918747	152.605868963
4253.00000000	-0.0160228576735	0.00830336137083	0.0180465447685	152.605916976
4253.00000000	-0.0160227751801	0.00830330880869	0.0180464473414	152.605944636
4253.00000000	-0.0160226827073	0.00830324787835	0.0180463372036	152.605981308
4253.00000000	-0.0160226436318	0.00830321512893	0.0180462874417	152.606016544
4253.00000000	-0.0160226881172	0.00830324544251	0.0180463408861	152.605996077
4253.00000000	-0.0160227911846	0.00830333093063	0.0180464717296	152.605905656
4253.00000000	-0.0160229099694	0.00830343146834	0.0180466234526	152.605795775
4253.00000000	-0.0160230193072	0.00830352506361	0.0180467635936	152.605691664
4253.00000000	-0.0160231050026	0.00830361374755	0.0180468804837	152.605566863
4253.00000000	-0.0160231682449	0.00830369791925	0.0180469753626	152.605421983
4253.00000000	-0.0160232112117	0.00830376487696	0.0180470443194	152.605296009
4253.00000000	-0.0160232180918	0.00830379539709	0.0180470644709	152.605220031
4253.00000000	-0.0160231780456	0.00830378371857	0.0180470235420	152.605194451
4253.00000000	-0.0160231036078	0.00830375178647	0.0180469427593	152.605175722
4253.00000000	-0.0160230201361	0.00830372796871	0.0180468576894	152.605120924
4253.00000000	-0.0160229559213	0.00830372676221	0.0180468001207	152.605030519
4253.00000000	-0.0160229128640	0.00830373663510	0.0180467664348	152.604939790
4253.00000000	-0.0160228705069	0.00830373718057	0.0180467290788	152.604876376
4253.00000000	-0.0160228226640	0.00830371906727	0.0180466782669	152.604857544
4253.00000000	-0.0160227771031	0.00830367905304	0.0180466194039	152.604903780
4253.00000000	-0.0160227362732	0.00830362690077	0.0180465591565	152.604991143
4253.00000000	-0.0160227099302	0.00830358708379	0.0180465174471	152.605064898
4253.00000000	-0.0160227233134	0.00830357860595	0.0180465254285	152.605108346
4253.00000000	-0.0160227847971	0.00830360281510	0.0180465911564	152.605129922
4253.00000000	-0.0160228670149	0.00830364331200	0.0180466827874	152.605135873
4253.00000000	-0.0160229372206	0.00830368036317	0.0180467621680	152.605133991
4253.00000000	-0.0160229852554	0.00830370739463	0.0180468172537	152.605127964
4253.00000000	-0.0160230131371	0.00830372460736	0.0180468499286	152.605120174
4253.00000000	-0.0160230161607	0.00830372234958	0.0180468515743	152.605130956
4253.00000000	-0.0160229889115	0.00830369154433	0.0180468132068	152.605177984
4253.00000000	-0.0160229408864	0.00830364599247	0.0180467496081	152.605236230
4253.00000000	-0.0160228777601	0.00830359687062	0.0180466709591	152.605282481
4253.00000000	-0.0160228051942	0.00830354029078	0.0180465804974	152.605335964
4253.00000000	-0.0160227630082	0.00830349309294	0.0180465213258	152.605407382
4253.00000000	-0.0160227853565	0.00830348843004	0.0180465390224	152.605453173
4253.00000000	-0.0160228526141	0.00830353101601	0.0180466183321	152.605431380
4253.00000000	-0.0160229165113	0.00830358717693	0.0180467009044	152.605366414
4253.00000000	-0.0160229492774	0.00830362509244	0.0180467474416	152.605307401
4253.00000000	-0.0160229442063	0.00830363292016	0.0180467465409	152.605277929
4253.00000000	-0.0160229057025	0.00830361533824	0.0180467042653	152.605271242
4253.00000000	-0.0160228558142	0.00830359026648	0.0180466484356	152.605269038
4253.00000000	-0.0160228213957	0.00830357677699	0.0180466116700	152.605256783
4253.00000000	-0.0160228066256	0.00830357819327	0.0180465992080	152.605231214
4253.00000000	-0.0160228048999	0.00830359741572	0.0180466065204	152.605174508
5260.00000000	-0.0250503259853	0.0164673421259	0.0299781952202	146.680265964
5260.00000000	-0.0250502557401	0.0164672492316	0.0299780854943	146.680340575
5260.00000000	-0.0250501944122	0.0164671866139	0.0299779998510	146.680376194
5260.00000000	-0.0250501575773	0.0164671801466	0.0299779655185	146.680347851
5260.00000000	-0.0250501182476	0.0164671813486	0.0299779333142	146.680304640
5260.00000000	-0.0250500324686	0.0164671072515	0.0299778209333	146.680332923
5260.00000000	-0.0250498768791	0.0164669244359	0.0299775904975	146.680461547
5260.00000000	-0.0250496751984	0.0164666825300	0.0299772890884	146.680636158
5260.00000000	-0.0250494772296	0.0164664684031	0.0299770060404	146.680770302
5260.00000000	-0.0250493268480	0.0164663508933	0.0299768158296	146.680800097
5260.00000000	-0.0250492356396	0.0164663362606	0.0299767315759	146.680727708
5260.00000000	-0.0250491756513	0.0164663617000	0.0299766954224	146.680624094
5260.00000000	-0.0250491087215	0.0164663525707	0.0299766344796	146.680568405
5260.00000000	-0.0250490475731	0.0164663146028	0.0299765625267	146.680564845
5260.00000000	-0.0250490612435	0.0164663399177	0.0299765878556	146.680538766
5260.00000000	-0.0250492046192	0.0164664859978	0.0299767879062	146.680455985
5260.00000000	-0.0250494453490	0.0164667020284	0.0299771077322	146.680363698
5260.00000000	-0.0250496790130	0.0164668985543	0.0299774109398	146.680295145
5260.00000000	-0.0250498036995	0.0164670057427	0.0299775740098	146.680254861
5260.00000000	-0.0250497973069	0.0164670094480	0.0299775707034	146.680242232
5260.00000000	-0.0250497288196	0.0164669698441	0.0299774917193	146.680233579
5260.00000000	-0.0250496765960	0.0164669544173	0.0299774396062	146.680203388
5260.00000000	-0.0250496620597	0.0164669625705	0.0299774319381	146.680175105
5260.00000000	-0.0250496746542	0.0164669603711	0.0299774412541	146.680191840
5260.00000000	-0.0250497218726	0.0164669543690	0.0299774774137	146.680251001
5260.00000000	-0.0250498258628	0.0164669838964	0.0299775805295	146.680313021
5260.00000000	-0.0250499924854	0.0164670772549	0.0299777710452	146.680338852
5260.00000000	-0.0250501951733	0.0164672282931	0.0299780233817	146.680310428
5260.00000000	-0.0250503918533	0.0164674088769	0.0299782869278	146.680228511
5260.00000000	-0.0250505718063	0.0164676021500	0.0299785434668	146.680108768
5260.00000000	-0.0250507318139	0.0164677867091	0.0299787785526	146.679982004
5260.00000000	-0.0250508486923	0.0164679190974	0.0299789489410	146.679893281
5260.00000000	-0.0250509082540	0.0164679789151	0.0299790315704	146.679860282
5260.00000000	-0.0250509165433	0.0164679874538	0.0299790431875	146.679855348
5260.00000000	-0.0250508921168	0.0164679713287	0.0299790139186	146.679855456
5260.00000000	-0.0250508506948	0.0164679371822	0.0299789605485	146.679866502
5260.00000000	-0.0250508196651	0.0164679030575	0.0299789158744	146.679888423
5260.00000000	-0.0250508383387	0.0164679101844	0.0299789353932	146.679896646
5260.00000000	-0.0250508931880	0.0164679563802	0.0299790066022	146.679880454
5260.00000000	-0.0250509254949	0.0164679907086	0.0299790524555	146.679859548
5260.00000000	-0.0250508751229	0.0164679553335	0.0299789909318	146.679863159
5260.00000000	-0.0250507087961	0.0164678060667	0.0299787699520	146.679926924
5260.00000000	-0.0250504482696	0.0164675521839	0.0299784127905	146.680058870
5260.00000000	-0.0250501685858	0.0164672639606	0.0299780207573	146.680225551
5260.00000000	-0.0250499346929	0.0164670128950	0.0299776873992	146.680380966
5260.00000000	-0.0250497634199	0.0164668274824	0.0299774424314	146.680497274
5260.00000000	-0.0250496458759	0.0164667044225	0.0299772766116	146.680570407
5260.00000000	-0.0250495651238	0.0164666266779	0.0299771664278	146.680609794
5260.00000000	-0.0250495172293	0.0164665854560	0.0299771037627	146.680625347
5260.00000000	-0.0250495096819	0.0164665813139	0.0299770951807	146.680624038
5260.00000000	-0.0250495225117	0.0164665931203	0.0299771123868	146.680618652
5260.00000000	-0.0250495319085	0.0164666119065	0.0299771305584	146.680598513
5260.00000000	-0.0250495344269	0.0164666418396	0.0299771491052	146.680553350
5260.00000000	-0.0250495406501	0.0164666758076	0.0299771729644	146.680505633
5260.00000000	-0.0250495524714	0.0164667001331	0.0299771962046	146.680479193
5260.00000000	-0.0250495636337	0.0164667074392	0.0299772095453	146.680479243
5260.00000000	-0.0250495531343	0.0164666712307	0.0299771808822	146.680526050
5260.00000000	-0.0250494944279	0.0164665688372	0.0299770755805	146.680627950
5260.00000000	-0.0250494114071	0.0164664444060	0.0299769378560	146.680739522
5260.00000000	-0.0250493745615	0.0164663904006	0.0299768774015	146.680787092
5260.00000000	-0.0250494220813	0.0164664581878	0.0299769543460	146.680728717
5260.00000000	-0.0250495237131	0.0164666176122	0.0299771268443	146.680580796
5260.00000000	-0.0250496134790	0.0164667952072	0.0299772994088	146.680391399
5260.00000000	-0.0250496708394	0.0164669527662	0.0299774338889	146.680199981
5260.00000000	-0.0250497398166	0.0164671067109	0.0299775760912	146.680026534
5260.00000000	-0.0250498473082	0.0164672654961	0.0299777531360	146.679885793
5260.00000000	-0.0250499591557	0.0164673946775	0.0299779175588	146.679796908
5260.00000000	-0.0250500227285	0.0164674471738	0.0299779995183	146.679779812
5260.00000000	-0.0250500183594	0.0164674161934	0.0299779788493	146.679824703
5260.00000000	-0.0250499812679	0.0164673526727	0.0299779129622	146.679887208
5260.00000000	-0.0250499616571	0.0164673122939	0.0299778743943	146.679931107
5260.00000000	-0.0250499745490	0.0164673016042	0.0299778792951	146.679961715
5260.00000000	-0.0250499981990	0.0164672985053	0.0299778973551	146.679991494
5260.00000000	-0.0250500098137	0.0164672961097	0.0299779057445	146.680007514
5260.00000000	-0.0250500092398	0.0164672948210	0.0299779045571	146.680008970
5260.00000000	-0.0250499891057	0.0164672706690	0.0299778744658	146.680026404
5260.00000000	-0.0250499452381	0.0164672011888	0.0299777996428	146.680091314
5260.00000000	-0.0250498940154	0.0164671051163	0.0299777040664	146.680190973
5260.00000000	-0.0250498577460	0.0164670387883	0.0299776373244	146.680258827
5260.00000000	-0.0250498620778	0.0164670517695	0.0299776480748	146.680242642
5260.00000000	-0.0250499101266	0.0164671366869	0.0299777348714	146.680157466
5260.00000000	-0.0250499901221	0.0164672496880	0.0299778637899	146.680060979
5260.00000000	-0.0250500679826	0.0164673357993	0.0299779761535	146.680005197
5260.00000000	-0.0250501015160	0.0164673588412	0.0299780168318	146.680003604
5260.00000000	-0.0250501023387	0.0164673368717	0.0299780054511	146.680039554
5260.00000000	-0.0250501228860	0.0164673209632	0.0299780138820	146.680086534
5260.00000000	-0.0250501781332	0.0164673469902	0.0299780743444	146.680102969
5260.00000000	-0.0250502218245	0.0164673963411	0.0299781379627	146.680070023
5260.00000000	-0.0250502011258	0.0164674206502	0.0299781340199	146.680009468
5260.00000000	-0.0250501410863	0.0164674195098	0.0299780832235	146.679948255
5260.00000000	-0.0250501126255	0.0164674259932	0.0299780630026	146.679908020
5260.00000000	-0.0250501160739	0.0164674316427	0.0299780689875	146.679902618
5260.00000000	-0.0250501028865	0.0164673986435	0.0299780398410	146.679941475
5260.00000000	-0.0250500594030	0.0164673242232	0.0299779626253	146.680014677
5260.00000000	-0.0250500073759	0.0164672356559	0.0299778704994	146.680101505
5260.00000000	-0.0250499504110	0.0164671417515	0.0299777713157	146.680191672
5260.00000000	-0.0250498774531	0.0164670437900	0.0299776565395	146.680271529
5260.00000000	-0.0250497913278	0.0164669592116	0.0299775381118	146.680316187
5260.00000000	-0.0250496882714	0.0164668960589	0.0299774173055	146.680308851
5260.00000000	-0.0250495790496	0.0164668573921	0.0299773047978	146.680255935
5270.00000000	0.00614881829470	0.00530515793075	0.00812112474300	40.7873977965
5270.00000000	0.00614875631096	0.00530511974521	0.00812105286786	40.7874794915
5270.00000000	0.00614871338854	0.00530509147379	0.00812100190123	40.7875262956
5270.00000000	0.00614870288784	0.00530507863359	0.00812098556282	40.7875061024
5270.00000000	0.00614870854566	0.00530507656386	0.00812098849451	40.7874689700
5270.00000000	0.00614870426151	0.00530507549796	0.00812098455451	40.7874830213
5270.00000000	0.00614867742388	0.00530507288882	0.00812096253030	40.7875927759
5270.00000000	0.00614863468427	0.00530507490077	0.00812093148496	40.7878005075
5270.00000000	0.00614859127488	0.00530508422006	0.00812090470622	40.7880503623
5270.00000000	0.00614855772814	0.00530509400170	0.00812088569696	40.7882572312
5270.00000000	0.00614852906462	0.00530509890235	0.00812086719643	40.7884155208
5270.00000000	0.00614849969466	0.00530510409352	0.00812084835090	40.7885786191
5270.00000000	0.00614847107584	0.00530511386982	0.00812083306947	40.7887627489
5270.00000000	0.00614845089837	0.00530512911145	0.00812082774961	40.7889371669
5270.00000000	0.00614845219492	0.00530515016913	0.00812084248772	40.7890436767
5270.00000000	0.00614847530508	0.00530517896467	0.00812087879631	40.7890909785
5270.00000000	0.00614851200022	0.00530521639625	0.00812093103208	40.7891217969
5270.00000000	0.00614855878734	0.00530525397382	0.00812099100406	40.7891068803
5270.00000000	0.00614860489943	0.00530527849968	0.00812104193860	40.7890253575
5270.00000000	0.00614863472870	0.00530528653679	0.00812106977340	40.7889308060
5270.00000000	0.00614864293731	0.00530528652173	0.00812107597847	40.7888928922
5270.00000000	0.00614863611602	0.00530528641902	0.00812107074683	40.7889237828
5270.00000000	0.00614862053065	0.00530528164209	0.00812105582617	40.7889700989
5270.00000000	0.00614860778421	0.00530526835830	0.00812103749762	40.7889578898
5270.00000000	0.00614861521844	0.00530525507988	0.00812103445178	40.7888526965
5270.00000000	0.00614864765190	0.00530525470171	0.00812105876085	40.7887011912
5270.00000000	0.00614870026632	0.00530527571143	0.00812111232156	40.7885709210
5270.00000000	0.00614876449175	0.00530531573839	0.00812118709666	40.7884887213
5270.00000000	0.00614882561943	0.00530536223723	0.00812126375427	40.7884553701
5270.00000000	0.00614887778283	0.00530540585466	0.00812133174245	40.7884479429
5270.00000000	0.00614892137084	0.00530544674701	0.00812139145776	40.7884654818
5270.00000000	0.00614894412690	0.00530547990270	0.00812143034654	40.7885377044
5270.00000000	0.00614894496773	0.00530549781561	0.00812144268512	40.7886295098
5270.00000000	0.00614894252163	0.00530550192427	0.00812144351718	40.7886627293
5270.00000000	0.00614895100466	0.00530550062415	0.00812144909056	40.7886166887
5270.00000000	0.00614896865589	0.00530549963819	0.00812146181066	40.7885300726
5270.00000000	0.00614898697953	0.00530550160649	0.00812147696980	40.7884561376
5270.00000000	0.00614900181459	0.00530550497283	0.00812149040094	40.7884057483
5270.00000000	0.00614901083903	0.00530550513987	0.00812149734271	40.7883650497
5270.00000000	0.00614901039152	0.00530550348983	0.00812149592598	40.7883582986
5270.00000000	0.00614899661989	0.00530550150102	0.00812148419987	40.7884111448
5270.00000000	0.00614895884494	0.00530549302825	0.00812145006446	40.7885399821
5270.00000000	0.00614889184086	0.00530547534556	0.00812138778245	40.7887543367
5270.00000000	0.00614881078804	0.00530544700286	0.00812130790004	40.7889765028
5270.00000000	0.00614873715063	0.00530540417928	0.00812122417208	40.7890871464
5270.00000000	0.00614868646995	0.00530535405825	0.00812115305786	40.7890530058
5270.00000000	0.00614865990986	0.00530530997916	0.00812110415289	40.7889399672
5270.00000000	0.00614864455719	0.00530528339264	0.00812107516077	40.7888687118
5270.00000000	0.00614863237625	0.00530527734142	0.00812106198521	40.7888925300
5270.00000000	0.00614862894178	0.00530528562393	0.00812106479565	40.7889526017
5270.00000000	0.00614863089191	0.00530530445346	0.00812107857300	40.7890441940
5270.00000000	0.00614862986522	0.00530532866209	0.00812109361061	40.7891782393
5270.00000000	0.00614862429003	0.00530535154823	0.00812110434056	40.7893261838
5270.00000000	0.00614861191096	0.00530536939941	0.00812110663000	40.7894785926
5270.00000000	0.00614859032608	0.00530538029350	0.00812109740470	40.7896362693
5270.00000000	0.00614856377213	0.00530538565245	0.00812108080129	40.7897872828
5270.00000000	0.00614853624560	0.00530538794252	0.00812106145674	40.7899263871
5270.00000000	0.00614850884977	0.00530538358910	0.00812103787106	40.7900294028
5270.00000000	0.00614848806717	0.00530537093745	0.00812101387119	40.7900576123
5270.00000000	0.00614848952017	0.00530535790563	0.00812100645773	40.7899813045
5270.00000000	0.00614851958471	0.00530535020868	0.00812102419159	40.7898016200
5270.00000000	0.00614856277449	0.00530534712197	0.00812105487461	40.7895860672
5270.00000000	0.00614860122072	0.00530534580688	0.00812108312370	40.7894018425
5270.00000000	0.00614863737641	0.00530535190031	0.00812111447849	40.7892677495
5270.00000000	0.00614868674969	0.00530536836999	0.00812116261917	40.7891281637
5270.00000000	0.00614875533532	0.00530538485199	0.00812122531403	40.7889000976
5270.00000000	0.00614882280781	0.00530538975829	0.00812127960418	40.7886153334
5270.00000000	0.00614885896623	0.00530537532855	0.00812129755418	40.7883716089
5270.00000000	0.00614886115735	0.00530534240649	0.00812127770627	40.7881856555
5270.00000000	0.00614885461633	0.00530530418657	0.00812124778620	40.7880116469
5270.00000000	0.00614885790861	0.00530527920890	0.00812123396194	40.7878630525
5270.00000000	0.00614887192667	0.00530527566307	0.00812124225914	40.7877795058
5270.00000000	0.00614888241932	0.00530528477830	0.00812125615810	40.7877798376
5270.00000000	0.00614887517346	0.00530529325405	0.00812125620888	40.7878585063
5270.00000000	0.00614885315606	0.00530529143118	0.00812123834798	40.7879502427
5270.00000000	0.00614882769118	0.00530527693953	0.00812120960085	40.7879901965
5270.00000000	0.00614880490349	0.00530526197434	0.00812118257137	40.7880152824
5270.00000000	0.00614878219438	0.00530525805218	0.00812116281540	40.7880989943
5270.00000000	0.00614875953432	0.00530526361842	0.00812114929501	40.7882331643
5270.00000000	0.00614874618983	0.00530527558287	0.00812114700748	40.7883585772
5270.00000000	0.00614874772534	0.00530528983625	0.00812115748133	40.7884276365
5270.00000000	0.00614876052374	0.00530530206987	0.00812117516317	40.7884339976
5270.00000000	0.00614877192517	0.00530530341684	0.00812118467543	40.7883886448
5270.00000000	0.00614876821948	0.00530528531724	0.00812117004588	40.7883090427
5270.00000000	0.00614875038662	0.00530526196085	0.00812114128618	40.7882664707
5270.00000000	0.00614873563675	0.00530525826340	0.00812112770322	40.7883147007
5270.00000000	0.00614873126773	0.00530527618894	0.00812113610548	40.7884305889
5270.00000000	0.00614873309643	0.00530529862424	0.00812115214631	40.7885420017
5270.00000000	0.00614873827180	0.00530531232492	0.00812116501495	40.7885913327
5270.00000000	0.00614874605684	0.00530532377076	0.00812117838642	40.7886165914
5270.00000000	0.00614876439886	0.00530534194205	0.00812120414438	40.7886291187
5270.00000000	0.00614879724969	0.00530535909058	0.00812124021919	40.7885693137
5270.00000000	0.00614882899732	0.00530536779685	0.00812126994368	40.7884694991
5270.00000000	0.00614884195335	0.00530537495127	0.00812128442679	40.7884480027
5270.00000000	0.00614882694996	0.00530538426659	0.00812127915274	40.7885669088
5270.00000000	0.00614878082428	0.00530539156278	0.00812124899628	40.7888184679
5270.00000000	0.00614871290002	0.00530540084085	0.00812120363056	40.7891810831
5270.00000000	0.00614864777695	0.00530541722567	0.00812116502870	40.7895687527
5270.00000000	0.00614860167014	0.00530543142890	0.00812113939942	40.7898571262
5270.00000000	0.00614857844515	0.00530543207841	0.00812112223986	40.7899676405
5274.00000000	0.00955495349465	0.00413257249928	0.0104103454192	23.3887608325
5274.00000000	0.00955489157981	0.00413259579699	0.0104102978403	23.3890137941
5274.00000000	0.00955485980732	0.00413261168666	0.0104102749863	23.3891634791
5274.00000000	0.00955486082241	0.00413261448208	0.0104102770277	23.3891753824
5274.00000000	0.00955486883360	0.00413260244336	0.0104102796015	23.3890970653
5274.00000000	0.00955484187595	0.00413257831043	0.0104102452789	23.3890340553
5274.00000000	0.00955476033125	0.00413255147662	0.0104101597824	23.3890766665
5274.00000000	0.00955465097709	0.00413253483406	0.0104100528072	23.3892315217
5274.00000000	0.00955455416929	0.00413253554471	0.0104099642364	23.3894466297
5274.00000000	0.00955449363272	0.00413254629084	0.0104099129402	23.3896331856
5274.00000000	0.00955447100418	0.00413255103722	0.0104098940554	23.3897066057
5274.00000000	0.00955447247514	0.00413254324495	0.0104098923121	23.3896640276
5274.00000000	0.00955448000259	0.00413252645167	0.0104098925544	23.3895627457
5274.00000000	0.00955448568902	0.00413250733606	0.0104098901850	23.3894537548
5274.00000000	0.00955450245351	0.00413249304137	0.0104098998973	23.3893449126
5274.00000000	0.00955454603261	0.00413248460980	0.0104099365483	23.3892071011
5274.00000000	0.00955461380747	0.00413248452118	0.0104099987189	23.3890585709
5274.00000000	0.00955468623449	0.00413249608758	0.0104100697862	23.3889587550
5274.00000000	0.00955473651021	0.00413251146914	0.0104101220368	23.3889266107
5274.00000000	0.00955475309246	0.00413251986058	0.0104101405877	23.3889327710
5274.00000000	0.00955474488097	0.00413252222174	0.0104101339883	23.3889626396
5274.00000000	0.00955472917757	0.00413252715168	0.0104101215322	23.3890218537
5274.00000000	0.00955470676085	0.00413253447893	0.0104101038662	23.3891078459
5274.00000000	0.00955467424812	0.00413253707926	0.0104100750573	23.3891920186
5274.00000000	0.00955465115824	0.00413253715097	0.0104100538932	23.3892428301
5274.00000000	0.00955466270621	0.00413253966577	0.0104100654906	23.3892303027
5274.00000000	0.00955471191577	0.00413254093515	0.0104101111605	23.3891291973
5274.00000000	0.00955478467570	0.00413253357152	0.0104101750186	23.3889330281
5274.00000000	0.00955486406308	0.00413251503279	0.0104102405236	23.3886659298
5274.00000000	0.00955494259477	0.00413249132630	0.0104103031921	23.3883745992
5274.00000000	0.00955501172245	0.00413246830626	0.0104103575020	23.3881072851
5274.00000000	0.00955504949511	0.00413244944600	0.0104103846844	23.3879294888
5274.00000000	0.00955504903258	0.00413243365360	0.0104103779910	23.3878507236
5274.00000000	0.00955502813112	0.00413241755109	0.0104103524149	23.3878150451
5274.00000000	0.00955500925526	0.00413240758479	0.0104103311338	23.3878059384
5274.00000000	0.00955500467031	0.00413241469538	0.0104103297481	23.3878518748
5274.00000000	0.00955501891349	0.00413243794126	0.0104103520486	23.3879381848
5274.00000000	0.00955505519316	0.00413246923241	0.0104103977686	23.3880169915
5274.00000000	0.00955510544237	0.00413250238896	0.0104104570509	23.3880747008
5274.00000000	0.00955514745835	0.00413253241422	0.0104105075335	23.3881345793
5274.00000000	0.00955515439359	0.00413255218351	0.0104105217465	23.3882192912
5274.00000000	0.00955510902928	0.00413255720719	0.0104104821037	23.3883437769
5274.00000000	0.00955501741220	0.00413255364142	0.0104103965989	23.3885259256
5274.00000000	0.00955491046247	0.00413255124870	0.0104102974871	23.3887475019
5274.00000000	0.00955481919246	0.00413255180470	0.0104102139372	23.3889497203
5274.00000000	0.00955475263356	0.00413255093727	0.0104101525031	23.3890907604
5274.00000000	0.00955470548198	0.00413254674014	0.0104101075598	23.3891725789
5274.00000000	0.00955466417667	0.00413254406667	0.0104100685873	23.3892493216
5274.00000000	0.00955462168829	0.00413254809232	0.0104100311883	23.3893624912
5274.00000000	0.00955458262951	0.00413255474767	0.0104099979811	23.3894814525
5274.00000000	0.00955454661081	0.00413255500530	0.0104099650244	23.3895614529
5274.00000000	0.00955451789437	0.00413254361941	0.0104099341477	23.3895666795
5274.00000000	0.00955450810185	0.00413252119637	0.0104099162584	23.3894748017
5274.00000000	0.00955452068101	0.00413250078240	0.0104099197000	23.3893441918
5274.00000000	0.00955454044121	0.00413249374819	0.0104099350441	23.3892654822
5274.00000000	0.00955454537684	0.00413250038623	0.0104099422093	23.3892882315
5274.00000000	0.00955452136488	0.00413251713555	0.0104099268195	23.3894253086
5274.00000000	0.00955447285696	0.00413253489808	0.0104098893490	23.3896210275
5274.00000000	0.00955442330055	0.00413254369040	0.0104098473552	23.3897737238
5274.00000000	0.00955440300131	0.00413254082602	0.0104098275870	23.3898036077
5274.00000000	0.00955442700307	0.00413252799503	0.0104098445227	23.3896863453
5274.00000000	0.00955448671416	0.00413250692800	0.0104098909639	23.3894494535
5274.00000000	0.00955456080380	0.00413247535769	0.0104099464329	23.3891280884
5274.00000000	0.00955463700373	0.00413243874011	0.0104100018354	23.3887766188
5274.00000000	0.00955472101974	0.00413241017893	0.0104100676103	23.3884487744
5274.00000000	0.00955480963352	0.00413239380667	0.0104101424441	23.3881724627
5274.00000000	0.00955487456575	0.00413238505278	0.0104101985664	23.3879863786
5274.00000000	0.00955489010882	0.00413238003070	0.0104102108389	23.3879270511
5274.00000000	0.00955486872814	0.00413237797536	0.0104101903990	23.3879633801
5274.00000000	0.00955484377694	0.00413237895971	0.0104101678886	23.3880228653
5274.00000000	0.00955483431808	0.00413237758861	0.0104101586626	23.3880366046
5274.00000000	0.00955483608097	0.00413236934672	0.0104101570090	23.3879911181
5274.00000000	0.00955483761006	0.00413235629582	0.0104101532318	23.3879218491
5274.00000000	0.00955483424496	0.00413234404482	0.0104101452801	23.3878673135
5274.00000000	0.00955482616859	0.00413233311597	0.0104101335291	23.3878297499
5274.00000000	0.00955480693568	0.00413232222820	0.0104101115544	23.3878167681
5274.00000000	0.00955476552361	0.00413231426238	0.0104100703828	23.3878670037
5274.00000000	0.00955471026210	0.00413231307410	0.0104100191899	23.3879817359
5274.00000000	0.00955466486114	0.00413231738799	0.0104099792317	23.3881027211
5274.00000000	0.00955464440324	0.00413232717458	0.0104099643395	23.3881968572
5274.00000000	0.00955464713544	0.00413234347587	0.0104099733182	23.3882732371
5274.00000000	0.00955466732054	0.00413236358508	0.0104099998274	23.3883307216
5274.00000000	0.00955469460920	0.00413237710807	0.0104100302419	23.3883394141
5274.00000000	0.00955471467207	0.00413237720989	0.0104100486968	23.3882960945
5274.00000000	0.00955472756432	0.00413237639274	0.0104100602054	23.3882637993
5274.00000000	0.00955473915247	0.00413238842617	0.0104100756182	23.3882992700
5274.00000000	0.00955475007562	0.00413241304062	0.0104100954148	23.3883997484
5274.00000000	0.00955475362694	0.00413244065429	0.0104101096360	23.3885314835
5274.00000000	0.00955474534082	0.00413246095626	0.0104101100899	23.3886521454
5274.00000000	0.00955473704745	0.00413247420964	0.0104101077391	23.3887372162
5274.00000000	0.00955474916471	0.00413248850520	0.0104101245356	23.3887829575
5274.00000000	0.00955479250904	0.00413251270041	0.0104101739231	23.3888104812
5274.00000000	0.00955485209438	0.00413254852023	0.0104102428318	23.3888612430
5274.00000000	0.00955489738807	0.00413258629684	0.0104102994000	23.3889531138
5274.00000000	0.00955490253487	0.00413261331576	0.0104103148496	23.3890783553
5274.00000000	0.00955485589497	0.00413262217573	0.0104102755593	23.3892250129
5274.00000000	0.00955477332163	0.00413261207703	0.0104101957622	23.3893544113
5274.00000000	0.00955468830798	0.00413258712423	0.0104101078285	23.3894141068
5274.00000000	0.00955461897282	0.00413254916232	0.0104100291207	23.3893738295
5274.00000000	0.00955456920648	0.00413250521205	0.0104099659965	23.3892605438
