DevNumber	X [V]	Y [V]	R [V]	Theta [°]
4253.00000000	-0.00121455655858	-0.000552358816855	0.00133425930633	-155.544799976
4253.00000000	-0.00121453876498	-0.000552305384083	0.00133422098954	-155.546572366
4253.00000000	-0.00121452992463	-0.000552257009613	0.00133419291802	-155.548306266
4253.00000000	-0.00121452598619	-0.000552219127980	0.00133417365303	-155.549717166
4253.00000000	-0.00121452767502	-0.000552194249014	0.00133416489312	-155.550719797
4253.00000000	-0.00121454034721	-0.000552189758447	0.00133417457041	-155.551120590
4253.00000000	-0.00121455896401	-0.000552206585768	0.00133419848239	-155.550793645
4253.00000000	-0.00121457300615	-0.000552231952073	0.00133422176424	-155.550051594
4253.00000000	-0.00121457672357	-0.000552252023552	0.00133423345594	-155.549333036
4253.00000000	-0.00121456697332	-0.000552265614924	0.00133423020582	-155.548628420
4253.00000000	-0.00121454383464	-0.000552275913901	0.00133421340547	-155.547814517
4253.00000000	-0.00121451542231	-0.000552278131488	0.00133418845953	-155.547222766
4253.00000000	-0.00121449075860	-0.000552269862342	0.00133416258514	-155.547107589
4253.00000000	-0.00121447270900	-0.000552256183774	0.00133414049239	-155.547321463
4253.00000000	-0.00121446024407	-0.000552246254604	0.00133412503542	-155.547488044
4253.00000000	-0.00121445590636	-0.000552248741934	0.00133412211640	-155.547313691
4253.00000000	-0.00121446252626	-0.000552269125841	0.00133413658036	-155.546634488
4253.00000000	-0.00121447547238	-0.000552298007798	0.00133416032111	-155.545735554
4253.00000000	-0.00121448634997	-0.000552316322988	0.00133417780483	-155.545212952
4253.00000000	-0.00121449556779	-0.000552319021372	0.00133418731277	-155.545271341
4253.00000000	-0.00121450666645	-0.000552316045485	0.00133419618383	-155.545584981
4253.00000000	-0.00121451522111	-0.000552316877044	0.00133420431530	-155.545704554
4253.00000000	-0.00121451330870	-0.000552325420500	0.00133420611119	-155.545336582
4253.00000000	-0.00121450136877	-0.000552340877069	0.00133420164115	-155.544520100
4253.00000000	-0.00121448837191	-0.000552356959299	0.00133419646829	-155.543660365
4253.00000000	-0.00121448204425	-0.000552365312993	0.00133419416683	-155.543221312
4253.00000000	-0.00121448316361	-0.000552368190960	0.00133419637725	-155.543128711
4253.00000000	-0.00121448892952	-0.000552378182716	0.00133420576249	-155.542840640
4253.00000000	-0.00121449928977	-0.000552401742181	0.00133422494716	-155.542103899
4253.00000000	-0.00121451192235	-0.000552426190435	0.00133424656844	-155.541372838
4253.00000000	-0.00121451653811	-0.000552432886568	0.00133425354244	-155.541193162
4253.00000000	-0.00121450798449	-0.000552418778893	0.00133423991533	-155.541592533
4253.00000000	-0.00121449220359	-0.000552391157463	0.00133421411453	-155.542391665
4253.00000000	-0.00121447754997	-0.000552357290616	0.00133418675450	-155.543455011
4253.00000000	-0.00121446897846	-0.000552324537944	0.00133416539262	-155.544582976
4253.00000000	-0.00121446657114	-0.000552298005719	0.00133415221753	-155.545577389
4253.00000000	-0.00121446413533	-0.000552276513492	0.00133414110324	-155.546374284
4253.00000000	-0.00121445869571	-0.000552258468452	0.00133412868178	-155.546983029
4253.00000000	-0.00121445903457	-0.000552249345911	0.00133412521403	-155.547345690
4253.00000000	-0.00121447291229	-0.000552255397102	0.00133414035180	-155.547355831
4253.00000000	-0.00121449479995	-0.000552269478093	0.00133416610493	-155.547194453
4253.00000000	-0.00121451329937	-0.000552279920332	0.00133418726750	-155.547115097
4253.00000000	-0.00121452598660	-0.000552280936855	0.00133419923750	-155.547300893
4253.00000000	-0.00121453841583	-0.000552273199043	0.00133420734892	-155.547824322
4253.00000000	-0.00121455697609	-0.000552262214002	0.00133421969749	-155.548583666
4253.00000000	-0.00121458244416	-0.000552254560926	0.00133423971374	-155.549335526
4253.00000000	-0.00121460751516	-0.000552254501957	0.00133426251196	-155.549783445
4253.00000000	-0.00121462300810	-0.000552260486373	0.00133427909247	-155.549824876
4253.00000000	-0.00121462691323	-0.000552271597326	0.00133428724627	-155.549459954
4253.00000000	-0.00121462440221	-0.000552294586182	0.00133429447588	-155.548516692
4253.00000000	-0.00121461880069	-0.000552329403512	0.00133430378886	-155.547056144
4253.00000000	-0.00121460866306	-0.000552361936010	0.00133430802768	-155.545604292
4253.00000000	-0.00121459038429	-0.000552380150924	0.00133429892930	-155.544567372
4253.00000000	-0.00121456497565	-0.000552377563826	0.00133427472924	-155.544216805
4253.00000000	-0.00121454120258	-0.000552355314258	0.00133424387799	-155.544663903
4253.00000000	-0.00121452887596	-0.000552322580466	0.00133421910623	-155.545724346
4253.00000000	-0.00121452757448	-0.000552290378282	0.00133420459118	-155.546960037
4253.00000000	-0.00121452562182	-0.000552265860830	0.00133419266491	-155.547883764
4253.00000000	-0.00121451595979	-0.000552252916377	0.00133417851138	-155.548218045
4253.00000000	-0.00121450369924	-0.000552249917476	0.00133416610916	-155.548117337
4253.00000000	-0.00121449634177	-0.000552252891334	0.00133416064256	-155.547870290
4253.00000000	-0.00121449521893	-0.000552260203414	0.00133416264716	-155.547564477
4253.00000000	-0.00121449964910	-0.000552269864050	0.00133417067889	-155.547265567
4253.00000000	-0.00121450747907	-0.000552280956727	0.00133418239828	-155.546971117
4253.00000000	-0.00121451900661	-0.000552290160893	0.00133419670185	-155.546816227
4253.00000000	-0.00121453388485	-0.000552293534383	0.00133421164197	-155.546948835
4253.00000000	-0.00121454645309	-0.000552287652074	0.00133422064792	-155.547402198
4253.00000000	-0.00121454853917	-0.000552269507454	0.00133421503622	-155.548148583
4253.00000000	-0.00121453450474	-0.000552244723528	0.00133419200187	-155.548867975
4253.00000000	-0.00121450853714	-0.000552222762358	0.00133415927312	-155.549264923
4253.00000000	-0.00121448099207	-0.000552208678772	0.00133412836901	-155.549325879
4253.00000000	-0.00121445866265	-0.000552204460580	0.00133410629621	-155.549093859
4253.00000000	-0.00121444175009	-0.000552211697327	0.00133409389588	-155.548510288
4253.00000000	-0.00121442678357	-0.000552227568682	0.00133408684135	-155.547623727
4253.00000000	-0.00121441427600	-0.000552246666548	0.00133408336114	-155.546654732
4253.00000000	-0.00121441157631	-0.000552268169722	0.00133408980506	-155.545766069
4253.00000000	-0.00121441846604	-0.000552285402798	0.00133410321070	-155.545214843
4253.00000000	-0.00121442415718	-0.000552282798881	0.00133410731333	-155.545417823
4253.00000000	-0.00121442247933	-0.000552257033775	0.00133409512017	-155.546395266
4253.00000000	-0.00121442218849	-0.000552222805467	0.00133408068676	-155.547728258
4253.00000000	-0.00121443342497	-0.000552191827163	0.00133407809279	-155.549139134
4253.00000000	-0.00121445417856	-0.000552170141936	0.00133408800964	-155.550355863
4253.00000000	-0.00121447751980	-0.000552167475431	0.00133410815417	-155.550875013
4253.00000000	-0.00121449991837	-0.000552186173393	0.00133413628307	-155.550542144
4253.00000000	-0.00121452126252	-0.000552212709302	0.00133416669627	-155.549884132
4253.00000000	-0.00121453736211	-0.000552236086710	0.00133419102809	-155.549256402
4253.00000000	-0.00121454000972	-0.000552260148972	0.00133420339804	-155.548362809
4253.00000000	-0.00121452786445	-0.000552288734233	0.00133420417459	-155.547029460
4253.00000000	-0.00121450850484	-0.000552313425815	0.00133419677285	-155.545720070
4253.00000000	-0.00121448842774	-0.000552324595506	0.00133418312083	-155.544926502
4253.00000000	-0.00121447071553	-0.000552324925973	0.00133416713448	-155.544598690
4253.00000000	-0.00121445976568	-0.000552321191619	0.00133415562105	-155.544550001
4253.00000000	-0.00121445782564	-0.000552310075542	0.00133414925320	-155.544950066
4253.00000000	-0.00121446238175	-0.000552287354268	0.00133414399461	-155.545919307
4253.00000000	-0.00121446936593	-0.000552259993357	0.00133413902613	-155.547113102
4253.00000000	-0.00121447532719	-0.000552239006511	0.00133413576546	-155.548039533
4253.00000000	-0.00121448021688	-0.000552225537102	0.00133413464126	-155.548653030
4253.00000000	-0.00121448993121	-0.000552209819014	0.00133413697844	-155.549440201
4253.00000000	-0.00121450752056	-0.000552188292477	0.00133414408061	-155.550594427
4253.00000000	-0.00121452510483	-0.000552168814945	0.00133415202674	-155.551668444
5260.00000000	-0.000879985182555	-0.00306429634085	0.00318814773592	-106.022671187
5260.00000000	-0.000879999574245	-0.00306430849810	0.00318816339327	-106.022859474
5260.00000000	-0.000880006661107	-0.00306431521290	0.00318817180334	-106.022948578
5260.00000000	-0.000880009585640	-0.00306432116709	0.00318817833345	-106.022969558
5260.00000000	-0.000880013834811	-0.00306433109079	0.00318818904449	-106.022993728
5260.00000000	-0.000880020877784	-0.00306434273102	0.00318820217654	-106.023057641
5260.00000000	-0.000880028428152	-0.00306434883137	0.00318821012398	-106.023157798
5260.00000000	-0.000880030691608	-0.00306434508180	0.00318820714485	-106.023215494
5260.00000000	-0.000880021488632	-0.00306433760421	0.00318819741751	-106.023093623
5260.00000000	-0.000879997442285	-0.00306433269493	0.00318818606164	-106.022702621
5260.00000000	-0.000879961293981	-0.00306432906416	0.00318817259451	-106.022096234
5260.00000000	-0.000879924647913	-0.00306432436309	0.00318815796162	-106.021486552
5260.00000000	-0.000879904219276	-0.00306431955447	0.00318814770157	-106.021157530
5260.00000000	-0.000879904271195	-0.00306431945967	0.00318814762477	-106.021158898
5260.00000000	-0.000879916152459	-0.00306432531446	0.00318815653132	-106.021335088
5260.00000000	-0.000879930982581	-0.00306433439994	0.00318816935697	-106.021546190
5260.00000000	-0.000879938959367	-0.00306434204880	0.00318817891033	-106.021646036
5260.00000000	-0.000879935630091	-0.00306434873107	0.00318818441417	-106.021555384
5260.00000000	-0.000879926801951	-0.00306435794877	0.00318819083729	-106.021357174
5260.00000000	-0.000879919518028	-0.00306436412892	0.00318819476708	-106.021200703
5260.00000000	-0.000879915240291	-0.00306435975029	0.00318818937789	-106.021148531
5260.00000000	-0.000879911977711	-0.00306434603092	0.00318817529094	-106.021160223
5260.00000000	-0.000879906910159	-0.00306432990116	0.00318815838905	-106.021152692
5260.00000000	-0.000879896566416	-0.00306431384764	0.00318814010427	-106.021053645
5260.00000000	-0.000879878831882	-0.00306430102232	0.00318812288254	-106.020810919
5260.00000000	-0.000879857765254	-0.00306429631510	0.00318811254410	-106.020470367
5260.00000000	-0.000879845122006	-0.00306429713603	0.00318810984387	-106.020247900
5260.00000000	-0.000879848290045	-0.00306429580594	0.00318810943975	-106.020309220
5260.00000000	-0.000879863765363	-0.00306428879855	0.00318810697539	-106.020611293
5260.00000000	-0.000879885586777	-0.00306428261867	0.00318810705794	-106.021018882
5260.00000000	-0.000879907640044	-0.00306428483396	0.00318811527374	-106.021388835
5260.00000000	-0.000879923060311	-0.00306429123405	0.00318812568120	-106.021623453
5260.00000000	-0.000879924323133	-0.00306429551475	0.00318813014417	-106.021624033
5260.00000000	-0.000879914189184	-0.00306429706506	0.00318812883731	-106.021441295
5260.00000000	-0.000879905908545	-0.00306429101890	0.00318812074056	-106.021328248
5260.00000000	-0.000879908522240	-0.00306427601218	0.00318810703809	-106.021447831
5260.00000000	-0.000879923682498	-0.00306426011965	0.00318809594710	-106.021788535
5260.00000000	-0.000879943705727	-0.00306425051835	0.00318809224529	-106.022182035
5260.00000000	-0.000879957038773	-0.00306424292502	0.00318808862701	-106.022450013
5260.00000000	-0.000879960282186	-0.00306423337702	0.00318808034514	-106.022553401
5260.00000000	-0.000879956759270	-0.00306423306232	0.00318807907029	-106.022494108
5260.00000000	-0.000879951099194	-0.00306425542199	0.00318809899911	-106.022285424
5260.00000000	-0.000879947812259	-0.00306429788012	0.00318813890074	-106.022018040
5260.00000000	-0.000879948736483	-0.00306434187164	0.00318818143855	-106.021815798
5260.00000000	-0.000879948594627	-0.00306436862128	0.00318820711000	-106.021680666
5260.00000000	-0.000879946552450	-0.00306437619695	0.00318821382777	-106.021607816
5260.00000000	-0.000879945516880	-0.00306437459702	0.00318821200417	-106.021597864
5260.00000000	-0.000879941213655	-0.00306437266300	0.00318820895759	-106.021533127
5260.00000000	-0.000879931475026	-0.00306437254577	0.00318820615707	-106.021365492
5260.00000000	-0.000879922536128	-0.00306437176766	0.00318820294210	-106.021214948
5260.00000000	-0.000879918568660	-0.00306436453970	0.00318819489988	-106.021182267
5260.00000000	-0.000879918864198	-0.00306434799917	0.00318817908336	-106.021269413
5260.00000000	-0.000879924189958	-0.00306433239251	0.00318816555276	-106.021438816
5260.00000000	-0.000879928326568	-0.00306432735234	0.00318816185006	-106.021535268
5260.00000000	-0.000879922802282	-0.00306432959652	0.00318816248239	-106.021428714
5260.00000000	-0.000879906751288	-0.00306432603356	0.00318815462782	-106.021169131
5260.00000000	-0.000879882515334	-0.00306430688303	0.00318812953222	-106.020845476
5260.00000000	-0.000879851963304	-0.00306427820946	0.00318809354039	-106.020459947
5260.00000000	-0.000879819750297	-0.00306425081918	0.00318805832379	-106.020039353
5260.00000000	-0.000879792246593	-0.00306422863085	0.00318802940690	-106.019674298
5260.00000000	-0.000879771543897	-0.00306421107287	0.00318800681752	-106.019403756
5260.00000000	-0.000879758969883	-0.00306419760108	0.00318799039891	-106.019253362
5260.00000000	-0.000879760794166	-0.00306419090346	0.00318798446479	-106.019318094
5260.00000000	-0.000879781138908	-0.00306419503670	0.00318799405196	-106.019649039
5260.00000000	-0.000879810300279	-0.00306421414769	0.00318802046847	-106.020057996
5260.00000000	-0.000879832893564	-0.00306424660416	0.00318805789968	-106.020287296
5260.00000000	-0.000879843552604	-0.00306428132718	0.00318809421586	-106.020299199
5260.00000000	-0.000879844280425	-0.00306430082096	0.00318811315344	-106.020215086
5260.00000000	-0.000879835738205	-0.00306430149703	0.00318811144581	-106.020064177
5260.00000000	-0.000879822536205	-0.00306429826250	0.00318810469351	-106.019852170
5260.00000000	-0.000879810580613	-0.00306430246963	0.00318810543789	-106.019624785
5260.00000000	-0.000879802046967	-0.00306431149695	0.00318811175968	-106.019432605
5260.00000000	-0.000879801341029	-0.00306431066233	0.00318811076265	-106.019424550
5260.00000000	-0.000879810295173	-0.00306428974179	0.00318809312554	-106.019682980
5260.00000000	-0.000879822277049	-0.00306425578000	0.00318806378927	-106.020058395
5260.00000000	-0.000879834570124	-0.00306422562211	0.00318803819519	-106.020420326
5260.00000000	-0.000879849675628	-0.00306421017115	0.00318802751316	-106.020757898
5260.00000000	-0.000879869336895	-0.00306420718777	0.00318803007194	-106.021112327
5260.00000000	-0.000879891924564	-0.00306420942281	0.00318803845425	-106.021491422
5260.00000000	-0.000879912540471	-0.00306421277371	0.00318804736499	-106.021830920
5260.00000000	-0.000879925866383	-0.00306421609129	0.00318805423173	-106.022044654
5260.00000000	-0.000879931178486	-0.00306422014373	0.00318805959294	-106.022116313
5260.00000000	-0.000879930888634	-0.00306422184059	0.00318806114388	-106.022102889
5260.00000000	-0.000879927582201	-0.00306422132087	0.00318805973175	-106.022048352
5260.00000000	-0.000879924054743	-0.00306422687937	0.00318806410073	-106.021959847
5260.00000000	-0.000879918162220	-0.00306423858192	0.00318807372235	-106.021800012
5260.00000000	-0.000879905712872	-0.00306424945221	0.00318808073437	-106.021531045
5260.00000000	-0.000879892309797	-0.00306425459248	0.00318808197579	-106.021274026
5260.00000000	-0.000879889125366	-0.00306425348936	0.00318808003663	-106.021224490
5260.00000000	-0.000879895322115	-0.00306425213788	0.00318808044791	-106.021338235
5260.00000000	-0.000879899935846	-0.00306425287781	0.00318808243247	-106.021414262
5260.00000000	-0.000879897955943	-0.00306425258584	0.00318808160540	-106.021381510
5260.00000000	-0.000879892119188	-0.00306424735669	0.00318807496844	-106.021306624
5260.00000000	-0.000879889532861	-0.00306423018887	0.00318805775362	-106.021347103
5260.00000000	-0.000879892072873	-0.00306420060776	0.00318803002252	-106.021537709
5260.00000000	-0.000879894550250	-0.00306416171386	0.00318799332312	-106.021773431
5260.00000000	-0.000879893116152	-0.00306411912108	0.00318795198897	-106.021959939
5260.00000000	-0.000879891817470	-0.00306408925934	0.00318792292875	-106.022085636
5260.00000000	-0.000879892246966	-0.00306408222498	0.00318791628619	-106.022127950
5260.00000000	-0.000879891211064	-0.00306409053914	0.00318792399146	-106.022068812
5270.00000000	-0.00287660254817	0.00286127084379	0.00405730366890	135.153095024
5270.00000000	-0.00287659011347	0.00286119247513	0.00405723958631	135.153755839
5270.00000000	-0.00287659996762	0.00286114970022	0.00405721640793	135.154282258
5270.00000000	-0.00287661501765	0.00286112432210	0.00405720918198	135.154686239
5270.00000000	-0.00287661187159	0.00286110414514	0.00405719272270	135.154856934
5270.00000000	-0.00287659969876	0.00286110391582	0.00405718393027	135.154738004
5270.00000000	-0.00287661032569	0.00286112719004	0.00405720787777	135.154610798
5270.00000000	-0.00287665165380	0.00286114709478	0.00405725121668	135.154823073
5270.00000000	-0.00287669672727	0.00286113549479	0.00405727499441	135.155388085
5270.00000000	-0.00287671670575	0.00286108405660	0.00405725288638	135.156102075
5270.00000000	-0.00287669868083	0.00286099958134	0.00405718053637	135.156768421
5270.00000000	-0.00287664531593	0.00286089592079	0.00405706960049	135.157274966
5270.00000000	-0.00287657650669	0.00286079812293	0.00405695184825	135.157569024
5270.00000000	-0.00287652614893	0.00286073280103	0.00405687007980	135.157721640
5270.00000000	-0.00287651320400	0.00286071167987	0.00405684600745	135.157804230
5270.00000000	-0.00287652908447	0.00286073124427	0.00405687106349	135.157766465
5270.00000000	-0.00287655288883	0.00286077867200	0.00405692138603	135.157528594
5270.00000000	-0.00287657088660	0.00286083592738	0.00405697452162	135.157134490
5270.00000000	-0.00287658212805	0.00286088687426	0.00405701841833	135.156736282
5270.00000000	-0.00287659614958	0.00286093907701	0.00405706517204	135.156353193
5270.00000000	-0.00287661920287	0.00286100308448	0.00405712665414	135.155941856
5270.00000000	-0.00287664684829	0.00286106823636	0.00405719219940	135.155564804
5270.00000000	-0.00287667202575	0.00286112006008	0.00405724659614	135.155296637
5270.00000000	-0.00287668632752	0.00286116269741	0.00405728680376	135.155012151
5270.00000000	-0.00287668708124	0.00286121464090	0.00405732396841	135.154499576
5270.00000000	-0.00287668273803	0.00286128369053	0.00405736958299	135.153764983
5270.00000000	-0.00287669175104	0.00286136648427	0.00405743436026	135.153025812
5270.00000000	-0.00287673791661	0.00286146513176	0.00405753665925	135.152497923
5270.00000000	-0.00287681854589	0.00286157764461	0.00405767317093	135.152174447
5270.00000000	-0.00287689933126	0.00286167466342	0.00405779886656	135.152007653
5270.00000000	-0.00287695353346	0.00286171883492	0.00405786844585	135.152105195
5270.00000000	-0.00287697729323	0.00286169790745	0.00405787053259	135.152551281
5270.00000000	-0.00287698243557	0.00286161945975	0.00405781885586	135.153387809
5270.00000000	-0.00287698186917	0.00286150149401	0.00405773526438	135.154563141
5270.00000000	-0.00287698650642	0.00286136934849	0.00405764536481	135.155932300
5270.00000000	-0.00287700234398	0.00286124769953	0.00405757081088	135.157307953
5270.00000000	-0.00287702517509	0.00286115144837	0.00405751912733	135.158498995
5270.00000000	-0.00287704505183	0.00286108317808	0.00405748508095	135.159380482
5270.00000000	-0.00287705325250	0.00286103516421	0.00405745703964	135.159942895
5270.00000000	-0.00287704423457	0.00286100292998	0.00405742791593	135.160175863
5270.00000000	-0.00287701475192	0.00286099256893	0.00405739970452	135.159986042
5270.00000000	-0.00287697089638	0.00286101660649	0.00405738555738	135.159308664
5270.00000000	-0.00287692426117	0.00286107276067	0.00405739208684	135.158282021
5270.00000000	-0.00287688642901	0.00286113828696	0.00405741146824	135.157249202
5270.00000000	-0.00287686474024	0.00286118779384	0.00405743100068	135.156537540
5270.00000000	-0.00287686049317	0.00286121126388	0.00405744453982	135.156260257
5270.00000000	-0.00287687296864	0.00286122098443	0.00405746024003	135.156287161
5270.00000000	-0.00287689607741	0.00286122650643	0.00405748051891	135.156461985
5270.00000000	-0.00287692595611	0.00286122817704	0.00405750288207	135.156742782
5270.00000000	-0.00287696372633	0.00286123456841	0.00405753416968	135.157054891
5270.00000000	-0.00287700441698	0.00286125598720	0.00405757812489	135.157245616
5270.00000000	-0.00287703083786	0.00286128278643	0.00405761575632	135.157240380
5270.00000000	-0.00287702754813	0.00286130151441	0.00405762663008	135.157020118
5270.00000000	-0.00287699326611	0.00286131038310	0.00405760857670	135.156589965
5270.00000000	-0.00287694109451	0.00286130914207	0.00405757071013	135.156082891
5270.00000000	-0.00287688872890	0.00286129892221	0.00405752637462	135.155663771
5270.00000000	-0.00287685018991	0.00286128291595	0.00405748776219	135.155440261
5270.00000000	-0.00287682886699	0.00286126338041	0.00405745886757	135.155423521
5270.00000000	-0.00287681389779	0.00286124290134	0.00405743381252	135.155479498
5270.00000000	-0.00287679701357	0.00286122800125	0.00405741133389	135.155460547
5270.00000000	-0.00287678359497	0.00286123919238	0.00405740971166	135.155214874
5270.00000000	-0.00287677912307	0.00286127974796	0.00405743514046	135.154764292
5270.00000000	-0.00287677280686	0.00286131650961	0.00405745658639	135.154333334
5270.00000000	-0.00287675791906	0.00286132059714	0.00405744891335	135.154144154
5270.00000000	-0.00287674123342	0.00286129996779	0.00405742253527	135.154184535
5270.00000000	-0.00287673275112	0.00286127216598	0.00405739691541	135.154378420
5270.00000000	-0.00287673967516	0.00286123449420	0.00405737525864	135.154824550
5270.00000000	-0.00287675664833	0.00286117793806	0.00405734741019	135.155559835
5270.00000000	-0.00287677641255	0.00286111407206	0.00405731638662	135.156396115
5270.00000000	-0.00287679841843	0.00286107174193	0.00405730213969	135.157039094
5270.00000000	-0.00287682225924	0.00286106699966	0.00405731569980	135.157323986
5270.00000000	-0.00287684009151	0.00286108957025	0.00405734425963	135.157275565
5270.00000000	-0.00287683630771	0.00286112343549	0.00405736545735	135.156898802
5270.00000000	-0.00287680951892	0.00286115828172	0.00405737103568	135.156283138
5270.00000000	-0.00287677971317	0.00286118622363	0.00405736960658	135.155706560
5270.00000000	-0.00287676083264	0.00286120640558	0.00405737045185	135.155316474
5270.00000000	-0.00287674453222	0.00286121762261	0.00405736680466	135.155041841
5270.00000000	-0.00287671892891	0.00286121103438	0.00405734400553	135.154852839
5270.00000000	-0.00287668040568	0.00286118743240	0.00405730004803	135.154705519
5270.00000000	-0.00287663939178	0.00286116499615	0.00405725514671	135.154521721
5270.00000000	-0.00287660383455	0.00286115922192	0.00405722586432	135.154225431
5270.00000000	-0.00287657005707	0.00286118155825	0.00405721766762	135.153665404
5270.00000000	-0.00287653883830	0.00286124025550	0.00405723692776	135.152766800
5270.00000000	-0.00287652021045	0.00286132139233	0.00405728094065	135.151768933
5270.00000000	-0.00287652446647	0.00286139696140	0.00405733725205	135.151054733
5270.00000000	-0.00287655854862	0.00286144644006	0.00405739630958	135.150898795
5270.00000000	-0.00287661926819	0.00286146378727	0.00405745159182	135.151329820
5270.00000000	-0.00287669666939	0.00286145862190	0.00405750282471	135.152152340
5270.00000000	-0.00287678012122	0.00286145363420	0.00405755847358	135.153033315
5270.00000000	-0.00287684788508	0.00286146868527	0.00405761713210	135.153557428
5270.00000000	-0.00287687754089	0.00286149954104	0.00405765991782	135.153543827
5270.00000000	-0.00287686551785	0.00286152681324	0.00405767062619	135.153151073
5270.00000000	-0.00287682268879	0.00286153449118	0.00405764567538	135.152647718
5270.00000000	-0.00287676470551	0.00286152292359	0.00405759640835	135.152186119
5270.00000000	-0.00287670775264	0.00286150197899	0.00405754125917	135.151828646
5270.00000000	-0.00287665980459	0.00286147863024	0.00405749079884	135.151584908
5270.00000000	-0.00287661691221	0.00286145097657	0.00405744088693	135.151434611
5270.00000000	-0.00287657064663	0.00286142013006	0.00405738633184	135.151282683
5270.00000000	-0.00287652211587	0.00286140130558	0.00405733864925	135.150987830
5270.00000000	-0.00287648664306	0.00286139905283	0.00405731191150	135.150657106
5274.00000000	-0.00766272650818	0.00500935759228	0.00915483702895	146.826132855
5274.00000000	-0.00766305134470	0.00500945686060	0.00915516323993	146.826725238
5274.00000000	-0.00766332312579	0.00500950455936	0.00915541682615	146.827406038
5274.00000000	-0.00766352652248	0.00500950248539	0.00915558594040	146.828113363
5274.00000000	-0.00766366964637	0.00500946980092	0.00915568785701	146.828774631
5274.00000000	-0.00766374818494	0.00500940655627	0.00915571899351	146.829374829
5274.00000000	-0.00766377640137	0.00500932118153	0.00915569590091	146.829918648
5274.00000000	-0.00766379246761	0.00500923165557	0.00915566036754	146.830442614
5274.00000000	-0.00766380834517	0.00500914216490	0.00915562469631	146.830965754
5274.00000000	-0.00766382858334	0.00500906493494	0.00915559938384	146.831439602
5274.00000000	-0.00766389488849	0.00500903156836	0.00915563663077	146.831841400
5274.00000000	-0.00766404140427	0.00500906296485	0.00915577645163	146.832178559
5274.00000000	-0.00766421194521	0.00500911559320	0.00915594799936	146.832486742
5274.00000000	-0.00766432466552	0.00500911185493	0.00915604030974	146.832892224
5274.00000000	-0.00766436366474	0.00500902077842	0.00915602312928	146.833502814
5274.00000000	-0.00766433924302	0.00500886114713	0.00915591535694	146.834255403
5274.00000000	-0.00766423470276	0.00500865297685	0.00915571396569	146.834988003
5274.00000000	-0.00766405305062	0.00500842461998	0.00915543698230	146.835562398
5274.00000000	-0.00766384952275	0.00500822524892	0.00915515754377	146.835910082
5274.00000000	-0.00766367500739	0.00500808953149	0.00915493721302	146.836023632
5274.00000000	-0.00766354803073	0.00500802300615	0.00915479452798	146.835937439
5274.00000000	-0.00766348864143	0.00500802798073	0.00915474753410	146.835708046
5274.00000000	-0.00766350886366	0.00500809940192	0.00915480353273	146.835403100
5274.00000000	-0.00766355290963	0.00500819094550	0.00915489048243	146.835074303
5274.00000000	-0.00766354784882	0.00500825518507	0.00915492138851	146.834720428
5274.00000000	-0.00766347884073	0.00500829320088	0.00915488441916	146.834284999
5274.00000000	-0.00766336248890	0.00500832572843	0.00915480481705	146.833716220
5274.00000000	-0.00766319313798	0.00500833804349	0.00915466979349	146.833071858
5274.00000000	-0.00766297450264	0.00500831059166	0.00915447176033	146.832467062
5274.00000000	-0.00766278079615	0.00500828309261	0.00915429456953	146.831947849
5274.00000000	-0.00766269122484	0.00500831720905	0.00915423825742	146.831462394
5274.00000000	-0.00766270341605	0.00500842899923	0.00915430962349	146.830918460
5274.00000000	-0.00766278672549	0.00500860731628	0.00915447691837	146.830269536
5274.00000000	-0.00766293437501	0.00500883713914	0.00915472625053	146.829571127
5274.00000000	-0.00766310093758	0.00500907105953	0.00915499365695	146.828916054
5274.00000000	-0.00766322248468	0.00500926047401	0.00915519903367	146.828340015
5274.00000000	-0.00766327514664	0.00500940131148	0.00915532017313	146.827782586
5274.00000000	-0.00766326204946	0.00500951593792	0.00915537192969	146.827137295
5274.00000000	-0.00766318482781	0.00500960027314	0.00915535343948	146.826431099
5274.00000000	-0.00766306646104	0.00500964294712	0.00915527771528	146.825802233
5274.00000000	-0.00766297877915	0.00500968186504	0.00915522562030	146.825298111
5274.00000000	-0.00766296462777	0.00500975667366	0.00915525471058	146.824857789
5274.00000000	-0.00766300961136	0.00500987116013	0.00915535500922	146.824412142
5274.00000000	-0.00766309730097	0.00501001515690	0.00915550720149	146.823958178
5274.00000000	-0.00766324201982	0.00501018924155	0.00915572359186	146.823541929
5274.00000000	-0.00766343602233	0.00501038558584	0.00915599341344	146.823177878
5274.00000000	-0.00766359770812	0.00501055611685	0.00915622206109	146.822838382
5274.00000000	-0.00766363992716	0.00501064158770	0.00915630417000	146.822535305
5274.00000000	-0.00766353792620	0.00501062312139	0.00915620869197	146.822282733
5274.00000000	-0.00766330824307	0.00501051616588	0.00915595792241	146.822056377
5274.00000000	-0.00766299625908	0.00501035447298	0.00915560831466	146.821834860
5274.00000000	-0.00766268858784	0.00501019881052	0.00915526561686	146.821596508
5274.00000000	-0.00766246928132	0.00501010229458	0.00915502924568	146.821350966
5274.00000000	-0.00766237321876	0.00501007035708	0.00915493136657	146.821189250
5274.00000000	-0.00766237967865	0.00501006955255	0.00915493633299	146.821215589
5274.00000000	-0.00766245343985	0.00501007367258	0.00915500032346	146.821446635
5274.00000000	-0.00766255253592	0.00501006270895	0.00915507726419	146.821843456
5274.00000000	-0.00766262461673	0.00501001459800	0.00915511126579	146.822342330
5274.00000000	-0.00766262110743	0.00500993044427	0.00915506227682	146.822771118
5274.00000000	-0.00766251831105	0.00500983380998	0.00915492335690	146.822925250
5274.00000000	-0.00766231611473	0.00500973758530	0.00915470146513	146.822736809
5274.00000000	-0.00766202352771	0.00500962756342	0.00915439636805	146.822311043
5274.00000000	-0.00766170632453	0.00500952100405	0.00915407256326	146.821782794
5274.00000000	-0.00766147069162	0.00500947305102	0.00915384910339	146.821226892
5274.00000000	-0.00766138689670	0.00500951615129	0.00915380255692	146.820714070
5274.00000000	-0.00766146927414	0.00500964222364	0.00915394049836	146.820335794
5274.00000000	-0.00766168938968	0.00500982432776	0.00915422438544	146.820135809
5274.00000000	-0.00766197327883	0.00501002719565	0.00915457301170	146.820045509
5274.00000000	-0.00766222423492	0.00501020498105	0.00915488034756	146.819973801
5274.00000000	-0.00766239087379	0.00501033206297	0.00915508936516	146.819878892
5274.00000000	-0.00766248357711	0.00501041318702	0.00915521135060	146.819771481
5274.00000000	-0.00766251363448	0.00501045201977	0.00915525775940	146.819671027
5274.00000000	-0.00766245678791	0.00501044334226	0.00915520543257	146.819521779
5274.00000000	-0.00766232347959	0.00501041152361	0.00915507644653	146.819231853
5274.00000000	-0.00766217175775	0.00501039999483	0.00915494315402	146.818772572
5274.00000000	-0.00766205355931	0.00501043615183	0.00915486401741	146.818178327
5274.00000000	-0.00766200656080	0.00501053177809	0.00915487701921	146.817516457
5274.00000000	-0.00766206355000	0.00501069697507	0.00915501512943	146.816846382
5274.00000000	-0.00766221878000	0.00501092298906	0.00915526874728	146.816194295
5274.00000000	-0.00766237402480	0.00501114496390	0.00915552016792	146.815563449
5274.00000000	-0.00766241733525	0.00501129047957	0.00915563606148	146.814949675
5274.00000000	-0.00766233373499	0.00501134527112	0.00915559608615	146.814376356
5274.00000000	-0.00766216948241	0.00501132803890	0.00915544919109	146.813903979
5274.00000000	-0.00766195477912	0.00501125567538	0.00915522989778	146.813547513
5274.00000000	-0.00766172559133	0.00501116200560	0.00915498682048	146.813253006
5274.00000000	-0.00766152219197	0.00501109519334	0.00915478002657	146.812906156
5274.00000000	-0.00766135235927	0.00501107633522	0.00915462757354	146.812423112
5274.00000000	-0.00766120685417	0.00501109826421	0.00915451780685	146.811809762
5274.00000000	-0.00766111003577	0.00501115489455	0.00915446778122	146.811181443
5274.00000000	-0.00766109451986	0.00501123923483	0.00915450096460	146.810686529
5274.00000000	-0.00766112857836	0.00501132049360	0.00915457394878	146.810377607
5274.00000000	-0.00766115365932	0.00501137128665	0.00915462274288	146.810197499
5274.00000000	-0.00766113947293	0.00501138390936	0.00915461778070	146.810082782
5274.00000000	-0.00766105973822	0.00501134886046	0.00915453186754	146.809993176
5274.00000000	-0.00766089113596	0.00501124807797	0.00915433560101	146.809943387
5274.00000000	-0.00766065591986	0.00501109027766	0.00915405237550	146.809964011
5274.00000000	-0.00766044120647	0.00501093493698	0.00915378765432	146.810042004
5274.00000000	-0.00766032580327	0.00501084580774	0.00915364228716	146.810113455
5274.00000000	-0.00766031964544	0.00501085403933	0.00915364164001	146.810049237
5274.00000000	-0.00766040094035	0.00501096647017	0.00915377121913	146.809738861
